 -7.774865 -72.010915
 -2.544666 -57.511027
 -4.907671 -58.533176
 -4.002480 -52.716461
 -8.776298 -49.188486
 -6.231711 -67.139109
 -4.334264 -59.886187
 -4.818212 -50.993872
-11.177123 -69.241850
 -3.758883 -72.256067
 -7.082467 -68.772954
 -7.551296 -58.443762
 -5.208458 -60.453505
 -5.503859 -71.812082
-14.675809 -59.999621
 -6.760043 -59.148132
 -8.458537 -53.697857
 -7.366513 -48.562010
 -3.375571 -46.709774
 -5.107965 -58.337327
 -4.370699 -63.951800
 -2.285483 -55.168634
-11.591094 -52.986730
-14.033401 -59.325504
-14.683768 -56.792196
 -7.735144 -48.303110
 -4.761510 -48.485494
 -9.043482 -53.413297
 -7.949828 -71.698720
 -7.891487 -54.479059
 -9.274288 -36.174076
-13.530206 -58.639494
 -0.738418 -47.307632
 -3.425989 -58.623855
 -4.749737 -67.732334
 -7.810494 -47.725553
 -6.959754 -74.140381
-10.748295 -63.401505
 -5.084536 -68.184083
 -2.989223 -53.534082
 -6.749157 -53.323659
 -6.706188 -50.334080
 -9.733599 -66.166497
-15.351985 -58.086216
 -5.319734 -66.082213
 -4.680256 -67.528183
 -0.858995 -48.081259
-22.200665 -42.514476
 -6.292425 -38.953607
-19.326155 -40.553783
 -4.561043 -62.382840
