 -6.498773 -62.985251
 -8.400369 -54.635211
 -5.681478 -58.769874
 -6.342129 -51.130412
-10.556464 -64.481150
 -9.580059 -50.027054
 -8.449224 -57.169043
 -3.779224 -51.000715
 -2.790867 -65.742171
 -3.269671 -59.205754
 -2.165382 -45.400371
-10.988873 -51.836454
 -6.106626 -74.870852
 -5.131313 -63.272719
-13.416764 -56.353704
 -8.656679 -35.306131
 -7.120471 -71.619507
 -5.628124 -49.498723
 -0.738643 -47.530263
-12.134918 -59.101465
 -3.525903 -66.742034
 -9.340936 -54.551295
 -6.913969 -55.516415
 -7.240269 -64.196205
-10.767329 -50.075002
 -5.924993 -73.912660
 -6.424387 -58.483472
-11.904831 -53.447816
-16.561988 -39.178117
 -2.551024 -55.822391
 -9.840794 -69.188841
 -8.231749 -66.821320
 -4.478871 -65.195873
 -9.632020 -61.255938
 -6.221901 -69.979049
-10.733474 -67.528844
-11.546030 -68.368727
 -2.005485 -52.739697
-10.647541 -60.606643
 -4.179029 -56.110669
-10.798196 -64.543816
 -4.110170 -51.548928
-11.857737 -53.329063
 -7.827563 -71.145644
 -4.227500 -66.034369
-11.461208 -54.833631
 -6.442992 -53.310082
-11.011626 -52.444970
 -8.733650 -68.978897
 -9.248001 -36.291758
 -2.699185 -53.473333
