1.206209 0.892512 1.226816 0.832787 0.948445 0.846067 0.875274 1.205041 0.947990 0.998276 1.001913 1.065116 0.807833 1.041191 0.845788 0.872454 1.213996 0.809442 1.223796 1.089691 0.982221 1.046940 1.050689 0.908505 1.137441 1.242498 1.176871 1.205299 1.003904 1.010976 1.140529 0.861505 1.252684 1.023244 1.067928 0.967747 0.930127 1.031382 1.071991 1.016292 0.878365 0.936202 1.009732 0.955825 0.873767 0.812427 
1.242729 1.069396 1.247331 0.889224 0.899525 0.825688 0.944168 1.183590 1.055510 1.042671 1.212843 1.078118 0.795345 0.978115 1.178330 0.852820 0.996290 0.829074 1.210322 0.977309 1.177416 1.101637 0.935451 1.029246 0.869540 1.223622 1.113107 1.091122 0.978200 1.019817 0.813144 1.035298 1.150799 0.966794 0.968018 0.948837 0.994211 0.887738 0.985147 1.093009 0.963460 1.189712 0.877611 0.862270 1.250910 0.944242 1.060614 0.993086 
0.858992 0.828168 1.228562 1.022352 0.868119 0.872581 1.046578 1.103114 0.901596 1.090817 1.224219 1.078118 0.799927 1.032183 1.170789 0.871223 1.021028 0.849000 1.253957 1.151356 1.175550 1.090651 1.125105 1.108966 0.859007 1.249619 1.091824 1.087823 0.992895 0.886179 1.172684 1.058021 1.024050 1.036595 1.196530 0.983864 1.005946 0.944955 0.936015 1.143897 1.228968 0.848147 1.008092 0.934268 0.932437 0.989429 1.153313 
0.917847 0.893436 1.210857 0.912913 0.928028 1.141103 1.005292 0.898270 0.863050 1.092508 1.000645 1.098348 0.794542 0.886212 1.168904 0.881696 0.974001 0.836050 1.242917 1.128464 1.169228 1.098441 1.030663 0.950545 1.025168 1.258004 1.006508 1.093223 0.997403 0.945240 0.967738 1.051741 1.066208 0.990391 0.879289 0.841115 0.869085 0.935188 0.864101 1.145503 1.198145 0.889024 0.992781 0.929880 0.862602 
0.937996 1.041160 1.229828 1.111430 0.967898 1.074281 0.978595 0.993664 0.836555 1.210653 1.078706 1.117559 0.796360 0.864307 1.213926 0.853443 0.979776 0.834883 1.242671 0.958752 1.224682 1.075762 1.201738 0.943874 1.023442 1.118372 0.858683 1.081804 0.973865 0.855668 1.073054 1.242604 1.063636 1.134746 0.917396 1.251872 1.008672 0.828454 0.898986 1.122433 1.255191 0.928470 0.886721 1.106806 0.939204 1.068512 0.958571 1.116347 1.110770 1.021013 
1.204686 1.014555 0.939243 1.119288 0.900231 1.210490 0.851350 0.942014 0.832562 0.990796 0.966811 1.201908 0.796360 1.148020 0.975902 0.830646 0.908999 0.833100 1.242671 1.079454 1.206495 1.117397 1.027012 0.951852 1.053557 1.189104 0.826889 1.076447 0.848368 1.155214 1.033655 1.249517 1.143123 1.177865 1.036694 1.185962 0.905684 0.922246 
0.967137 1.000989 0.899314 0.940498 1.108787 1.240113 0.798876 1.207459 0.833838 0.990796 0.965336 0.954394 0.796360 1.169073 1.026903 0.911138 0.876537 0.849642 1.217904 1.078977 1.227476 1.067870 1.083497 0.927218 1.011485 1.135706 0.873424 1.061288 0.810497 1.232493 1.199294 1.224403 0.958330 0.820968 0.871189 1.192576 1.173961 0.839640 0.891714 0.903275 0.987341 
1.062012 0.922566 0.871534 0.962868 1.116000 1.235813 0.928415 1.203312 0.811578 0.990548 0.972355 0.907197 0.796360 0.930929 1.026903 0.989531 0.850280 1.226164 1.239952 1.144361 1.232449 1.087610 0.983349 0.905358 0.863122 1.188928 0.974433 0.978584 0.800407 0.935002 1.091642 1.247145 1.008497 0.974165 1.041781 1.075850 0.869136 1.212254 1.238360 1.178944 0.936390 0.964701 0.879853 0.973844 1.166422 0.834702 0.978994 1.157734 0.964021 1.244130 1.173453 
0.836190 1.106573 0.891450 0.890342 1.086088 1.248241 0.874257 0.989558 0.850186 0.990945 0.895086 0.966094 0.796360 0.897835 1.108822 0.967373 0.882975 0.976319 1.228626 1.070260 1.185840 1.233293 1.128473 0.938573 0.908293 1.140803 0.917581 1.075915 0.807658 0.896190 0.858244 1.252973 1.150089 1.195155 0.919693 1.033410 0.852242 1.204333 1.138512 1.089033 1.239051 0.952008 0.940682 0.912335 1.121722 0.807247 1.047776 1.006516 
0.911898 1.103825 0.842582 0.867693 0.888049 1.241607 1.065533 0.850073 0.902029 0.990945 1.180765 1.243447 0.796360 0.934764 1.119882 1.065383 0.847458 0.970537 1.228871 1.054528 1.191941 1.085401 1.102082 0.831730 0.918835 1.187454 0.904665 0.950791 0.806190 0.986917 1.026072 1.230296 0.811483 1.172380 1.008977 0.933819 1.042429 0.868583 1.052844 1.070758 0.896892 
0.932901 0.831183 1.066431 0.874081 1.018100 1.243043 0.919493 1.101154 0.853662 0.920221 0.961042 1.022875 0.799285 0.977942 1.075461 1.066158 0.930065 0.953127 1.210477 1.049480 1.138530 0.917727 1.200452 0.978104 0.888646 1.193613 0.893572 1.073161 0.801043 1.005374 1.221288 1.212081 1.118166 1.139366 
0.961729 1.102352 1.111557 0.895128 1.150301 1.243093 0.882205 0.967893 0.829637 0.981783 0.945382 1.064581 0.800022 1.251504 1.078834 1.088776 1.067297 0.980317 1.231072 1.045447 1.181111 1.079228 1.072116 0.908221 0.899927 1.258831 0.872667 1.001507 1.202582 0.868986 1.232313 1.212081 1.032002 1.134805 0.990643 1.239988 1.140826 1.177385 0.834568 
0.932186 1.075536 0.975506 1.253088 0.898421 1.220582 1.072200 1.064126 0.870824 0.964788 1.241772 1.068002 0.800022 0.933997 0.806089 1.094431 1.045096 0.958091 1.231072 1.150213 1.141311 1.050357 1.034210 1.093183 0.912407 1.210333 0.831565 0.941806 1.193453 1.215942 1.104776 1.086883 0.888982 0.915623 1.218745 0.978526 0.907478 1.059753 0.894345 0.960288 1.079991 
1.199983 1.127037 1.013296 1.253088 0.880736 1.225887 1.044839 0.838718 1.038118 0.963767 1.008602 0.849755 0.796334 1.034272 1.064604 0.912307 0.959739 0.951902 1.234994 0.909023 1.185048 1.050357 1.247834 1.055111 0.897024 1.065700 0.830092 1.185354 1.159781 0.900434 1.114739 1.040962 0.921998 1.089171 1.183066 1.160304 1.084564 1.086348 1.023653 1.206416 1.229723 1.017238 0.988530 1.131621 1.048577 1.140513 0.886122 1.073306 0.989447 1.229691 0.977240 1.002870 0.965998 0.941781 0.893185 
1.239438 0.929140 1.236640 1.253088 0.880736 1.223339 1.132596 0.891695 0.856232 0.944089 0.948958 1.083813 0.796334 1.057110 0.998926 1.123014 1.055595 0.966486 1.257964 0.876801 1.188138 1.051474 0.998382 1.095917 0.923696 0.929255 1.003923 1.028137 1.067585 0.822762 0.999346 0.866420 0.915649 0.884001 1.051119 0.829177 1.002232 1.075788 1.039535 0.868687 1.189862 1.240599 1.201722 0.943677 0.808645 1.088637 1.258446 1.130959 0.812426 0.953926 0.965722 0.810500 
1.227565 0.930935 0.836002 1.238429 1.166808 1.248471 0.977944 0.819248 1.110465 0.996864 0.922138 1.006081 0.799635 1.117773 1.160743 1.146240 1.055595 0.978534 1.257964 1.111632 1.180137 0.838541 1.014050 1.144526 0.927351 1.024611 0.821163 1.029323 1.183866 0.822927 1.080645 1.233033 0.831294 0.920176 1.002280 1.141635 0.960902 1.065525 0.893272 0.947117 0.880442 1.098956 1.039072 0.826950 1.083839 0.897553 1.073899 1.156391 0.972684 1.115147 
1.234354 1.056982 1.103080 1.256320 1.239118 1.235846 1.178252 0.926703 1.154122 0.990506 0.831905 1.216113 0.797815 1.085742 1.228061 1.060323 0.872734 1.078576 1.254504 0.971183 1.166792 0.897792 0.983997 1.208407 0.934578 0.949317 0.917871 1.030648 1.123375 0.891378 1.228973 1.150532 0.883946 0.883889 1.217865 0.985474 0.804068 0.957946 0.850197 0.963199 1.147877 
1.251565 1.072376 1.206013 1.241527 1.233418 1.217211 1.005563 0.889085 1.082939 1.052230 0.836237 1.188179 0.797815 1.082765 0.984671 0.863613 1.017875 0.966087 1.253719 0.898302 0.979055 0.887409 1.030729 0.905063 0.912092 0.856356 0.855027 1.162303 0.872008 1.022327 1.082066 0.908923 1.006252 1.081511 0.962458 0.958925 1.187167 1.107799 1.244226 1.107729 0.906317 0.980491 
1.174353 0.847281 1.250590 1.114986 1.184479 1.233569 0.946105 1.019949 1.106882 0.799745 1.238674 1.119481 0.797815 1.034576 1.238651 1.242631 0.827579 1.109393 1.027836 0.855332 0.875476 0.892639 1.029028 0.879911 0.824927 0.984814 0.884786 0.978802 0.833754 0.982197 1.100165 0.836152 0.883722 1.140877 0.993769 1.127878 0.887390 1.034993 1.081408 1.039696 1.251305 1.149775 0.839257 1.124299 1.024486 0.896048 1.145058 0.856876 0.810529 
1.186520 0.874999 1.002914 0.867281 1.035520 1.219966 0.900000 0.998493 1.029938 1.072566 0.990984 1.220598 0.799447 1.060405 1.209665 1.102665 0.802801 0.969482 1.033490 1.199497 1.170980 1.138726 1.019274 1.066925 0.929528 0.980196 1.231320 1.032050 0.938705 1.073725 1.233668 0.821691 1.149505 1.126236 0.948170 0.897262 0.862447 1.237041 0.805021 0.968194 1.058826 1.123007 1.016969 1.109683 
1.210026 0.892761 1.018715 0.907652 1.108599 1.245129 1.257814 1.153909 1.101273 0.987039 1.187300 1.092079 0.803486 0.847877 0.926065 1.101111 0.873339 0.948940 1.056654 1.054443 1.225209 0.844388 0.961819 1.078679 0.933347 1.069417 1.228015 0.998115 1.063990 1.115799 1.252158 0.825141 0.831628 1.074259 0.927434 1.215753 0.945200 1.031943 0.858587 0.888662 
1.223091 0.992771 0.797579 1.147131 1.081250 1.229518 0.869879 1.098578 1.070082 1.018372 0.884144 1.030830 0.800732 0.860134 1.246732 0.957358 0.812925 0.955133 1.127850 1.045058 0.882937 0.917366 0.979572 1.190775 0.907233 1.223689 0.897212 1.186666 1.084869 1.251279 1.252158 0.815251 1.060910 1.098020 0.965769 1.209944 0.813397 1.032660 0.903223 1.247766 0.904280 1.151402 1.180582 0.994219 0.969448 1.042790 1.037454 1.018549 0.910080 0.906201 
0.804217 1.052323 0.938346 0.847394 1.081099 1.008217 1.111340 1.213972 0.925241 1.074906 1.200796 0.835638 0.797657 1.244220 1.256026 0.990070 1.176000 1.102528 1.243118 0.918567 0.877279 0.906190 0.970851 1.145335 0.905895 1.196493 1.033081 1.094390 1.092905 1.239716 1.252158 1.118357 1.058612 0.895978 
1.149819 0.933592 1.109293 1.020864 1.125827 0.966528 1.096519 0.930487 0.930628 0.917232 1.216342 0.943442 0.796024 1.239716 1.003687 1.040572 1.188167 1.127049 1.256366 0.940786 0.833725 1.248140 0.967264 0.930121 0.985209 1.094446 1.131426 1.055211 1.061589 0.925051 0.977172 1.173799 0.913880 1.244164 1.250182 0.893608 
1.191546 0.897403 1.175181 1.082951 1.057708 1.148445 0.916885 0.925655 0.884211 0.858096 1.147257 0.932332 0.796024 1.195197 0.862611 1.059456 1.217736 1.071895 1.226259 1.223393 0.824416 0.819956 0.980393 0.949199 1.016231 0.998146 0.992053 0.952321 1.038641 1.015444 1.073669 1.175580 1.156583 1.255498 0.893991 0.914481 0.827730 0.808373 0.970949 0.907574 1.250796 0.903037 
1.237835 0.842766 1.221642 1.190573 1.045172 1.140220 0.904340 1.018071 0.889202 0.967535 0.893680 1.031721 0.796024 1.243206 0.944428 0.904183 1.038802 1.071895 1.230610 0.821475 1.024269 1.147072 1.195866 0.960852 1.039678 0.862563 1.093226 0.947326 1.053805 1.002792 1.072340 1.227295 1.159968 1.233886 0.982501 1.170687 1.119107 1.096139 1.248995 0.969142 1.050525 
1.171239 0.854164 0.943304 0.994360 1.230472 1.078361 0.924278 1.206832 0.860429 0.937600 0.893895 1.049925 0.796024 1.243063 0.954392 1.211725 0.906716 1.115920 0.797297 1.101667 0.818908 1.138602 1.204920 0.982141 1.044567 1.086274 0.962250 0.837212 1.070771 1.185788 0.876687 0.991935 0.955067 1.258585 0.898865 1.109834 0.855807 0.943133 1.164909 1.084550 1.029149 
1.167693 0.828292 0.876517 0.816246 1.189548 1.239712 0.899191 1.243774 0.899686 0.937440 0.813794 1.122309 0.796024 1.253382 1.133331 1.023697 0.940802 1.102201 0.963272 1.051934 0.837401 0.861426 1.064938 1.137694 1.147405 1.083950 0.838185 1.042202 0.946001 1.033862 0.882281 1.188950 0.863224 1.258585 0.974894 0.834509 1.005004 1.068778 0.957587 1.257880 0.995382 1.012010 0.859672 0.820403 0.938554 1.179816 0.960767 1.121407 
0.899736 0.844366 0.992701 1.123075 1.245627 1.070117 0.986172 1.243774 1.126574 0.973304 0.827292 1.093704 0.796024 1.245651 0.939367 1.004321 1.056104 1.102361 0.951684 1.061689 1.071571 1.058244 1.023186 1.057163 1.171400 0.909931 1.228238 1.068937 0.968036 1.074604 1.187558 1.122252 0.909062 1.240377 0.857971 1.016458 1.145837 1.022526 1.072146 1.155839 0.935155 0.856260 1.059815 1.102686 0.870572 1.150052 1.187155 0.994035 1.136059 0.988046 1.215740 1.077583 
0.858530 0.807791 1.220099 1.008191 1.255796 0.827588 0.932466 0.980193 1.049046 0.957853 0.826458 1.067117 0.796024 1.251217 1.041550 0.885641 1.170245 1.087950 1.071144 1.115782 1.212528 1.039998 0.883606 1.145436 1.066825 1.067522 0.941233 0.942201 0.968036 1.152160 1.031367 0.856996 0.812514 1.240377 0.911560 0.890483 0.798715 1.104562 1.062287 1.206789 1.069811 0.932291 0.918679 1.023258 
1.069688 0.823428 0.883042 0.885663 1.249750 0.987146 0.909318 0.863828 1.207908 0.952308 0.817167 1.082902 0.797437 1.213668 0.952306 1.069165 1.175352 1.093111 1.039897 1.022371 1.161930 1.037002 0.875184 0.946078 0.864101 1.071809 1.104043 0.943830 0.946894 0.988598 1.137956 0.932552 1.053016 1.236831 0.811055 0.969762 1.015336 1.174480 1.008622 1.190803 0.971731 
0.863939 0.992876 1.128976 0.984839 1.256868 1.019814 0.943483 1.032397 0.845595 0.943623 0.868548 0.983124 0.797748 1.225432 0.993044 1.248389 1.162511 1.076213 1.016731 1.135752 1.184948 0.808934 0.880308 0.827663 0.810935 1.106076 1.115029 1.118508 0.928997 1.178187 0.981666 0.916282 0.918702 1.256963 0.848291 0.968969 1.003034 1.017325 1.075334 1.050741 0.940483 0.852391 0.973255 
0.897923 1.227554 0.975604 1.116686 1.234410 1.026540 0.904857 1.086540 1.009572 0.945172 0.861840 0.986453 0.795289 1.233771 0.870629 1.211321 1.043167 1.105058 0.897474 1.123807 1.243384 1.010205 1.085362 1.171557 0.904705 1.084164 1.140880 1.013053 0.891086 1.025911 0.817245 0.980786 0.801028 1.235525 1.145754 0.867922 0.851693 0.958808 1.141524 1.031842 1.202146 0.968162 0.862169 1.233693 1.076652 0.909166 
0.868080 1.170066 1.026905 0.847844 1.064184 0.948229 0.871302 0.990884 1.244062 0.943818 0.852372 0.881562 0.795289 1.254596 0.826709 1.134291 0.929195 1.083670 1.010353 1.128305 0.807194 0.835914 1.031142 0.968966 0.856911 0.958836 0.898014 0.978362 0.878284 1.054861 0.831098 0.921776 1.001661 1.230495 1.068834 1.075025 1.057860 0.841202 1.240243 1.073477 1.104769 1.101365 1.177596 1.086668 0.940760 1.166620 1.242947 0.941751 1.025103 0.839212 1.096394 0.819944 1.115749 0.821927 
0.886273 1.160626 1.160650 1.160131 1.212286 0.947623 0.935837 1.065441 1.256095 0.945020 0.878942 0.878919 0.795289 1.254596 1.241229 0.977752 0.929195 1.118087 1.043396 1.101280 0.941256 0.993511 0.864412 1.158037 0.864968 0.906392 0.929764 0.930179 1.013326 0.795504 0.881847 0.862049 1.014404 1.251577 0.942092 0.884901 1.168886 1.152354 0.841932 1.184629 1.119659 1.062092 1.105236 1.132786 1.141178 0.882173 0.835862 0.838280 1.045185 
0.894639 1.142693 1.157505 1.254277 1.238992 1.145432 0.888777 0.990936 1.241879 0.988134 0.811139 1.135654 0.795289 1.254596 0.953524 0.926980 0.959413 1.112632 1.152384 1.090117 1.069085 0.862594 0.909606 1.104253 0.862356 1.079832 0.862362 0.974972 0.994558 1.081139 0.880527 0.917126 1.104970 1.251577 0.806961 1.172050 1.064263 0.833197 1.026474 1.211594 1.196317 1.254653 1.002193 1.124902 0.988851 1.224387 1.034470 1.025232 1.180930 0.916387 1.073918 
1.191933 0.829986 1.214300 1.028097 1.204997 0.889901 0.923145 1.211072 1.252691 0.974102 0.811034 1.239288 0.799476 1.254589 0.809591 0.880733 0.954130 1.060173 0.913820 1.216416 1.008159 1.235155 0.912578 1.099086 0.841448 1.074789 1.076185 1.096107 0.943357 1.046101 1.042395 1.215135 1.078042 0.824896 0.854161 0.993237 1.012681 0.849270 1.021501 1.097437 1.132469 1.212872 1.130425 1.065556 0.878381 0.848360 0.973677 0.988486 1.044455 1.022416 1.129410 0.905866 1.182881 0.837203 1.258919 1.076317 
1.191701 0.931685 0.866449 0.865833 1.132008 0.815364 0.929933 1.128613 1.246405 0.953549 0.823961 1.168672 0.803541 1.254589 1.258358 0.984171 1.125306 1.073999 1.248233 0.855750 0.999755 0.955202 0.843928 0.860453 0.884916 0.857331 0.821043 0.998143 0.966098 0.923119 1.075777 1.130543 0.987447 1.002732 0.892531 0.959773 1.053765 1.168620 1.001683 0.910644 0.992477 1.172983 0.872017 1.213836 0.994615 0.973498 0.835040 1.068086 1.006968 1.176629 1.122304 0.920006 0.865656 
0.910504 1.085288 0.980805 1.234188 1.247142 0.887547 0.929933 0.962030 1.242467 0.975097 0.819454 0.892814 0.799568 1.246648 1.249173 1.037757 1.042790 1.050251 1.161147 0.920189 0.804270 1.127067 0.898368 1.187287 0.961396 1.024123 0.881992 0.804403 0.969137 0.931263 0.883649 1.152309 1.110485 0.991118 1.034298 0.896826 1.078803 0.948862 0.893429 0.798360 0.852054 1.199077 0.926625 1.177661 1.219480 1.018232 0.981555 1.064020 1.014559 0.841552 0.925559 1.016333 
0.875737 1.013144 1.195286 0.987658 1.250814 1.016443 0.949151 0.961538 1.251437 0.958494 0.811910 0.884126 0.799706 1.246648 1.242558 1.182469 1.032338 1.039379 1.142574 0.902823 0.989527 0.946264 0.895547 1.080648 1.216308 1.009904 0.915794 0.806049 0.817656 1.250133 1.080261 0.904755 1.002104 0.852443 0.988406 0.897072 1.079041 1.146680 0.962936 1.005814 0.836866 1.170641 1.154798 1.212844 0.882272 1.234246 0.865121 1.064730 0.984474 0.887927 1.024409 0.974771 0.981196 1.238010 0.996152 1.188321 0.831309 1.009524 1.247785 1.030201 0.996253 
1.145957 1.066180 1.026680 1.107045 0.887970 0.878122 0.913857 1.162556 1.246602 0.958494 0.826941 1.015275 0.796595 1.230398 1.240768 0.968844 1.048475 1.069502 1.194109 1.145707 1.002741 0.853616 0.876531 1.206764 1.023584 1.055993 0.807359 0.806049 0.907674 0.991996 1.106634 0.907137 0.831477 0.977484 0.926003 0.900402 1.076347 1.071499 0.956795 1.201655 1.138361 1.161702 0.973628 1.112921 0.889718 0.972238 0.924578 1.084449 1.027887 1.131265 0.961009 0.836362 1.110113 1.043526 1.039740 1.022876 
1.085392 0.990323 1.056441 0.884922 1.030400 0.814037 0.924503 0.910749 1.231392 0.938341 0.862990 1.159584 0.796595 1.251215 1.234802 1.176245 1.053691 1.016756 1.255828 1.194302 1.193737 0.893061 0.854568 1.204418 1.170798 1.064002 0.930274 0.811439 0.883854 1.097305 1.148890 1.142627 1.150972 0.999436 0.882523 0.940361 0.939299 1.032704 1.062892 0.927583 0.872712 1.034602 0.938027 0.894724 0.844403 0.828248 0.952857 1.036077 
0.967085 0.959986 1.024449 0.885946 0.954610 0.811304 0.910061 0.892391 1.225857 0.932255 0.803633 0.966744 0.796595 1.254108 1.242118 0.828045 0.863836 1.031893 1.172849 1.189263 0.879505 0.810192 0.884767 1.035060 1.021212 1.072638 0.849161 1.079069 1.172404 1.080407 0.976925 1.194541 0.891962 0.943620 0.828640 0.919992 0.918974 1.181179 1.154346 0.869850 1.093082 0.988141 0.880541 1.095779 1.004795 1.004073 1.157522 1.081654 0.913195 
1.081897 0.815395 1.073706 1.098619 1.250244 0.795735 0.996878 1.151571 1.249435 0.956728 0.852448 1.192448 0.915102 1.235448 1.065704 0.796783 1.239122 1.026162 0.942049 1.177044 0.913063 1.033930 0.828752 0.909319 0.804692 0.916105 0.983455 1.112908 0.873467 1.093980 0.810581 1.228690 0.820444 0.939182 0.844401 1.029804 0.848459 1.162203 1.009255 0.949092 0.937187 0.851884 1.104383 1.080019 1.062412 0.964737 1.193017 0.919201 0.987683 1.089798 0.982787 
1.118663 0.888114 1.073706 0.844779 1.202391 0.795735 0.898911 0.831839 1.231165 0.949039 1.073225 1.140800 0.899173 1.221703 1.064355 0.796783 1.232523 0.806490 1.137414 1.145896 0.965119 1.101989 0.885730 1.187745 1.000893 1.017900 0.846451 1.169764 1.063107 1.073586 0.938871 1.080878 1.115750 0.862270 0.877344 0.883996 1.229867 1.125251 0.905294 0.934636 1.029505 0.885775 1.043163 
1.071269 0.880314 0.921920 1.221660 1.258771 0.940172 0.892329 1.080593 1.221981 0.945698 0.926157 0.803879 0.866258 1.166471 0.868276 0.796783 1.056703 1.222705 0.981260 1.181512 0.815215 0.803036 1.089428 1.092211 1.092380 1.022444 0.870417 1.103193 1.081551 1.101376 1.158144 1.173076 0.891658 1.065866 0.854722 1.009688 0.944572 1.251872 0.979679 0.890217 0.839988 1.021848 1.035975 0.830402 1.007084 0.866486 1.046487 
0.938828 0.970775 0.976026 1.254219 1.226391 1.031983 0.858761 1.191168 1.253920 0.934781 1.157760 0.927266 1.079827 1.154925 0.906675 0.806212 0.873695 1.234643 0.995593 1.141570 0.820377 1.064807 0.855004 1.039946 1.197739 0.998019 0.823279 1.194072 0.956945 1.053762 0.955081 1.178712 0.892635 1.144170 0.954310 0.872701 1.062024 0.864656 0.911344 0.880485 1.060984 0.803017 1.221530 0.869956 1.058344 0.853283 0.915351 1.068714 1.089524 
1.177619 1.131699 1.073951 1.033511 0.984595 1.046303 1.022626 0.956132 1.250305 1.111200 1.162157 0.940285 0.860943 1.234081 1.022359 0.802587 1.031006 1.195744 0.909810 1.191114 0.797733 0.983441 0.885645 1.058785 1.072337 1.100347 0.806201 0.995119 1.188686 1.094181 0.841584 0.923853 1.221530 1.202396 1.021388 0.880808 1.097694 1.032741 1.143190 
0.843187 1.171638 0.830137 1.022916 1.086936 1.097907 0.836410 0.962496 1.238130 1.023514 1.196694 0.914492 0.979739 1.232150 0.941718 0.802587 0.968427 0.956067 0.929270 1.215902 0.822000 0.983441 0.852200 1.094981 0.887031 1.025113 0.827788 0.910826 0.986720 1.069055 1.224608 0.882888 1.247967 1.127955 1.137406 0.988992 0.950962 1.171379 0.915786 1.082212 1.132211 0.982972 0.926102 
0.874023 0.895599 1.047669 1.072064 1.095030 1.043301 0.950227 1.221154 1.256819 0.898602 1.160673 0.974150 0.831508 0.964168 0.889104 0.802587 1.066032 0.971981 0.920613 1.246303 0.798925 0.823331 1.077476 1.233200 0.842906 1.241052 0.810836 1.181003 0.988403 1.059873 0.967998 1.146477 0.971217 0.809109 0.973404 1.004442 
0.897515 0.896418 1.122403 0.942980 1.097521 1.092838 1.109556 1.252698 1.248658 0.930016 1.143599 1.075676 0.962622 0.896969 1.003132 0.802093 0.894641 1.162952 0.820721 1.237963 0.810889 0.956131 1.028698 0.913345 0.956310 1.251457 0.843853 1.056533 1.096871 0.833034 0.990604 0.957681 0.983728 0.948416 0.858453 1.002065 1.142544 1.239239 1.021483 0.978668 0.975985 
0.893551 1.132912 1.059759 0.894450 0.830863 1.070656 0.926248 1.230680 1.243427 0.948357 1.133036 1.152226 0.957023 0.907717 1.180019 0.808221 0.994085 1.179880 1.095811 1.227100 0.927165 1.093150 1.127257 0.934112 0.822902 1.227524 0.851689 0.926832 1.029854 1.020541 0.976015 1.164946 0.864387 0.881721 1.176737 0.981441 1.032071 0.962346 1.231012 0.933079 1.121791 1.146920 1.222370 0.855687 
0.884887 1.057916 1.056905 0.872229 1.213632 1.027006 1.002975 1.170371 1.243427 0.938219 1.103666 0.932422 0.954651 0.876755 0.989774 0.883882 0.996245 1.231559 1.080645 1.246170 0.929763 1.245226 1.251312 0.845060 0.822902 1.228023 0.833376 1.173332 1.016324 1.080183 0.858518 0.891697 1.010842 1.156679 0.985266 0.891394 0.920748 1.223436 1.004347 1.179451 1.099084 0.812452 1.201152 0.903561 1.122361 1.001324 1.030396 1.062625 1.202509 0.796128 1.050119 1.096082 1.011169 1.055585 
0.895442 1.042164 1.056905 0.902650 1.232275 1.027006 0.992196 1.182140 1.252421 0.932118 1.023719 1.133662 0.953048 0.861191 0.907375 1.074788 0.980774 0.944700 1.087287 1.248827 0.974277 1.242496 0.865205 0.996254 0.809992 1.248531 0.865265 0.842152 0.937543 0.905740 0.840976 0.848723 1.246116 1.084159 1.073571 1.057459 1.205069 0.796128 0.997563 0.929151 1.021194 0.877477 0.990918 
0.834781 1.052817 1.045614 0.894735 0.797090 1.001018 0.867085 1.191124 1.252048 0.911690 0.895986 1.124171 1.088058 0.909945 1.145546 0.947548 0.993161 1.203486 1.062906 1.232639 0.863865 1.247966 0.799810 0.969378 1.151869 1.248531 0.991363 1.048719 1.227196 1.039921 0.872774 1.069033 0.825854 0.918543 0.837032 1.009377 0.916785 1.216153 1.156152 0.874795 1.005941 1.215687 1.001418 0.950195 1.046319 0.863658 0.803824 0.988652 0.900648 1.202586 
0.957242 1.047729 1.063453 0.890021 0.801525 1.058651 1.141034 1.133148 1.245637 0.938540 0.898895 1.110354 0.973783 0.997763 0.901528 0.970021 0.803950 1.228171 1.066458 1.251333 0.878885 1.233611 0.989665 1.205307 0.871147 0.898129 1.076300 0.876043 1.224399 0.925685 0.860976 1.005134 1.119882 0.914088 0.891812 1.038125 1.100762 0.952678 0.943258 
1.052892 0.937720 0.929810 0.825084 0.801525 0.954618 0.795876 0.993268 1.245637 0.996922 1.101786 1.090293 0.929509 1.031010 0.827942 1.038928 0.979441 1.231235 0.926424 1.249395 0.889258 1.137493 0.895644 1.193946 1.169797 1.083767 0.947252 0.906397 1.234979 1.072201 0.847916 0.944377 1.069915 0.979746 0.866629 1.099904 
0.967874 1.190796 1.098095 0.863799 0.795102 1.070497 1.086820 0.906747 1.242604 0.844731 1.122305 1.059062 0.961905 0.812905 1.063382 1.020768 1.243723 1.257046 1.167301 1.246618 1.065345 0.984686 0.871910 1.187996 1.256233 0.875753 0.953116 0.849453 0.906480 1.084215 0.931019 0.941522 0.880686 0.984874 1.151998 0.927554 1.045926 1.058079 0.884782 1.148639 0.964886 0.905990 1.247248 1.006302 1.105931 1.180386 1.153282 0.819874 
0.879500 1.081258 1.078173 1.120769 0.798028 0.814423 0.927637 1.010415 1.251455 0.795621 1.046672 1.150786 0.950043 0.971408 1.072146 1.129854 1.254337 1.218149 1.087234 1.246618 1.187135 1.089592 0.882952 1.111436 1.208450 0.806661 1.012494 1.035716 0.941058 1.062386 1.056279 0.888636 0.906170 0.992621 1.008125 0.839198 0.987301 1.042788 0.811560 1.002327 1.002628 1.088523 1.146816 0.799544 1.100062 0.962818 1.187057 1.144037 1.003354 0.910873 
0.976521 0.949806 0.871143 1.095432 0.795028 0.825415 0.927221 1.103021 1.245913 0.825399 1.196164 1.018275 1.067430 0.981090 0.979086 1.104711 1.203802 1.240564 0.842793 1.237431 1.060186 1.089551 0.943258 0.969803 1.137558 0.988588 1.115345 1.003840 1.057587 0.977514 0.942037 0.932448 0.863031 0.908850 1.020272 0.978198 0.838911 
0.884771 0.950539 0.983986 1.169451 0.795457 0.813038 0.872700 0.876826 1.251035 0.845226 1.056440 0.957399 1.052127 0.976833 0.989861 1.180642 1.232478 1.240564 1.233219 1.245849 1.005820 1.064667 0.894837 0.875420 1.190420 0.901927 1.095032 1.233512 0.977413 1.005021 1.037700 0.843227 0.887030 1.002323 1.058024 1.253249 0.937755 0.946681 1.027099 0.909840 0.878865 0.817071 1.157967 0.842485 1.124545 0.946386 1.051934 0.993689 1.029556 0.888131 0.961796 
1.182743 0.961198 0.902245 0.994382 0.795457 0.816686 1.230736 1.124518 0.953129 0.850086 0.915984 1.079373 1.047541 0.832543 0.936099 0.850898 1.210513 1.257733 1.244353 1.245849 1.239382 1.247930 0.838814 1.069434 1.176948 0.967156 1.085680 0.820804 1.003157 1.021537 0.966845 0.849663 0.892421 1.014138 1.072537 1.117198 0.945659 0.884157 1.006301 0.830009 0.958453 1.141163 1.012970 0.884925 1.095187 1.116491 1.058009 1.228205 1.180256 1.000418 0.922078 1.134391 1.061477 0.976284 0.872681 
0.883128 0.946500 1.003760 0.873821 0.795457 0.816686 1.176669 0.973799 1.177326 0.829427 0.921708 1.040004 1.188482 1.098351 0.912983 1.028087 1.125096 1.257733 1.231251 1.074170 1.202629 1.165064 0.860365 1.085983 1.089146 0.938975 1.098670 1.180038 0.983815 0.889239 1.077328 0.895042 0.826633 1.134323 0.904403 1.080929 0.912120 1.047837 0.877193 0.970481 0.796570 1.178394 1.082548 1.186242 0.926109 1.020125 1.016551 0.961338 1.196542 
1.213717 0.866894 1.251954 1.046759 0.795971 0.802530 0.888578 0.973826 1.204261 0.799390 0.987371 1.036043 0.978677 1.080906 0.916263 0.883574 0.952996 1.233973 1.256620 1.144155 1.020276 0.988697 0.911739 0.804187 1.153242 1.056134 1.044948 0.821900 0.913835 0.880861 1.230073 0.912400 0.859273 0.847384 1.219659 1.043218 0.952119 0.866408 1.206228 1.046696 1.049054 1.176763 1.056800 1.139066 1.174232 0.929113 0.950569 1.012676 1.103273 0.889004 0.981441 0.886142 1.151789 1.154457 1.001589 0.916541 1.065641 1.100122 1.021788 
1.229375 0.898080 1.051637 0.922905 0.795971 0.798737 1.088789 0.987860 1.220562 0.821487 0.987371 0.864207 1.033701 1.066880 0.921434 0.950208 0.873246 1.239288 1.243927 1.054331 0.818059 1.025393 0.919428 0.945316 1.144951 0.981748 1.064083 1.010471 1.078834 1.193591 0.936933 0.857196 0.894445 0.812523 0.939137 1.140302 0.926809 0.857592 0.806018 1.238078 1.257600 1.151296 1.166334 1.048727 1.160222 1.011518 0.996704 0.843757 0.895828 0.812785 0.939054 0.931032 1.051068 0.883731 0.996625 
1.241174 1.009344 0.929595 0.953693 0.795971 0.798737 1.112850 0.989506 0.941670 0.841939 1.144966 0.820503 0.840328 1.122353 0.934818 0.830006 0.973901 1.256936 1.227634 1.073343 1.215102 1.029556 0.899322 0.982897 1.257774 1.115575 1.096336 0.934968 1.014793 0.909092 0.871955 1.007040 0.867994 0.935561 1.083570 0.869891 0.948631 1.206599 1.042219 1.183504 0.833871 1.202039 1.050065 1.246365 0.887083 1.049470 
1.246354 0.988658 0.846433 0.801352 0.889959 0.801557 1.137485 1.072185 1.232479 0.858672 1.246350 0.846623 0.920169 1.131059 0.920296 1.083595 1.030859 1.233755 1.223410 1.031034 0.804361 1.114411 0.864023 1.088866 1.086035 0.896106 1.038570 1.006004 0.955151 0.975502 0.869921 0.945691 0.863464 1.168560 
1.220891 1.006427 0.853346 0.801352 0.936325 1.076281 1.189921 0.857633 1.223175 0.838769 0.984878 0.824910 0.843695 1.211172 0.905080 1.227608 0.845728 1.136004 1.225450 1.031034 1.188626 0.944122 0.815811 1.092806 0.974565 1.176333 1.000040 0.908875 0.936434 0.933418 0.999514 0.855564 0.864088 0.939644 0.863342 1.055628 1.194875 1.005444 0.910673 0.996174 0.919936 1.037137 0.821030 0.817010 1.052106 1.168551 1.236863 1.141950 1.200294 0.914991 0.894593 1.201266 1.125246 1.158369 1.049312 1.010280 0.986779 0.888960 0.997432 1.256684 1.054682 1.003896 
1.250846 0.979864 0.862897 0.801352 1.186098 1.225086 1.078282 1.045031 1.201438 0.800028 0.984878 0.869466 0.881779 0.960369 0.937047 1.245363 1.118082 1.181500 1.197290 1.031034 1.074837 1.053241 1.068497 1.041681 1.009516 1.208848 1.148500 0.908875 0.954662 0.920154 1.093742 0.965752 0.856277 0.939644 0.888753 0.913790 1.213891 0.985084 1.175260 1.054380 1.142972 0.825367 0.815941 0.926718 1.046875 0.975725 1.020497 
1.036553 0.932063 0.826150 0.801352 1.240675 1.075787 1.046623 0.961764 1.043214 1.141462 0.962328 0.804347 0.932465 0.842474 0.950223 1.224027 0.802004 1.171803 1.253998 1.024499 1.048122 0.995256 0.876467 1.036490 0.914716 1.233241 1.234990 0.892750 0.933177 1.244543 1.231863 1.149905 0.880435 1.176973 0.902450 0.959866 1.150595 0.915114 1.245223 1.037626 1.078643 0.859612 0.946010 1.077923 
0.959542 0.867762 0.856384 0.807218 0.934092 1.247348 0.969915 0.873371 1.202348 0.897904 0.976138 0.880318 1.228061 1.183288 0.853644 1.214314 0.800211 1.126983 1.059732 0.966596 0.898504 1.051431 0.850263 0.876551 1.068523 1.218442 1.102939 0.859435 1.007105 1.232413 1.089260 1.248099 0.878889 0.824007 1.134052 0.947108 0.909121 0.828414 0.981764 1.087254 0.948646 1.112837 1.126523 0.803922 0.889998 0.953760 
1.181560 0.899947 0.844027 0.810542 0.988210 0.909011 0.959582 0.889016 1.058640 0.872202 0.986311 1.037752 1.167410 1.125697 0.899758 0.857179 0.803679 0.796018 1.048618 1.220862 1.225826 1.213834 0.873234 0.990980 0.836339 1.227032 1.090706 1.073756 1.176400 1.248937 1.094367 1.198370 1.129361 1.001892 0.877456 0.944129 0.864660 1.063076 1.037884 0.994756 0.855899 1.038459 0.834912 1.034171 
0.922314 0.917778 0.840049 0.976567 1.127034 0.945994 0.970169 0.988916 0.861232 0.874028 1.029234 1.064232 1.163530 0.977165 0.925919 0.852222 0.803679 1.092967 1.052122 1.230565 0.948918 1.187390 0.896562 1.075971 0.966893 1.254651 0.847333 0.804763 1.181282 1.251048 0.960471 1.162760 1.071342 1.010256 0.914243 1.066882 0.872945 1.016107 1.051860 0.847930 0.856444 1.032011 1.052231 1.029060 0.949989 1.059693 0.931656 1.205011 0.910079 1.170505 0.800209 1.008129 1.014118 0.957496 1.100231 
1.152562 1.020576 0.809472 0.899257 0.927190 0.956070 0.957818 0.894104 1.005665 1.057602 0.859413 1.064954 1.230510 1.201595 0.916475 1.151837 0.820482 1.046737 1.099206 1.230565 0.955086 1.069641 0.857437 1.039547 1.208304 1.251064 1.189129 0.804763 0.954369 1.204627 0.889473 1.213547 1.102689 1.097296 0.799843 0.881489 1.020539 1.047332 1.111543 1.114812 1.005704 1.120982 
0.980736 1.024575 0.797108 0.824545 1.011219 0.954847 0.939647 0.865842 1.179745 1.228865 0.917648 1.048161 1.211052 1.072702 0.940862 0.839274 0.795417 1.036248 0.987653 1.228285 0.979237 1.181470 0.963783 0.879482 1.237450 1.241412 1.145009 0.820241 0.912556 1.224225 1.067010 1.182492 0.864443 1.001743 1.083736 0.822021 1.135232 1.047332 1.130682 1.004324 0.937734 1.049632 1.172173 1.001106 1.073785 0.886026 1.097238 1.081959 0.899497 1.106174 1.114507 1.004465 1.108709 1.195186 1.075227 1.066344 1.109205 0.942922 1.231930 
0.824137 0.956154 0.820273 1.248046 1.244085 0.964357 0.832099 0.846451 1.037104 0.904987 1.076556 0.974411 1.116574 1.091330 0.904528 1.059463 0.812842 1.080420 0.915530 1.254826 0.969323 1.235220 1.012261 0.837286 1.111397 1.239585 1.221128 0.809286 0.849422 1.245508 0.854069 1.172666 0.875372 1.020906 1.186779 1.229594 1.212172 1.047332 0.854251 1.005366 1.112594 0.848781 1.212927 0.886262 1.081279 1.148772 1.225533 0.818208 1.056041 0.920075 0.946650 1.065514 0.976815 1.116973 1.147124 0.933644 1.094603 1.122194 0.864789 1.002462 0.886973 1.178625 0.944098 0.860577 1.131839 
0.811765 0.970619 0.815317 1.073641 1.194796 0.974533 1.247722 0.901314 1.142719 0.958581 0.911129 1.237023 1.196295 1.076543 0.931816 1.081161 1.133530 1.083705 1.115159 1.238061 0.968804 0.933008 1.019069 0.982871 1.031678 1.239585 1.184047 0.799125 1.157930 1.245508 0.879394 1.157459 0.868189 1.002404 0.965351 1.073615 1.211024 1.059046 0.989268 0.844364 0.840453 1.032546 1.091794 0.802518 0.909113 1.205757 0.839154 1.209033 1.072183 1.038162 0.990970 
0.905931 1.146277 0.804391 1.156367 1.095823 0.988341 0.941988 0.917249 1.052566 1.244412 0.873095 0.922682 0.978213 1.205767 0.949083 1.090747 1.016591 1.125668 1.045922 1.238061 1.219480 1.002414 1.039777 1.231699 0.841253 1.063692 1.108245 0.799125 1.175324 1.245508 0.809184 0.985159 1.198083 0.978560 1.223670 0.958625 0.824672 0.895154 0.983238 0.919494 
1.142953 1.251392 0.895797 0.986988 1.102752 0.980490 1.130536 0.934997 0.977072 1.250364 0.882330 1.063292 1.072926 1.214515 0.939954 1.121666 0.970524 1.046332 1.110729 1.248625 1.097372 0.947551 0.989276 0.847754 0.858777 1.019430 1.149572 0.795111 1.171982 1.245508 1.009002 1.013792 1.191795 1.034757 0.845395 0.959735 1.060994 1.032284 0.812377 1.053067 0.877353 1.067603 1.096019 1.172661 1.147532 1.041465 1.200178 1.254768 1.005710 1.137252 1.039873 1.027452 0.914682 1.136637 0.928310 1.216920 1.154978 0.982520 1.095102 0.980303 1.050505 1.026367 
0.871732 1.174469 0.829849 0.969706 1.032241 0.987826 1.093583 1.037150 1.057527 1.250364 0.896569 1.019670 1.015624 0.835759 0.883881 0.993903 1.190411 1.037541 1.028088 1.250474 1.115341 0.928671 0.853448 0.813199 0.825960 0.907851 1.056609 0.795111 1.169119 1.242623 1.008176 1.216592 1.218751 0.910001 0.824501 0.970586 0.857880 1.196383 0.898737 0.948259 1.027465 0.846926 1.120036 0.898141 1.030522 
1.040903 1.154539 0.852116 0.992956 1.013609 0.958082 1.247757 0.890278 1.100854 1.222880 1.192194 1.037458 1.089676 1.148836 0.928199 0.938148 1.219076 0.979412 0.854524 1.243443 0.920354 1.136057 0.878530 0.829635 0.930549 0.856926 1.055783 0.795111 0.986497 1.176149 0.973688 0.960425 1.187894 1.152403 0.847496 1.005531 0.862455 1.194062 0.958608 0.954974 1.075436 1.010911 1.069850 1.231980 1.231938 0.993933 0.942339 
0.921090 1.000618 0.864459 0.962481 0.896304 0.950436 1.257598 0.990904 1.084013 1.225372 0.870251 0.996953 1.026189 1.208185 0.934354 0.900622 0.931912 0.993649 1.048889 1.253547 0.877047 0.891876 0.884573 0.820034 0.868971 0.854865 1.052384 0.795111 1.174936 0.998759 0.831028 0.866320 0.944654 1.190295 0.872944 0.964869 1.173351 1.240633 1.175309 0.936214 0.917625 0.932234 1.125683 1.175176 1.124224 0.948693 1.088431 0.930620 0.877221 1.083442 0.924394 1.122766 1.178087 0.893430 1.056774 
1.099844 1.055974 0.822482 1.015633 1.087005 0.967527 1.254647 0.797112 0.926513 1.252522 0.930757 1.046892 1.115532 1.079975 0.930549 0.928461 0.826875 1.001368 0.922019 1.245182 0.904574 1.202685 1.099626 1.247091 0.809119 0.921415 1.118710 0.794802 1.239383 1.072133 1.123044 1.035209 0.916126 1.204539 0.972050 0.809859 0.827582 0.930644 1.064761 
1.102484 0.889841 0.876786 0.988059 1.241855 0.972879 1.256125 0.873607 0.978302 1.252522 0.903392 1.049862 1.054720 1.105765 0.939457 0.977098 0.920018 1.050409 0.893679 1.245182 0.942259 1.004477 1.005678 1.071734 0.832748 1.250280 0.974099 0.794802 1.220889 1.066710 1.046019 1.133495 0.980436 0.941890 0.821550 1.103143 1.166879 1.190623 0.969290 0.943240 0.865682 1.065515 0.877206 1.070307 
1.097068 0.866330 0.840931 0.887402 1.170715 0.831247 1.256125 0.982686 0.809545 1.248091 0.890489 0.998136 0.942808 1.053522 0.892090 1.036843 1.027214 1.080642 0.801197 1.246766 1.006457 0.875102 0.862898 1.101498 0.903190 1.190364 1.086341 0.795548 1.146206 1.059518 0.937900 1.039688 0.832206 0.955453 1.156824 0.864619 0.960939 0.998738 1.069327 0.871847 1.177370 0.987367 1.053758 
1.111656 0.968709 0.854981 1.114608 1.157285 0.818168 1.253823 1.001726 0.880694 1.258206 0.889366 1.056024 1.082035 1.051535 0.932619 0.852402 1.142266 1.020609 1.208523 1.255079 1.119631 1.090685 1.152198 0.892080 0.940785 1.218404 0.910975 0.795548 1.080999 0.921343 0.958591 0.890077 1.201931 0.935652 0.933429 0.883959 0.873842 1.020743 1.026264 1.200046 1.145692 0.840950 0.853926 0.874174 0.987491 
1.112812 1.004325 0.909782 0.896819 1.219211 0.872875 1.253823 0.955766 0.865897 1.254934 1.151913 1.146322 1.076321 1.069718 0.948623 1.021535 0.838223 1.057750 0.900744 1.254604 1.043850 0.945528 1.023920 0.815520 0.972033 0.835890 1.178786 0.802486 1.035983 0.817300 0.955088 1.009477 1.056877 0.992077 0.796090 0.890975 1.085618 0.831402 1.199686 0.986250 0.803739 1.195927 0.961445 1.044402 1.000515 1.120026 1.113496 1.041501 1.047735 1.087712 0.914005 0.943357 0.951301 
1.045382 1.137596 0.847998 1.053880 1.135802 1.054779 1.236181 1.152228 0.887369 1.256613 1.020405 0.980978 1.256639 0.860882 0.907186 1.016567 0.826992 1.092269 1.035580 1.254824 1.243581 1.232064 1.107807 1.001714 1.213177 0.947725 1.009985 0.803404 0.990188 0.880672 1.056554 1.052195 1.161861 0.948744 0.935767 0.877351 0.881604 1.087132 1.165599 0.974124 0.916369 0.959386 1.095444 0.922889 0.840388 1.199447 0.841657 1.054186 0.962800 
1.067556 1.149738 0.818203 1.158266 0.935641 0.940972 1.245825 0.966727 0.815703 1.239024 1.105849 0.959434 1.042721 0.872910 0.940079 0.975503 0.795790 1.088250 1.022336 1.233153 0.905884 0.925636 1.151718 1.023540 1.224108 0.969854 1.110232 0.802705 0.964966 1.097506 0.858750 0.979673 1.252404 0.914008 0.863771 0.879674 1.198037 1.050771 0.992639 1.183380 0.850291 1.146989 
1.041837 1.174872 0.873994 1.186991 0.824091 1.251973 1.064093 1.072944 0.838503 1.239024 0.799173 0.968845 0.857417 0.882265 0.928418 0.994008 0.897935 1.033811 1.084741 1.219054 1.011323 0.933641 1.138578 1.136595 1.191053 0.969854 1.107010 0.804841 0.856563 1.078018 1.202062 1.001410 1.181095 1.003890 0.911072 0.875252 1.100957 
1.047983 1.025887 0.853457 1.173014 0.939496 1.216271 1.077802 1.001680 0.969799 1.254454 0.874166 1.236907 0.824624 1.250147 0.937474 1.013443 0.894777 0.950566 0.911411 1.217344 0.980417 1.042865 1.086553 1.094536 1.140553 0.807390 0.981115 0.802727 1.016010 0.843437 1.197352 0.988055 1.084553 0.941425 0.902693 1.034701 1.217105 1.112434 1.047763 1.151112 0.938004 1.077177 1.011449 0.878132 0.973050 0.960243 0.916462 1.147846 1.230649 0.840475 0.949263 
1.063913 0.805565 0.826059 0.938818 0.938604 1.216271 1.149430 1.051943 0.923900 1.254525 1.135528 0.852438 0.809303 0.978245 0.924709 0.875841 1.051955 1.257956 0.978576 1.217344 0.861396 0.948927 1.067831 0.897487 1.248938 1.237118 1.076204 0.802727 1.002738 0.822355 1.219549 1.187803 1.040513 1.095105 0.804293 1.213690 0.995278 0.943789 1.053706 0.892069 0.992560 1.140134 0.932829 1.060636 0.911430 0.956183 1.140998 0.981970 0.985683 0.946528 1.013898 0.801592 0.942212 
0.988741 1.192381 0.827685 0.808460 0.844996 1.187316 0.969924 1.038640 0.914420 1.255536 0.993254 0.852205 0.822758 0.980347 1.015474 0.880456 0.990652 1.074647 0.914728 1.217344 0.795580 0.865672 0.908020 0.930337 1.190066 1.030682 1.138081 0.802727 0.951892 1.245609 1.160084 1.191584 1.077412 1.256876 0.974619 0.911477 1.113022 1.018171 0.831083 1.235710 0.890696 1.063818 1.155323 1.092611 1.004722 0.975041 1.023443 1.087563 0.896375 1.171275 0.964944 1.061490 0.940547 0.804645 0.932904 1.006789 1.126593 1.027246 0.953646 0.962535 1.116936 0.911954 1.019626 0.921772 0.950494 1.090913 
1.080106 0.961642 0.813124 1.174183 0.908775 1.219293 1.015436 1.199541 0.902958 1.223822 0.946135 0.852205 0.847689 0.936417 1.045439 0.907322 1.085904 1.253948 1.058506 1.233628 0.813537 0.912717 0.842592 0.988253 1.177498 1.091845 1.121942 0.795834 0.960463 1.154911 1.211478 1.200929 1.077412 1.008409 0.844343 0.796911 0.971604 1.079692 0.904771 0.947285 1.246557 0.914183 1.045389 1.160618 1.226532 0.941221 0.848899 0.807701 0.996163 1.215237 1.000019 1.085500 0.888615 1.058115 1.002205 0.946522 0.919145 1.024189 0.943326 0.861765 
1.016356 1.241061 0.859936 1.203227 1.256485 1.208474 0.886189 0.809938 0.907690 1.245669 1.237499 0.948222 1.063263 1.178272 0.936222 0.858397 1.087270 1.211255 1.031351 1.224235 0.862876 0.869741 1.163470 1.242929 1.128481 1.010910 1.121038 0.795834 1.015985 0.986882 1.109130 1.228810 1.029860 0.805714 0.834756 0.892261 0.965822 1.075296 1.057814 0.950418 1.101718 0.913421 1.056634 1.024189 1.047880 0.961293 1.078443 0.807701 0.859496 0.982935 1.059469 0.911202 0.799893 0.921420 
0.835092 1.138070 0.814309 1.242841 1.024906 1.207437 1.226495 1.096376 1.166198 1.245669 1.034150 1.146775 0.917081 1.198836 1.120179 1.235464 1.039280 1.150234 0.992682 1.018096 1.228165 0.858651 1.067218 1.257124 1.201546 0.923385 1.077222 0.795834 0.954527 0.919635 1.014013 1.188710 1.046924 1.081102 0.856659 1.001694 0.967327 1.072401 0.824532 1.031408 0.850064 0.939382 1.070314 1.004397 0.980708 0.964507 1.178659 0.807369 0.825765 1.062136 0.875788 0.906424 1.227925 1.172594 1.134282 0.944515 0.862401 0.919185 0.912060 1.092866 1.029182 1.021799 0.898934 1.040075 1.086867 0.844418 1.074532 
0.915600 0.844310 0.827025 0.896793 0.910260 1.233980 1.047988 0.912786 1.044288 1.246830 0.908507 1.104976 1.100489 0.835978 0.855697 0.994284 1.216096 1.179413 1.031870 1.127688 1.018623 0.859867 1.130032 1.223507 1.083916 1.088076 1.064484 0.807835 0.954884 1.172020 1.066810 1.146638 1.143625 0.996814 1.111215 0.948317 0.967327 1.081833 1.201292 1.225094 0.800261 0.961837 1.031876 1.086301 0.805658 0.975576 1.093229 1.182260 0.825765 1.027529 1.068566 0.798817 1.169798 1.257324 0.884027 1.158934 1.021134 1.056263 
0.949373 0.868708 0.841801 1.251515 1.054985 1.141485 0.933851 0.963010 0.796733 1.246830 1.190384 1.198531 0.874671 0.835116 1.039370 1.071048 0.950293 0.962081 0.816754 0.994246 1.047983 0.949657 0.981025 1.227824 1.111062 1.228520 1.253873 0.821917 0.974527 1.053320 1.061372 1.106313 1.014096 0.983648 1.067636 0.902258 1.160983 1.005441 0.992917 1.059707 0.803451 0.993588 0.976183 1.198196 0.908036 0.866219 0.976131 0.905750 0.923204 1.032635 0.997142 0.913389 1.053100 1.035564 0.892564 0.882730 0.889872 0.962464 
0.916500 1.194278 0.848859 0.857424 1.228541 0.878299 1.010062 0.960431 0.911657 1.254146 0.938697 1.243772 0.909280 0.819229 1.055064 0.955742 1.100621 1.005013 1.227801 0.976915 1.028040 0.901244 0.954407 1.256845 0.866944 1.247931 0.960476 0.807118 0.974527 1.195065 1.110440 1.136856 1.201953 0.916193 1.085717 1.052880 1.048626 0.995686 1.094769 1.084435 1.258874 1.251917 1.131779 1.067525 1.253790 1.256926 0.981322 1.141738 1.095618 0.949288 
0.886131 1.182081 0.826754 1.212665 0.801974 0.897642 1.030392 1.086668 1.134207 1.238948 1.069726 1.127510 1.019764 0.878030 1.146399 1.073578 0.888453 0.990357 0.878178 0.891051 0.979887 0.836618 0.962305 1.256845 1.171741 1.208795 0.953095 1.110308 0.952072 1.237485 0.857258 1.214486 1.147012 1.027106 1.085717 1.231541 1.029129 0.898066 1.205450 1.056986 1.219917 1.058815 1.186927 0.971333 0.809874 0.807037 0.845479 0.892435 1.111144 1.054247 0.886610 
