-54.033796 -51.652213 -73.398529 -57.595529 -71.177622 -47.112171 -61.610473 -66.443998 -39.208895 -56.744636 -49.916093 -57.148188 -64.487090 -50.662248 -49.210688 -53.713572 -49.926365 -53.571999 -57.691409 -46.547783 -61.242938 -55.792161 -47.924753 -58.815944 -48.580136 -63.148548 -55.545615 -53.172302 -56.250481 -55.164094 -54.327587 -50.106223 -63.783280 -70.942569 -38.220613 -56.443100 -75.634747 -50.138880 -38.594811 -50.377917 -58.816998 -58.455511 -47.301009 -51.522546 -59.980625 -60.638647 
-68.570952 -36.682333 -73.398529 -57.595529 -71.177622 -56.926664 -61.714703 -66.443998 -57.451583 -51.441646 -52.776643 -57.148188 -65.191462 -51.157332 -52.101318 -53.575196 -53.298439 -53.527916 -57.691409 -61.345946 -54.188116 -57.032789 -65.888668 -51.384703 -58.036789 -63.148548 -55.545615 -66.841416 -56.274671 -55.164094 -50.910640 -70.942569 -55.465359 -74.836259 -57.002351 -39.063165 -48.487124 -50.746554 -52.890436 -61.411683 -50.118785 -64.259373 -57.815979 -57.434168 -61.650845 -47.372566 -52.031503 -53.777053 
-62.140417 -48.422290 -73.398529 -51.393857 -71.177622 -58.259997 -47.764370 -42.206268 -57.815979 -35.753490 -49.740111 -57.148188 -65.191462 -61.283056 -52.101318 -53.575196 -53.298439 -53.527916 -58.092508 -64.091247 -54.188116 -57.453283 -75.504295 -39.268691 -40.688033 -63.148548 -52.834624 -38.899150 -56.274671 -68.174778 -69.306027 -70.942569 -53.314138 -54.261532 -53.377976 -39.063165 -48.862713 -50.879052 -60.533371 -68.736169 -68.090119 -48.910085 -42.136304 -58.816985 -52.428048 -57.386095 -53.750850 
-62.331676 -60.435321 -73.398529 -60.479989 -71.177622 -69.045845 -50.352906 -51.068784 -57.943206 -51.177259 -51.707449 -56.500900 -65.191462 -55.387613 -53.186973 -53.575196 -53.041791 -54.675722 -58.574318 -64.657563 -54.188116 -57.772387 -72.683597 -39.119854 -49.762392 -63.340010 -59.090518 -38.938352 -56.274671 -75.839548 -43.240765 -70.466604 -70.994391 -62.526733 -63.870046 -59.276792 -62.500502 -69.109434 -58.890620 -51.684436 -68.016688 -47.466637 -53.660882 -69.031712 -69.384779 
-57.170624 -48.357407 -73.398529 -63.515684 -70.089854 -73.245865 -48.782388 -62.137896 -57.943206 -51.913760 -51.149468 -53.603890 -65.191462 -48.492442 -52.451875 -53.575196 -53.041791 -53.115799 -58.574318 -50.030152 -55.609539 -57.408340 -54.166199 -39.345649 -54.051749 -52.770285 -62.522735 -39.351085 -57.423055 -69.418974 -68.843482 -63.639366 -59.760294 -56.268163 -52.451405 -62.440669 -56.074977 -68.377926 -57.641580 -56.225372 -68.140072 -50.671474 -68.724072 -69.031712 -69.166146 -46.332481 -51.460632 -59.047507 -56.202588 -56.849226 
-62.816911 -53.778240 -51.348059 -53.742180 -70.728395 -73.371053 -55.689815 -61.323159 -58.614016 -54.885968 -56.777650 -69.168534 -65.191462 -41.265128 -55.344010 -62.826047 -53.041791 -61.233789 -58.388478 -72.253798 -55.188294 -56.305133 -51.681240 -38.484942 -54.957828 -52.700234 -62.445918 -37.696912 -53.549271 -68.623716 -69.567515 -63.612910 -56.202588 -68.857917 -53.356089 -52.393740 -58.782454 -69.745981 
-37.968929 -47.914884 -52.989347 -38.284936 -70.254820 -73.371053 -70.219521 -45.531639 -58.235324 -55.437456 -57.241275 -47.589228 -65.191462 -71.868645 -53.356089 -61.901264 -53.128607 -62.780390 -58.388478 -71.600523 -55.570244 -56.388761 -57.127088 -59.543016 -52.581644 -52.700234 -57.395058 -37.994753 -53.775691 -68.245330 -63.812054 -63.299570 -46.793359 -52.010512 -57.372347 -59.536852 -61.935034 -61.661579 -40.194692 -70.495287 -50.979487 
-49.089172 -53.664011 -53.144268 -56.819916 -67.995306 -74.509755 -57.786943 -60.058605 -58.235324 -55.437456 -59.268089 -59.110796 -66.450322 -58.809430 -53.097092 -60.365607 -54.142143 -61.646832 -58.388478 -57.346130 -55.570244 -57.013400 -67.665257 -70.495287 -37.604037 -52.584139 -49.399714 -61.689921 -52.962420 -61.881424 -36.746339 -63.299570 -48.081049 -46.776254 -58.655539 -70.264452 -62.588142 -58.783044 -63.118544 -67.725933 -37.895707 -57.787892 -57.142602 -58.701887 -38.370581 -47.670764 -52.051064 -75.068639 -46.416171 -64.545503 -60.076583 
-52.824443 -50.044000 -52.116277 -55.871811 -68.257078 -74.509755 -47.993276 -58.991023 -58.235324 -55.198144 -60.708979 -54.497841 -66.318518 -61.438885 -56.781769 -60.551624 -68.934148 -39.166308 -58.388478 -57.522819 -55.570244 -58.393624 -70.352648 -70.750780 -62.082982 -52.566348 -58.638734 -46.790067 -53.498351 -60.596738 -60.058532 -63.299570 -53.572022 -67.902404 -51.330461 -49.791137 -62.042732 -57.013424 -65.326747 -35.017234 -49.328774 -50.112635 -58.346181 -58.046462 -51.197479 -48.996729 -54.962127 -61.670884 
-51.498147 -60.627530 -51.070079 -54.729675 -58.267217 -74.509755 -51.779548 -47.399383 -58.222713 -55.198144 -59.834718 -68.084758 -66.318518 -50.455938 -57.043435 -38.805024 -69.405804 -39.067296 -58.388478 -56.976088 -55.124480 -36.160279 -65.919300 -59.478141 -70.843634 -52.566348 -62.424464 -60.064405 -53.498351 -51.485708 -60.035486 -63.299570 -62.854955 -56.226886 -47.500056 -58.596641 -61.417342 -52.702265 -71.238870 -46.678909 -47.837381 
-51.498147 -52.209925 -52.489444 -53.704921 -40.605196 -73.738377 -50.863402 -63.836388 -58.428129 -55.198144 -56.975231 -45.886853 -66.318518 -47.475355 -56.405417 -38.805024 -61.995112 -39.013368 -58.388478 -56.642854 -55.124480 -58.519803 -66.159466 -46.362541 -71.223020 -53.140360 -61.113026 -70.355167 -53.582709 -49.296385 -68.755021 -63.592583 -48.301075 -58.175424 
-50.766262 -53.130153 -68.080284 -54.198527 -60.372651 -73.633716 -61.727239 -61.665812 -56.817519 -55.058449 -57.280254 -49.168264 -65.532244 -62.838222 -55.966707 -38.805024 -69.306632 -39.271557 -58.610609 -59.538862 -55.124480 -56.083900 -68.321423 -54.485372 -71.223020 -53.140360 -62.687654 -60.848829 -66.088262 -56.929184 -56.005217 -63.592583 -48.917006 -69.213712 -53.992964 -69.352846 -59.874842 -57.581284 -54.302103 
-50.880101 -55.433125 -50.827079 -63.335268 -59.257282 -72.088702 -70.451177 -50.982161 -58.396110 -55.058449 -58.790285 -44.941479 -64.437797 -56.426118 -66.364268 -39.113214 -56.118317 -39.271557 -58.890207 -66.422222 -55.124480 -56.015812 -66.042873 -62.422934 -71.223020 -52.436041 -54.270673 -61.962706 -41.953239 -68.575246 -56.020740 -64.897862 -65.428545 -62.729857 -39.563984 -69.196881 -65.612768 -37.856003 -52.890655 -62.159111 -62.794174 
-68.775823 -59.920250 -51.193219 -63.335268 -54.551806 -73.028532 -70.363032 -62.524439 -44.776739 -55.109870 -59.854255 -51.526338 -66.393847 -57.026260 -51.761060 -69.247082 -50.306023 -39.704679 -58.890207 -59.238169 -55.124480 -54.762115 -65.901580 -52.684899 -70.645905 -55.333652 -55.083751 -69.102874 -60.497657 -58.599810 -61.366898 -69.035798 -70.154590 -60.126069 -56.773423 -54.891600 -64.046237 -35.935224 -50.557089 -61.562999 -51.985224 -62.859495 -41.154533 -52.742741 -40.257464 -38.318266 -52.612424 -53.374676 -59.728996 -67.758003 -62.485881 -68.548031 -58.070696 -52.381702 -47.427519 
-68.775823 -53.227345 -41.903086 -63.682456 -54.551806 -73.028532 -65.000768 -54.142384 -53.357087 -55.739111 -52.162848 -54.709400 -65.925088 -72.076726 -50.928199 -55.961901 -54.664035 -40.115741 -58.734318 -52.550863 -55.124480 -53.770714 -61.202263 -56.398145 -70.366278 -58.586339 -51.564750 -52.300332 -51.909208 -57.767384 -61.150648 -53.405717 -63.350987 -52.149370 -55.158904 -61.379053 -57.906917 -37.097119 -51.044161 -61.124493 -53.540059 -60.673215 -66.845136 -61.420495 -70.418695 -69.382212 -53.975759 -42.337093 -58.300922 -57.543245 -70.220381 -47.737600 
-68.775823 -47.991431 -53.153752 -63.758207 -53.513192 -73.183136 -59.919602 -52.671116 -69.126280 -55.739111 -50.866506 -60.766439 -65.925088 -70.694003 -54.085757 -57.356950 -54.664035 -39.533223 -58.734318 -62.283325 -55.124480 -58.289897 -57.567832 -54.877457 -70.366278 -55.819814 -60.646459 -50.202485 -53.002182 -57.542043 -51.469969 -65.192402 -63.443304 -53.801467 -48.161682 -64.658658 -62.160630 -35.807321 -48.898115 -57.543245 -58.220454 -52.079586 -57.349825 -51.968820 -48.314114 -57.450226 -61.357146 -68.534497 -39.245875 -58.584813 
-58.831375 -69.541612 -46.116345 -63.706645 -67.827484 -73.183136 -69.227035 -51.491873 -67.884704 -55.399724 -57.799744 -53.564386 -65.925088 -71.024998 -53.579766 -56.131786 -53.599279 -56.230409 -57.613695 -48.542149 -55.010612 -57.376439 -60.801542 -65.125126 -70.366278 -61.778266 -55.909373 -49.503164 -55.046739 -57.542043 -58.263143 -61.947312 -61.465656 -53.540342 -55.259314 -51.434353 -55.368733 -62.384461 -60.844115 -57.543245 -61.439961 
-55.542821 -63.083599 -51.266895 -64.078848 -68.252615 -73.061148 -48.571850 -52.013880 -55.497282 -60.070405 -58.012492 -51.430510 -65.925088 -71.874127 -59.769726 -67.738654 -61.451649 -57.543245 -58.123245 -56.949086 -49.889456 -54.329048 -52.699019 -49.356375 -70.272338 -60.893716 -54.982054 -50.627714 -62.876088 -49.463416 -44.863479 -49.456018 -56.483328 -56.293533 -46.118140 -56.269459 -57.604324 -69.839608 -48.943079 -51.291526 -68.899615 -51.251815 
-54.740512 -50.237181 -70.324049 -60.254626 -67.773123 -73.061148 -52.394613 -49.150992 -55.497282 -49.967004 -63.707761 -53.905565 -64.037764 -71.124041 -62.940540 -57.756633 -59.163459 -60.679378 -48.566127 -47.424875 -55.284298 -54.276936 -55.636646 -57.538844 -70.107621 -61.199106 -58.920738 -58.002117 -58.301305 -47.662251 -44.863479 -55.817989 -67.171710 -56.293533 -46.921412 -58.151390 -62.547362 -62.466279 -68.485932 -51.655877 -67.653211 -56.865415 -54.333255 -64.614403 -53.960130 -52.004583 -51.968502 -57.089924 -68.723002 
-54.884674 -53.841084 -56.549166 -61.281873 -55.849452 -73.061148 -59.317446 -50.011156 -60.623678 -47.988839 -60.876846 -53.905565 -66.023519 -71.836098 -64.095522 -64.794154 -57.089924 -58.623029 -54.750042 -68.783996 -52.490186 -67.291577 -55.140103 -72.744800 -70.107621 -52.548930 -66.901925 -66.423977 -52.444019 -44.966755 -57.802347 -53.067158 -55.152722 -56.293533 -47.628491 -50.858867 -61.495619 -64.605641 -45.471652 -69.337239 -70.003598 -66.267495 -67.078005 -65.893487 
-54.601627 -53.841084 -61.434721 -57.712269 -56.502002 -72.653347 -64.269086 -59.814207 -47.351220 -48.212001 -66.775746 -64.980085 -65.015849 -68.399976 -53.237199 -47.108491 -56.830817 -58.067762 -60.167796 -50.056746 -52.648448 -60.906815 -55.613458 -70.224335 -70.107621 -50.033344 -67.111739 -50.855332 -71.799292 -65.488996 -57.802347 -54.851389 -53.032708 -56.293533 -62.856035 -66.264825 -61.885611 -55.491851 -62.164435 -68.700857 
-54.493557 -48.531470 -61.893960 -55.175734 -57.003254 -72.653347 -47.659131 -51.276935 -47.558200 -68.494454 -52.072492 -51.250264 -65.252899 -53.659004 -63.238685 -56.739657 -56.830817 -58.067762 -67.309376 -59.261366 -53.307152 -57.553576 -56.223375 -50.446888 -70.420347 -53.195248 -63.487514 -48.641973 -71.799292 -63.987005 -57.802347 -55.349447 -62.825763 -56.293533 -60.522932 -64.065828 -60.631116 -54.124284 -60.338191 -67.769260 -68.137951 -52.920335 -57.786687 -64.631568 -48.233667 -62.772501 -67.140503 -48.456876 -52.671775 -47.231898 
-66.708111 -53.786676 -66.106975 -61.638238 -55.482427 -48.564133 -60.322121 -46.311434 -53.613499 -67.704060 -63.194890 -65.527191 -63.140821 -66.925363 -64.702448 -48.718027 -55.058382 -56.293533 -73.611859 -69.963087 -54.627042 -57.166961 -55.553310 -54.794386 -57.012170 -54.745874 -62.974816 -44.693807 -71.799292 -64.322573 -57.802347 -51.070344 -49.097259 -57.177801 
-54.662161 -68.004812 -44.309655 -50.167335 -50.841136 -73.008707 -70.320624 -57.014824 -52.763406 -58.690862 -63.955283 -60.398519 -63.140821 -63.984999 -47.065185 -57.223210 -50.029866 -56.906797 -73.611859 -70.107222 -55.088596 -61.853095 -55.825172 -41.211269 -53.364928 -59.942152 -68.962284 -49.480436 -54.143570 -46.750746 -52.395714 -69.482322 -58.919422 -58.577546 -57.837550 -60.877872 
-54.662161 -67.820651 -59.791654 -38.830745 -66.295817 -66.939550 -70.074329 -57.014824 -52.079627 -57.601829 -63.955283 -60.398519 -63.105716 -63.688205 -67.599324 -55.627748 -51.547683 -56.490316 -73.611859 -52.752076 -55.088596 -61.302117 -54.720414 -40.087845 -49.271019 -47.187738 -50.722249 -52.586038 -53.628752 -52.215413 -70.234174 -47.469939 -50.646371 -56.960070 -68.484233 -48.904119 -60.893874 -61.079301 -49.832330 -58.725542 -63.162970 -69.668576 
-55.104401 -53.973445 -57.788151 -56.961448 -46.962455 -67.916412 -70.165080 -57.036908 -51.559849 -54.783292 -57.240959 -57.202494 -64.259489 -63.042530 -69.050045 -62.907599 -52.159309 -56.490316 -73.611859 -68.802551 -73.108420 -63.588943 -52.447227 -40.614043 -51.810086 -56.714739 -53.307856 -75.716336 -68.004269 -54.156087 -70.234174 -53.882854 -46.022001 -56.960070 -61.467338 -39.191274 -46.155478 -37.885925 -64.328131 -50.194770 -46.555104 
-54.705902 -54.673981 -66.832217 -48.155700 -74.304562 -35.809579 -69.716622 -64.328131 -49.522655 -55.739822 -58.795771 -56.848849 -64.263390 -64.801458 -67.925318 -57.858496 -58.230418 -56.490316 -50.269489 -70.341381 -51.602219 -51.489176 -75.464774 -41.287602 -60.894150 -67.084824 -62.214314 -60.878131 -48.579616 -59.390407 -57.530446 -35.440900 -58.718430 -56.960070 -60.471383 -67.822820 -64.752974 -37.013162 -41.101839 -55.055064 -43.582713 
-54.104286 -55.856320 -53.043034 -53.038049 -74.304562 -46.111368 -69.987679 -64.328131 -51.796433 -56.028939 -58.795771 -56.215866 -64.263390 -64.460193 -56.026324 -59.539295 -57.710520 -56.343821 -60.307996 -69.907875 -67.567891 -49.418307 -51.249728 -52.290130 -50.509715 -46.378880 -46.289592 -54.898199 -40.679197 -47.418758 -57.988523 -63.371338 -62.064642 -56.930139 -64.001659 -61.868616 -60.250783 -56.633278 -50.925470 -65.364562 -59.590551 -57.448555 -60.078127 -59.041284 -52.270143 -66.025803 -59.208852 -65.657443 
-48.987773 -55.167531 -57.513554 -51.265901 -73.616329 -46.594926 -69.987679 -64.570443 -61.731718 -56.305588 -58.795771 -58.093781 -65.975081 -64.417708 -57.798695 -48.388407 -57.002349 -56.343821 -64.213208 -70.661373 -67.810606 -54.981454 -48.370913 -64.879089 -53.748775 -66.050889 -54.136750 -47.378494 -40.658432 -65.607152 -57.832933 -52.903289 -58.379475 -56.930139 -61.749563 -57.500706 -58.788900 -51.301810 -54.590859 -65.136724 -58.504593 -50.669969 -62.464497 -61.037143 -54.405812 -66.921404 -55.107567 -41.429518 -60.010422 -54.659710 -54.394168 -69.607437 
-54.050104 -55.019491 -56.444317 -50.406274 -73.581966 -66.222567 -69.987679 -59.434001 -61.179398 -57.087252 -58.795771 -58.093781 -65.944741 -64.281401 -53.967556 -52.338539 -53.987596 -56.343821 -61.851050 -47.315665 -52.269055 -55.265157 -54.555535 -68.606734 -72.750672 -35.953686 -66.865433 -50.023028 -40.397637 -61.668857 -69.892205 -69.732552 -61.968039 -56.930139 -59.781372 -57.869868 -67.255715 -58.204108 -62.395057 -63.298011 -52.470630 -37.315252 -60.971776 -67.230559 
-72.927211 -55.404100 -56.677972 -52.155709 -73.581966 -48.820778 -70.579975 -67.621552 -57.239994 -56.893086 -58.827217 -55.611250 -65.944741 -64.281401 -59.710304 -58.693414 -55.527398 -56.343821 -51.969040 -60.052865 -55.428335 -55.195369 -54.848387 -53.000126 -42.796867 -35.797210 -68.546070 -36.773271 -41.313010 -69.203447 -68.915722 -59.856929 -59.431661 -56.930139 -46.754125 -57.805544 -48.141306 -65.312463 -52.200537 -66.444728 -58.281774 
-69.880543 -54.793092 -50.798393 -40.993441 -74.755220 -41.766487 -70.579975 -47.635504 -61.062191 -56.893086 -58.827217 -59.988489 -65.876990 -64.289427 -46.608608 -63.852776 -53.932253 -56.343821 -51.971591 -52.509877 -52.897208 -57.621415 -54.848387 -50.052672 -54.450411 -36.794417 -52.192954 -65.896945 -51.659144 -66.633658 -62.236759 -52.433124 -37.872794 -56.930139 -59.880873 -67.857102 -52.030533 -63.055546 -69.611841 -56.155702 -61.400523 -58.171479 -54.272449 
-57.411356 -53.302495 -49.655347 -62.351193 -74.755220 -68.760187 -70.460965 -48.348858 -64.045157 -56.893086 -58.827217 -51.109017 -66.337480 -63.767895 -61.637831 -64.054705 -58.799921 -56.343821 -60.957815 -56.609487 -52.556860 -59.576206 -68.853671 -51.026855 -53.998173 -35.309894 -67.801892 -53.214067 -50.937911 -50.609520 -55.512642 -59.057866 -38.090070 -56.930139 -66.177592 -67.235740 -57.958847 -39.219909 -48.120479 -66.552569 -52.117419 -46.940269 -60.468801 -64.963913 -56.099661 -50.955732 
-57.296689 -54.306323 -57.287406 -49.070071 -57.697192 -67.609752 -70.460965 -40.057986 -72.953612 -56.893086 -58.827217 -54.186456 -66.337480 -64.004374 -52.569755 -64.300656 -39.403609 -56.343821 -59.008891 -56.087581 -60.204401 -51.083560 -69.692923 -48.475088 -54.274083 -49.059222 -61.388854 -52.258378 -50.937911 -56.398902 -54.052179 -66.417127 -56.099661 -56.930139 -68.488271 -69.609930 -49.538900 -69.078037 -55.768307 -53.668295 -68.099486 -36.776087 -51.118494 -75.604534 -68.480346 -62.658375 -53.934159 -55.567289 -67.499994 -61.671430 -70.836298 -66.353320 -59.447199 -62.394061 
-57.372982 -53.564490 -52.669164 -52.355367 -65.605580 -59.700595 -70.460965 -50.357175 -74.622712 -56.893086 -56.547908 -59.011656 -66.392224 -64.004374 -60.661495 -52.545325 -39.141452 -56.343821 -70.282096 -56.274655 -57.425208 -47.764830 -61.154223 -69.688437 -54.274482 -52.476700 -65.591665 -54.399288 -50.997312 -38.866977 -67.001067 -68.222025 -54.955140 -56.930139 -68.648141 -58.001111 -60.112082 -56.324337 -57.938981 -47.426384 -67.661045 -35.531471 -50.750595 -68.980826 -57.595966 -47.822692 -39.447593 -56.740965 -48.695697 
-59.142374 -53.626168 -52.989964 -55.874680 -66.325918 -53.283669 -69.971367 -48.379288 -74.370166 -56.893086 -56.547908 -39.215998 -66.392224 -64.235946 -56.351454 -54.252370 -39.141452 -56.343821 -69.067881 -58.624531 -53.868363 -65.576084 -61.007598 -69.188107 -54.213216 -35.531471 -61.438216 -55.166346 -39.611889 -52.695936 -72.120768 -53.063912 -56.087180 -56.930139 -50.295726 -53.780750 -70.977203 -36.957595 -55.108425 -62.477719 -51.076071 -54.320361 -36.855565 -50.638043 -67.734458 -66.058361 -48.814489 -47.582990 -60.573656 -39.078780 -39.161325 
-47.787010 -58.936907 -52.965654 -49.939745 -66.148311 -52.762087 -69.971367 -75.685852 -73.761857 -56.893086 -56.547908 -58.826302 -66.193129 -64.821493 -67.502872 -53.242369 -39.141452 -56.343821 -55.627567 -51.889802 -51.076473 -57.080964 -61.007598 -69.057023 -54.213216 -36.379530 -39.932924 -39.752204 -40.352153 -53.334608 -72.568121 -54.495700 -51.248207 -67.728498 -39.233843 -61.231890 -68.935809 -65.737291 -54.689619 -47.284384 -58.585816 -53.416749 -46.617661 -52.853995 -58.801024 -47.322853 -54.961336 -47.179681 -61.609371 -54.521230 -59.627217 -48.390220 -54.567582 -62.831112 -60.189872 -36.216303 
-42.628090 -39.335479 -57.331402 -52.718319 -66.148311 -46.001631 -69.971367 -65.637411 -73.761857 -56.893086 -56.547908 -56.902133 -66.193129 -64.821493 -59.892348 -51.652050 -68.745822 -56.343821 -52.260262 -62.955892 -49.322006 -47.791941 -54.973764 -68.157049 -54.213216 -57.433072 -54.621634 -56.208948 -41.116445 -49.729187 -69.750128 -56.674186 -67.142996 -56.991480 -56.871518 -55.617199 -36.189225 -41.893607 -75.716845 -61.685483 -51.658992 -55.044431 -51.307385 -56.510608 -62.033915 -48.604405 -65.753518 -69.724944 -51.403725 -68.749316 -68.380997 -66.481895 -58.859188 
-50.373103 -69.083197 -46.414633 -59.432092 -65.655061 -48.194342 -70.255562 -57.397666 -74.175554 -56.893086 -56.547908 -54.052175 -66.193129 -64.821493 -59.892348 -46.690016 -57.169174 -55.639668 -51.604573 -60.649973 -69.491277 -57.569442 -57.561573 -64.390735 -66.440731 -49.559093 -50.685457 -55.061070 -40.728185 -49.557755 -66.800503 -58.565937 -67.682300 -53.223476 -67.682776 -40.317315 -36.671814 -56.634986 -60.467257 -59.925855 -51.513804 -55.227294 -58.522715 -56.510608 -53.386235 -51.408505 -67.805960 -70.156803 -62.045088 -49.489917 -67.156529 -56.279591 
-61.190451 -48.680919 -66.172525 -55.237125 -72.739273 -49.880510 -70.178803 -48.515783 -74.175554 -56.893086 -56.547908 -54.052175 -66.193129 -63.011693 -60.240245 -49.487158 -56.817242 -55.649584 -53.086815 -60.320350 -66.535026 -52.928298 -58.466145 -69.365382 -59.260347 -54.296426 -46.238108 -53.713075 -56.082564 -49.867002 -62.736599 -60.986532 -47.857881 -59.429365 -53.210340 -42.063865 -38.799122 -68.237995 -38.986933 -52.945948 -59.150726 -55.158124 -51.284026 -56.718438 -58.944393 -47.392368 -53.000547 -70.738732 -60.060025 -48.257656 -72.713144 -62.127730 -52.874999 -45.996602 -57.547181 -68.405928 -55.300484 -50.661096 -66.785964 -65.407285 -65.895457 
-56.085267 -51.233816 -68.131952 -48.143118 -49.794885 -40.156742 -70.806969 -38.307475 -74.175554 -56.893086 -56.701662 -56.095228 -66.193129 -63.011693 -59.583467 -49.241819 -56.817242 -55.649584 -55.442129 -58.565313 -67.219086 -62.325363 -58.577025 -65.517618 -59.158238 -69.953562 -44.166549 -55.469427 -52.560418 -48.357323 -66.229342 -60.910573 -38.220846 -50.433940 -54.913517 -60.347693 -35.662161 -54.523991 -39.545691 -74.359488 -55.557333 -59.996355 -47.821870 -56.718438 -49.401487 -57.150291 -53.135469 -59.818610 -62.525871 -68.686284 -67.503763 -48.108067 -63.532824 -66.970860 -59.113054 -46.326960 
-59.457136 -62.289478 -35.539430 -52.871443 -52.005606 -55.858332 -70.806969 -49.836500 -73.818479 -56.893086 -56.701662 -75.128664 -66.541778 -64.128692 -59.688812 -62.299860 -57.585708 -54.770190 -58.881246 -53.950157 -47.352025 -61.408367 -57.972675 -50.318545 -58.440440 -69.865497 -39.400493 -70.620523 -47.596325 -56.187863 -66.478782 -67.336834 -68.440672 -47.859149 -54.129169 -47.838941 -45.974403 -58.583461 -56.141378 -54.702732 -53.807110 -49.795259 -67.279643 -67.543615 -62.310455 -47.136146 -49.490127 -68.962090 
-59.231951 -37.152606 -35.477333 -52.871443 -70.355572 -52.917135 -53.385116 -58.793726 -73.818479 -56.893086 -56.701662 -68.702989 -66.964238 -63.286779 -59.301068 -60.230952 -66.816990 -54.905208 -67.348449 -54.023469 -45.586429 -53.181013 -58.539552 -49.505567 -57.936105 -70.852164 -59.353590 -65.870858 -68.658981 -56.187863 -41.604590 -61.561201 -61.010782 -45.991363 -54.129169 -50.901624 -50.993365 -52.872702 -59.432300 -62.733553 -58.550137 -49.866397 -60.787613 -67.102243 -55.074873 -49.702522 -67.666006 -55.207724 -51.099372 
-53.156947 -74.961347 -35.477333 -69.322629 -48.901332 -53.339386 -59.969473 -38.933356 -73.980958 -56.820921 -56.701662 -65.500903 -70.611483 -64.610411 -57.767363 -65.637890 -59.857124 -54.205456 -67.880319 -54.023469 -51.537458 -69.764449 -58.313713 -53.478618 -62.738011 -60.729761 -49.668207 -65.164093 -64.100891 -56.187863 -47.524068 -63.418476 -47.415415 -65.754107 -54.129169 -48.133448 -49.526487 -54.683382 -60.242993 -36.987634 -52.345979 -63.698204 -69.135689 -46.042563 -49.905855 -52.488908 -57.246705 -52.566441 -63.710394 -67.707157 -55.382244 
-68.964849 -49.048106 -36.465904 -62.866012 -64.925840 -54.857901 -60.185008 -56.579848 -73.980958 -56.820921 -48.227373 -50.755487 -70.608101 -65.057213 -55.830885 -65.637890 -58.582642 -49.718308 -66.495800 -54.023469 -50.436777 -62.839724 -40.777863 -53.776603 -66.546574 -53.804015 -56.968008 -65.374363 -71.013262 -56.187863 -66.876469 -65.788980 -66.899112 -53.129546 -54.129169 -49.999763 -57.859205 -52.507196 -61.215093 -36.987634 -47.737043 -62.257104 -52.160900 
-60.642233 -49.048106 -40.928539 -44.094078 -65.094205 -55.269700 -61.559355 -57.443425 -74.119062 -56.951808 -57.399865 -61.641458 -51.817312 -65.218830 -70.588885 -65.478831 -38.650457 -57.843611 -59.913571 -53.721435 -53.566458 -67.612732 -65.731392 -55.203109 -52.987905 -54.275158 -58.452588 -68.617162 -71.456345 -56.360685 -49.432921 -64.502562 -65.231166 -60.059339 -54.889652 -47.527861 -59.729137 -66.439935 -50.339545 -57.889231 -59.423646 -46.814427 -67.501330 -69.446381 -47.545495 -69.010735 -68.063561 
-54.738835 -55.354680 -40.548231 -63.827710 -63.994291 -69.135584 -60.795999 -60.439685 -74.119062 -56.951808 -54.225677 -61.195788 -35.712489 -65.218830 -70.588885 -65.946965 -65.783718 -57.998238 -48.854947 -53.980502 -53.431794 -51.022730 -69.255223 -55.203109 -52.987905 -54.275158 -58.452588 -64.674927 -66.446824 -56.110503 -62.322624 -49.931439 -60.802231 -46.488724 -56.334865 -48.449314 -69.126420 -69.230071 -47.200253 -54.690184 -60.681805 -59.160567 -63.696599 -60.437053 -54.787948 -42.114958 -70.350205 -75.584457 -49.852649 
-66.819298 -67.623817 -52.308599 -54.352695 -41.584788 -70.151519 -60.141489 -59.099177 -74.664231 -45.856916 -54.225677 -61.898392 -66.883818 -64.574850 -55.633419 -65.946965 -59.630743 -57.998238 -70.579582 -53.318416 -53.431794 -54.033607 -54.094624 -58.204649 -63.386529 -40.589421 -57.238027 -52.578704 -60.591588 -56.110503 -41.547921 -59.455674 -64.912253 -50.991157 -47.871133 -49.258648 -55.252561 -46.235353 -51.363790 
-49.296830 -67.671490 -62.536959 -55.786347 -36.206036 -69.738106 -55.752775 -59.099177 -74.664231 -57.380571 -54.225677 -61.413051 -38.992508 -63.786893 -54.238311 -66.361200 -58.605428 -41.288531 -71.129172 -58.288668 -55.222165 -54.472626 -54.270820 -55.954699 -57.837325 -50.844016 -57.238027 -52.303933 -39.483473 -56.110503 -66.281215 -58.621954 -65.082647 -40.857256 -48.311531 -49.476895 -60.035605 -54.571433 -66.783121 -70.098707 -39.867170 -57.766152 -59.920810 
-48.948132 -58.100866 -56.110503 -66.798902 -37.151888 -72.739004 -56.703271 -65.008261 -73.307981 -49.182839 -55.526374 -60.671503 -59.591126 -68.335222 -54.238311 -66.178399 -56.100787 -51.941504 -70.583107 -59.129611 -55.182631 -58.685676 -48.640271 -53.118455 -53.654715 -63.897659 -57.238027 -53.069819 -56.528609 -61.110687 -37.865639 -53.770739 -49.023007 -57.694410 -50.631497 -55.380285 
-48.948132 -55.157410 -56.676038 -46.313988 -36.131192 -71.705142 -68.490968 -63.795026 -73.307981 -58.162912 -55.526374 -55.128634 -39.092494 -55.166522 -56.546045 -65.800810 -68.685193 -52.349577 -70.152890 -58.722606 -53.776392 -38.713250 -50.020107 -60.236272 -56.689453 -63.985351 -57.238027 -52.942787 -67.803541 -47.347442 -56.156858 -60.718867 -61.224530 -70.156471 -44.542800 -54.993802 -66.867591 -64.686655 -69.076845 -60.775659 -39.101105 
-50.709658 -59.426031 -56.676038 -59.210574 -49.565516 -71.800833 -60.120843 -65.250481 -74.438169 -70.470617 -55.880997 -52.541751 -38.321192 -54.159652 -64.955267 -65.878669 -57.052484 -51.849590 -35.861186 -58.722606 -69.229418 -51.380234 -62.253722 -59.669607 -55.253559 -64.992706 -57.238027 -58.590925 -47.483752 -51.264861 -60.444499 -42.723903 -59.980710 -46.764830 -45.838700 -51.129127 -54.065829 -57.385547 -65.891289 -61.391892 -47.783992 -54.979412 -42.924889 -57.274001 
-52.346799 -69.915708 -56.676038 -58.624388 -68.790890 -52.191816 -48.581587 -67.963803 -74.347286 -70.470617 -55.627633 -50.550457 -36.459020 -54.159652 -47.130758 -66.231946 -57.052484 -52.274707 -36.229184 -58.722606 -38.822891 -61.389695 -62.304381 -59.421416 -55.253559 -65.254289 -57.076677 -60.956393 -46.778753 -58.566336 -53.088272 -51.142188 -49.852021 -68.396689 -63.256277 -70.200856 -66.893063 -64.236581 -65.555731 -53.567412 -67.939852 -58.586236 -63.922227 -60.567238 -67.491255 -61.329268 -56.095510 -71.672347 -66.582357 -65.548935 -69.261554 -51.456573 -55.623507 -67.818680 
-53.002346 -47.473956 -56.676038 -65.285544 -46.424892 -50.962917 -61.502506 -53.432469 -73.710205 -70.499066 -69.698127 -50.613000 -36.896484 -54.159652 -61.858378 -58.835308 -57.052484 -39.157337 -36.229184 -58.340352 -63.458538 -64.041713 -67.345895 -49.815073 -54.303073 -64.610020 -57.076677 -59.828853 -66.365602 -49.931016 -58.900519 -64.237153 -38.284869 -69.758223 -45.496662 -58.421748 -53.766452 -65.548935 -64.846762 -46.597171 -45.979942 -57.351004 -51.112387 
-51.348644 -69.758223 -56.361509 -53.228532 -66.949679 -51.481490 -49.213199 -53.470850 -73.710205 -70.288177 -58.252129 -65.555936 -56.160485 -50.944697 -65.927974 -38.338238 -55.573505 -67.048105 -36.556532 -59.410793 -60.271923 -65.358832 -64.403639 -47.658320 -65.673587 -64.514537 -46.974107 -47.457041 -75.318137 -68.337315 -67.267859 -52.855717 -67.113386 -57.102098 -58.428814 -59.858229 -47.627756 -65.082384 -54.201153 -68.139544 -40.041498 -67.932719 -68.541565 -60.839147 -68.467973 -42.045702 -54.585494 -64.319134 -63.663695 -62.919218 
-59.898962 -70.141187 -55.559541 -53.639822 -66.489574 -57.360661 -40.390827 -53.585967 -74.778835 -70.288177 -37.971970 -56.487435 -58.197445 -66.792660 -69.153468 -39.416265 -54.595633 -64.668943 -36.006693 -59.410793 -58.602466 -54.539000 -51.694879 -49.311080 -58.351534 -52.401878 -55.810585 -59.517328 -63.581271 -42.591405 -67.663883 -50.879917 -60.667513 -57.102098 -58.873063 -46.025390 -37.437562 -53.800375 -57.330442 
-60.151051 -41.969690 -68.298511 -53.119067 -66.908753 -68.990418 -40.347317 -68.936581 -72.205586 -70.288177 -71.384946 -56.487435 -39.179722 -52.534200 -50.926644 -55.611181 -49.971357 -63.865830 -68.260470 -58.965581 -59.423718 -59.155559 -51.238478 -52.035102 -53.416832 -62.727413 -47.557644 -59.425756 -65.254851 -71.188267 -37.481604 -74.875789 -35.775035 -57.102098 -58.873063 -45.014815 
-60.151051 -46.650172 -36.186842 -54.055253 -67.527028 -52.984059 -66.141063 -68.936581 -73.096938 -58.810272 -58.458090 -56.487435 -39.549461 -67.507849 -55.761400 -52.200313 -52.187819 -63.554379 -37.472262 -58.965581 -60.511224 -48.751010 -52.163652 -52.208474 -55.654258 -59.051768 -60.521635 -62.380198 -66.644311 -71.660896 -62.165771 -74.875789 -52.493041 -57.102098 -64.332520 -46.570294 -51.250687 -45.620823 -62.924363 -53.149797 -75.022629 -58.586921 -48.368832 -47.021937 -67.920642 -43.963587 -39.890770 -69.315308 
-56.480297 -58.492972 -38.877835 -52.318246 -67.527028 -54.462888 -61.578118 -70.018852 -73.096938 -58.810272 -51.608173 -55.971995 -39.549461 -67.227371 -55.846575 -50.589786 -52.028590 -62.940055 -59.282073 -59.086619 -64.525161 -52.269155 -51.052298 -68.147694 -55.411473 -70.015686 -60.892450 -54.985442 -56.335441 -70.324230 -62.049562 -74.875789 -53.305775 -57.102098 -49.091559 -42.877986 -55.062591 -47.228208 -69.092462 -55.760358 -48.307711 -67.436248 -67.365122 -66.007146 -56.192514 -59.853914 -48.436169 -41.127897 -53.035676 -60.335372 
-60.980665 -57.612536 -56.184800 -42.621363 -67.309601 -54.035746 -59.996183 -56.569392 -73.096938 -58.534466 -66.436963 -55.161174 -62.627608 -54.930558 -69.032000 -57.101238 -52.744888 -62.878994 -57.899619 -58.747724 -52.855290 -71.149257 -50.688447 -60.029516 -54.822800 -47.703098 -62.749357 -54.487532 -50.523127 -47.587155 -40.304388 -74.875789 -54.973451 -57.354533 -74.793272 -47.950723 -42.214836 
-58.506854 -57.612536 -59.991184 -59.318372 -67.309601 -54.035746 -61.751433 -48.055109 -72.857620 -58.759939 -68.827796 -54.318937 -53.044924 -55.601750 -39.310007 -58.134895 -54.052717 -62.878994 -58.010347 -58.812190 -50.805611 -70.259451 -49.960497 -68.042878 -54.822800 -55.161442 -62.752784 -41.406797 -47.247635 -58.915459 -69.086531 -74.875789 -54.281054 -50.151107 -35.576378 -48.895736 -49.782083 -57.369921 -68.371848 -57.539120 -52.022154 -56.053253 -67.973174 -57.140389 -55.863890 -59.813754 -56.798254 -60.287732 -59.949928 -69.931424 -37.696511 
-55.477537 -57.138218 -57.173641 -61.381674 -67.309601 -54.601623 -51.248362 -69.774835 -54.171308 -58.759939 -61.474316 -70.004983 -53.044924 -58.837888 -69.422747 -68.348276 -52.340102 -63.125884 -73.875623 -58.812190 -63.008521 -60.518781 -53.176631 -56.787492 -54.298138 -58.485609 -40.572658 -39.986290 -53.238764 -41.105912 -48.338203 -74.875789 -54.281054 -52.860505 -62.173747 -48.666058 -39.176134 -61.276148 -42.026248 -61.436229 -54.919895 -47.880182 -48.292354 -68.718155 -56.379242 -49.836316 -46.943478 -62.482086 -65.926618 -59.279749 -61.841518 -43.891581 -62.981416 -62.857020 -63.466854 
-48.103923 -55.766800 -61.056754 -58.538379 -67.309601 -54.543691 -55.145785 -49.057291 -62.786901 -58.560907 -60.600737 -69.678516 -44.038611 -56.589577 -69.681563 -75.919318 -62.754032 -63.125884 -73.875623 -63.727347 -50.048928 -57.868463 -53.176631 -57.512852 -54.298138 -57.299218 -40.665451 -58.668593 -53.325757 -56.985192 -67.452263 -75.469512 -53.791406 -49.051505 -74.619840 -56.477221 -58.563808 -50.239766 -41.438442 -61.813545 -51.482886 -53.914123 -47.988477 -47.322964 -39.726744 -53.435210 -56.174948 -48.054986 -65.635018 
-58.828176 -57.044853 -68.083816 -60.065826 -67.309601 -54.439212 -60.875774 -49.906403 -55.873138 -58.560907 -62.738403 -69.678516 -68.972827 -56.589577 -70.214604 -42.166877 -39.911465 -63.125884 -73.875623 -53.749121 -48.475512 -53.679415 -53.176631 -63.035152 -55.507826 -50.504857 -36.327489 -52.691918 -53.325757 -47.990972 -64.384085 -59.408504 -55.255256 -50.491548 -57.099560 -60.036506 -57.508641 -57.737550 -64.322466 -57.666136 -60.967457 -53.914123 -56.973169 -48.645940 -67.852200 -61.520605 -55.417002 -56.515737 -36.758101 -68.673972 -66.630658 -61.850590 -56.706350 -48.296294 -68.939257 -59.572942 -51.366672 -68.044974 -61.073435 
-58.828176 -51.034785 -46.450369 -55.925261 -67.309601 -54.967426 -56.515737 -49.906403 -55.536946 -58.560907 -61.854732 -46.932360 -47.038104 -56.589577 -70.109292 -56.109883 -49.482950 -63.125884 -74.303300 -56.140608 -39.728612 -53.821480 -53.176631 -39.214055 -56.031954 -53.453687 -37.128510 -53.419698 -68.787899 -50.244652 -50.489992 -61.513399 -53.731627 -41.621404 -68.372737 -66.392048 -57.508641 -57.553468 -59.975068 -62.911990 -62.218825 -51.766785 -50.315714 -70.101664 -48.089728 -47.199875 -46.941069 -59.614828 -68.963896 -69.534505 -61.547009 -51.389749 -68.716240 -57.645957 -52.356135 
-57.936056 -50.577693 -61.607282 -55.925261 -67.309601 -53.224661 -56.814150 -49.974625 -58.271117 -58.560907 -48.687064 -47.937427 -42.803390 -56.589577 -70.109292 -52.571732 -61.387463 -63.234196 -74.709971 -52.800798 -65.615240 -53.599879 -52.345846 -38.364090 -56.672199 -68.001934 -36.152477 -59.432162 -53.323922 -68.157365 -59.722951 -60.681932 -55.571966 -61.690933 -41.063426 -59.411411 -57.508641 -43.049215 -48.118313 -63.011628 -61.067791 -52.872968 -70.391775 -53.713037 -52.209173 -50.752644 
-59.024609 -46.321270 -62.417266 -67.489585 -68.131877 -53.224661 -52.872968 -71.142119 -63.437766 -58.560907 -62.689195 -66.274271 -61.070700 -56.589577 -70.109292 -65.724529 -54.868664 -62.833012 -74.291949 -54.045504 -39.482875 -59.364132 -50.396440 -55.949793 -60.441659 -68.219642 -35.335505 -51.049049 -39.011962 -58.069214 -57.468223 -56.281902 -53.381474 -58.762910 
-59.053854 -60.609842 -62.417266 -67.994256 -68.313246 -57.253838 -52.841926 -64.595312 -67.302640 -57.516390 -49.972754 -41.621870 -59.283953 -56.068624 -70.109292 -62.896525 -47.765434 -56.981562 -73.157337 -55.767628 -60.196148 -56.263003 -48.787605 -56.455277 -60.857646 -60.569144 -59.821755 -58.594631 -39.351837 -58.240864 -48.605367 -40.898325 -53.381474 -54.161309 -53.180207 -72.912594 -56.097023 -61.092680 -49.942411 -43.037414 -59.376064 -54.201493 -53.630964 -64.573571 -69.084109 -51.788902 -60.929922 -60.450883 -54.572713 -59.010656 -42.387276 -65.152905 -59.010696 -68.364520 -35.407115 -47.858071 -64.106961 -61.018151 -70.145576 -45.433235 -52.933285 -44.246928 
-58.293604 -59.944915 -62.417266 -67.994256 -66.274986 -67.081938 -38.034431 -55.720883 -67.302640 -57.516390 -49.219616 -40.059298 -49.794982 -50.349353 -70.626603 -62.896525 -65.335977 -51.747135 -72.173418 -55.767628 -67.506053 -56.647461 -39.958128 -57.032949 -42.008256 -47.443169 -64.623624 -58.073278 -39.430031 -57.251178 -51.728455 -57.762277 -53.632123 -54.161309 -53.136734 -68.417896 -56.097023 -60.396078 -56.824709 -70.900701 -57.399129 -60.589511 -55.981885 -61.900067 -59.393023 -62.077210 -62.885214 
-50.606737 -61.327486 -57.715779 -68.718020 -55.308481 -66.581937 -38.034431 -57.246074 -69.165440 -68.267983 -54.161072 -39.181101 -53.586917 -61.853033 -70.177665 -63.091670 -52.865092 -54.039067 -72.734319 -55.365339 -62.384669 -47.274968 -49.599487 -56.850184 -63.240971 -58.753504 -62.784128 -58.463741 -39.430031 -73.433281 -50.972844 -58.542361 -53.632123 -43.541687 -53.136734 -57.874405 -54.772217 -54.759604 -57.533344 -70.869312 -56.426559 -45.008009 -49.396208 -62.059001 
-51.562657 -61.258988 -57.462366 -66.616271 -47.353305 -67.632339 -38.772081 -65.454136 -69.584700 -52.959500 -54.161072 -41.849865 -51.901301 -60.937787 -70.082071 -65.039683 -52.865092 -66.866540 -36.166659 -50.421567 -49.797905 -60.701314 -56.196413 -53.236488 -56.361388 -58.753504 -57.461569 -58.448071 -58.774840 -73.433281 -48.793208 -53.953484 -49.744401 -46.539707 -63.733497 -57.140778 -62.665455 -49.857916 -47.311296 -71.888768 -49.389686 -51.566762 -51.046939 -66.148664 -35.496916 -36.843371 
-65.935999 -60.904983 -57.462366 -65.625964 -41.167735 -66.919021 -38.772081 -51.814289 -47.676269 -52.651895 -55.304640 -70.720586 -52.736787 -45.981826 -70.082071 -50.863561 -55.634568 -44.539837 -37.183276 -62.392764 -59.235488 -46.148484 -66.034862 -48.242167 -57.732451 -57.184471 -57.021878 -52.269040 -64.987843 -73.433281 -51.026040 -53.338246 -56.054195 -55.757449 -68.059786 -58.439318 -58.239379 -67.251176 -60.160495 -53.500870 -59.276541 -58.029034 -45.991266 -60.738458 
-52.202905 -61.035656 -57.770653 -54.798905 -60.734974 -57.723218 -38.946410 -40.957313 -42.477452 -53.628717 -55.895101 -70.863027 -53.568914 -49.767694 -70.082071 -58.961406 -54.525124 -59.434438 -35.391056 -62.392764 -62.813016 -59.725699 -51.259787 -47.271213 -56.858813 -57.577051 -55.913903 -65.575912 -64.705095 -74.252423 -54.253520 -54.566178 -56.196852 -60.914241 -68.142953 -69.456154 -57.559817 -54.517331 -50.968649 -58.801427 -61.149253 -50.507794 -56.620556 -52.354865 -46.816469 -66.912499 -63.814558 -58.074687 -49.609506 -50.246649 -54.822771 -46.939368 -35.968635 -57.842955 -65.108906 
-46.416633 -61.035656 -57.770653 -63.139120 -58.121789 -57.624474 -38.332824 -57.481214 -57.375749 -52.227037 -68.282974 -68.393959 -52.146287 -37.190530 -69.616102 -45.997694 -54.538496 -56.296164 -35.334771 -62.392764 -54.821313 -52.413600 -50.464158 -49.576575 -65.562781 -58.385830 -69.141261 -65.575912 -60.274055 -74.785665 -53.380169 -54.566178 -56.655956 -50.875655 -68.813730 -68.364072 -49.390649 -54.941818 -54.881180 -58.695066 -48.281629 -67.437760 
-50.346127 -59.080250 -57.061718 -68.150409 -50.338529 -58.079239 -38.141310 -59.218733 -66.258865 -50.532614 -49.247592 -67.113622 -52.940869 -37.190530 -69.721130 -60.292155 -54.538496 -56.860195 -52.537439 -62.884134 -55.777644 -41.807065 -50.622895 -51.432007 -40.378840 -57.731156 -68.405028 -65.575912 -69.612431 -74.297217 -54.400205 -55.665755 -55.163856 -50.999831 -52.347337 -72.583772 -51.212377 -56.055788 -60.691730 -69.197172 -61.195641 -49.863912 -65.084549 -56.116365 -71.756663 -68.232007 -59.689813 -37.867269 -54.336109 -60.261970 -39.738639 -51.347317 -58.468097 -69.526508 -48.579664 -68.902007 -49.083105 -61.591494 -75.530775 
-66.812799 -50.055563 -58.966502 -66.995960 -64.477055 -57.554543 -35.040544 -57.978915 -57.180603 -61.949218 -58.368172 -49.655908 -51.526262 -35.212344 -69.721130 -62.924380 -55.356142 -56.860195 -63.065837 -62.884134 -55.777644 -41.619156 -51.085756 -47.889333 -57.357608 -58.896665 -68.554027 -65.399378 -46.903993 -74.297217 -56.947259 -55.665755 -70.238697 -52.209318 -54.671642 -47.630307 -42.273830 -56.008620 -71.884103 -67.130696 -63.040988 -50.139634 -66.132880 -48.108733 -71.756663 -50.709492 -54.890819 -63.554588 -69.850504 -62.030702 -40.777436 -60.173828 -54.248245 -67.005003 -53.635382 -50.937485 -59.679961 -47.736322 -50.641181 -56.543776 -54.250575 -64.208975 -58.843138 -61.815810 -41.398340 
-61.677621 -39.950164 -58.966502 -67.265528 -63.399271 -57.554543 -60.085360 -58.337499 -55.468604 -61.949218 -47.900530 -61.204880 -53.641980 -35.212344 -69.721130 -70.066527 -51.352547 -59.640886 -60.692409 -64.127425 -55.777644 -50.862638 -49.524190 -54.136203 -55.479548 -58.896665 -67.965128 -66.067929 -51.709179 -74.297217 -49.984622 -55.665755 -62.940158 -48.449322 -60.754703 -48.956761 -59.685188 -56.008620 -50.858136 -50.384822 -54.539144 -52.510792 -57.362279 -37.681060 -61.631476 -59.415273 -61.358903 -64.972957 -54.952928 -35.778030 -56.801352 
-69.405623 -52.146301 -58.860864 -49.945486 -58.323899 -57.554543 -57.449952 -58.889382 -55.598854 -58.947590 -50.449807 -56.345762 -61.699119 -65.943890 -69.721130 -70.066527 -52.082230 -64.450497 -59.077227 -63.129879 -59.995957 -56.349913 -45.822240 -61.004900 -53.665428 -48.402659 -37.169413 -64.053329 -54.167860 -74.297217 -58.154951 -49.623020 -66.343596 -51.795609 -39.702172 -39.457565 -58.129651 -52.904819 -46.218848 -59.668145 
-67.139247 -53.714040 -58.860864 -52.376909 -57.995788 -57.983082 -52.395742 -58.419290 -54.766916 -59.209274 -50.449807 -54.349081 -69.866963 -61.565405 -69.721130 -52.115766 -51.257295 -60.515858 -58.798937 -63.082986 -60.143153 -61.145374 -61.772593 -39.026877 -53.101587 -68.090706 -40.716121 -64.053329 -54.776442 -73.595315 -53.978912 -48.562366 -66.343596 -51.961384 -51.485103 -39.290969 -46.572740 -51.502986 -48.608278 -61.088976 -59.629783 -41.086610 -56.038540 -66.022903 -50.051005 -69.240105 -59.356304 -67.536956 -48.551463 -35.808918 -44.298335 -53.455555 -52.061478 -62.703880 -54.375062 -52.190623 -52.657164 -51.794267 -69.999996 -59.443244 -52.492015 -51.167566 
-51.259398 -53.937828 -58.860864 -62.045111 -61.733716 -57.983082 -67.788940 -69.102877 -55.759823 -59.209274 -59.681838 -54.797145 -56.465555 -54.878672 -69.610523 -50.523009 -59.749709 -42.043979 -66.205968 -63.627292 -63.060108 -59.065070 -53.265376 -53.219669 -61.257990 -54.638745 -71.636597 -64.874408 -55.297658 -73.595315 -51.353081 -53.961627 -66.402592 -61.816440 -55.015082 -55.829143 -51.597904 -51.775997 -52.006111 -39.812097 -41.233568 -50.596304 -42.167896 -58.967027 -54.991603 
-68.354434 -60.141255 -58.885044 -56.662130 -60.183049 -58.211238 -73.238058 -61.045406 -55.759823 -59.065301 -58.956006 -54.797145 -57.677780 -54.631214 -69.792995 -57.584227 -54.175320 -50.900335 -60.588452 -63.996966 -46.605537 -67.344159 -58.330946 -54.220636 -53.626412 -53.696299 -72.264927 -64.874408 -62.454193 -59.575954 -55.649232 -46.286974 -67.121383 -55.280029 -55.293882 -55.362161 -51.500807 -53.278381 -58.505565 -39.602552 -52.604305 -48.358253 -43.426912 -64.448667 -59.778606 -58.570014 -59.140111 
-56.354809 -55.759153 -58.756687 -52.084958 -59.928065 -58.085472 -73.408848 -60.380367 -55.759823 -59.497413 -51.657292 -54.797145 -57.677780 -67.092796 -69.792995 -47.146215 -67.836967 -48.809977 -38.501363 -63.996966 -51.974216 -47.291889 -58.092905 -54.959541 -49.361576 -54.205957 -70.638523 -65.706989 -59.927233 -69.838849 -64.467353 -49.707208 -51.591838 -55.280029 -43.422444 -55.362161 -53.361124 -52.094196 -64.932960 -40.130137 -52.324617 -62.184721 -66.830353 -64.311507 -45.499322 -50.863707 -53.456476 -52.923871 -57.606763 -37.083780 -53.956601 -63.701969 -73.594232 -54.046739 -46.467607 
-55.376660 -61.091266 -58.756687 -55.524357 -46.617829 -58.027807 -74.190614 -72.387175 -51.209134 -59.497413 -61.645295 -54.726573 -56.726296 -60.015848 -69.504473 -47.879413 -68.317352 -39.406958 -53.594770 -64.393313 -58.712948 -60.703217 -48.427273 -51.733070 -53.092749 -58.483778 -69.713677 -66.136565 -52.094196 -54.095206 -43.667846 -48.110813 -50.712842 -55.280029 -49.737971 -62.117520 -47.184664 -55.289471 -71.471000 
-56.194981 -48.599770 -58.756687 -54.695941 -54.526973 -57.811301 -74.190614 -41.761781 -39.853550 -59.272781 -62.255186 -54.464455 -44.028023 -69.109605 -69.504473 -50.257117 -58.299151 -39.777387 -54.229338 -64.393313 -53.414259 -46.077068 -56.568236 -36.241499 -53.824769 -59.219821 -55.098742 -66.206713 -52.858515 -56.210021 -47.220967 -59.541365 -40.010891 -52.208703 -47.981380 -53.815339 -56.494102 -67.052738 -50.279004 -42.243971 -66.611822 -56.334995 -60.926126 -52.193924 
-56.328851 -59.897569 -58.756687 -60.582201 -54.526973 -53.171128 -74.190614 -47.522024 -50.483143 -57.542622 -56.276753 -54.567005 -56.028904 -69.116329 -69.504473 -56.558678 -44.223393 -46.909414 -53.810121 -64.393313 -61.410208 -69.348373 -41.233084 -37.364545 -49.814776 -52.923211 -53.200567 -66.374631 -49.978586 -50.023465 -39.676870 -62.225917 -56.647330 -56.605570 -39.949786 -51.113149 -47.518836 -52.775498 -62.471108 -54.341302 -60.879370 -54.279119 -47.880902 
-56.327729 -69.033832 -58.079621 -46.016811 -56.299799 -54.633615 -74.190614 -60.210743 -54.467789 -57.777295 -61.760721 -53.654634 -51.738783 -69.898209 -69.727591 -59.628108 -60.387093 -57.653291 -66.419560 -64.393313 -55.372838 -57.903133 -53.511899 -57.806987 -56.396260 -52.093253 -58.223451 -66.297435 -38.696632 -54.985789 -39.676870 -69.023148 -53.988405 -57.482883 -46.142444 -51.113149 -61.608760 -51.230395 -52.082729 -63.035998 -69.578545 -40.092689 -57.620815 -58.063471 -50.341692 
-56.884616 -52.195588 -57.067546 -51.199370 -55.772805 -58.477227 -74.190614 -60.545564 -54.467789 -58.165604 -53.306391 -46.911281 -62.766778 -69.438617 -69.727591 -59.750177 -57.813496 -72.644613 -57.010703 -64.393313 -56.587281 -51.828310 -59.571600 -55.276270 -56.396260 -61.177940 -47.733302 -65.663582 -38.080145 -57.893938 -39.911257 -61.143695 -57.569013 -57.817174 -43.159347 -51.121904 -46.127222 -56.667901 -58.006303 -58.727809 -74.618395 -41.072355 -40.060438 -56.463800 -48.014448 -67.322022 -55.571218 -56.000059 -55.119238 -37.566737 -69.219389 -46.873416 -62.711231 
-56.511890 -57.654965 -58.623002 -61.171280 -59.169549 -65.592170 -74.190614 -56.020010 -56.099294 -57.760303 -55.027233 -41.816933 -55.289554 -46.967664 -69.683408 -67.252502 -54.084281 -72.381235 -57.046954 -64.393313 -50.818875 -57.544173 -56.463800 -61.552067 -53.369027 -54.796122 -52.060553 -65.663582 -50.071646 -62.889021 -46.429173 -44.135782 -66.633017 -52.359816 -55.557270 -52.225247 -58.037398 -69.471606 -49.954642 -56.807552 -74.618395 -53.699105 -52.286911 -61.821028 -59.125261 -65.922839 -59.031103 -58.795480 -58.048933 
-56.282267 -63.877626 -58.623002 -68.204850 -62.877275 -50.258161 -74.170763 -59.201106 -54.772049 -58.337844 -58.535737 -41.448837 -61.298648 -57.742442 -70.100534 -48.413452 -50.726176 -71.864189 -50.706828 -64.393313 -70.757190 -62.858628 -56.463800 -66.344135 -52.920407 -56.807552 -69.041570 -65.663582 -52.149806 -68.370780 -67.500972 -53.401286 -66.593635 -68.154210 -55.557270 -51.228662 -61.207525 -45.135268 -68.097569 -62.774358 -41.707224 -60.677767 
-56.090851 -64.322108 -58.623002 -53.249798 -56.715964 -64.608183 -42.343768 -60.854143 -55.064397 -59.227730 -70.706953 -41.980112 -61.071541 -57.357205 -70.100534 -48.401837 -52.062096 -71.864189 -67.231304 -63.947544 -72.922103 -64.939900 -56.463800 -51.855161 -53.159314 -56.807552 -67.795102 -65.004703 -60.316361 -69.627043 -73.677757 -53.401286 -62.777624 -75.241421 -55.557270 -62.470681 -43.394195 
-55.644391 -64.263583 -58.623002 -56.113213 -39.163287 -64.608183 -39.688865 -61.963250 -58.167524 -59.227730 -61.509618 -42.111211 -54.978488 -75.201000 -70.100534 -50.572235 -51.332375 -39.799959 -58.166841 -63.558322 -60.597618 -58.252995 -56.463800 -69.431298 -52.119208 -69.443169 -68.080367 -65.470368 -56.361939 -70.328150 -73.677757 -57.156511 -71.589731 -75.980885 -55.557270 -60.872526 -68.409318 -57.382691 -50.249246 -68.115099 -64.524931 -66.670440 -59.108038 -51.656883 -46.531817 -64.153005 -52.686405 -47.891951 -65.359147 -66.531077 -62.271352 
-53.051437 -62.058500 -58.623002 -49.610424 -38.991737 -63.976720 -58.422962 -56.101563 -58.297354 -59.227730 -67.305758 -57.856277 -54.060103 -72.668854 -70.100534 -55.528419 -37.071694 -49.859970 -62.169036 -63.558322 -51.334483 -46.911245 -56.381991 -60.924990 -52.582424 -62.083646 -68.529644 -65.467427 -56.467361 -68.893816 -73.677757 -56.734643 -71.088386 -57.450910 -40.713598 -47.863961 -48.255651 -63.675774 -54.063307 -51.753546 -49.132410 -66.699854 -50.260101 -39.661873 -58.645632 -61.689398 -51.797985 -38.598016 -60.062575 -69.132407 -51.356727 -53.639481 -65.524246 
-47.011991 -61.278421 -58.623002 -70.229143 -47.137093 -65.618122 -69.235874 -56.423886 -58.297354 -59.563879 -63.976666 -57.448729 -51.538262 -54.048939 -63.497736 -55.528419 -59.344008 -49.504041 -68.697349 -64.839826 -53.258119 -74.978834 -39.145058 -70.538881 -53.088676 -69.000698 -68.529644 -65.467427 -56.467361 -72.503308 -73.041471 -55.971274 -71.352449 -61.235459 -50.348573 -60.536415 -63.879362 -56.069898 -52.371331 -64.933097 -51.571807 -66.976832 -63.760989 -60.138038 -53.416222 -58.543773 -69.806727 -69.309564 -42.393296 -47.566288 -69.005850 -35.735533 -61.374686 -59.269648 -57.138962 -59.429618 -63.840743 -48.480187 -58.433499 -39.815676 -69.229306 -61.322462 -61.391853 -61.829224 -60.098831 -60.362700 
-48.098411 -54.307522 -58.623002 -41.135931 -50.176638 -67.738472 -65.425608 -75.680739 -48.548946 -59.138175 -66.192827 -60.068287 -52.249860 -70.019867 -40.424283 -55.528419 -48.758984 -65.653848 -63.741841 -63.968805 -53.737706 -72.169393 -67.998287 -62.196458 -53.088676 -68.814165 -57.386449 -65.467427 -56.467361 -66.269896 -62.829989 -54.319439 -71.314431 -56.321657 -60.080219 -61.532095 -37.266988 -56.271941 -57.758339 -58.939178 -69.127257 -70.086015 -57.207347 -69.775271 -42.463139 -58.184918 -45.581138 -63.086968 -49.502669 -49.427873 -68.593847 -35.735533 -52.268566 -50.433113 -68.603705 -45.909420 -46.283356 -50.319160 -69.314745 -58.929488 
-59.461425 -61.720984 -58.703106 -73.751298 -61.266181 -68.509932 -63.484054 -70.365506 -48.548946 -59.137866 -64.736768 -65.542596 -56.114784 -56.053837 -71.328729 -49.169461 -49.907624 -64.554344 -54.903673 -63.467335 -57.067605 -54.217536 -47.488263 -60.837760 -51.675773 -61.707867 -57.386449 -65.467427 -56.467361 -52.144418 -64.105921 -54.319439 -65.863113 -54.710897 -68.338126 -47.924556 -36.840558 -57.348177 -57.072240 -66.072796 -35.991894 -52.999123 -70.430791 -50.286104 -48.504214 -58.184918 -54.048038 -61.988778 -60.903693 -43.504803 -54.905336 -66.864185 -59.836411 -64.935266 
-63.870377 -60.826203 -58.703106 -74.296317 -48.065162 -66.735246 -59.469280 -48.475758 -48.436718 -59.743085 -61.027122 -66.896271 -63.711104 -55.591803 -62.070772 -48.964515 -37.328557 -64.554344 -64.274496 -45.624303 -65.632387 -54.217536 -63.883466 -63.011374 -47.064873 -58.841707 -55.924242 -65.467427 -55.585740 -70.657295 -67.609547 -54.229820 -35.332201 -50.453005 -47.081479 -61.605081 -36.649143 -56.834052 -60.341676 -61.524300 -56.913656 -61.212628 -69.111719 -50.286104 -50.957086 -58.184918 -70.758273 -61.932868 -54.135670 -60.175677 -61.812996 -40.550511 -52.558478 -68.935052 -60.298505 -74.778138 -69.457539 -51.516112 -50.889593 -47.328996 -45.213148 -63.649694 -61.340585 -49.365670 -56.905877 -63.491145 -64.336724 
-64.929250 -62.099547 -58.703106 -42.876497 -52.069797 -66.477789 -56.526726 -72.659343 -41.026223 -58.818548 -61.372688 -60.944127 -56.921262 -62.724102 -58.670221 -61.334932 -67.266059 -64.554344 -49.145275 -56.841388 -74.632245 -54.217536 -35.359853 -62.282447 -52.316733 -41.854279 -55.918881 -65.467427 -56.383516 -70.678913 -36.156920 -55.436404 -53.460509 -50.419272 -69.355408 -58.049750 -36.719115 -65.864460 -61.876255 -64.748513 -50.187258 -75.504671 -46.227525 -69.613340 -58.255876 -58.184918 -65.369171 -74.728672 -54.135670 -47.726577 -52.803609 -65.955005 -53.521791 -49.591634 -51.516112 -47.845162 -56.659228 -70.738343 
-62.078442 -47.288071 -58.703106 -67.666608 -48.505933 -55.856423 -47.687180 -71.919727 -62.960829 -59.205754 -47.311706 -53.521791 -54.190922 -54.999888 -39.987392 -59.721207 -65.664125 -63.126123 -59.650616 -56.950118 -58.859213 -53.724333 -49.000647 -62.705749 -46.378352 -73.683171 -73.571448 -65.467285 -38.947470 -75.629526 -36.052135 -55.436404 -46.451805 -52.155022 -70.231606 -35.780453 -53.384265 -65.304526 -63.820275 -54.821156 -50.080435 -60.171465 -59.970894 -62.324067 -72.069452 -49.128143 -53.694533 -56.091632 -52.440024 -64.122934 -50.938261 -51.977097 -49.735989 -69.086504 -61.225822 -44.049665 -60.649019 -62.416501 
-62.078442 -54.635211 -58.769874 -64.688969 -52.708150 -52.986392 -46.517516 -39.577635 -58.676350 -59.205754 -60.921419 -51.756691 -46.101657 -54.067438 -60.665001 -71.600741 -53.528136 -68.817936 -55.851289 -56.330076 -46.191979 -53.817854 -59.442217 -62.583879 -67.876016 -73.683171 -58.483472 -65.319145 -39.618567 -55.822391 -35.692943 -55.436404 -65.432286 -60.329337 -69.901217 -57.869182 -61.562090 -53.561807 -61.473740 -55.844879 -64.372302 -66.358512 -52.935890 -47.343274 -56.111665 -62.009081 -63.112262 -47.557584 -61.041821 -56.525915 
-62.985251 -54.635211 -58.769874 -51.130412 -64.481150 -50.027054 -57.169043 -51.000715 -65.742171 -59.205754 -45.400371 -51.836454 -74.870852 -63.272719 -56.353704 -35.306131 -71.619507 -49.498723 -47.530263 -59.101465 -66.742034 -54.551295 -55.516415 -64.196205 -50.075002 -73.912660 -58.483472 -53.447816 -39.178117 -55.822391 -69.188841 -66.821320 -65.195873 -61.255938 -69.979049 -67.528844 -68.368727 -52.739697 -60.606643 -56.110669 -64.543816 -51.548928 -53.329063 -71.145644 -66.034369 -54.833631 -53.310082 -52.444970 -68.978897 -36.291758 -53.473333 
