3.470477 0.288041 13.537266 0.622863 10.968246 18.297024 2.086788 4.574275 907.370977 73.982153 3.138838 11.412714 170.838656 463.380884 234.378296 110.152310 29.607662 136.042295 14.718684 20.678554 179.825385 0.277976 4.340465 0.289200 95.286191 1.265759 430.660764 4.740196 0.490596 10.350703 47.295466 0.150174 6.111901 321.584791 0.563680 0.443918 0.131039 
1.468781 3.170265 5.287397 0.471516 18.185730 15.394852 287.310041 0.484992 111.938078 66.355647 32.830170 5.345698 386.157626 5.347158 281.754942 0.780720 0.220670 58.731650 0.130694 24.105878 107.765974 4.152980 4.460264 1.034207 561.674523 1.758266 181.745260 347.855798 7.027446 0.371551 10.886948 19.234338 94.777452 48.026820 40.550788 
0.319662 116.101896 24.306273 0.460553 4.220113 27.587943 12.328714 1.206462 690.219835 34.661606 88.697386 1.822731 47.279864 3.563345 2.936256 0.287375 0.566705 843.949931 0.167468 2.365706 90.122421 84.870405 271.246915 2.701454 57.242048 1.246035 6.849111 1.014523 3.062752 28.683363 334.054417 103.106273 29.886968 4.483052 33.469279 
0.180080 12.628824 17.059877 0.511713 0.494691 221.662404 1.308601 13.216625 509.373115 215.010746 56.912254 12.757527 707.052512 3.355791 62.810327 155.783348 2.843165 61.728514 0.222629 43.739064 48.095568 94.284812 10.418317 1.467694 10.255857 1.554376 45.842485 17.860796 2.509665 0.287958 181.323673 48.062450 6.215912 48.579704 11.253472 4.037847 22.738468 4.479075 3.063770 
221.447442 1.187599 1.746191 0.561171 0.329080 5.220981 0.655815 10.058673 512.945071 63.051774 133.046567 22.131226 313.290417 56.143743 58.878469 8.406868 0.130238 33.239707 0.138871 957.201887 34.120639 4.835069 0.793311 0.210148 64.659685 1.704407 36.543976 3.248645 4.680563 3.244613 29.717969 0.569013 1.507018 78.193909 0.385452 1.154124 16.477449 2.527938 99.277555 
4.043843 50.657187 0.709628 0.386080 0.483453 8.989552 1.351795 803.906042 104.742519 47.119521 39.325588 37.856934 2.270307 8.198999 1.280441 0.192866 162.397965 15.448907 48.894484 2.605233 267.770509 69.567645 194.579432 0.153687 82.558151 31.370806 79.885022 24.638388 54.881614 
4.646319 3.861272 23.393701 0.496021 0.228678 9.429512 302.956658 1123.354961 75.282776 296.086184 24.187240 26.622784 1.273598 0.240246 0.363189 201.096726 78.245412 17.788430 9.318247 2.015160 374.559067 4.345231 14.575052 1.191668 4.156652 0.404730 128.480895 70.921740 359.577978 1036.463802 11.185310 7.179352 7.415336 4.659997 1.533291 
0.640103 12.285968 76.081814 7.357965 0.111406 3.964629 30.454404 77.615060 167.118135 182.995523 20.467435 2.632331 199.275494 10.149360 210.433308 0.895055 25.966802 10.851827 172.099144 1.489242 63.086745 9.952904 5.070430 2.432412 387.378407 9.992002 0.122093 27.903420 2.977357 86.174265 59.880547 0.186818 0.349928 7.079338 9.570300 14.757735 0.512061 2.138532 1.025015 2.591348 16.371460 6.050881 0.541084 8.914555 377.420571 6.299763 231.247722 1.358264 130.552575 7.162897 6.233466 1.524627 8.315956 179.388292 76.008738 15.340209 
16.772036 45.258951 156.975036 315.850345 0.142422 2.579754 4.048514 61.059911 14.779020 6.388123 0.847755 1.462860 187.079982 187.775230 218.761599 16.961373 4.617028 9.997638 18.500534 1.745410 307.222925 2.437537 75.794781 4.480148 0.718848 107.589093 29.401098 36.047957 0.347109 0.221184 12.963087 1.736096 0.537062 318.412858 45.445460 0.128773 230.724908 11.710414 
10.331168 11.829090 0.347217 339.473463 0.310207 2.600733 2.307191 6.863410 449.888128 88.434912 1.781791 27.656535 217.773743 7.863630 13.917177 11.939149 217.913077 7.116262 41.628176 1.152120 870.968617 2.430269 1.053661 70.660682 0.571288 21.831331 2.538228 6.466155 6.069985 0.589958 0.380312 3.474908 31.132868 1.884002 99.825410 50.743784 33.420466 6.133072 13.509705 1.524525 9.174095 6.690307 34.372066 6.544665 
26.870483 53.810786 484.085458 488.846914 0.250247 11.338117 0.905655 0.477201 1.425951 0.748014 9.427359 202.647538 587.598887 1115.207514 8.083385 4.455969 108.746572 9.216569 3.128861 1.671410 272.849929 177.009591 66.572566 202.959343 1.423942 126.070203 0.203370 17.152650 1.700182 2.846372 5.959282 
0.258940 66.341279 11.914929 339.712332 0.256782 72.602128 2.288149 82.883945 1.526718 0.416779 74.082538 75.355289 3.495745 9.963710 360.099398 3.152101 176.645746 12.002225 9.040910 1.147223 1410.598352 4.061725 8.624896 38.483113 1.278996 9.252145 166.333464 3.846832 
2.772707 88.946182 2.903581 230.567830 0.213918 48.981429 6.548165 11.732985 0.378930 0.494499 11.001300 3.512358 1.939425 69.603393 1.367843 131.824187 198.349070 10.377738 9.013508 0.777358 60.251098 2.211992 9.481084 332.747226 6.609707 239.692020 120.104728 28.970426 40.674052 1.462671 65.938059 1.101931 124.560482 76.895964 388.719422 
0.954733 1099.123098 413.312212 24.908953 0.224109 96.921041 30.618916 43.302840 2.380711 0.655464 0.232630 0.908304 0.261349 39.504488 2.131402 68.247848 551.035231 16.660509 7.680395 4.653925 
2.220188 121.967910 115.937037 6.329174 0.317651 349.812248 1.761544 744.501434 1.823912 0.544623 36.751056 548.914404 0.157436 33.595570 2.468009 54.741539 303.416810 14.497941 17.143307 255.797315 9.220587 5.402713 1.388076 0.315729 1.846678 66.243365 0.157634 0.906280 8.095647 8.880785 
1.728387 110.943177 51.317675 0.701935 0.750415 324.094363 11.188481 397.617040 2.593137 0.393151 11.047785 36.387358 0.098293 8.669839 2.064347 95.743352 0.114432 11.588042 0.096271 2.174856 239.563317 4.907990 77.020124 2.956984 0.277421 68.459435 0.516258 34.086327 96.679300 1.847314 172.346653 105.022440 7.734453 6.699452 4.897275 5.928428 2.481585 21.175838 
1.612945 1.616814 153.485594 31.334726 0.158865 56.720579 87.214798 25.759987 3.726944 0.471492 1.530305 105.952334 10.670649 1.889683 1.512197 43.136966 0.337674 61.868360 0.869403 13.475294 0.581024 67.155141 427.452044 45.446949 13.654031 58.499779 377.865180 0.266951 27.948028 0.312893 0.891910 28.038662 1.540152 28.142265 2.342373 44.602751 2.424235 0.135436 2.492612 3.943641 535.195296 7.721881 470.720423 10.610716 2.428117 83.326513 158.916796 0.108787 460.900157 40.365643 5.125878 1.688505 5.483415 13.218877 1.229680 14.189282 
1.079648 5.119367 23.491699 3.876230 0.143861 37.706146 0.143705 34.996611 113.927395 0.676604 0.648953 16.678501 13.683288 2.508523 538.986598 0.523795 49.197940 258.797143 56.981291 190.655383 0.343856 0.995079 13.680273 5.116498 153.552954 0.439799 533.043267 28.257193 4.245677 45.343030 69.211510 0.295611 0.234412 51.249020 9.831126 11.024416 3.642243 0.171442 8.153305 10.533442 0.460631 94.201900 1.324601 629.545535 244.373609 417.354813 3.199978 3.191644 80.240173 22.067223 14.247162 10.954789 1.042195 43.914898 1.715703 2.629988 0.927980 5.314858 3.496898 65.383511 3.343969 1.176054 14.280371 20.812756 3.575387 196.557720 2.709742 2.341131 3.774669 28.527491 12.484386 14.594830 140.655602 1.140900 26.737028 4.482076 65.113019 0.977043 
0.836901 105.691015 41.287436 0.546642 0.658567 1.313851 11.537816 0.148629 0.643061 0.817575 379.872838 58.800033 237.764421 24.781635 5.253190 1.473962 4.871406 25.733871 1.832366 357.544951 2.162504 11.569494 6.544102 39.613075 4.619053 21.418977 41.009048 12.986123 3.709780 17.408412 19.075583 0.479132 0.130229 32.360183 5.574241 5.569669 3.452258 37.377434 71.792909 0.399003 0.560625 10.719459 255.293875 46.656355 72.939832 461.656491 4.237213 2.647413 738.990904 0.859575 15.220893 11.180695 334.206203 21.308931 
4.837047 23.588832 75.284344 122.602633 1.168328 0.072889 8.942298 9.121305 0.143228 0.466576 0.285997 106.744699 37.109480 2.223209 0.844512 11.707689 32.857621 7.754049 0.108422 209.414242 12.209122 2.103575 564.049066 7.906783 19.524923 0.908736 2.676516 16.051959 1.805316 4.337249 81.226978 176.219561 2.329216 19.203484 1.630003 139.134538 93.712598 0.407121 58.213928 8.757188 1.264914 29.130695 52.732937 43.375595 2.531422 37.402177 8.851450 2.959655 14.323536 
436.031744 40.086812 96.135228 25.376214 6.908398 10.143430 7.215339 11.780425 0.469942 0.118746 35.430703 143.035186 235.972186 1.083504 1.429201 0.675291 1.610022 19.368127 0.305639 62.793882 2.736890 1.655648 138.877129 180.779052 53.894076 1.978328 11.068390 78.256194 1.433432 0.303617 465.629223 122.147026 3.811976 32.788707 0.816486 1.698528 2.758552 25.704454 72.560263 22.237801 7.656391 
2.020512 41.639689 21.149450 13.454514 4.664067 1.926367 2.514276 70.169727 0.408849 25.819725 5.487593 58.063641 0.749501 1.223275 7.459984 239.872844 0.975053 16.559519 72.794896 3.329703 0.321187 5.582728 97.416457 424.884431 115.867345 517.168383 43.988721 94.570545 0.197102 0.102018 1.028429 44.651367 18.894805 1.905337 0.873598 8.757271 64.335624 0.285629 16.121968 13.595067 5.922779 6.193076 2.796971 1.892165 18.962247 6.929715 84.333245 138.942757 1.419072 5.258914 22.586849 15.579945 11.567234 0.574768 12.736019 19.148613 71.830968 14.620931 14.324152 
1.758995 2.468522 110.043494 63.827838 11.228111 0.381053 16.562657 26.902595 193.188638 23.597352 10.417860 20.207337 0.477540 2.389169 5.341375 16.279177 1.671886 16.096045 0.912593 7.556045 0.074844 6.741782 58.199957 58.351207 2.468977 402.609584 0.564986 681.017999 5.465730 551.041689 4.845834 32.795568 126.717709 3.225241 0.833345 0.761283 4.580120 9.209482 0.205532 36.898115 35.482772 0.657939 9.847359 5.539188 0.689622 27.694704 1.044855 3.983775 6.855254 1.665957 57.056926 23.436651 
22.649199 3.833258 61.792352 63.958224 4.681440 25.649937 7.138529 7.958178 16.187309 8.510426 529.768228 12.076309 45.401350 1.664539 0.538406 2.059707 19.859990 22.090177 0.727586 8.774574 2.593327 2.844169 76.796611 83.929341 0.316649 127.759877 0.648987 404.739491 3.628394 212.983959 0.176937 4.690258 87.677244 1.940745 164.602961 71.399054 9.518085 7.655842 106.612309 7.758893 0.898422 274.886278 69.632246 1.968656 9.163515 0.231792 125.235549 102.558882 
13.181460 11.389063 474.305122 66.863300 39.751371 3.541124 155.510232 1.955399 6.409693 0.189193 13.001349 1.238017 3.069224 0.831563 0.223156 23.974442 128.270279 7.932640 41.889841 2.336947 580.957853 0.100324 15.199980 0.278811 4.577553 215.254355 0.658120 215.634603 114.243001 220.589130 0.144431 0.376673 10.488397 1.841633 3.095966 262.647359 6.901060 24.661404 21.356214 162.986585 0.694383 5.327210 14.131238 1.601641 4.022132 3.595144 7.944228 14.933820 6.800082 3.616498 16.634536 0.735821 61.095551 3.080451 64.050263 12.499566 7.306507 2.390575 611.647666 368.846623 0.898934 
1.438244 1.086648 2.048985 0.725314 5.818637 4.516020 88.963663 0.576898 14.129860 25.063270 10.432102 168.349503 1.522527 25.682773 0.442008 6.713828 86.139077 0.293570 77.817224 129.182192 4.016343 0.257613 95.624481 3.533473 175.699334 53.894292 0.436981 241.903113 0.350837 290.311120 1.795795 68.218758 10.609563 0.815288 14.999730 2.794845 8.521097 0.680047 389.094464 8.354002 0.746276 11.773613 4.960915 61.130406 5.410123 8.712507 12.796388 
1.437744 1.907984 11.690037 9.338866 0.213401 157.531793 78.398238 151.584888 1.293594 58.918608 9.853247 0.884622 2.141095 0.906683 0.294794 28.632578 187.525912 33.084162 354.330299 2.941604 2.960470 0.636439 50.752563 33.259827 89.110475 330.981746 0.630723 150.978628 4.743641 258.758862 7.705366 4.009199 20.742136 0.729144 232.208902 801.229797 15.519514 6.634386 
1.771852 1.197542 66.626664 37.807652 216.996947 1.821492 34.437452 9.486665 2.006680 0.313281 4.635381 0.690413 53.548877 3.862995 4.301019 0.249680 517.382680 1.847103 7.281571 21.590422 77.183080 0.225860 778.483507 14.877443 197.663593 148.361202 0.615965 664.205077 4.271955 23.958173 10.224871 8.337967 86.095398 39.093652 
37.357607 1.594530 17.382646 0.386000 70.426773 0.526691 4.408464 39.252498 3.512108 83.247127 1.918315 1.996248 7.974195 0.937211 53.984111 318.960529 493.493005 9.128553 0.537253 6.172263 3.475592 0.267141 0.924630 6.687025 7.672775 226.606640 23.490573 147.272643 114.930749 12.386974 2.822495 9.225486 9.840221 70.889097 140.891559 0.367350 11.413697 4.500271 2.327523 
158.157561 1.102104 11.032898 0.394642 0.841721 38.546484 12.258463 5.975745 6.811781 283.538725 0.359603 14.002981 2.606474 69.793115 64.664989 1210.944590 259.072006 13.242075 0.605172 45.403255 15.859014 0.136654 2.815050 10.822709 26.371364 13.021627 12.678043 27.003686 5.119587 152.170447 4.994317 20.597659 12.039881 91.612171 0.734764 1.008166 844.024963 8.401745 4.884638 0.769952 0.894744 1.184362 6.039829 72.123982 15.596455 
581.273808 0.881763 19.073083 0.451269 0.336673 2.250289 9.893499 4.319673 66.960111 294.135554 2.010362 4.419384 35.643437 4.382362 68.415186 673.703497 13.188445 7.382980 0.430489 87.778071 594.416060 0.147957 0.172094 10.905664 4.318416 13.015202 41.062090 580.424156 59.100905 2.481253 48.857427 56.782913 8.299958 
66.263625 1.089949 16.648569 0.508171 31.988929 1.602026 37.820679 18.033160 6.185853 58.342803 2.060198 43.754722 4.404210 1.828944 20.290517 9.425657 53.059489 70.295449 9.446536 114.180454 818.475438 0.271194 4.490895 12.677206 17.120582 10.040173 0.663799 79.926853 166.805346 10.006090 3.548561 0.522607 6.895767 0.855885 11.293210 
456.108886 1.220831 499.869635 0.433856 5.315470 48.521262 13.580908 6.844360 6.803913 152.837270 28.594646 376.301237 150.362201 0.895565 22.872593 4.424259 7.127841 25.970801 9.385157 118.464854 634.821916 0.896002 1.034388 6.449242 112.270854 114.688642 0.515231 55.602265 4.611061 6.878761 1.371403 0.435729 3.552712 0.545334 8.008370 299.941061 3.866311 73.182980 66.034758 3.619784 5.158670 57.205751 114.405953 65.346491 25.245990 13.635519 25.211287 11.240231 6.179938 37.569746 
128.669618 0.399544 3.695965 0.436268 5.648868 3.035509 154.168262 4.350461 54.694269 78.682253 11.470181 200.901857 173.565387 4.183619 93.724088 12.823999 0.435471 125.392405 337.337595 106.588518 1032.527701 0.163216 0.207359 155.395784 2.223679 74.504448 1.308323 200.926951 0.537189 60.883612 38.143887 0.403139 22.151743 7.043930 1.052352 860.362039 7.171537 123.287603 93.799377 28.870809 0.202156 10.413739 9.608861 3.699093 5.685955 0.274732 3.441018 1.929829 1.634548 4.004846 3.398336 
653.636480 0.587060 1.539027 2.546844 76.251183 15.362296 0.861736 5.290656 0.557044 62.323153 13.674428 8.541174 60.333042 43.810757 8.230681 17.371057 0.945259 5.018699 0.279849 2.947182 175.562815 0.129606 0.848148 194.379995 20.939464 0.305143 395.077160 39.224100 12.375491 25.688769 15.075953 0.482742 50.476384 63.339896 0.095670 26.953039 0.188226 17.034409 7.324413 23.824926 
279.523636 1.267203 8.131089 8.685741 92.982739 451.573499 25.030136 1.840485 0.413321 32.448233 24.864937 4.574349 0.356087 6.256633 198.915609 12.611383 12.393378 7.552188 1.622557 6.885986 67.887865 0.070138 20.523140 186.039607 1.199360 0.140531 41.348297 1.194921 1.763970 9.639840 94.927138 0.512100 0.092635 0.236849 2.818606 4.682602 
293.005542 1.137671 11.023449 92.264596 8.511301 100.862736 10.836840 8.136139 0.451423 44.300711 6.769315 7.994681 1.203464 0.477831 62.069304 102.696816 90.870130 3.505470 238.605041 0.795934 350.644843 0.054248 0.294035 110.304765 59.377655 0.076661 2.989921 2.141318 3.511913 17.657696 37.101213 7.686304 432.954701 4.096105 9.284686 141.911209 66.609409 21.400162 0.113826 2.984167 
101.384098 0.928860 15.885396 25.156386 10.550407 2.215305 42.601169 5.522527 0.408581 18.297013 37.134075 3.283907 1.906764 3.305020 194.392280 2.042809 4.007016 0.406125 4.797888 8.391402 93.284693 0.117433 0.440216 124.577094 410.804631 0.350854 10.410624 11.356072 0.087368 6.532053 107.728915 31.141828 0.727579 410.622543 0.917486 1.654014 341.034480 
322.420557 0.187820 9.926056 4.327330 26.240642 76.317743 84.032688 21.522495 0.390011 1.681884 1.698632 17.860760 3.332172 12.884050 71.503051 1.286614 50.847071 1.785238 3.257957 13.595446 331.805012 0.128090 1.330605 108.957940 40.091127 0.078131 318.039564 18.437728 16.610012 33.026230 7.807871 0.321975 18.083715 20.245421 57.480802 12.783275 5.247547 1.545000 0.580195 0.539766 7.609831 3.573016 
143.895376 0.978773 11.770326 1.225592 5.004771 42.078490 40.080920 137.897219 0.467145 0.088315 0.535581 5.824640 2.762896 4.600647 127.932553 113.368727 5.136495 18.900005 0.664738 58.173350 222.716436 0.113293 4.136204 0.602251 104.656588 0.073659 125.953652 1.253563 3.685976 11.113888 1.458145 19.257293 0.116079 0.756638 
48.314467 1.193550 12.893844 225.250191 0.647003 375.227778 12.316753 1.136820 0.417589 1.503641 7.631249 11.404405 3.210996 17.433968 118.022109 7.090975 16.914899 36.007001 16.284814 5.005263 380.223969 0.120076 0.877246 0.385564 26.246744 34.188707 39.462264 117.060546 1.153637 4.416840 0.211640 0.083532 24.901906 2.434761 39.045606 4.661578 151.294106 4.387685 3.736730 18.507166 
125.513556 6.079645 14.260749 33.072442 24.176419 420.898360 24.515019 50.826905 0.593597 0.676962 1.858262 68.161035 3.387891 0.851087 79.368302 2.151714 16.277005 0.499739 8.220227 4.057981 238.499520 0.115543 5.090490 4.319718 187.195455 211.831115 50.654356 5.738506 3.736270 1.996552 0.803284 
61.020871 244.329943 10.054902 42.642904 4.950611 78.488863 7.215395 2.422099 0.423999 0.314542 1.706687 1.059748 62.961689 8.566778 117.046629 3.458780 4.466576 0.701971 53.244616 1.825925 107.997191 0.201837 55.724627 168.922566 25.824595 166.681961 90.067766 223.937713 3.772172 4.499347 
391.885317 111.633112 8.148205 3.573634 3.654092 3.589057 2.860357 64.532895 0.610397 4.460085 2.455143 4.043824 272.057670 133.678105 260.461008 37.137391 3.088180 0.565561 30.496854 2.832729 25.879231 0.092108 315.377529 97.567022 18.363139 7.553818 22.507777 1.967386 2.123390 
273.603127 192.882103 8.206117 15.964003 111.124524 10.619365 6.664922 66.002787 0.561708 4.073208 2.899981 1.751339 28.109563 18.385844 287.565655 76.102679 4.062523 0.664765 5.584447 59.989989 0.075306 0.107269 0.710096 4.029049 163.057336 0.972023 3.984364 76.911141 0.968253 0.103308 39.927955 1.778160 3.457833 125.605224 31.204914 7.839808 0.155158 79.552743 60.895757 69.888616 28.035034 2.158895 3.783778 14.597661 
374.837772 139.628613 7.975139 29.495359 180.607752 0.651055 27.681566 98.517831 312.641078 2.328917 2.963245 11.986083 79.952926 2.281751 28.727273 0.531166 3.238938 0.098989 47.802193 84.122961 342.830612 0.084281 2.587759 0.676813 28.225791 1.831326 8.964628 229.054095 247.052835 0.201613 18.170633 5.628864 0.520963 73.831618 9.002413 3.304514 0.073107 0.166935 0.319296 0.210825 4.823073 0.316835 193.851089 0.291856 12.707729 0.949516 25.248614 73.443263 3.288686 62.063332 18.934524 4.916965 
173.379745 3.460188 10.158244 0.117978 76.585135 0.234291 2.887764 18.086057 5.917364 5.031625 118.790564 1.190476 196.929351 68.009963 16.617838 0.547884 1.081347 0.441015 112.564039 77.488214 297.337044 67.641293 4.728440 1.792195 1.562741 1.238422 2.537421 354.201601 78.329146 0.642419 0.178050 70.580965 0.459182 2.775923 1.361951 438.988147 6.615188 11.739768 135.064310 2.180275 13.136600 55.278963 1.332788 0.521282 0.087646 0.123686 0.143679 93.457653 76.206438 87.832547 1.475869 164.622392 
357.293586 7.296495 10.230509 26.634052 4.166961 5.852463 6.946223 0.117046 51.416882 0.665195 181.979810 1.062484 59.009060 20.268220 10.285190 0.432784 0.109691 39.209153 59.039859 30.854991 307.605856 4.743367 40.465982 1.339533 0.131072 14.218164 156.963263 105.596146 93.447740 28.791677 76.921872 18.015103 0.445280 0.761964 10.567695 12.752688 4.932718 0.262634 56.287688 18.520486 0.066676 0.489004 4.652294 0.358911 8.814815 101.173852 55.033641 0.073553 
208.213414 0.108895 12.047460 45.111728 1.442301 0.311431 32.260819 1.087962 113.022085 0.239991 0.107139 21.983839 5.444575 12.103991 23.545992 6.987926 94.101655 0.454135 9.489317 3.833898 42.277205 1.806254 6.441331 1.808453 0.602292 9.360007 123.490373 3.272971 95.855970 17.368994 169.404973 71.439419 0.480177 13.841812 23.535931 1.128734 4.853679 
242.007552 0.066562 6.759293 27.403989 21.086600 0.089258 3.886580 19.807296 19.341321 2.225420 1.551266 207.476821 3.636672 1.464653 9.403230 9.494907 0.190484 1.916323 479.506119 7.178187 147.351537 84.297498 0.143672 0.776616 4.794946 184.617331 9.094439 15.872830 3.824257 61.856922 0.953425 70.425972 0.712295 65.379226 1.879481 3.449283 10.236500 60.067410 3.759862 1.583155 0.310103 
456.699616 0.560616 8.010893 0.208337 0.561145 0.100789 4.474687 9.349872 6.180237 0.768837 0.155925 31.820009 39.642155 2.095885 6.957081 48.252634 11.491357 0.644664 364.808746 64.531973 408.137214 147.413842 0.246407 2.694187 2.156377 38.558804 8.835444 17.506123 0.134814 24.435333 1.878650 0.051522 0.622961 154.160414 10.657648 0.235361 43.241550 1.501533 
3.225928 3.539515 1.690721 5.403560 84.900326 0.073283 0.266507 12.619462 8.168534 239.989173 84.705942 69.272785 0.177848 1.211896 58.735686 39.556784 5.007297 0.179283 479.683018 14.935777 268.559402 443.193121 0.409884 24.187614 3.007589 0.291010 13.338842 17.377420 20.921884 56.788856 0.270018 51.201772 0.764716 65.937659 2.526918 10.121169 0.105607 0.226429 0.161358 5.553802 7.569871 11.085397 16.604181 68.338713 30.643662 
14.542930 6.984389 4.250622 5.957861 128.219673 0.182758 0.373713 15.945793 22.081280 0.528166 7.829297 26.007063 0.375609 148.785526 64.053108 0.404746 0.359181 1.125181 225.188098 20.165438 213.404214 117.223039 0.486421 9.660431 74.252200 0.734905 145.025528 19.733078 0.208066 66.788561 6.796457 4.544400 0.457253 2.235686 
0.959615 2.489592 7.452935 2.745630 122.575644 0.092681 0.686987 13.065333 31.593567 6.474864 37.599261 5.111273 42.984465 365.155121 77.645961 3.169254 19.559745 0.138648 135.310556 1.009378 35.011800 117.916854 0.480045 9.429668 0.649910 0.748411 6.041865 2.997285 75.849179 0.300635 6.093005 37.530068 26.269728 0.279600 1.643690 
2.823540 14.847082 60.179988 0.196721 1.328226 0.324710 0.466167 19.112984 20.095341 0.978181 323.481483 571.475733 69.230876 12.230146 240.115173 1.472972 0.958116 0.979231 112.220764 8.243018 296.559264 222.757964 1.167994 77.645855 0.798480 0.641838 31.324202 5.653589 24.862394 0.082850 44.532426 12.737223 3.896724 10.595106 0.669120 58.362838 0.391256 208.199447 4.101166 29.997620 117.277263 3.141451 19.760934 28.469329 69.398770 0.604146 2.575679 0.606793 17.714453 
10.579429 6.127972 18.476144 210.862366 20.751655 0.252386 0.566173 11.506075 15.314292 16.639829 53.710673 1.844477 96.030535 14.353226 25.322558 8.301190 0.225100 1.856483 176.405456 5.108075 657.540543 36.113014 42.978924 61.139075 9.420695 0.828935 283.837317 2.493507 0.695743 1.442609 1.171634 3.941408 189.084440 277.105776 0.568493 0.341228 44.694551 3.815853 0.403237 331.598620 133.444352 0.281858 569.786876 2.720546 60.117646 
2.301737 1.165837 2.864533 72.892856 60.731581 0.114260 0.393035 8.553439 16.661522 7.608121 264.927694 731.343387 10.000808 5.232300 3.832675 30.005697 55.883226 1.507944 1071.671671 0.200852 271.449408 12.442284 206.026947 96.842519 0.120583 0.770087 193.256102 5.480278 1.253947 0.802681 371.397561 2.882405 9.544231 21.372893 
0.647131 1.634928 2.850760 5.054842 7.751624 0.126906 0.448654 12.327200 9.265749 8.160981 21.727240 31.973516 14.994423 1.745005 2.986970 0.209682 389.965189 1.404094 483.108920 2.629391 236.844226 37.239846 572.411186 14.519228 0.824619 0.752717 133.488380 5.354876 88.922752 32.155285 319.575496 1.804873 368.095886 1.355312 139.794431 0.772163 3.717510 0.108687 99.989614 12.688572 236.799226 11.710873 0.351878 110.568283 19.642944 0.367011 34.492610 88.757700 21.487059 
13.151221 6.737901 15.705312 19.353528 14.181593 0.193316 0.435317 9.723032 3.573349 57.309892 10.049061 30.543136 0.726859 0.538510 37.961543 9.702053 117.156012 1.537133 318.162966 21.811108 87.388324 65.867610 3.078047 13.151026 46.327293 0.771387 109.829801 0.198821 2.188829 1.298693 79.254715 8.572881 
20.996357 5.069814 199.307540 0.475164 4.784611 0.932857 385.077274 11.902421 42.899971 281.813759 0.495894 0.216137 2.148283 0.086412 1.803083 11.243177 714.932704 23.488681 625.279673 6.720949 68.990773 0.145808 112.534368 57.321358 1.286260 14.012783 85.062116 389.666051 9.367606 62.858693 16.696814 10.681067 8.605772 13.398058 32.717550 9.275221 0.568031 
37.481109 0.717023 1.282374 0.816686 5.236744 2.086548 5.768975 13.780275 103.552137 163.162885 0.121095 1.731653 1.546343 0.572687 4.427535 0.355505 14.111143 4.267129 262.119497 11.606080 244.309312 45.535360 536.223998 0.483979 622.278801 31.523147 17.847941 4.228922 23.104093 74.351854 3.238785 44.438521 148.598971 29.606045 2.225028 0.462023 8.875056 11.479804 54.676161 4.292520 14.220774 17.140098 1.186455 15.626038 3.038698 
260.484955 0.702154 10.597208 0.653235 3.991404 41.566313 55.540246 11.764690 0.348067 249.972338 0.182897 0.848498 1.839267 9.017522 4.270266 138.702014 251.882262 66.129265 506.371059 5.774520 504.500423 16.750334 30.515268 0.114576 232.620355 0.380085 25.497970 5.964790 0.060453 17.454162 0.290515 0.458056 4.585229 0.209891 18.885283 79.707238 275.783710 7.954336 1.162186 3.560905 62.549439 
1.396660 300.726338 0.215866 0.691445 0.046921 6.772948 60.430432 0.129243 127.783397 344.138793 78.255757 43.373163 1.563576 13.070831 0.060320 163.207905 66.131122 0.556135 204.685143 2.778702 78.881337 0.326338 18.486539 45.464252 45.307197 14.267931 6.684174 12.591818 0.044581 9.536071 5.218462 9.585029 5.453697 1.306774 32.211165 0.432267 0.197015 14.070211 0.078690 16.803536 4.820834 
252.118538 1.800930 0.405051 0.700367 0.202907 25.280990 13.206956 0.116085 0.359956 73.292843 4.176120 16.478375 3.197475 376.099982 0.076635 19.999093 58.002165 82.273871 235.587916 16.219513 97.819987 20.301980 0.184073 6.235235 10.313558 203.751137 12.389515 11.848785 0.306347 4.425444 9.234922 5.619311 46.477576 0.537628 0.503031 0.609729 6.772916 11.945799 1.580772 20.776171 5.781126 3.373953 28.292261 0.305049 30.607130 62.736012 
1.348409 10.408956 70.570115 0.634420 38.620407 0.537779 0.893957 27.501859 19.448153 267.660745 2.812888 32.900257 9.642155 155.890988 0.126780 6.273936 74.723807 332.926476 299.090277 12.002209 633.211292 106.443569 2.013337 2.128561 206.943101 6.037191 2.423318 3.486188 0.641759 0.183295 1.954099 47.934399 9.925534 5.682419 0.400496 118.262466 9.178988 12.580348 2.059028 0.681446 3.831992 40.497352 8.929366 67.308313 
12.332999 64.370677 432.792221 0.479637 0.115024 2.231896 0.147319 30.038796 23.741361 279.596231 0.489842 8.515225 21.514827 316.013921 0.245765 11.369198 39.079108 0.516332 764.188462 87.090190 158.500780 5.771710 2.460418 4.540025 40.612795 6.166332 5.390182 4.271047 96.331756 7.463697 
6.193279 67.752875 44.678651 0.486493 0.132016 0.163447 1.566300 678.197672 8.000946 74.021015 2.240743 8.738480 122.770238 2.172453 0.118131 10.025701 8.600881 0.741050 473.847970 40.343195 134.911517 9.942085 0.935046 30.093584 61.221778 98.663958 0.329140 25.412305 259.127167 11.225995 12.650235 4.723953 0.439848 0.518861 158.572748 0.826114 0.863257 1.245737 43.364174 47.548624 2.171947 14.834645 
12.464317 0.251173 115.050342 0.510559 0.265091 3.994582 4.785406 82.887603 19.147549 100.171146 219.027552 101.488379 8.560271 0.067241 1.159933 15.024993 3.446251 0.636909 117.017424 0.124688 19.952936 27.412090 1.174439 74.564169 51.363280 156.306602 27.414035 20.100059 
242.025526 10.580389 0.062115 0.389419 13.098270 0.469876 39.601977 317.484941 75.134430 0.138248 222.447729 0.169283 69.872467 0.059090 9.533978 12.499282 4.310331 272.431736 69.551229 12.889151 3.467140 130.198412 1.118011 2.133013 89.829302 364.924775 0.143619 9.107568 11.071386 8.694060 5.187438 3.407340 20.058808 30.693625 21.997314 0.084248 
512.923726 17.294209 0.169946 0.446953 10.971488 0.525707 517.720706 157.696525 36.141456 5.085503 179.779102 0.202714 284.215571 0.258920 25.788537 10.132792 1.770906 143.963108 396.516006 8.711866 64.582667 0.463164 1.767259 16.632206 16.112878 2.866430 80.944579 3.565863 1.152605 24.773813 3.142861 2.482252 35.945776 65.903654 5.702553 
260.122277 16.621243 0.214348 0.493977 5.528529 4.631828 1.513783 3.822724 26.579438 1.681488 119.921796 6.354624 3.216187 0.168804 10.934160 11.571024 0.590993 111.952027 237.681820 6.498082 92.949007 0.552492 26.251358 12.199568 119.958843 12.357740 1.284313 2.019947 9.456823 4.888165 25.738533 20.310363 4.785797 165.542486 13.011463 47.096948 2.804187 90.895292 0.605796 
30.091413 87.456791 2.246190 0.479712 2.258694 6.836960 31.996759 4.682193 75.155458 2.049708 14.769970 19.163461 0.556306 0.352080 93.044165 3.287356 0.574490 106.557488 298.029801 15.068997 14.228721 25.114495 33.168264 23.433161 2.657025 49.128092 3.765408 2.395038 1.412744 10.559110 59.910584 1.136959 35.365146 50.423248 0.252932 5.182275 3.355441 322.617949 0.685447 109.224020 25.715578 1.308739 198.683106 9.174724 7.420492 44.655391 25.322260 0.860120 8.047152 3.018011 4.351585 47.493972 
0.209284 21.856977 6.838184 0.170879 4.758853 396.535676 8.724157 1.373063 61.434770 6.978858 10.531717 3.366151 465.325492 0.120980 567.901529 14.850128 3.323287 144.901488 192.598926 8.072215 13.151161 0.300942 8.636676 12.651943 4.918195 49.619922 32.338613 1.941325 0.665513 4.307035 15.206645 1.900938 31.265913 7.452645 0.234312 23.327507 5.329151 0.376503 46.424147 5.416686 26.638565 1.232374 846.007949 0.292211 2.501288 321.356902 492.668393 30.249237 2.757429 3.146696 11.752941 
9.759313 592.050040 456.753328 0.152086 11.125267 252.928299 1.455309 79.587246 10.845221 0.235220 13.410050 73.410466 1.914636 0.258162 4.124331 5.434376 2.039080 631.581888 96.206340 6.008782 41.321477 0.534737 61.698423 2.266271 29.274124 0.266052 140.684192 1.511689 0.166193 11.562589 38.643547 298.473288 1.163233 0.488069 1.055132 3.663650 491.239386 0.971251 61.441841 12.374515 3.174667 174.380170 2.848514 0.725990 0.169844 63.664829 22.800797 12.416387 4.711011 1.207862 19.116419 23.239798 1.555140 1.309933 1.144318 
7.742256 64.850568 241.048741 0.343199 247.582798 69.699039 0.269753 1.689606 1.785188 2.072216 3.838801 181.955301 5.736536 0.250040 0.367204 619.418339 6.705294 420.080647 478.565037 7.739678 0.389000 4.671539 88.093872 10.781925 47.178160 354.909702 66.431908 39.077002 0.129701 5.653569 807.900598 1088.670191 24.444730 0.327739 14.142407 0.136731 7.855879 4.399617 42.234440 1.796732 2.923965 164.567224 7.199751 20.191701 781.482967 32.870776 51.561315 706.487346 0.748118 1.752233 1.604905 44.311678 1.940809 50.199160 48.937397 35.819238 
13.842283 4.444962 73.104697 0.460382 187.684557 4.724541 0.138187 14.092261 11.901860 4.817924 7.575133 225.434911 6.551957 20.116006 1.879626 7.088084 4.699617 1233.467248 365.471467 18.503140 0.937080 1.123627 61.015134 0.225123 0.158159 533.835661 84.588768 2.044800 5.918904 53.292968 58.098352 136.441980 76.133002 1.712333 22.902052 53.085627 4.155031 0.164953 5.262573 24.642705 0.897735 15.063703 6.703639 724.964349 20.749354 10.034135 1.763043 37.101625 0.159784 0.391713 53.187713 17.988483 4.522328 1.215931 9.160896 692.557226 111.932652 
78.885986 2.058939 49.075255 0.540257 60.847848 305.498977 0.152647 1.579566 430.096241 0.181200 7.014184 9.064337 0.889131 1281.601222 1.810906 1.755969 100.378552 121.053253 832.019495 59.283700 0.665609 0.310349 351.460886 5.656249 0.708795 0.155697 26.604919 10.223803 0.631569 69.803617 1.618563 63.270738 154.087629 11.188109 6.876664 301.434419 3.269506 6.845871 2.167932 11.215046 3.230280 76.947068 168.433321 0.832725 0.672014 11.719481 
185.134630 1.097027 39.324695 0.357701 7.090199 35.770749 67.907699 0.208609 976.582064 0.230452 7.984201 119.722310 8.548236 201.502243 3.643154 9.928547 12.583593 51.008178 102.788548 217.925781 0.165143 454.576448 3.729992 0.921491 0.385546 20.714217 27.794842 2.063298 891.993906 17.110133 6.270420 831.530105 190.359086 5.044397 3.051702 10.540591 2.298745 4.804488 13.270102 6.713904 
16.787179 1.935857 164.294217 0.199485 0.326174 0.144732 6.687552 8.569878 56.511547 0.192428 9.233417 246.608841 3.364157 14.883851 0.723005 12.471743 3.295752 552.357858 251.151487 214.661360 0.714838 0.513661 8.752139 1.654284 8.774136 239.652371 4.037980 2.056159 1.177750 316.934633 73.916664 0.646558 13.364680 20.905458 63.280370 1.038584 26.358625 0.529148 0.184425 0.374047 2.505126 25.982356 3.094923 95.865353 29.461084 0.358608 78.633922 340.215057 863.765832 1.205300 29.264200 3.125860 208.850777 0.443534 4.228614 4.007856 2.369175 12.458773 40.401302 
150.812883 1.197662 1051.661643 2.915427 0.254389 0.253080 0.167960 0.769374 36.357787 3.052130 37.577936 273.514713 14.999955 0.372374 25.202603 10.351840 2.485838 75.541381 336.863064 0.325270 0.856052 4.057857 10.934443 15.665810 334.711521 2.650924 5.793691 0.908163 130.590651 77.300149 39.907577 0.135444 9.792779 41.401812 64.384377 2.704038 5.497022 0.679674 67.968015 138.782138 0.906292 46.507460 1.290084 0.126812 51.358363 352.547958 
28.580525 14.643195 349.001377 30.021800 12.643447 0.901611 3.936170 0.160695 15.010856 3.189333 140.834274 404.997939 1.701798 42.354686 10.250054 11.824236 0.559745 21.688584 84.689806 3.334536 0.181988 0.165836 225.673093 7.332425 613.540193 21.286304 0.697723 0.756386 11.100444 37.679159 5.067786 18.121398 5.121776 75.632552 8.802750 65.260575 3.302527 0.794468 24.048077 2.409170 23.095273 771.716368 12.467082 2.245739 13.951841 
2.192476 37.233934 479.472048 53.310749 6.646836 1.914000 58.571821 1.270741 4.036607 3.711861 403.243000 300.743704 36.211678 1.218235 10.602867 1.578830 48.584757 2.483230 89.936002 0.800017 0.557830 5.728226 0.188448 8.328065 10.380809 4.245967 43.559745 115.538019 141.718565 60.851531 2.881211 
2.453997 7.753216 385.559284 11.500971 9.895269 58.179756 76.388374 1.044555 10.894013 12.792752 816.824655 7.849336 0.789816 0.153303 12.958058 33.942211 30.572612 103.388380 59.164969 0.726687 0.400453 2.326778 8.160578 29.066842 22.938299 4.805279 0.445211 81.869575 0.122009 7.253548 0.747717 74.717062 0.142273 32.874799 195.038933 5.427228 4.329383 
61.644297 0.904258 426.811489 0.729728 64.109206 6.799594 0.107734 1.580451 28.877661 0.499439 746.376623 0.545641 46.534493 833.034988 15.918290 7.787395 1.743105 64.364932 0.745205 0.769148 0.108261 1.303533 10.685633 147.433341 72.436534 14.822014 647.902895 159.190385 103.570952 8.051101 30.327536 
7.100132 3.339571 98.377336 7.095027 26.039542 60.026766 0.926976 1.717123 331.714203 0.428323 1058.523267 3.922010 150.800192 29.550880 8.886131 6.645255 9.177549 11.284444 0.192766 0.497029 0.211581 70.747481 12.385745 809.142517 8.187373 1.027210 59.075149 517.585549 80.641000 0.361617 20.260993 1.836339 0.750982 449.331595 118.325927 75.944491 383.331883 0.162829 8.659342 6.604581 0.463800 0.136093 13.127101 10.974758 
6.273110 1.190157 33.858336 23.688417 3.274703 75.194956 42.775875 4.483554 313.989236 1.656309 552.004712 4.994593 24.443218 1.001379 19.760532 7.288268 23.023957 1.062313 0.389259 0.442917 0.149375 69.707207 11.131843 97.782710 4.018913 76.490998 17.688795 211.681054 268.901526 0.086203 0.478526 2.377223 45.928607 7.943656 6.816478 8.628066 68.115680 86.504774 
9.012220 3.963396 9.406361 83.288924 18.456912 1.978556 43.958522 2.028585 79.470280 10.734879 138.066874 175.256946 211.337665 223.231643 53.453321 27.270237 2.725823 4.895281 2.654470 0.556230 0.225414 22.484989 3.525562 18.629705 2.539215 0.296287 694.165609 625.729010 5.521531 47.148625 0.465123 3.090127 0.481573 19.956197 116.871754 2.409217 13.343302 
170.992348 0.746825 3.741214 81.849811 80.647375 8.140260 10.023569 1.175456 315.947721 4.632554 296.453019 40.015984 0.505987 66.841437 10.013410 20.236566 3.006261 24.041276 4.548733 0.523833 0.235175 3.067145 5.930082 87.394372 6.471142 0.478267 74.349722 10.580957 227.360698 0.133033 60.913126 68.334700 14.093015 6.161844 4.587587 63.442790 4.485533 
164.868975 16.377403 6.394292 29.055906 34.011440 3.572085 5.938927 2.477431 83.447572 731.506704 621.398567 7.697465 0.368394 1.791830 972.875646 42.492933 222.521765 2.521186 20.845747 0.380052 0.420181 4.871930 1.672373 839.768764 385.433086 18.856527 29.837199 17.069547 0.832006 0.232964 0.639416 0.634795 1.603118 2.383531 28.330684 8.443924 0.236342 2.172366 66.606730 68.133326 12.313707 961.259424 297.872784 31.183883 59.470982 0.603078 6.472537 1.296820 0.942607 109.160866 5.229382 1.697729 2.449924 7.874171 12.851502 191.019708 2.655048 5.419423 1.227394 
28.155517 0.139010 1.376695 1.059185 1.703362 2.598050 9.726464 0.464740 464.068610 173.613395 131.285937 0.271999 9.870445 32.859863 128.968240 54.971842 377.514679 350.366183 5.551817 0.615443 48.571526 27.996795 8.652697 802.033098 6.108198 4.504392 1.046800 15.452168 0.316822 0.332191 6.284121 21.924565 0.613755 4.217429 166.509970 241.911842 79.420857 762.580858 56.544125 8.028218 87.648597 147.071563 9.754164 4.429852 15.817632 25.885078 4.739446 7.221093 144.782111 
16.200508 122.094520 1.589433 1.558206 0.966044 1.359951 6.332157 1.054357 12.518355 551.585323 326.618818 114.548598 31.936452 260.155609 0.329640 31.245516 1058.232563 41.604362 3.492641 0.755779 4.188647 192.030943 67.490801 57.318032 1.208733 4.592386 0.295515 10.030994 0.442903 0.281857 0.757443 105.405696 1.616533 227.989653 784.051987 487.843830 139.175544 0.310371 161.870068 0.168830 279.204884 12.661491 90.933096 0.750842 162.447443 5.932477 26.704311 4.490044 57.692793 
3.853027 8.626476 1.173794 1.159805 0.512687 51.334779 0.500523 8.340883 24.757449 296.896408 1007.769589 243.064256 69.676299 373.001755 19.425477 34.056526 609.262567 49.666892 4.018710 0.840591 96.628187 457.806004 67.752319 55.579066 0.114383 7.146546 0.177883 8.794708 0.707067 0.137275 9.181690 49.242382 0.850274 35.315892 126.632894 86.322627 1.837119 0.242042 1.836428 4.594699 390.118329 1.312384 
8.418741 5.725365 1.756103 2.419549 0.299003 1.269426 36.200406 64.397568 0.946191 463.521409 163.815928 1.485393 48.934762 22.971437 11.384860 17.151606 32.927048 0.697011 3.995823 0.177988 4.835737 0.196745 60.690296 102.164266 369.566605 19.005302 0.226758 17.782716 0.130368 0.207454 42.360578 93.618123 0.630105 0.327541 6.337521 493.110360 1.600565 3.312864 521.993569 183.883284 129.572768 11.944370 28.345826 79.840521 66.887929 46.309469 21.274048 2.281527 
19.612771 10.672128 1.953170 4.407483 0.657825 95.999743 76.569892 5.119575 0.311983 1.526402 490.044541 7.095590 151.961470 46.199846 9.159994 67.228976 43.617244 1.102191 87.758906 0.409390 0.114317 1.109938 63.768021 22.559035 2.548715 5.419367 0.104393 21.908096 20.595531 0.294934 40.885145 20.978053 0.597138 2.245956 153.374114 80.439998 0.699398 6.554570 4.332049 391.262571 2.442915 
5.719970 5.857496 1.116505 3.248368 43.232712 5.959612 668.590101 9.463618 7.352862 2.070387 176.703205 10.451903 2.361347 385.346995 44.374717 34.009497 276.537515 80.900939 47.920264 0.524698 1.203436 0.753150 61.347460 280.486471 2.131483 0.135910 0.105489 52.325878 6.806508 0.450716 24.387944 46.964268 0.489034 24.925856 0.316226 9.610654 82.013615 26.778247 44.747904 1.470221 7.980076 1.322428 2.172456 98.642359 7.491804 229.669791 13.415975 9.199524 8.965795 
1.007659 0.272315 191.619595 3.894261 82.738810 96.000434 3.521448 2.946531 0.512840 2.126922 1.825821 36.754301 78.062985 897.939448 493.010360 6.404280 552.272961 0.163238 3.403745 0.420131 7.135794 1.048344 569.304426 122.356835 38.174111 4.713879 0.120343 7.693263 177.894940 0.292025 14.608687 570.540336 0.530659 0.767751 9.092549 3.628780 420.330092 3.747910 86.297741 4.654637 1.710794 2.202455 2.152952 356.898040 95.141571 138.516125 3.489981 
116.581316 8.041163 358.534735 294.642577 16.607037 103.218058 147.113453 14.394726 12.745853 0.246303 3.544309 141.084112 150.781619 327.024090 17.371994 27.174238 196.984409 14.067940 2.926166 0.489858 19.704401 1.692867 10.277637 5.270970 1.031640 15.363442 0.156495 0.841275 209.875390 2.668451 14.396997 203.351835 0.586165 580.108117 13.440013 1.442460 939.375117 37.192835 1.342813 15.236578 109.909335 6.462756 4.114640 1.526309 1.271007 63.194835 0.549255 1.028719 19.206024 28.450886 5.930480 17.598547 7.166976 59.062078 17.338625 5.626797 31.398958 15.542362 1.103375 0.896421 
51.903272 6.480506 164.185962 40.725993 7.764990 171.021099 1.171538 43.167365 5.868924 0.582131 0.421653 583.060614 3.419306 42.985701 15.151369 0.236751 132.062291 472.771256 1000.295716 0.503226 0.264154 1.012234 1.542440 1.543052 5.888819 6.816219 0.103251 0.392469 402.399088 2.851742 75.731423 56.894378 0.580855 0.872523 10.810035 4.016826 177.745262 142.577957 4.749807 1.110873 21.624954 6.424436 
3.384873 44.864241 296.949430 10.937599 0.221385 19.026680 2.607403 6.419173 293.272785 56.336154 23.223186 2.866849 0.687974 77.676914 4.744557 0.346362 175.132689 77.859174 53.114842 0.536344 2.190977 0.396862 18.497933 2.064437 8.589402 0.753233 0.128026 13.923686 127.182989 1.633094 77.322647 950.381396 4.058309 10.837775 8.638907 204.531410 38.888064 0.265939 8.650281 12.422433 34.567985 1.531325 4.729553 4.754086 1.031127 6.912443 
0.512859 82.335829 358.743281 5.469325 0.242729 12.080704 277.360982 3.074238 12.174491 458.407575 0.674453 1.304159 0.133474 426.830711 6.702303 958.631133 329.231839 0.700333 161.714374 0.460404 1.311281 1.292713 8.220618 3.389586 4.468794 4.764256 126.484968 0.299352 88.500935 7.539885 63.089160 151.725645 2.528155 1.382640 71.482181 81.422799 0.535253 8.173319 11.327188 83.505367 6.477299 3.107606 144.527579 56.544093 10.957895 3.516300 11.829559 49.241028 87.929572 354.585408 2.801433 
