   0.048629 2258.540730
   0.049172 2154.942846
   0.047964 2284.166655
   0.048208 2103.474174
   0.048221 2053.150511
   0.048049 2216.251100
   0.048526 2261.484914
   0.048372 2180.026462
   0.048228 2167.379137
   0.048245 2223.510745
   0.048693 2118.100567
   0.047859 2212.634385
   0.048575 2251.550057
   0.048787 2181.655484
   0.048102 2187.860472
   0.047786 2273.752093
   0.048048 2216.000875
   0.047836 2200.420370
   0.048289 2096.862577
   0.048147 2172.876528
   0.047809 2142.524154
   0.048094 2198.142752
   0.048001 2175.248736
   0.047828 2212.520054
   0.048720 2210.684586
   0.048536 2255.154658
   0.048234 2148.643613
   0.048746 2270.423866
   0.047621 2287.597769
   0.048524 2308.963868
   0.048760 2299.778328
   0.047899 2253.485695
   0.047777 2220.945555
   0.048876 2208.609482
   0.048248 2235.842516
   0.048370 2206.507203
   0.048302 2214.161954
   0.048435 2084.354441
   0.048016 2168.050735
   0.048242 2205.616790
   0.048545 2242.068088
   0.048821 2189.085839
   0.049000 2221.183210
   0.049212 2148.513545
   0.049048 2205.130837
   0.049141 2271.302063
   0.049097 2063.402603
   0.048241 2192.567469
   0.048260 2217.481014
   0.048816 2104.877346
   0.047395 2269.328643
   0.048399 2190.222864
   0.048663 2212.487766
   0.048202 2080.029152
   0.049116 2218.916997
   0.048884 2103.383713
   0.048455 2177.372917
   0.048267 2203.964072
   0.048310 2156.021138
   0.048329 2177.611844
   0.048283 2180.963949
   0.048409 2221.719417
   0.048887 2199.070038
   0.049466 2257.128489
   0.049203 2232.336477
   0.048405 2232.713217
   0.049570 2236.704291
   0.048792 2155.729987
   0.049248 2189.315160
   0.049009 2139.473542
   0.048885 2194.143532
   0.048856 2258.973152
   0.048984 2244.000282
   0.047950 2172.747062
   0.049032 2196.669288
   0.049167 2157.883937
   0.048265 2280.450292
   0.048227 2166.383009
   0.047766 2125.727609
   0.049031 2115.040408
   0.048405 2194.431462
   0.048832 2197.345944
   0.047115 2198.727350
   0.047868 2104.145798
   0.049059 2175.039495
   0.048427 2143.070567
   0.048351 2151.055029
   0.048489 2205.325765
   0.048580 2223.504999
   0.049046 2228.642585
   0.048673 2139.007993
   0.049128 2269.627823
   0.049655 2230.127082
   0.048221 2266.341981
   0.047871 2130.129935
   0.048175 2204.987161
   0.048559 2169.327442
   0.047837 2366.274882
   0.047446 2108.001789
   0.048396 2148.032998
