-2.948138 -8.365029 -12.073239 -8.879074 -11.654601 -7.978428 -9.284745 -5.010739 -11.525780 -5.638798 -13.488867 -3.655089 -4.258898 -4.041238 -8.992613 -1.844011 -6.525379 -9.245918 -6.637076 -8.127849 -8.659086 -11.598671 -6.049239 -12.029677 -11.704302 -13.361523 -9.510347 -5.856912 -3.208656 -7.271584 -11.854622 -5.744083 -7.142835 -11.881704 -3.008436 -5.702409 
-3.080005 -5.173831 -8.564854 -9.636764 -7.722314 -8.209518 -6.904188 -5.015947 -4.218821 -16.092703 -5.365129 -3.517629 -4.557748 -14.990983 -7.930785 -8.588903 -9.559731 -9.245918 -6.859159 -14.065897 -6.278057 -11.306405 -4.502591 -5.678951 -12.691986 -6.588172 -9.519532 -3.162207 -8.732797 -19.360789 -10.629511 -9.169329 -5.617524 -5.382038 -12.887451 -8.604601 -5.231918 -4.316781 
-4.985597 -7.071817 -5.611898 -5.446941 -9.744678 -8.529478 -2.318364 -5.301514 -9.833209 -11.435937 -8.679142 -3.291817 -3.857318 -5.767033 -8.397450 -9.528709 -5.616699 -9.372416 -6.992937 -4.055329 -7.938917 -12.082140 -8.103434 -10.030605 -12.023683 -2.983953 -9.247018 -6.162799 -5.617163 -9.005920 -12.223971 -9.864670 -8.261169 -7.667739 -11.097041 -7.424975 -4.137802 -4.485690 -4.909014 -3.234633 -2.022211 -10.568381 -9.979299 -10.360392 -10.835629 -13.221343 
-9.179773 -12.877742 -8.136906 -5.605073 -2.456767 -7.306749 -1.481917 -5.412052 -8.216725 -7.082242 -7.740869 -3.306087 -8.438691 -3.767619 -8.292587 -9.818768 -6.766867 -8.944210 -12.309906 -2.587112 -4.401710 -5.122974 -8.178393 -15.360395 -12.563082 -3.278126 -11.108488 -9.376585 -10.767252 -2.533289 -7.884457 -8.804491 -8.851019 -8.218345 -11.242239 -2.214445 -5.646163 -10.580983 -7.391499 -5.455023 -4.773403 -7.059958 -14.778937 -4.138683 -9.527192 -1.583434 -13.140738 -5.168962 -9.107325 
-3.795727 -12.852180 -5.459203 -5.833598 -2.560543 -9.532327 -14.713645 -5.091472 -9.637403 -11.467311 -7.749303 -6.606133 -2.105371 -12.140381 -7.571828 -12.529723 -12.362946 -8.758033 -4.094346 -4.042443 -5.227211 -3.784044 -6.275741 -7.970732 -8.543319 -8.100485 -10.539236 -9.501964 -2.341701 -3.430090 -6.774935 -9.763146 -4.282053 -6.162411 -7.601109 -5.269561 -8.722075 -14.854685 -17.391990 -15.649261 -9.367796 -12.230897 -6.949262 -7.415811 
-5.350241 -4.549226 -22.879365 -8.715817 -3.109209 -6.937902 -2.266633 -4.883504 -6.715077 -12.341654 -7.352448 -6.830499 -9.641531 -7.815424 -7.578920 -10.836954 -7.584851 -8.073701 -6.872249 -7.262656 -7.676469 -2.766271 -10.692983 -11.419445 -5.560836 -7.684673 -9.353107 -9.176299 -12.871587 -3.053685 -13.630544 -5.921857 -5.374160 -8.249293 -13.532435 -2.916417 -6.578211 -12.203251 -9.081711 -4.437882 -9.008137 -11.507710 -4.623979 -12.143186 -13.715135 -5.894689 -5.803492 -12.172005 -15.037592 -9.419145 -13.396511 -4.229102 -9.326023 -4.913520 -2.875987 -2.311825 -5.171917 -5.628395 -5.536831 -21.756687 -4.908452 -11.829975 -3.641372 -10.134395 -4.046740 
-8.277560 -15.047891 -8.557478 -11.607231 -5.358739 -8.624843 -8.477360 -5.012725 -3.763851 -3.939789 -5.200086 -7.038446 -5.253164 -6.475639 -7.607642 -2.651808 -5.501219 -8.335029 -6.707595 -13.845852 -8.553478 -1.565951 -6.831556 -5.630730 -13.191899 -7.698353 -8.987403 -10.843936 -3.879758 -3.415533 -5.633332 -8.065382 -4.813025 -6.911901 -13.110561 -5.597174 -2.468441 -10.016858 
-9.420739 -13.311373 -5.573651 -6.384005 -6.372504 -8.301992 -7.040026 -5.012725 -11.362645 -5.587991 -10.593647 -7.263935 -5.805094 -12.379993 -8.065311 -2.246872 -5.864076 -9.556835 -6.563939 -12.690305 -8.942858 -9.548768 -13.496492 -7.098489 -4.300157 -7.218080 -9.303636 -13.347153 -6.848952 -3.370467 -5.699529 -12.736699 
-8.180909 -13.540674 -3.642495 -3.752519 -7.436882 -9.225730 -11.480479 -4.898627 -6.613016 -6.966902 -11.150537 -6.707256 -5.000914 -7.411433 -8.376850 -5.779071 -5.801955 -8.993273 -3.343671 -2.846835 -8.723531 -8.870708 -15.634782 -4.792475 -7.848408 -10.874755 -7.049981 -8.033987 -7.597439 -6.715044 -9.948231 -10.083308 -13.128671 -12.333259 -9.744292 -3.850844 
-0.947370 -9.316135 -3.026165 -7.778650 -11.971667 -4.989498 -6.254558 -5.432460 -4.193481 -4.922829 -3.734564 -6.579217 -4.878111 -9.314098 -8.452530 -5.873065 -9.633522 -8.998632 -2.829092 -5.409939 -12.407677 -8.551904 -9.752907 -7.395822 -7.065443 -10.748843 -2.100083 -5.509633 -6.580530 -9.335326 -11.778622 -8.526078 -6.275160 -12.217762 -13.960246 -11.366299 -4.584725 -6.663479 -4.439440 -4.050428 -8.669141 
-5.111690 -10.338914 -2.868749 -6.319415 -7.258918 -8.577074 -3.815983 -5.654896 -7.268938 -13.352093 -12.562213 -6.921370 -7.458502 -9.496743 -7.811079 -5.114958 -3.026783 -8.961543 -5.703136 -9.082613 -7.541163 -8.008765 -12.596042 -4.460547 -4.553635 -6.802034 -10.129416 -8.601704 -6.184654 -12.884869 
-7.314461 -6.678199 -2.835662 -8.608046 -9.773817 -7.478282 -9.003817 -5.669703 -7.842386 -9.368957 -12.745795 -7.038608 -8.366021 -9.160460 -5.060914 -5.706460 -3.618714 -4.066659 -7.050273 -7.947724 -12.083173 -8.132680 -4.333684 -6.281843 -3.273950 -4.592278 -3.685720 -3.658329 -5.938140 -5.814340 -6.704962 -9.995346 -9.071665 -12.047998 -15.056310 -14.382263 -4.529591 -10.505948 -22.652283 -14.478750 -3.149709 -2.062842 -6.899871 
-11.761174 -2.224816 -4.212822 -6.194961 -14.789845 -8.218099 -3.237376 -5.378164 -5.921424 -5.586602 -10.146796 -7.435865 -11.475042 -9.808406 -5.690379 -11.465216 -3.610615 -11.900550 -9.036253 -7.821802 -13.167951 -13.285628 -7.875075 -11.915382 -5.925955 -3.576947 -5.709541 -3.952363 -5.038433 -9.012611 -6.065072 -10.099281 -10.605102 -6.168113 -10.120360 -8.698526 -7.818540 -9.085139 -10.273075 -10.752893 -4.401986 
-9.668559 -3.126016 -5.520060 -12.635653 -10.482820 -11.416702 -3.438954 -5.378164 -7.068842 -5.898906 -10.431656 -7.141129 -4.802989 -10.162741 -5.176319 -7.261495 -2.660626 -3.953425 -10.047975 -2.509837 -5.315893 -4.164357 -2.328492 -6.248334 -5.036509 -10.798892 -9.707730 -12.485252 -7.914111 -5.002389 -5.723784 -5.968706 -17.003383 -10.639128 -14.035517 -10.452815 -5.919256 -10.180007 -12.953160 -12.695143 -8.155369 -15.314808 -7.119952 -11.538316 -12.921019 -9.139870 -20.138468 
-6.925036 -2.072638 -4.087729 -11.703165 -8.371293 -7.170876 -4.299158 -5.487364 -3.696594 -4.836246 -5.754453 -7.119508 -11.132526 -11.160802 -11.826340 -6.267182 -2.640455 -10.321054 -13.053166 -1.945047 -5.363673 -4.307997 -3.898686 -7.045723 -12.700166 -7.740074 -11.590514 -9.575514 -12.076302 -5.618803 -5.630762 -7.041592 -5.110719 -7.605558 -11.303929 -7.799482 -13.980494 -2.773348 -10.898067 -12.431202 -9.031288 -14.840670 -6.788357 -9.382824 -12.099693 
-2.936610 -2.859847 -7.562809 -11.785751 -7.563885 -4.428846 -4.482091 -5.006688 -18.543382 -4.398354 -4.856596 -6.690904 -2.849240 -11.160802 -3.878095 -6.412723 -5.680041 -10.873189 -6.233150 -12.464709 -4.322415 -11.605295 -3.450149 -4.438866 -11.144228 -10.649880 -10.110889 -6.779396 -3.879480 -5.985025 -12.592130 -13.283371 
-1.802042 -3.856287 -2.722250 -11.772796 -11.686707 -5.023336 -3.898937 -5.380565 -11.044457 -10.046201 -13.467279 -6.451035 -2.877878 -11.078185 -2.935294 -6.458164 -10.690011 -2.542875 -7.503000 -4.684435 -12.053639 -12.318514 -5.963041 -10.332370 -13.607767 -10.816157 -5.554370 -6.554865 -10.272803 -13.041397 -12.923416 -4.216828 -4.065565 -4.638904 -9.575525 -12.659892 -9.389379 -12.857751 
-5.930701 -4.649016 -11.949490 -4.126624 -14.754139 -11.913386 -4.481099 -5.289034 -7.589553 -3.451637 -5.289833 -6.250460 -3.195742 -10.575390 -7.939663 -6.351050 -7.605154 -11.331322 -6.413665 -4.846326 -2.426318 -11.557273 -5.422691 -11.795062 -10.378967 -11.874379 -8.540322 -4.120071 -8.772345 -2.832961 -13.210973 -3.424712 -9.269781 -15.028698 
-16.108561 -6.087188 -3.760142 -13.367791 -7.300629 -13.062115 -4.518571 -5.170457 -6.997962 -3.413535 -4.947752 -6.017000 -2.674360 -10.745477 -9.523675 -8.760801 -12.924201 -11.373447 -8.598288 -5.261706 -2.443717 -12.064424 -7.787429 -11.816008 -10.570178 -5.941539 -10.349551 -5.692166 -11.046950 -4.150451 -6.355501 -3.629389 -2.822985 -12.882952 -4.203736 -3.090792 -7.923173 -10.532162 -4.568672 -8.439117 -12.959361 -3.580016 -7.023470 -6.300784 -4.549928 -11.472136 -3.640946 
-7.137671 -10.499437 -2.765712 -12.456638 -12.937899 -16.254891 -4.477878 -5.135580 -14.698239 -8.106971 -5.835640 -3.738176 -7.724600 -10.053839 -8.005042 -13.688649 -1.888146 -7.216910 -7.924453 -13.204167 -2.549346 -11.800857 -6.698228 -6.468046 -11.905743 -3.278288 -4.483476 -6.719250 -10.546442 -10.479518 -1.898210 -9.161945 -2.436687 
-7.328990 -7.733933 -3.741949 -12.285197 -9.705088 -16.512426 -4.345907 -5.135580 -12.993461 -10.114016 -4.016355 -7.870000 -8.249259 -11.268217 -4.802024 -3.564245 -7.677358 -6.184048 -1.139862 -6.401910 -2.353546 -11.881791 -12.627574 -5.379299 -10.898840 -5.938851 -3.650221 -6.636209 -8.517514 -3.558762 -4.269653 -13.368228 -4.625362 -2.932112 -10.632717 -3.897674 -5.651650 
-7.248252 -8.273349 -3.945009 -6.044596 -9.114820 -16.312830 -4.294972 -5.302512 -1.547501 -10.505470 -14.098259 -12.589769 -12.895242 -9.653928 -14.435930 -3.868697 -6.164473 -7.271679 -4.389285 -6.432643 -2.552007 -11.971766 -10.087895 -4.292730 -7.970537 -6.921005 -3.870939 -4.041111 -5.447808 -13.326676 
-7.418418 -7.833310 -12.969041 -10.854772 -8.846160 -7.235768 -3.691760 -5.564000 -10.169392 -14.346500 -12.633529 -8.018783 -7.260918 -4.379736 -4.266550 -2.985818 -6.619815 -3.288594 -7.664415 -21.154744 -2.365450 -20.221526 -9.950434 -6.360051 -11.010640 
-7.288988 -7.511073 -7.024356 -14.104717 -8.807877 -3.192694 -3.590779 -5.587397 -5.282793 -9.444357 -13.649941 -8.277523 -22.463410 -4.963206 -4.202323 -2.288375 -6.371452 -3.830927 -7.971541 -6.064865 -2.259447 -3.812756 -8.986347 -12.379097 -14.554562 -13.557411 -7.106376 -9.306465 -5.239239 -13.340693 -4.118869 -9.720414 -1.420363 -3.051926 
-7.347873 -8.501784 -13.559050 -12.942382 -11.858357 -6.189225 -3.344988 -5.734072 -7.089715 -17.499587 -13.923290 -6.498935 -3.761024 -19.165454 -3.042083 -6.556927 -2.272009 -3.775435 -9.014396 -6.776450 -4.399277 -4.531548 -9.068697 -6.178308 -8.894134 -7.234236 -10.634934 -6.510995 -5.779946 -7.045341 -2.868846 -8.554711 
-6.701842 -13.267722 -6.031498 -2.796916 -2.981373 -6.588540 -7.878173 -5.488935 -4.254752 -16.807451 -10.215939 -12.162313 -7.871072 -8.233009 -3.373249 -5.526011 -4.727524 -7.598727 -8.613089 -6.476930 -7.109304 -3.542038 -9.418850 -12.538067 -3.930413 -8.022268 -7.578897 -6.120959 -12.116751 -3.395893 -10.300143 -9.361341 -9.900573 -10.196674 -7.114206 -14.181703 -3.558683 
-12.503700 -13.686761 -3.951613 -2.528556 -2.272178 -11.154521 -11.098734 -5.746145 -5.277004 -15.457089 -11.248440 -11.355879 -9.128551 -8.661228 -12.050817 -4.694764 -7.634387 -7.767493 -9.310269 -8.662232 -6.905870 -3.717727 -8.876194 -13.840448 -3.153952 -12.930112 -8.709696 -6.877119 -5.001348 -12.734974 -6.460582 -6.011946 -2.458956 -10.053757 -8.094849 -4.866078 -5.930954 -7.136796 -7.030880 -4.021851 -2.897237 -5.843266 -10.492556 -13.117377 -14.080045 -13.259768 -6.871134 -9.390095 -13.667272 -5.721337 -12.052944 -12.787753 
-4.239474 -3.720376 -10.467490 -2.868486 -6.871076 -13.609841 -8.340579 -5.294344 -15.080732 -6.002829 -14.649546 -6.986686 -2.050679 -8.781165 -1.586101 -9.469797 -6.103762 -8.011546 -9.760933 -5.216564 -6.153155 -4.806493 -7.596402 -9.353417 -3.544381 -2.592381 -12.260678 -6.848806 -10.800466 -4.448183 -6.526436 -9.490521 -13.227962 -8.594317 -5.643569 -9.545603 -13.429264 -5.771396 -5.611786 
-14.410126 -2.905978 -4.287502 -3.466392 -10.180142 -14.045823 -8.280065 -4.915912 -6.630516 -5.593315 -10.129442 -7.529044 -7.413854 -9.418443 -12.967850 -8.391403 -11.117344 -7.920061 -4.456721 -6.075015 -5.038969 -5.893313 -9.743701 -7.653377 -3.904752 -3.021929 -6.337293 -18.293093 -12.719697 -2.256813 -4.255313 -13.367371 -10.458211 -0.926905 -10.877036 -11.169214 -2.169517 -5.186367 -7.612162 -8.444091 -7.360177 -12.627632 -7.659906 -6.707896 -10.884508 -11.900118 -15.043535 -7.722900 -9.615990 -11.269423 
-7.572919 -2.906773 -8.432296 -3.466392 -9.655944 -7.100337 -9.688835 -5.117029 -12.313273 -5.116238 -7.306454 -3.946560 -5.283973 -9.013941 -10.851861 -2.592956 -9.952902 -8.384401 -14.326038 -6.257139 -4.786459 -6.230535 -2.038412 -6.105129 -3.775072 -10.338359 -8.053496 -19.514378 -6.889259 -2.212798 -5.460318 -10.257961 -6.400495 -7.745276 -3.300362 -4.801456 -9.565535 -14.950758 -13.522903 -6.941756 -10.977575 -6.831872 -12.847309 -7.497194 -4.054722 
-10.562449 -4.489359 -5.887390 -6.948752 -13.325144 -5.298103 -8.947180 -4.919518 -12.884155 -12.622795 -5.797128 -4.480941 -8.297626 -10.699800 -8.281060 -5.491985 -10.429265 -8.048682 -15.576511 -6.342796 -5.774643 -12.337019 -5.636472 -5.093040 -3.751030 -6.023032 -8.587550 -0.997698 -4.542164 -2.566177 -5.344458 -4.609004 -7.139860 -6.180810 -8.801072 -2.612699 -14.772827 -11.654335 -5.949129 -8.247685 -5.582991 -6.321508 -3.885016 -9.857942 -5.767771 -12.211224 -5.999234 -10.592821 -11.707142 
-15.672923 -7.612992 -8.846261 -9.857814 -6.161945 -5.556793 -9.148311 -5.032333 -5.847074 -1.518380 -13.493574 -4.889655 -11.343441 -11.342586 -9.156078 -4.294315 -5.070659 -7.743900 -16.711833 -5.257224 -17.929574 -12.222173 -11.209268 -5.048001 -3.773661 -8.282485 -12.473009 -6.892957 -9.653887 -3.079806 -15.478072 -6.614553 -4.109326 -9.487314 -6.674503 -2.369924 -4.264774 -8.771734 -6.618617 -10.268352 -6.329897 -11.272516 -11.467418 -4.968727 -12.443119 -4.337210 -11.432019 -3.793241 
-10.692733 -6.352796 -10.017284 -12.779987 -4.628060 -4.841394 -5.047954 -5.498224 -5.378507 -7.634726 -4.307523 -7.188741 -5.168153 -9.161189 -8.621263 -6.848935 -3.658250 -7.524974 -2.796224 -8.714266 -2.680851 -12.760751 -5.208164 -5.621955 -4.256449 -2.689936 -9.795137 -3.819994 -13.321570 -10.778278 -8.233708 
-12.218245 -5.446983 -11.415211 -5.697219 -6.160530 -5.204349 -12.887298 -5.109441 -5.000044 -8.505178 -3.779978 -7.895432 -6.208871 -8.149570 -8.354799 -2.226917 -4.845724 -4.401540 -3.630998 -10.149786 -2.232111 -11.979394 -6.167101 -4.896043 -3.944261 -6.666558 -4.191922 -6.822837 -5.829066 -7.072221 -5.113680 -11.396626 -7.429011 -6.323447 -11.790888 -7.916087 -3.487359 -3.999387 -12.959145 -2.811902 -4.379263 -10.938065 -4.289494 -5.886830 -6.857833 -5.003958 -6.074488 
-8.996086 -5.446983 -11.298324 -12.228441 -9.322674 -8.230112 -13.458103 -5.109441 -9.470986 -8.051692 -4.030482 -6.476716 -11.459027 -10.261768 -9.378155 -6.086163 -4.330070 -8.244411 -3.690981 -8.747003 -6.052612 -3.383478 -7.824537 -13.017700 -4.465892 -13.313088 -10.700623 -6.938516 -6.276002 -11.979257 -4.189238 -7.005992 -7.458376 -7.338927 -13.774093 -1.255128 -4.375198 -6.485501 -14.201960 -12.001926 -13.449805 -12.297118 -7.677406 -4.530924 
-8.286118 -5.980218 -6.331769 -2.311015 -9.712350 -9.816793 -9.672924 -5.316798 -2.440911 -8.224973 -5.034613 -5.401341 -10.484708 -4.292808 -15.318948 -11.473269 -13.559392 -8.254721 -11.043098 -8.951798 -22.913630 -14.961156 -7.576347 -12.851478 -4.347880 -8.131502 -10.004588 -7.273546 -4.182574 -12.463916 -7.074638 -14.830766 -7.638300 -3.758456 -3.122032 -11.151478 -4.126869 -2.623674 -4.863192 -9.136322 -6.925760 -7.098413 -3.878684 
-4.022008 -6.640540 -6.692401 -6.746307 -13.159579 -6.195138 -6.441526 -4.581171 -2.533432 -3.724534 -5.108294 -1.747967 -4.763710 -12.262903 -5.833643 -11.421703 -10.477344 -5.028510 -8.665162 -7.556294 -12.051027 -13.866998 -8.094889 -9.817634 -4.393771 -9.943942 -7.393574 -6.510901 -3.978972 -11.277139 -2.362213 -6.808299 -1.332925 -8.955685 -3.274329 -2.270215 -8.224306 -6.027688 -8.089492 -13.756199 -11.003761 -19.162193 -10.569742 -6.465037 -12.274911 
-4.362136 -6.176880 -6.270402 -6.197291 -12.151097 -6.459002 -4.971209 -4.839568 -3.517865 -11.262040 -6.373762 -9.261691 -4.906078 -11.478543 -11.055213 -5.954305 -4.443200 -19.379361 -7.761446 -12.073415 -11.744038 -9.518119 -6.845164 -12.976554 -4.341492 -8.261768 -11.273071 -7.112030 -3.940889 -6.929106 -6.543304 -2.058749 -22.843044 -13.744872 -5.335079 
-2.939165 -6.618464 -4.178704 -4.197942 -5.307030 -8.005609 -9.217416 -4.746312 -3.517247 -11.597250 -6.565125 -7.964542 -13.983384 -5.122577 -10.432671 -12.972142 -8.957343 -4.918626 -8.328768 -6.599242 -5.028323 -12.853251 -2.841692 -11.440832 -14.120583 -9.074308 -13.385920 -5.779690 -3.030699 -5.809607 -4.005529 -2.868374 -11.045136 -3.931542 -12.887692 -19.303405 -6.684703 -0.914192 -14.000824 -7.893911 -11.611703 -8.061290 -5.271099 -6.814645 -5.947574 -3.827106 -6.548704 -4.539735 
-2.725325 -7.343248 -5.464320 -3.816891 -2.378581 -8.998040 -5.073986 -4.625521 -8.258344 -1.532928 -6.329004 -12.520330 -4.506162 -4.679641 -9.798977 -10.950990 -5.640931 -22.568956 -13.976557 -14.648389 -12.702715 -10.218527 -13.408715 -3.658712 -7.593793 -8.262609 -13.671809 -7.143907 -6.652189 -9.634255 -2.796712 -12.227444 -7.708275 -6.511066 -6.709559 -8.013358 -3.983726 -3.343300 -11.896480 -8.216159 -4.938753 -9.146534 -8.006492 
-2.916074 -6.843213 -6.201671 -7.702438 -3.754663 -8.656952 -4.225440 -3.620078 -4.965539 -21.989574 -6.390770 -10.738773 -5.906823 -12.464731 -10.171549 -7.313997 -18.788795 -3.131871 -4.271076 -7.939208 -5.002259 -2.475284 -6.848636 -8.760489 -4.104207 -6.292735 -13.841210 -5.490341 -11.703459 -4.867652 -13.140839 -14.496494 -8.457676 -22.214528 -4.640230 -4.652385 -9.065719 -10.528141 -13.077838 -4.714652 -7.214632 -7.912459 -7.104717 -3.903605 -14.386959 -11.892606 
-3.239436 -6.673876 -19.452109 -6.036808 -5.609930 -6.607108 -4.225440 -2.802434 -7.195932 -9.563218 -10.063917 -15.201643 -7.121252 -4.314747 -9.800594 -5.220237 -8.955400 -13.356667 -7.761281 -11.407847 -5.044805 -2.453347 -2.927676 -3.973780 -4.245016 -4.747153 -14.177712 -14.080045 -4.032263 -3.380504 -8.025224 -10.242941 -14.382734 -15.243980 -8.394103 -4.944516 -7.645104 -8.510098 
-3.880060 -4.599216 -3.302341 -6.088541 -4.895330 -6.226784 -4.135403 -5.944050 -14.673761 -5.837540 -14.886124 -8.572723 -7.184221 -10.255544 -8.587134 -20.526297 -7.338209 -7.161023 -8.312614 -3.832646 -5.044805 -2.759560 -2.966593 -4.957264 -7.113577 -7.528909 -7.522028 -13.593290 -14.045579 -12.168997 -11.846744 -9.563561 
-4.291266 -5.679045 -3.108609 -6.737150 -5.106136 -8.741462 -4.426696 -6.391348 -22.627814 -7.193914 -7.704102 -7.663191 -7.867063 -7.910975 -8.873715 -10.106821 -4.923223 -7.293739 -4.636696 -4.161893 -5.385798 -2.523307 -15.425014 -5.780964 -13.589872 -3.773117 -11.119606 -14.710448 -10.079032 
-4.852062 -2.034315 -2.917996 -7.017480 -9.143465 -6.598519 -3.434896 -4.585025 -6.273594 -8.450646 -7.521140 -4.485522 -8.725137 -7.278676 -4.248480 -8.369485 -7.668468 -7.364329 -5.964162 -3.564928 -5.202148 -2.222619 -12.594624 -5.293077 -11.976003 -8.139893 -3.914077 -10.683068 -9.659945 -10.616108 -11.546725 -6.448812 -13.289599 -15.378551 
-4.530855 -8.437354 -3.401038 -5.611849 -10.265816 -8.627573 -4.125800 -10.377003 -8.698340 -8.671985 -8.377016 -10.902286 -11.241253 -7.899886 -11.780525 -8.700367 -12.985590 -7.238660 -5.379325 -5.617158 -5.232636 -3.110412 -5.291094 -14.732019 -14.112034 -7.823977 -9.461680 -8.139595 -9.617912 -7.025474 -3.903341 -8.046353 -13.101310 -2.115742 -13.628409 -4.451395 -3.309601 -12.639855 -10.782798 -7.297842 -9.242411 -12.875106 -5.999456 -6.202085 -4.918806 -7.733243 -2.186085 -6.433898 -13.915770 -13.118950 -7.879821 -5.917761 
-4.733807 -1.767640 -6.908040 -12.667020 -11.109108 -6.381123 -0.853288 -9.609569 -10.065413 -8.999441 -12.998975 -10.851508 -6.689831 -7.986432 -5.125396 -1.520368 -21.196783 -6.662888 -5.585076 -5.236867 -4.893052 -3.238604 -6.389439 -4.296393 -2.844836 -21.211023 -3.932212 -3.775632 -9.661396 -6.993574 -4.129087 -1.300609 -12.041549 -5.834647 -7.289462 -7.156124 -3.448325 -1.450758 -5.170810 -7.781220 -6.843283 -6.847128 -6.868183 -3.531409 -6.136236 -8.065386 -4.634433 -9.204817 -8.229232 -3.717165 
-4.090990 -6.412284 -8.250062 -14.810734 -10.736419 -5.953008 -5.391051 -12.094683 -5.406013 -9.329756 -6.892365 -8.043199 -4.016968 -7.887388 -3.927250 -3.088161 -15.284301 -6.664933 -5.578304 -2.639605 -4.849022 -3.508855 -5.091336 -6.085944 -14.746103 -4.294143 -4.027742 -6.852709 -9.616182 -6.942018 -3.892298 -9.120458 -13.058109 -7.151150 -6.525451 -3.764790 -13.678977 -2.790358 -3.526936 -3.924146 -4.700718 -4.310756 -5.137635 -11.045921 -13.037983 -5.260991 -6.639172 
-3.904497 -14.210294 -7.207282 -6.137363 -10.164663 -5.560678 -14.903493 -11.154534 -1.739552 -8.631266 -7.316662 -4.150181 -3.705934 -7.998560 -1.514483 -4.674271 -8.395336 -6.366307 -7.221613 -2.496954 -5.198528 -5.966609 -3.492639 -10.109420 -10.134603 -12.935898 -2.503615 -12.748108 -14.424539 -7.909982 -3.856937 -3.963945 -15.000997 -8.800790 -7.640656 -13.266278 -3.061070 -12.847493 -4.832692 
-3.997066 -10.940672 -5.657320 -8.190383 -9.611647 -4.566867 -13.516542 -7.323650 -11.236234 -8.857682 -14.232173 -8.109393 -7.717182 -11.159487 -3.850059 -4.965825 -8.673850 -9.423563 -7.606442 -2.717195 -4.918846 -10.260715 -14.180545 -3.707779 -3.492918 -13.665585 -7.765725 -11.823378 -8.517301 -7.697827 -3.795673 -5.860016 
-3.407637 -6.609515 -6.541123 -6.464745 -10.401352 -5.964184 -14.794119 -6.627685 -5.647157 -5.143961 -3.777251 -6.118064 -7.392619 -14.760392 -4.563740 -2.524866 -7.449766 -8.990262 -8.994653 -2.639308 -5.137422 -9.182338 -13.378064 -6.361689 -9.652345 -4.404415 -3.721889 -12.172072 -10.249986 -7.233326 -6.935551 -11.761933 -11.840093 -7.405525 -12.431818 -12.150621 -8.373594 -10.606333 -4.069703 -12.480280 
-3.309260 -15.168045 -6.336622 -12.363746 -10.271168 -10.048395 -7.462594 -6.499541 -12.047551 -3.965705 -13.514018 -5.553113 -5.001104 -3.844823 -9.803331 -11.501358 -6.709717 -8.027852 -7.318893 -2.904551 -5.317335 -15.376203 -2.611308 -10.669130 -5.943765 -6.991684 -3.153612 -12.082570 -8.955808 -9.230780 -4.859301 -5.083824 -13.592726 -10.182716 -12.637983 -10.079357 -7.122712 -11.335577 -8.391537 -11.561270 -5.126893 -11.432141 -3.624923 
-3.871484 -13.886420 -6.245783 -8.697044 -10.394290 -6.231436 -10.226380 -6.376708 -5.683165 -6.900298 -8.204421 -3.718925 -9.974358 -2.161513 -4.248493 -11.872381 -7.005521 -12.576509 -12.269940 -9.904761 -5.549071 -4.299468 -4.346196 -14.159659 -10.919607 -9.360536 -9.886885 -5.726136 -7.870774 -3.916785 
-8.141516 -7.829437 -6.431079 -4.566926 -10.324554 -7.998758 -4.084991 -5.859046 -3.650782 -8.015620 -3.731721 -3.034070 -3.643350 -7.859655 -4.282001 -8.445293 -14.402762 -6.129739 -12.306486 -10.200271 -5.716863 -6.060693 -2.915298 -9.103315 -7.980618 -3.073679 -4.162723 -7.724053 -10.351699 -13.058088 -13.013213 -5.998121 -4.111528 -3.967601 -15.011995 -7.805918 -9.807239 -8.404128 -6.033375 -6.700974 
-3.012557 -8.435855 -6.462756 -6.352271 -10.324554 -5.357685 -6.833869 -6.339134 -3.968889 -6.974149 -11.374976 -11.415592 -3.461515 -6.854623 -5.390351 -7.944027 -6.571022 -12.848039 -12.313219 -10.200271 -13.400606 -9.010034 -3.598374 -8.748950 -2.859883 -14.764671 -13.896691 -6.501101 -10.435606 -12.082542 -7.242612 -11.925528 -3.807138 -15.297086 
-2.799081 -9.387615 -2.795437 -5.724789 -10.324554 -5.266470 -6.579175 -6.350961 -3.658828 -9.614674 -3.126981 -7.983484 -5.054300 -5.946715 -11.925244 -11.660090 -9.162878 -5.507144 -12.309212 -9.612761 -9.004434 -7.344394 -3.581882 -6.869189 -3.279867 -2.769128 -11.863360 -6.639784 -8.803036 -4.070764 -3.422264 -11.415089 -4.612085 -13.474789 -12.051377 -5.970491 -8.217205 
-3.229190 -4.954411 -7.805448 -6.476722 -10.370141 -5.683375 -4.751824 -6.418667 -3.588375 -9.907236 -11.298856 -8.058031 -3.121202 -11.895953 -12.359527 -10.045161 -7.123354 -7.265426 -6.179686 -10.532549 -7.627958 -4.921679 -8.611871 -12.373599 -12.044853 -4.996351 -9.011164 
-2.147523 -4.900247 -10.435209 -9.261624 -9.990257 -5.382523 -4.712460 -6.576056 -7.251471 -9.337218 -6.409958 -10.479961 -3.198747 -7.066748 -12.227943 -9.864659 -8.048273 -7.333765 -7.350910 -3.325178 -12.622502 -6.243614 -14.602480 -8.493999 -5.419031 -5.963446 -9.210275 -10.605788 -14.915711 
-2.723349 -3.410728 -8.474913 -9.431387 -10.025016 -5.131509 -5.191174 -6.791374 -12.470418 -8.825642 -9.035306 -12.603277 -3.609276 -5.238158 -11.935444 -4.313554 -6.976637 -6.480293 -8.419018 -8.837354 -11.707271 -6.559450 -5.754226 -11.612397 -8.385993 -7.816446 -9.019098 -10.698000 -5.394289 -4.091585 -3.734538 -3.253788 -8.241313 -4.299926 -6.117599 -2.900897 -13.399238 -7.168263 -9.392282 -8.602401 -7.825963 -15.583564 -6.054417 -2.713949 
-3.907616 -1.278576 -5.880698 -6.217411 -10.025016 -5.231348 -3.612177 -5.950085 -7.236944 -8.306223 -10.306571 -2.751630 -8.819519 -5.904398 -12.235564 -4.540514 -6.979161 -13.394473 -7.379790 -5.871702 -7.626631 -6.167798 -5.589165 -7.830589 -2.986423 -8.779077 -13.876601 -3.761051 -14.013857 -4.794975 -4.171064 -5.069478 -11.353189 -4.667021 -15.685076 -14.317388 -5.442743 -13.752155 -6.535982 -13.734571 -7.560202 -9.952313 
-12.623832 -5.835444 -5.514647 -5.094504 -10.025016 -5.003759 -3.708952 -6.754356 -7.739883 -8.629540 -9.812315 -3.717512 -11.397356 -7.412196 -12.390441 -3.215897 -3.048244 -6.424057 -7.812000 -2.278955 -10.993802 -6.015476 -9.812432 -8.845724 -13.603310 -22.095870 -8.027340 -3.429457 -5.651578 -8.868069 -8.163374 -5.643611 -3.793588 -12.503663 -4.629744 -3.684732 -8.032632 -9.558230 -6.394876 -2.406585 -7.025701 -12.523696 -4.990679 -5.308747 
-7.173393 -6.848609 -7.958883 -18.712921 -9.760123 -5.089494 -3.837588 -6.473644 -7.321441 -8.254276 -11.252874 -3.453844 -8.875809 -7.827926 -12.390441 -4.859667 -11.202953 -12.944133 -9.171688 -2.187802 -12.058530 -7.233752 -4.977409 -2.764147 -9.671846 -10.073630 -8.129893 -4.750822 -6.916951 -7.796149 -5.745573 -10.955593 -3.397508 -19.473601 -18.422486 -7.833268 -1.587939 -8.198644 -7.329255 -12.137119 -13.366424 -4.540478 -2.594194 -3.808798 -4.578653 
-12.598698 -7.425372 -6.336398 -5.105834 -9.760123 -5.197775 -3.831810 -6.516822 -6.282444 -8.429830 -8.237339 -2.076934 -7.815318 -5.567639 -12.357065 -5.903521 -10.330408 -1.903472 -9.195000 -13.927013 -13.437908 -14.357346 -5.664940 -2.897677 -1.757568 -8.582628 -8.243915 -9.392311 -9.768527 -8.772135 -8.737234 -6.129295 -2.933934 -4.493734 -6.775482 -7.892533 -13.873694 -1.611739 -5.433608 
-10.320599 -5.378659 -7.804872 -4.538186 -9.599054 -5.113448 -4.239231 -6.829015 -8.598151 -8.539623 -5.665876 -2.237000 -6.094092 -4.805352 -12.539402 -6.181188 -10.999286 -4.963526 -11.372747 -3.483133 -7.818472 -13.445361 -5.971858 -11.267295 -7.872070 -4.027985 -8.432659 -4.568262 -9.330289 -8.270457 -12.714073 -2.263726 -8.148192 -5.666450 -5.739319 -8.356216 -4.796484 -8.778339 -11.778107 -5.051668 -5.858334 -12.332062 -15.099479 -10.268286 -8.371427 
-4.281908 -11.784535 -4.970912 -5.357618 -9.599054 -5.109029 -4.219077 -7.098167 -6.549575 -10.700540 -10.018704 -2.290567 -5.123269 -8.024180 -12.447375 -6.265498 -8.312530 -3.991857 -1.924610 -7.172707 -14.664911 -6.355469 -5.997623 -11.428005 -8.695812 -21.918477 -3.691760 -8.119035 -11.454295 -12.179468 -1.667265 -11.183061 -12.289228 -14.126533 -7.062409 -5.788234 -13.889217 -4.755087 
-7.062600 -11.180156 -12.287945 -6.281673 -9.450350 -5.529973 -3.761119 -10.579073 -2.858292 -11.565369 -5.727275 -3.500125 -3.522732 -6.696589 -12.382955 -13.570046 -3.283516 -7.627376 -8.175407 -5.182898 -9.651530 -9.618557 -3.837965 -13.396226 -6.897020 -4.588622 -6.737320 -7.571997 -13.929289 -5.337216 -4.040708 -7.637468 -6.416230 -8.622023 -11.304318 -4.641484 -15.648655 -4.591690 -21.480815 -4.610814 -1.710837 -8.257904 
-7.089732 -9.406277 -4.294659 -14.348450 -9.450350 -5.410401 -4.158230 -5.451557 -9.838890 -10.275331 -6.138316 -2.826073 -2.923565 -5.688751 -12.465710 -14.209300 -20.840574 -6.756654 -8.839070 -3.606161 -9.465956 -12.030250 -3.775981 -3.735763 -10.666109 -4.652055 -9.827734 -9.960927 -12.358632 -7.597532 -4.891250 -2.571053 -6.717162 -11.484545 -5.586431 -10.195302 -3.327220 -10.747544 -12.611414 -13.744587 -9.098575 -3.145619 -11.448917 -9.372086 -7.128966 -4.831049 -2.842748 
-7.272402 -22.160294 -6.681057 -6.236489 -9.333889 -5.408538 -4.154819 -2.572903 -8.767330 -7.434124 -4.659417 -2.765396 -2.791754 -7.165859 -12.610582 -4.218123 -9.609983 -7.222865 -11.962939 -13.731506 -8.792879 -15.056531 -5.068031 -2.777339 -11.385126 -4.041868 -10.297404 -3.842610 -12.037036 -9.109402 -13.132588 
-7.349361 -0.943517 -18.709356 -6.460499 -8.975594 -5.413722 -4.314200 -3.094929 -14.976392 -9.450353 -5.563784 -2.655843 -2.876352 -4.481415 -11.920255 -8.476209 -7.426657 -9.783299 -11.335237 -11.066947 -5.177812 -7.850442 -13.625798 -9.312001 -7.224956 -4.421168 -11.116438 -13.778045 -6.536358 -12.657159 -12.212742 -6.223028 -8.133488 -7.800900 -13.688682 -10.638334 
-7.353536 -9.516439 -8.817052 -6.228510 -8.975594 -5.456593 -4.314052 -4.856464 -3.037322 -5.244076 -7.948393 -2.758699 -13.666235 -10.862213 -12.063667 -5.474344 -12.405686 -11.466023 -8.977525 -3.403725 -6.223972 -7.801844 -10.853659 -3.536031 -8.280161 -5.060858 -4.070511 -4.386122 -5.182067 -11.247033 -7.477368 -2.735020 -5.414109 -10.534942 -3.770139 -13.856554 
-7.668938 -9.045094 -9.873070 -6.246174 -9.157640 -5.352062 -4.411616 -5.115468 -5.234940 -5.165777 -6.983277 -3.435894 -5.243199 -9.135818 -12.684628 -1.155943 -6.154873 -11.444925 -8.391116 -12.376959 -10.367542 -7.898618 -11.624128 -4.014606 -7.529728 -6.038886 -8.120471 -9.015875 -8.771842 -6.549195 -3.140878 -7.103666 -9.352197 -6.539974 -5.804580 -7.056341 -6.098388 -6.763278 -13.994207 -5.740231 -9.833793 -9.054184 -5.738824 -7.350515 -12.349121 -4.110017 -5.505807 -4.072481 -11.156047 -7.570826 -13.116738 -6.611335 -7.582173 -5.272805 -14.819075 -4.506890 -15.156259 
-7.351176 -14.510158 -11.781413 -7.554372 -9.418121 -5.370829 -3.904780 -3.919855 -6.643124 -3.001774 -6.696361 -3.512726 -7.217631 -8.488117 -11.999756 -12.573380 -7.836941 -4.874108 -7.113478 -13.788320 -9.686868 -11.117852 -9.029065 -5.273477 -8.993954 -5.111774 -7.157601 -13.203769 -8.810284 -4.167836 -11.398916 -11.343138 -10.259706 -8.490982 -3.685045 -4.360303 -11.569448 -10.987827 
-7.348513 -11.562809 -5.884867 -6.858151 -9.612274 -5.704076 -3.705933 -3.577483 -2.927211 -2.100895 -4.683584 -3.512726 -20.604126 -5.442332 -12.205943 -4.616588 -6.566384 -11.662504 -9.420107 -6.010217 -5.416374 -11.096021 -9.426063 -4.642977 -8.910395 -7.855611 -11.887783 -4.574625 -9.522403 -6.916004 -6.903706 -5.801397 -5.352929 -6.255991 -2.907202 -10.363904 -10.704587 -13.988383 -8.009426 -15.425773 -13.412756 -9.550839 
-7.707487 -3.768785 -5.362521 -7.164744 -8.855992 -5.129813 -12.778069 -4.528617 -4.778921 -5.404366 -14.928252 -3.480380 -5.651423 -4.424812 -12.035679 -9.962505 -8.429286 -7.732521 -8.735037 -9.788855 -3.235924 -10.983924 -7.101175 -13.143980 -8.272925 -7.281423 -9.028946 -12.302755 -9.884868 -8.387130 -5.503567 -7.182881 -5.245320 -10.607888 -9.519989 -12.644469 -3.289240 -4.682764 -13.406058 -14.411638 -2.245152 -4.217544 -7.609456 -19.544729 -9.355846 -6.644767 -14.108602 -10.161409 -4.631889 -6.445097 -8.024941 
-7.684830 -3.804073 -6.869526 -6.493705 -8.572098 -5.129813 -5.891559 -4.765306 -8.408380 -0.922429 -13.687976 -2.284721 -14.296732 -4.614476 -11.836120 -4.468103 -6.253631 -5.273422 -5.037259 -14.243718 -18.729479 -8.930438 -13.755695 -8.954551 -3.954387 -4.794824 -9.358686 -7.012224 -6.885220 -7.162562 -9.644177 -4.362910 -8.067486 -7.127432 -4.746459 -9.972749 -7.303785 -12.190310 -5.163789 -8.317865 
-7.832836 -4.100348 -14.237127 -6.220979 -8.703574 -5.181517 -4.769476 -4.545481 -5.314217 -6.316346 -2.837726 -2.360145 -6.747366 -7.384176 -11.898206 -2.756319 -9.711470 -14.420856 -4.181261 -2.956776 -4.402789 -6.787219 -4.794429 -8.272126 -11.403578 -5.050229 -11.316584 -4.648299 -3.295207 -8.148493 -15.436033 -10.617578 -4.903403 -7.170643 -8.836393 -3.714283 -7.568603 -7.023743 -13.476950 -5.605280 -11.303603 -5.502450 -7.502992 -4.661770 -9.819180 -12.665540 -11.445273 -13.153171 -14.429889 -6.018642 -6.616245 -6.589527 -14.274147 -11.883943 
-10.769213 -4.040291 -3.511750 -11.347434 -8.875495 -5.258854 -13.291414 -13.180193 -3.332198 -3.346944 -12.778035 -10.297402 -6.055017 -3.056670 -6.786793 -8.659802 -9.496782 -13.748320 -9.777820 -3.726729 -4.699923 -6.630957 -5.717383 -7.922134 -2.987840 -7.340565 -7.355838 -12.490532 -3.291642 -5.399104 -11.797169 -9.921666 -6.836158 -7.993680 -13.345613 -5.056802 -7.979970 -8.675165 -14.189200 -11.502885 -10.888139 -7.250526 -20.423390 -5.152798 -16.956805 
-3.780947 -4.053268 -5.762526 -9.872445 -9.145887 -5.258854 -5.547069 -13.160886 -3.361449 -3.558728 -13.308963 -12.103593 -21.814287 -6.917512 -10.712899 -5.051206 -9.428739 -13.621119 -8.629635 -7.777351 -3.210399 -7.175385 -6.152896 -2.500658 -7.879317 -7.216955 -7.276402 -6.287014 -6.045309 -4.259262 -11.356772 -9.649637 -5.321678 -9.553715 -8.827197 -3.648520 -6.547095 -13.105095 -5.149875 -5.186499 -0.976529 -13.404995 -6.217746 
-9.038847 -3.415451 -6.388252 -12.119119 -9.117800 -5.601232 -19.205360 -12.674838 -7.450238 -2.383625 -2.696491 -7.189116 -7.757450 -3.889529 -11.906271 -11.358727 -10.044582 -12.816669 -8.689038 -5.936492 -6.444316 -4.743287 -4.925832 -5.171606 -14.311085 -9.585066 -9.461428 -4.735732 -9.556225 -11.980755 -10.219588 -9.838681 -9.965811 -5.057763 -8.105203 -12.742874 -4.830511 -13.512997 -5.530991 
-10.806335 -3.544628 -6.619776 -11.231923 -8.142100 -5.601232 -11.578071 -12.102104 -9.620926 -2.323022 -2.686862 -12.423862 -7.182603 -4.397567 -10.634230 -2.456506 -11.312809 -14.085774 -8.559832 -3.153409 -6.926593 -3.379676 -3.040883 -5.308561 -8.449665 -7.660682 -6.554999 -7.091989 -5.158947 -2.525076 -8.385611 -9.838681 -5.296255 -4.320425 -12.232208 -6.464596 -6.812069 -4.769514 -11.749001 -10.693542 -10.848714 -4.762676 -4.845171 -8.284505 -14.041543 -5.758100 -9.304417 -8.608598 -1.577749 -8.293719 -4.189223 -12.427676 
-9.201427 -4.010833 -13.425282 -10.559985 -3.507518 -5.815372 -4.147442 -10.495172 -6.146984 -3.254171 -2.686862 -9.787644 -7.300011 -1.532531 -10.715627 -7.671651 -5.673760 -15.068710 -9.850573 -10.638599 -8.168525 -4.988370 -7.721936 -8.504030 -10.437612 -4.649355 -4.768838 -8.887814 -6.684291 -3.003648 -7.609170 -9.496005 -4.773611 -3.273939 -8.612308 -12.741421 -7.066445 -7.511812 -12.255638 -7.073675 -11.405428 -6.746026 -8.430583 -10.701502 -5.536295 -7.372676 -7.528944 -2.897168 -8.219348 
-19.595968 -4.720784 -8.151247 -14.281537 -3.749524 -5.203031 -4.957148 -11.248033 -11.677825 -3.059600 -3.152844 -6.517940 -7.849167 -10.077878 -10.632905 -7.242054 -9.325825 -15.028830 -4.556136 -10.284640 -8.013235 -13.451010 -6.104741 -8.941121 -4.876173 -8.777213 -4.373052 -10.093150 -4.623991 -5.691429 -7.487852 -9.496005 -7.005278 -21.903798 -9.690610 -12.452574 -1.699509 -6.028046 -12.062492 -9.544879 -7.077154 -10.519587 -3.998497 -13.838999 -5.247793 -5.435148 -6.444177 -6.343940 -12.065244 -3.982116 -5.560457 -8.026401 
-11.515949 -2.388383 -8.671467 -4.631434 -3.926972 -5.591856 -3.891124 -6.902807 -5.541085 -2.501397 -3.556068 -13.759877 -8.181272 -6.540606 -10.237948 -12.343298 -3.211734 -14.609986 -4.846844 -1.215152 -10.209105 -12.415216 -2.640230 -10.594111 -10.586070 -11.458506 -4.580369 -11.699844 -5.404526 -4.577403 -6.568082 -9.496005 -4.139175 -2.513163 -4.795982 -5.074624 -5.206570 -8.821586 -6.898503 -3.890281 -16.681672 -5.444995 -10.154565 -8.310697 -4.073292 -8.419947 -10.907795 -8.111030 -7.207919 -6.059228 -14.319896 -9.501122 -11.387346 -5.613798 -4.906402 -5.118090 -11.591134 -22.629183 
-6.526275 -12.333224 -12.312258 -8.903426 -8.470424 -8.522825 -3.665191 -4.421181 -4.306145 -5.520661 -3.113140 -19.808206 -8.377765 -6.852384 -7.243565 -8.943091 -2.818263 -15.484234 -9.037424 -7.579659 -4.239104 -6.767501 -11.500089 -5.060112 -5.305723 -5.639039 -3.809650 -12.047052 -8.660756 -5.934054 -6.751310 -9.531570 -7.798608 -11.139396 -7.204484 -8.322618 -6.780628 -3.121193 -13.018479 -4.761659 -5.847861 -3.657258 -7.462090 -5.932477 -8.722367 -8.269430 -6.471658 -5.598922 -3.351090 -7.490179 -7.421883 -14.537861 -14.125315 
-6.496919 -10.316677 -4.608651 -6.485730 -3.385627 -11.466211 -8.193560 -6.266435 -9.759963 -3.799133 -2.913806 -8.050822 -8.200586 -5.572383 -3.754470 -9.123748 -2.623143 -22.519886 -8.328873 -7.686342 -5.195582 -12.692741 -11.783325 -7.752490 -5.048833 -11.285665 -3.900796 -3.932605 -4.953351 -14.889969 -16.193702 -9.531570 -14.617475 -9.485283 -7.047735 -6.231045 -3.796582 -4.143917 -7.435682 -9.260587 -3.553344 -3.583335 -8.695342 -3.351882 
-6.660377 -14.945603 -4.789061 -8.822233 -3.619178 -14.339137 -8.514959 -6.404784 -3.827764 -11.723750 -3.186447 -6.046663 -7.622181 -6.287439 -4.362300 -8.120652 -4.825878 -4.937120 -12.968244 -7.762627 -3.594700 -9.189146 -11.244952 -8.087636 -5.139016 -10.773505 -7.813879 -12.291945 -9.170157 -16.577702 -12.021057 -9.531570 -3.545065 -7.197689 -4.261636 -12.028701 
-13.174920 -6.495343 -4.979986 -11.626495 -4.387602 -12.340917 -9.836139 -6.997537 -6.923549 -10.546445 -2.961017 -20.970409 -7.761722 -5.884435 -4.548514 -14.456615 -5.020536 -11.982002 -11.465547 -3.736789 -3.528323 -7.890486 -11.231377 -9.302402 -5.139016 -4.841745 -7.053309 -11.707068 -19.497545 -5.046911 -12.509804 -9.794265 -9.172306 -9.776386 -8.575360 -11.247228 -10.967009 -7.684109 -7.203364 -8.126517 -14.956387 -6.685579 -8.726201 -5.942480 -2.236837 -9.301744 -7.355423 -3.767824 -12.896376 -1.023998 -6.444963 -6.806474 -4.326053 
-7.686589 -19.316545 -13.254762 -13.609131 -4.471573 -13.690047 -9.091339 -12.038592 -5.689299 -7.514801 -3.367470 -12.351233 -5.138846 -6.557596 -4.530806 -7.958914 -5.863993 -6.367782 -9.167019 -4.054870 -5.933556 -10.901463 -11.501315 -10.056682 -5.215119 -7.185365 -7.704062 -6.098815 -10.068418 -5.046911 -12.322629 -9.243851 -11.421453 -5.820144 -8.973544 -2.284963 -10.931917 -6.778536 -8.405395 -8.325406 -11.555407 -8.650486 -8.808412 -13.870781 -4.608056 -8.345962 -4.646845 -7.427665 -13.087328 -5.630893 -10.397072 -12.351422 -5.498098 -11.322567 -4.933757 -8.591226 
-11.514751 -10.802482 -5.834701 -12.665092 -4.037233 -10.472657 -6.028244 -5.695542 -9.084234 -5.322912 -3.102700 -8.289542 -5.723200 -7.101204 -4.438607 -7.610129 -11.889378 -13.983389 -3.576559 -4.054870 -10.911328 -12.797301 -13.208781 -7.511518 -5.248209 -11.262475 -7.951821 -7.341441 -3.405008 -6.317424 -11.883256 -9.750115 -5.161810 -6.645801 -10.023111 -9.170885 -7.401398 -13.662752 -13.141369 -8.138695 -10.606628 -5.443594 
-3.099719 -10.882309 -4.727699 -12.444279 -4.228049 -8.099733 -1.882536 -2.005777 -8.673883 -3.521071 -4.997099 -4.578755 -14.382493 -3.994742 -4.627616 -8.281571 -11.651089 -8.528423 -11.824616 -2.713178 -6.130278 -9.805757 -7.937970 -6.597642 -5.248209 -14.788312 -11.078226 -4.002669 -7.985134 -6.555775 -3.583817 -6.501103 -12.885087 -14.249333 -8.205516 -10.551496 -6.186595 -4.507299 -6.603659 -5.038592 -4.199096 -5.255487 -7.377953 -14.388716 -6.753508 -6.710589 -3.816689 -9.425848 -6.945354 
-4.345906 -12.365515 -8.469325 -11.387057 -3.287045 -8.677742 -3.589265 -10.788926 -3.352602 -10.571635 -7.913021 -10.261319 -9.581287 -9.642715 -21.040461 -7.293505 -12.578987 -9.507661 -4.815905 -2.552850 -7.459734 -10.590846 -7.150856 -5.272374 -5.321397 -14.055147 -10.866891 -8.298928 -3.043953 -7.383593 -6.018569 -3.775046 -6.273601 -22.588057 -7.105724 -12.436796 -3.512999 -2.742163 -7.026136 -8.261929 -7.899925 -6.193952 -12.547618 
-4.150125 -11.947065 -7.888312 -12.760599 -6.185368 -9.834292 -5.388959 -3.748935 -11.046648 -11.063479 -6.232169 -11.091778 -13.820311 -9.394460 -6.536546 -6.842034 -7.382910 -7.730961 -8.856905 -2.774941 -5.142275 -3.618730 -9.199095 -6.421404 -5.476685 -9.513831 -10.890704 -7.987689 -8.911309 -8.673704 -7.872218 -4.888261 -6.419729 -6.951075 
-4.358192 -3.388569 -8.430916 -13.024351 -6.744561 -9.224985 -1.829995 -9.593048 -5.897205 -2.002194 -20.416190 -9.726346 -8.714444 -8.501815 -3.857900 -6.052914 -5.929084 -11.080090 -6.669132 -2.775824 -4.029024 -4.072949 -6.148370 -3.855761 -5.473673 -7.403687 -10.277187 -7.908748 -7.873904 -3.975276 -15.302743 -10.279666 -10.056781 -4.185924 -11.756205 -9.017064 -13.861766 -5.118962 -10.427396 
-4.419923 -8.874341 -9.793291 -9.074911 -5.157202 -9.014316 -7.061891 -20.396765 -10.756935 -5.920961 -5.041613 -11.561299 -10.350864 -8.576795 -16.996434 -9.114482 -9.931164 -6.584737 -18.798830 -2.814180 -5.877701 -3.859260 -7.670823 -14.217964 -5.409599 -11.312606 -4.801550 
-3.880324 -4.655291 -7.550122 -6.955404 -5.605068 -9.372599 -6.331925 -4.430027 -10.251167 -5.274850 -7.352568 -9.921701 -8.208703 -7.369433 -6.054791 -2.591961 -9.804187 -3.072040 -9.086339 -2.641603 -7.247117 -6.074580 -9.683607 -8.000448 -4.096594 -10.312562 -6.376820 -6.523072 -13.022789 -14.200435 -11.454992 -3.772439 -6.248354 
-4.422874 -4.658895 -12.255668 -2.915370 -5.856601 -9.517026 -13.879229 -3.481318 -8.301143 -9.352372 -8.129429 -7.569582 -10.288032 -7.254524 -2.509078 -3.394851 -9.742264 -3.196613 -13.204371 -3.086104 -7.480367 -6.065118 -4.329862 -10.576589 -6.466645 -7.124819 -1.902881 -10.632212 -4.600388 -15.010668 -9.673157 -5.053989 -3.891192 -10.768240 -6.953662 
-3.687951 -4.578607 -5.859099 -3.402475 -5.420711 -9.517026 -13.086816 -6.885040 -5.605946 -6.939442 -8.241291 -6.379193 -7.964561 -1.300355 -3.619698 -6.075702 -9.742264 -10.983686 -3.333846 -3.267721 -7.684242 -10.766214 -9.666754 -10.943074 -7.633424 -11.623764 -4.698062 
-3.968196 -9.863616 -4.569829 -3.086490 -5.673467 -9.507663 -5.388005 -6.637763 -8.467065 -6.361806 -8.065820 -5.473509 -13.622285 -8.860780 -2.797888 -5.215965 -9.834292 -9.195218 -7.655692 -2.737687 -7.999613 -4.071079 -10.705883 -4.591724 -9.315691 -3.420647 -7.845324 
-5.008277 -11.531525 -4.828053 -2.582117 -5.548100 -9.507663 -5.699354 -9.707002 -4.172699 -4.846599 -8.152143 -5.473509 -13.242678 -4.087962 -3.820977 -6.247552 -9.834292 -3.182236 -8.323158 -2.243649 -8.209461 -12.258624 -2.286223 -4.657517 -13.009156 -7.255513 -3.659948 -9.987664 -3.490665 -9.102180 -8.091227 -10.400882 -5.617514 -9.230076 -4.419032 
-5.449564 -7.740667 -10.496729 -11.643882 -5.413980 -9.364851 -4.040581 -14.061174 -6.998479 -4.056587 -4.924288 -5.236510 -12.521840 -11.038175 -1.864790 -8.791807 -9.911476 -15.733079 -7.906828 -12.911281 -8.112532 -10.475441 -14.265834 -4.657517 -4.779947 -5.718834 -3.268026 -10.289787 -10.962840 -13.624007 -7.670893 -11.721392 
-6.404222 -10.332239 -10.524648 -6.887927 -5.413980 -9.364851 -2.735113 -5.667716 -8.593036 -3.648190 -4.371846 -5.139240 -9.698427 -11.242728 -4.657517 -8.660965 -9.885253 -7.877942 -10.436065 -6.891769 -7.856360 -9.049948 -7.559679 -3.704889 -7.291620 
-5.913402 -11.684472 -5.727451 -14.612498 -5.413980 -9.327788 -2.753012 -5.622395 -7.865554 -3.631418 -4.380321 -5.116172 -8.529403 -7.228623 -4.704855 -8.586577 -9.885253 -2.093876 -2.905370 -7.753927 -7.579576 -10.338018 -7.342219 -2.822241 -8.705395 -2.393601 -8.313909 -12.066390 -3.473867 -10.066287 -3.526332 -11.632881 
-13.844992 -11.512586 -10.030133 -11.390261 -5.314065 -9.327788 -3.186573 -5.927541 -12.078852 -6.636036 -4.891025 -4.966965 -4.344401 -22.502927 -7.760183 -1.927512 -10.197218 -3.124528 -5.972502 -6.864411 -5.342279 -7.926441 -8.028170 -4.811332 -9.922918 -14.294358 -4.385783 -7.556118 -7.924230 -10.532607 -4.555644 -13.074139 -2.736412 -7.334470 -5.803328 -3.944418 -14.625508 -4.409348 -13.697841 
-8.378102 -2.734578 -9.266349 -4.282446 -5.374825 -9.327788 -2.843120 -6.207391 -4.165067 -3.550662 -13.339770 -4.842895 -8.945928 -9.982158 -7.538211 -7.652430 -9.926806 -2.881505 -5.544303 -19.317067 -7.367208 -8.396731 -8.583550 -4.477196 -7.756893 -12.576855 -4.111137 -6.100139 -12.397686 -9.464070 -3.511947 -5.438532 -13.456875 -3.074056 -11.609014 -2.614251 -12.595034 -7.675599 -7.286033 -8.908144 -11.578040 -8.988959 -3.432689 -3.689647 
-6.581531 -2.941102 -8.296108 -5.780239 -5.374825 -9.125911 -2.888210 -7.027111 -4.836829 -6.577853 -7.525229 -6.789690 -9.440726 -19.600492 -8.701639 -3.650636 -11.337709 -4.493990 -5.085764 -17.153890 -6.277142 -8.402273 -8.652164 -10.919750 -6.070068 -12.524500 -4.626014 -15.607567 -3.504586 -11.816676 -3.212213 -12.554440 -4.663741 -18.478186 -15.282338 -7.882808 -13.002774 -9.742191 -12.603822 
-6.683490 -3.198421 -6.763740 -9.077074 -5.374825 -9.125911 -2.589533 -6.587784 -3.585846 -8.065455 -4.708158 -5.458334 -6.965479 -6.469700 -6.223736 -8.858855 -12.245711 -6.738300 -9.536607 -11.776466 -6.634200 -8.402273 -8.831127 -3.922430 -4.941506 -6.720679 -4.448649 -5.290311 -9.028789 -11.094335 -3.334443 -8.392809 -1.902531 -6.249492 -10.823956 -3.018536 -13.846796 -3.867411 -10.580220 -7.795359 -13.829596 -5.418035 
-11.449270 -2.863575 -4.823167 -5.369609 -5.793021 -8.975029 -2.851127 -10.856320 -6.238581 -13.784211 -5.233747 -9.035802 -8.715964 -5.222873 -7.230550 -9.891085 -9.454653 -9.659940 -5.526145 -9.853863 -6.492931 -8.217646 -5.134411 -5.807267 -10.371218 -6.455936 -3.950188 -4.769997 -11.649085 -7.528193 -3.179001 -8.057796 -11.112571 -12.838042 -8.263197 -4.994335 -11.728983 -4.851848 -4.245033 -10.734994 -6.431555 -11.301575 -4.919381 -14.955713 
-10.840288 -11.749474 -4.296370 -12.097870 -5.723054 -8.723441 -3.260311 -6.421574 -11.867596 -10.436780 -6.386586 -7.349035 -10.752127 -5.788374 -6.784998 -9.767542 -13.535704 -4.555131 -5.300696 -2.033487 -12.145481 -8.279174 -11.157226 -11.049878 -6.029951 -5.004171 -3.104217 -12.118115 -5.788046 -8.905925 -8.090826 -9.164252 -8.632256 -9.290855 -8.757360 -12.009528 -6.509941 
-9.979175 -8.481317 -6.399039 -5.938452 -5.488235 -9.173025 -2.905714 -10.316854 -11.649425 -4.966190 -11.666558 -5.874029 -9.823452 -9.584658 -5.889028 -10.410398 -14.088990 -7.506180 -8.012610 -8.738197 -10.720709 -7.932176 -4.535019 -5.422316 -12.246881 -11.786495 -3.877835 -5.149569 -5.870034 -6.577459 -2.335042 -3.496105 -21.821875 -4.941580 -4.226519 -9.524870 -8.997615 -11.489168 -14.767563 
-8.930889 -11.829948 -7.408582 -1.566836 -5.488235 -9.107599 -10.540868 -6.128101 -10.260888 -12.433618 -5.922903 -6.756418 -11.145510 -6.671174 -5.736073 -9.487785 -5.059305 -8.668653 -6.638959 -2.787871 -3.467029 -8.144477 -6.671381 -9.713770 -9.609989 -5.460969 -3.944689 -4.824043 -3.046221 -1.030621 -2.557541 -11.481742 -1.505184 
-13.603315 -14.314867 -3.813438 -3.226007 -5.488235 -10.318955 -8.483085 -5.681706 -4.217484 -11.725691 -10.035481 -9.851945 -8.663390 -8.385018 -11.925656 -5.181060 -5.842785 -11.640887 -2.834738 -4.667482 -12.085085 -7.239119 -1.294523 -4.595465 -10.456866 -5.517304 -7.939314 -6.613314 -10.929128 -5.871949 -4.365511 -6.817560 -6.103144 -9.236708 -12.382898 -8.230633 -11.964674 -11.218340 -6.147862 -7.438517 -8.311806 -14.335273 
-6.564607 -5.245364 -3.780034 -4.224724 -5.654184 -9.895732 -8.659698 -4.828088 -11.372807 -11.465493 -12.297261 -9.601728 -10.159047 -8.460709 -17.633937 -5.181060 -4.962126 -15.636741 -3.254051 -11.487687 -1.235790 -2.086540 -4.657492 -14.156551 -6.965702 -10.321431 -8.983489 -2.239005 -14.217451 -3.084067 -4.044457 -8.366849 -15.129378 -7.534320 -5.248741 -11.285019 -5.972930 -6.196880 -9.150743 -2.803812 
-6.143923 -5.717767 -8.621157 -10.338528 -5.650548 -11.617574 -13.451506 -12.054858 -7.471785 -10.486812 -8.125937 -11.716267 -9.746937 -7.992333 -5.669935 -4.953904 -10.827229 -7.988639 -4.455485 -4.230651 -11.544489 -4.235433 -7.251102 -5.270673 -21.143536 -8.002371 -2.490335 -7.657690 -8.923939 -7.894634 -11.100613 
-6.171499 -7.730413 -9.559188 -4.149287 -5.454883 -6.874380 -7.450851 -9.368235 -6.718579 -9.498313 -11.452079 -13.380079 -9.103698 -7.808855 -6.764286 -4.377643 -9.558456 -6.913478 -4.193731 -4.150707 -11.726515 -4.281477 -4.140327 -9.153549 -11.899897 -6.971706 -7.298431 -6.634703 -8.808210 -4.454635 -6.757200 -6.264976 -7.618122 -8.707853 -8.433018 -7.407364 -3.369247 -3.942902 -2.816021 
-6.009811 -7.590200 -12.260956 -8.822395 -5.170700 -7.247147 -4.427883 -11.269149 -8.470753 -9.631215 -9.779960 -9.177075 -10.250606 -8.484932 -12.323558 -5.308950 -11.928968 -12.242439 -4.641176 -4.144786 -12.024702 -12.559699 -12.707066 -14.805536 -6.807229 -4.721237 -4.798407 -6.877082 -2.971197 -4.652228 -6.885602 -4.039435 -4.313497 -6.076097 -11.079053 -11.475887 -12.319727 -5.742046 -2.710785 -12.348564 -9.168268 
-9.185343 -8.335864 -3.321492 -11.431312 -5.326026 -7.666332 -2.264475 -10.828446 -9.509345 -9.631215 -3.906745 -3.652868 -10.424970 -8.459510 -21.993893 -11.781707 -4.131322 -11.686322 -2.204154 -12.210240 -10.872102 -7.076334 -12.105632 -3.473203 -7.625101 -3.204122 -11.174028 -6.169506 -4.358989 -14.222705 -14.919717 -12.085785 -9.633285 -7.798073 -7.250312 -4.412585 -5.238055 -4.613817 -8.173934 -13.774538 -5.327072 -7.954262 -4.141657 -14.608615 -15.012650 -5.332077 -9.078669 -6.942640 -6.155299 -6.619912 -5.249154 -10.064299 -3.302270 
-13.517612 -2.915291 -5.654617 -6.063935 -4.890434 -8.837849 -7.489070 -10.334843 -9.462461 -10.115045 -3.267282 -9.096987 -10.117420 -9.715173 -11.887569 -11.982530 -4.004227 -11.737628 -6.095057 -6.075772 -11.388199 -3.682536 -2.359057 -14.540854 -6.337428 -2.996671 -11.477299 -6.495975 -3.943637 -3.552010 -8.509077 -4.869868 -2.828077 -8.223999 -14.029250 -11.662783 -0.967261 -14.101936 
-14.209763 -5.845523 -22.741200 -5.953628 -4.692081 -10.621620 -7.326426 -11.327450 -8.750097 -10.996147 -4.426607 -7.296754 -14.997311 -14.094733 -7.779959 -2.623732 -4.099562 -11.771151 -11.173508 -3.314501 -12.456681 -11.836425 -11.976314 -4.199034 -6.770655 -3.201081 -6.097440 -5.523839 -3.767136 -6.025131 -15.258693 -4.076383 -2.199398 -10.928853 -7.954320 -10.633609 -12.283719 -15.162874 -12.357029 -9.774197 -9.336820 -4.443116 -13.294420 
-12.499038 -8.932521 -6.971978 -12.282604 -4.726944 -10.387344 -7.707664 -10.969261 -8.879840 -10.030676 -12.278782 -12.522578 -5.730265 -3.061297 -4.356519 -4.308277 -12.387942 -11.055757 -9.927753 -14.549679 -8.384393 -4.427289 -10.365304 -12.495134 -6.915769 -3.463296 -6.775097 -5.149898 -1.799535 -8.500219 -8.873135 -13.377398 -6.272285 -14.065339 -4.881244 -12.076514 -4.289252 -7.079964 -13.722686 -3.414294 
-4.468821 -7.413471 -9.838122 -12.708304 -4.370258 -9.700081 -7.873195 -11.316246 -7.316421 -9.954123 -3.813559 -8.881206 -2.100349 -2.135001 -7.075729 -4.239901 -13.204729 -9.485527 -6.431189 -9.808006 -8.445295 -5.137182 -8.664175 -8.069451 -7.091956 -4.123823 -2.312864 -5.936574 -4.961046 -9.845417 -12.559994 -12.104136 
-9.388916 -2.255560 -10.465151 -3.504061 -4.389445 -10.745700 -8.207284 -4.487878 -22.636765 -9.976899 -11.184189 -11.979502 -11.277503 -3.098551 -10.280506 -4.239901 -8.907214 -9.567642 -7.880703 -11.631914 -8.159156 -4.575441 -5.802587 -12.005412 -5.566548 -5.757600 -2.667757 -3.242602 -11.774636 -11.584475 -12.000428 -10.676605 -2.869493 -7.917334 -12.738740 
-8.834742 -1.630486 -4.265857 -3.396432 -4.418798 -9.491524 -7.516630 -11.649895 -6.464442 -10.558443 -11.280754 -5.910983 -4.703525 -2.142507 -9.434702 -4.239901 -8.780276 -7.422782 -6.592695 -12.529686 -5.182120 -3.967955 -4.608191 -6.347907 -1.467957 -16.657724 -8.633976 -6.015359 -12.516073 -3.592783 -3.376766 -12.983448 -6.260921 -17.910699 -6.333655 -15.142269 -4.910456 -13.018724 -8.316785 -7.556749 -11.652421 -10.989523 -21.870400 
-11.958219 -5.561885 -6.898073 -3.440747 -4.418798 -8.049846 -7.607549 -10.630994 -6.981248 -10.528991 -11.195621 -10.516071 -3.422976 -10.244385 -8.633118 -4.239901 -11.562449 -3.327902 -15.138133 -9.605457 -9.980235 -3.797729 -8.962773 -5.661707 -12.609869 -8.908716 -10.317357 -4.780872 -19.219337 -10.667027 -7.490530 -6.656969 -6.292428 -8.863206 -5.251128 -6.261509 -3.004347 -9.638572 -10.610066 -15.267953 -4.736186 -7.280604 -12.756383 
-8.743195 -10.457156 -9.980089 -3.296975 -4.418798 -2.596526 -7.968706 -11.481136 -7.767258 -10.497062 -11.336544 -4.533396 -4.012001 -5.690624 -10.666317 -4.239901 -12.291598 -8.711073 -6.266219 -11.471201 -3.771228 -19.289576 -9.033877 -9.186949 -9.546616 -8.922875 -3.712756 -9.486588 -9.611523 -7.264027 -8.107778 -6.004493 -7.103492 -11.121967 -13.737587 -21.050358 -8.178139 -6.677578 -5.610143 -5.754728 -4.817760 -14.784904 -4.252217 -6.090504 -10.536688 -8.965726 -3.423957 
-4.859306 -10.443317 -12.852159 -2.801386 -4.418798 -7.053795 -8.398526 -4.472201 -11.835112 -10.323618 -10.670320 -9.091471 -4.613101 -11.996866 -6.814523 -4.239901 -6.317596 -8.996442 -6.224782 -14.440476 -10.100054 -3.640588 -8.511319 -4.903782 -6.085897 -7.980479 -2.532668 -14.129723 -11.692677 -5.815379 -10.407196 -9.114290 
-8.016921 -13.434046 -4.288264 -8.494739 -4.979417 -15.157714 -8.177185 -3.654348 -11.185628 -9.648283 -7.531497 -8.962543 -5.840142 -3.160753 -6.980333 -4.119948 -13.717548 -9.116027 -6.460521 -3.116139 -5.230244 -13.245005 -9.575892 -14.069093 -14.483790 -7.915432 -8.597337 -11.759612 -7.696497 -5.351817 -4.020203 -5.300503 -4.656358 -4.692131 -6.749554 
-13.885906 -4.302659 -4.283257 -4.876293 -4.827312 -8.598145 -8.478490 -3.455713 -7.627101 -9.811230 -5.767447 -6.499464 -11.252366 -4.372491 -10.166862 -3.887518 -8.956109 -7.866346 -22.423415 -3.930789 -3.951030 -12.463641 -13.134041 -5.826584 -3.947224 -8.582909 -10.262403 -12.581047 -12.007462 -4.809778 -12.728245 -8.062682 -9.118481 -14.189399 -6.730104 -11.296133 -13.715987 
-12.158120 -9.543445 -2.697371 -7.965114 -4.665031 -11.596924 -8.957794 -4.742787 -5.929355 -9.773562 -5.907536 -6.241587 -6.572600 -10.967308 -4.129470 -4.151959 -6.140827 -5.981594 -21.053010 -2.329546 -14.222941 -14.825672 -14.449884 -5.066788 -9.073567 -8.487479 -4.278526 -1.114560 -8.052531 -11.233851 -3.355051 -8.628511 -8.013177 -2.594481 -6.012487 -2.179379 
-12.729841 -2.402262 -3.185068 -6.785155 -4.837136 -3.023071 -8.335816 -11.940486 -5.563089 -9.261271 -3.693817 -6.696535 -9.473270 -21.747075 -3.772584 -4.061892 -6.110524 -8.391898 -3.742809 -14.269499 -9.762811 -7.910681 -12.039224 -5.396554 -8.400439 -9.051547 -2.394996 -6.283782 -9.835050 -6.060478 -11.257140 -13.745949 -7.653008 -3.455655 -10.151180 -4.663491 -2.652180 -4.438758 -22.183748 -4.794952 -6.299104 -8.172606 -12.309618 -4.592991 -7.486573 -12.798857 -14.050250 
-11.763538 -10.324387 -3.549011 -4.969536 -4.780260 -7.438315 -8.964692 -3.500874 -4.829238 -10.018111 -3.006509 -5.856000 -6.446053 -2.097417 -13.527310 -3.966952 -6.303209 -6.582245 -5.447886 -5.534941 -9.507880 -9.154997 -3.541967 -2.137007 -11.619919 -8.610631 -12.748479 -8.369306 -9.137558 -14.404563 -11.792999 -7.774846 -3.601061 -3.551097 -11.711274 -11.148649 -10.466628 -10.814211 -8.267447 -6.172498 -11.736293 
-13.627089 -11.596296 -3.614109 -5.029196 -4.780260 -13.806929 -8.073229 -5.374963 -13.822889 -10.018111 -11.894226 -5.310898 -15.159852 -10.526952 -10.459402 -3.711727 -11.846929 -4.750775 -4.850196 -12.502325 -9.425772 -5.762456 -3.302035 -8.882585 -6.980701 -8.524984 -2.920076 -8.826510 -22.851823 -12.659194 -11.834853 -15.210908 -4.380711 -2.682494 -7.708993 -6.250683 -11.005624 -8.171167 -7.760793 -4.689550 -14.388175 -11.694864 -10.733179 -4.966751 -11.898818 -7.306871 -13.341751 -6.687283 -13.672534 -11.684285 -3.696255 
-7.929146 -7.993775 -4.439122 -8.122032 -5.016637 -8.872124 -7.935574 -13.352902 -5.434314 -10.329110 -14.544250 -6.689262 -10.546074 -12.323382 -12.539658 -3.711727 -5.106565 -2.721206 -6.008935 -5.549476 -12.551429 -4.125476 -9.182992 -11.108520 -7.931421 -1.724069 -11.117485 -8.986149 -6.947730 -5.185760 -11.125704 -9.417351 -3.314842 -3.655423 -7.896087 -20.346703 -9.709944 -11.561055 -3.228744 -7.621624 -7.978324 -11.428268 -3.050242 -5.786407 -9.326743 -5.184545 -11.888803 -8.237359 -11.519989 -11.637679 -14.240793 -7.479751 -6.778719 
-10.020427 -7.854504 -5.274778 -9.066922 -5.092939 -3.921898 -8.442739 -3.021268 -11.635921 -10.252651 -11.802397 -5.861661 -13.858699 -10.308496 -1.906074 -3.912909 -7.526897 -4.671484 -3.438008 -6.072512 -2.833718 -3.060543 -8.565826 -11.748827 -5.936665 -4.887593 -13.755556 -5.122298 -5.432636 -6.345796 -11.246590 -6.351979 -10.429562 -9.091541 -10.871821 -10.054166 -20.882844 -6.888994 -4.629386 -3.168307 -12.678337 -2.347057 -7.089731 -7.545940 -7.662400 -5.664665 -12.872156 -10.863981 -3.485479 -7.327973 -6.840940 -7.755526 -2.101230 -6.911956 -7.198613 -3.724666 -11.752201 -11.824970 -8.852468 -11.708225 -10.701017 -22.265790 -5.938281 -12.343639 -6.444561 -14.878700 -4.589436 -6.774406 -5.308287 
-5.148894 -11.948282 -9.293168 -6.195196 -5.092939 -4.255781 -8.499362 -7.336060 -3.848014 -10.153070 -2.828441 -5.574225 -8.014609 -5.158934 -4.832461 -4.007890 -8.605649 -13.325748 -9.682871 -12.208005 -5.650991 -6.403431 -7.872562 -3.917524 -7.809357 -10.213890 -5.382796 -15.639633 -8.944251 -1.772684 -11.340593 -13.276392 -8.572299 -11.807464 -6.171982 -9.339031 -9.511890 -8.473378 -4.233095 -7.938511 -5.538774 -2.224970 -3.655144 -7.072418 -11.096141 -3.550325 -11.915131 -4.092922 -6.271780 -4.775433 -8.606662 -5.860399 -12.299852 -11.998898 -5.318057 -21.141239 
-7.903968 -5.122573 -8.904309 -8.364386 -5.092939 -3.677442 -5.342464 -7.963395 -7.271313 -10.088618 -9.911320 -7.734405 -11.155623 -2.732260 -6.486508 -3.721837 -13.149691 -10.937615 -10.186686 -11.219451 -8.712488 -4.024337 -4.835950 -3.012662 -7.270165 -11.762656 -14.747427 -2.457079 -5.972922 -5.689484 -10.306157 -3.938229 -5.881027 -6.176843 -7.445179 -7.834335 -9.497943 -11.723254 -12.607704 -4.928316 -5.969018 -2.861568 -6.914913 -3.320314 
-12.037962 -10.222752 -6.705886 -7.055589 -4.880682 -3.240901 -11.560256 -7.958245 -4.966852 -10.226185 -7.633044 -11.403192 -13.110293 -7.944314 -2.958543 -4.164629 -10.029830 -5.430345 -6.173040 -8.477555 -1.895731 -3.185472 -12.721231 -11.963955 -7.019050 -11.769255 -4.886189 -8.308378 -6.924399 -8.744705 -10.404120 -2.619685 -6.397564 -7.855173 -5.051849 -8.189682 -4.694263 -9.330785 -7.611414 -3.606917 -3.265970 -8.404127 -6.281835 -7.105055 -14.868537 -8.110438 -5.986764 
-9.969556 -7.127812 -5.712397 -5.565583 -4.908685 -3.475501 -4.804156 -5.095161 -7.408750 -10.226185 -6.102432 -4.024080 -8.705440 -12.815884 -4.530746 -4.181307 -7.244925 -6.507829 -5.769269 -3.940891 -8.060130 -7.835699 -2.625564 -2.942026 -2.511608 -12.515712 -3.215795 -11.402848 -7.393988 -6.200830 -10.748946 -8.986537 -4.995683 -13.545673 -7.160028 -10.158731 -4.801127 -5.739799 -6.666333 -8.699982 -10.788654 -6.861136 -8.987476 -4.402969 -11.011233 -9.543963 -4.033505 -15.642476 -7.532779 -1.233638 -3.839405 -14.692949 
-4.032834 -4.879296 -6.488761 -6.488017 -4.805985 -3.869703 -8.966021 -10.747396 -14.264885 -10.226185 -12.832717 -8.772325 -12.480341 -7.795936 -5.937880 -4.239211 -4.347249 -8.557806 -7.225473 -6.415119 -8.306905 -7.503702 -13.244946 -3.811898 -2.604264 -6.913705 -10.375306 -7.316889 -13.758917 
-6.688585 -5.002329 -7.310382 -6.511026 -4.158963 -1.384573 -9.089820 -10.768511 -8.475036 -10.100094 -11.524692 -4.859850 -7.047891 -8.078320 -2.480524 -2.811863 -3.944955 -18.616249 -12.750597 -10.143459 -12.159183 -7.182608 -3.912297 -8.268396 -5.129737 -8.238056 -4.248969 -6.567842 -3.899930 -3.321661 -10.014495 -3.415711 -8.350421 -2.742915 -7.973297 -7.374668 -9.321769 -5.745566 -6.922086 -3.340578 -10.948455 -4.171579 -12.625671 
-6.971624 -5.321441 -11.479056 -7.269400 -11.013470 -7.888813 -5.245039 -10.743839 -12.370854 -10.100094 -8.431991 -6.117475 -7.187702 -7.971461 -4.576940 -10.415022 -3.648229 -12.597846 -4.005161 -7.068035 -10.237582 -9.988994 -2.972961 -8.451130 -4.591543 -8.561891 -11.009779 -8.485310 -4.177544 -8.546645 -14.024358 -6.863510 -2.776101 -9.877707 -6.706375 -6.977310 -3.698795 -6.049647 -7.739468 -5.305134 -8.739145 -15.050133 -5.446165 
-6.078575 -5.571715 -6.636280 -3.232313 -14.425554 -4.851995 -14.035425 -10.418159 -10.374474 -10.100094 -11.463864 -9.923820 -7.744553 -7.864198 -4.985618 -7.071577 -3.440074 -14.732729 -4.793193 -7.279425 -10.968206 -7.592002 -3.355201 -5.161840 -13.036460 -5.174803 -7.332687 -3.953206 -3.642427 -8.026567 -5.544016 -3.103139 -2.282189 -9.038148 -7.246126 -14.874773 -4.081135 -7.362124 -5.484296 -12.213745 -14.631947 -5.956000 -7.296696 -4.512411 -13.189234 -2.089658 -14.029142 -5.796044 -10.944428 -8.951329 
-11.531018 -5.165163 -12.802427 -10.457063 -3.584646 -9.474098 -3.516875 -10.328115 -10.550747 -10.100094 -12.596409 -3.848781 -8.242908 -7.885217 -4.923280 -2.948012 -2.117972 -8.117979 -13.724859 -2.095317 -2.296376 -5.328282 -5.020011 -3.347976 -8.213926 -9.014820 -8.213942 -1.955392 -4.701253 -8.286534 -6.495383 -14.968256 -6.926921 -7.532156 -11.607867 -5.623715 -6.992379 -7.179183 -5.388229 -12.695245 -4.688584 -13.792829 -4.639962 -7.436951 -4.911911 -4.489980 -8.578312 -2.368621 -3.868588 -9.431458 -4.284038 -11.989732 -8.418328 -10.128694 -11.022477 -12.002137 -12.153099 -5.118695 -5.585714 -3.421726 -8.749560 -4.757939 -4.630046 
-10.063601 -5.406451 -12.557140 -2.708716 -3.284043 -7.291506 -7.500302 -11.264889 -3.359270 -9.912144 -10.921519 -9.403394 -2.639441 -8.060286 -7.970743 -2.677826 -2.231420 -4.042747 -8.659083 -7.452375 -6.630837 -3.994323 -7.977569 -12.195139 -7.691845 -4.312855 -8.564533 -11.962191 -4.902754 -5.006852 -5.344663 -5.014592 -21.503166 -8.172521 -5.420450 -11.611965 -2.241813 -8.998401 -10.687411 
-8.541178 -5.406451 -7.906968 -2.759642 -3.711688 -5.937041 -14.035811 -11.041886 -10.907568 -10.093469 -9.765087 -10.689536 -12.122026 -8.715251 -9.049233 -2.791707 -14.916150 -4.991855 -8.011896 -7.735806 -6.527225 -8.742666 -9.368075 -11.814241 -3.937638 -6.708811 -6.195249 -5.432017 -4.635936 -4.873908 -5.373270 -5.817052 -9.305598 -12.974374 -7.404597 -14.130163 -11.857612 -9.949941 -12.743544 -6.476401 -5.344026 
-7.276665 -5.406451 -8.168731 -8.593149 -3.724351 -7.803350 -20.545031 -10.560560 -8.939825 -5.121865 -11.941619 -10.164417 -10.040215 -4.750999 -6.669477 -4.661255 -11.624149 -6.376037 -8.326950 -3.266642 -10.916363 -10.171406 -9.039168 -14.105294 -2.418929 -5.719487 -11.554298 -10.759524 -4.100066 -4.474844 -5.563636 -6.126624 -6.716606 -9.472708 -9.739101 -13.651934 -6.929040 -11.723443 -9.007380 -14.600507 -2.419669 -3.358482 -6.745161 -11.815265 -11.153912 -12.657900 -13.389701 
-5.847520 -5.590045 -3.040704 -10.740361 -3.190824 -14.681761 -2.428137 -11.483670 -7.796749 -7.584001 -3.479278 -9.405613 -9.813099 -6.239302 -7.392224 -6.132532 -11.527218 -9.296076 -9.295086 -9.235423 -5.512555 -9.718787 -8.294388 -6.130783 -6.782371 -4.487387 -4.923532 -6.480545 -4.701413 -5.193177 -14.243515 -11.847899 -9.909413 -9.140719 -8.203732 -5.678355 -10.240670 -5.445983 -5.015162 -10.306365 -7.758751 -1.818249 -8.805187 -12.968518 -4.441346 -1.616085 -8.158198 -10.959933 -5.992766 -13.987659 -15.068891 
-4.471767 -5.473569 -2.538434 -3.839812 -12.038485 -2.463613 -12.628065 -12.278083 -5.467350 -13.750227 -3.143841 -13.587342 -10.060582 -21.332938 -15.111980 -6.829005 -5.788624 -4.475003 -13.489216 -7.210704 -4.253295 -9.525675 -7.409147 -7.621436 -7.782363 -9.812820 -4.855131 -9.089305 -4.601250 -12.962291 -6.783193 -12.308408 -8.112630 -8.603907 -10.856386 -11.162145 -6.981020 -8.692487 -5.019093 -4.847277 -6.813790 -8.945965 
-8.166997 -5.624453 -2.461875 -8.055305 -6.888372 -13.071962 -3.625033 -7.202918 -2.806491 -8.642938 -2.897049 -2.883899 -9.847036 -7.175487 -11.266198 -6.499756 -3.841063 -10.959261 -11.367703 -7.545899 -10.794864 -10.327088 -11.144428 -9.016753 -10.797321 -11.122394 -13.990284 -4.294032 -3.462249 -8.105410 -12.151043 -12.783916 -6.378111 -6.700457 -6.972162 -12.914311 -12.667351 -5.612724 -9.606218 -4.945442 -4.859518 -10.511084 -8.001590 -10.144575 -13.398205 -22.647636 -3.157798 -9.398507 -6.502298 
-8.152717 -6.238549 -2.557378 -10.148938 -16.510272 -12.644325 -5.079868 -7.826727 -2.806491 -14.169567 -3.008571 -11.876771 -9.541603 -4.200906 -9.877945 -6.827606 -4.068002 -3.746413 -11.887142 -10.866160 -10.534312 -8.730697 -5.900093 -2.759635 -11.297001 -8.866239 -13.336756 -14.335693 -8.798723 -7.132889 -19.573706 -6.193901 -5.705448 -10.660624 -8.797004 -2.620157 
-8.152717 -6.238549 -8.960930 -9.450197 -7.938365 -10.943323 -6.440615 -9.013488 -2.877371 -8.501653 -2.858302 -4.675064 -9.541144 -13.578161 -5.841696 -6.538833 -1.826222 -13.764361 -5.354813 -9.011529 -21.590073 -7.734431 -9.159875 -2.832194 -11.274842 -6.228404 -9.682148 -11.598496 -3.339277 -6.455259 -2.657080 -11.308775 -5.923243 -6.367768 -8.945785 -22.154971 -4.709599 -13.398729 -1.725139 -11.078892 -2.278724 -4.534344 -9.594013 -8.408304 -5.146762 -11.110478 -14.864003 -12.344803 -15.288095 -5.085812 
-8.321521 -6.291313 -5.570583 -9.998638 -11.080654 -5.600597 -2.553416 -3.805749 -2.675603 -9.766851 -2.941461 -8.941833 -9.534477 -22.298649 -12.454238 -7.517020 -5.774425 -7.064505 -6.252812 -6.630407 -12.397850 -3.439342 -8.603751 -3.592589 -11.168586 -5.578367 -9.261182 -12.218954 -1.829912 -6.455259 -2.982042 -10.025005 -7.331644 -13.903798 -4.155645 -3.933482 -9.681183 -4.643187 -14.956818 
-10.707213 -6.006842 -5.885099 -6.055854 -11.392088 -2.676628 -8.766284 -11.377578 -3.593742 -7.456738 -3.403310 -8.793259 -9.704636 -3.521171 -6.475243 -7.632405 -0.867787 -4.063623 -11.530978 -7.285243 -14.797118 -6.790970 -8.220351 -8.428463 -11.628582 -10.521988 -8.545651 -4.725171 -8.367620 -6.186009 -3.097085 -8.635466 -12.193572 -11.757569 -6.598917 -4.845836 -5.996391 -7.434014 -12.118326 -11.810614 -3.822907 -6.515884 
-10.890782 -5.544918 -6.694377 -5.221609 -4.770337 -2.852388 -9.280135 -6.687715 -12.442318 -9.005276 -3.523774 -13.201847 -9.552683 -10.895269 -7.638020 -6.959055 -5.866547 -9.173823 -12.551391 -11.073193 -4.048425 -6.046112 -9.167607 -9.261276 -11.729181 -12.661751 -7.311593 -7.372224 -11.277242 -6.127752 -2.473257 -7.411342 -10.091357 -2.780239 -6.308133 -6.290197 -6.320476 -6.912082 
-9.744510 -5.613432 -7.565334 -12.612037 -3.419493 -2.302635 -8.536993 -5.675329 -6.751365 -9.162366 -3.631183 -4.654554 -9.552683 -1.941675 -9.958861 -6.640272 -7.972145 -3.737375 -8.643102 -12.609426 -9.391459 -8.342920 -5.403439 -8.872742 -5.476240 -10.940772 -14.814511 -3.191203 -6.584153 -5.927599 -11.567066 -4.488190 -3.732141 -6.152195 -6.269273 -11.608634 -8.277998 -7.156117 -5.670936 -6.930554 -8.834995 -6.925821 -6.416151 
-5.982820 -5.315303 -11.272558 -12.506693 -6.961619 -2.292904 -8.431545 -7.267196 -9.174058 -9.480593 -3.575081 -8.880186 -9.317115 -1.044681 -1.808795 -11.211311 -8.970194 -11.237101 -6.021330 -4.246057 -13.241168 -12.736557 -4.729330 -5.746136 -7.444590 -8.620345 -11.430349 -3.646445 -5.935614 -6.323677 -12.281752 -4.917420 -4.077984 -12.560414 -10.638922 -11.494125 -11.507174 -10.861723 -13.035832 -9.773481 -11.920653 -11.263359 -10.739578 -8.904177 -2.671727 -9.037061 -12.114075 -8.801408 -14.081008 
-5.493548 -5.174006 -14.911037 -11.155939 -9.849859 -2.797789 -8.224476 -11.903029 -9.370563 -3.240231 -3.654780 -9.193583 -9.756258 -10.851474 -7.913069 -1.970355 -9.444496 -4.772335 -6.192898 -4.471418 -4.545136 -6.947361 -3.204482 -9.605509 -8.378896 -11.627584 -6.493881 -9.737224 -13.200953 -10.073746 -11.850811 -9.036589 -3.849388 -4.271431 -6.381840 -13.817895 
-6.858117 -5.107675 -16.455993 -3.851922 -7.747760 -2.184516 -8.491092 -12.293433 -5.733908 -8.666913 -3.724506 -9.060946 -9.391046 -3.225328 -6.206287 -13.234258 -10.530771 -9.349776 -12.776442 -9.678845 -6.810873 -10.441696 -3.535391 -8.283072 -4.948464 -5.791816 -6.162116 -4.338983 -16.426355 -9.771302 -9.771678 -9.233465 -4.318407 -11.109535 -5.403465 -3.208358 -6.882023 -12.533172 -9.511812 -5.676835 -14.562169 -13.969397 -7.723362 -12.451653 -11.311507 -7.903543 
-5.217074 -5.114650 -4.627820 -12.178255 -7.835384 -2.607577 -8.319662 -5.906022 -3.959617 -8.839158 -3.870213 -6.339107 -9.286217 -5.047196 -6.152096 -11.768270 -8.238974 -5.135971 -4.390217 -3.607931 -6.040679 -12.221334 -3.267564 -5.506433 -5.480409 -5.261829 -3.894756 -11.997684 -10.623291 -22.732348 -10.060385 -8.894776 -11.842984 -12.153351 -11.924663 -8.775981 -10.444861 -3.281237 -10.868454 -15.064939 -7.919347 -9.444682 -12.611556 -5.732381 
-4.688245 -5.114650 -4.133326 -11.615384 -3.145138 -2.760746 -8.260672 -6.647351 -6.364086 -12.201978 -3.169759 -8.752443 -9.344998 -6.219108 -5.970089 -6.680033 -4.317974 -11.185189 -3.980252 -10.211235 -6.822907 -3.879024 -3.690439 -5.939713 -5.122831 -6.957108 -11.193680 -6.850676 -6.476855 -13.644107 -9.639284 -2.798223 -2.937668 -12.164469 -8.788251 -10.427678 -4.073525 -8.530349 -12.963353 -14.544934 -1.379983 -7.216311 -12.279094 
-5.874268 -4.916890 -8.867900 -10.536004 -2.822346 -2.139006 -8.489408 -4.631964 -6.011330 -10.973307 -20.056039 -5.664226 -9.256608 -21.954104 -6.972495 -12.568412 -11.169847 -10.446568 -3.746087 -10.780779 -7.933377 -3.804599 -5.706118 -3.442987 -14.244799 -11.569167 -11.771752 -7.398263 -13.049294 -5.231604 -10.159492 -6.629358 -4.154119 -9.066510 -15.231755 
-7.121737 -5.043973 -5.549788 -4.323386 -9.510516 -2.922264 -8.664652 -7.265241 -7.142838 -6.854714 -20.627002 -10.237614 -9.256608 -8.157138 -7.386430 -7.749096 -3.669918 -8.247140 -6.488864 -10.858298 -3.705762 -3.937836 -9.854487 -4.899946 -8.453141 -4.671455 -4.177310 -4.861466 -11.900774 -4.580529 -7.325376 -7.482826 -2.379182 -6.598954 -9.786702 -11.440537 -4.904391 -6.818649 -5.453965 -2.093838 -13.504681 -11.827745 -5.347054 -12.158511 -13.859150 
-6.608969 -5.471639 -5.345334 -4.907622 -5.359834 -2.040335 -9.045242 -4.530731 -14.880686 -7.572838 -4.467051 -10.300609 -9.256608 -3.652179 -7.470079 -10.294698 -2.787985 -7.250020 -11.535379 -5.991973 -7.616568 -3.936039 -11.399218 -5.910283 -8.885786 -5.901502 -6.185095 -5.303492 -9.834272 -6.759547 -3.274534 -6.199329 -4.031930 -11.277414 -9.951362 -9.610549 -8.030005 -5.408822 -13.412697 -7.006772 -13.506087 -9.731888 -11.318527 -6.834690 
-7.057837 -5.124378 -9.971442 -6.705367 -8.184133 -2.521635 -8.568851 -14.330342 -5.213694 -5.015672 -10.659334 -10.252171 -9.256608 -13.091503 -13.706115 -4.558618 -3.154926 -7.629275 -1.846409 -9.861000 -6.254208 -4.473197 -2.264439 -5.360982 -4.387489 -5.568066 -9.041473 -13.898188 -15.062206 -14.340217 -4.541336 -11.975987 -11.990789 -6.643221 -12.856813 -8.194588 -2.964529 -13.355837 -2.533570 -9.592214 -4.727527 
-6.640485 -5.572075 -4.423781 -9.037961 -8.274905 -3.624894 -8.380937 -12.240748 -5.342187 -6.303697 -4.405245 -10.227476 -9.409147 -4.554660 -6.540903 -3.873463 -2.830391 -8.116583 -9.447224 -7.060421 -4.474030 -1.313765 -0.873863 -6.493896 -9.904637 -4.426510 -7.327444 -3.859614 -6.628382 -4.276369 -12.049642 -10.217199 -3.223437 -8.692733 -9.302878 -9.015486 
-4.741853 -5.883217 -3.934364 -15.089657 -7.564578 -3.749680 -6.403533 -4.552064 -6.074488 -8.007204 -8.049598 -10.244647 -9.489926 -5.831364 -22.714724 -7.873118 -3.706297 -3.852569 -8.190642 -7.344049 -3.506211 -2.752671 -9.739321 -8.294068 -8.014219 -6.305349 
-7.311617 -5.084695 -5.770890 -10.031092 -10.877657 -3.881079 -8.189966 -8.472469 -10.210249 -5.968197 -5.644591 -10.167579 -9.489926 -6.502109 -2.402978 -6.268753 -4.167709 -3.518186 -3.977268 -7.994967 -2.610776 -7.523621 -7.571867 -8.395464 -3.970800 -21.903289 -5.621554 -1.078342 -9.651592 -11.089539 -22.201929 -3.333376 -15.542178 
-13.579238 -5.756446 -5.965722 -10.298138 -3.303013 -8.339679 -6.346043 -6.945965 -6.675407 -6.084483 -22.607501 -10.346842 -9.489926 -7.606122 -9.837105 -10.567655 -3.698458 -3.733259 -4.309740 -7.207691 -14.333465 -5.601099 -6.992077 -8.591351 -12.708904 -8.174980 -7.651785 -7.045080 
-12.380958 -5.618245 -7.858246 -7.316735 -2.751376 -9.242621 -6.178602 -12.058103 -3.878209 -9.597902 -8.070465 -10.386956 -9.761323 -2.146697 -3.153997 -7.585501 -3.681144 -4.127540 -4.657687 -8.246597 -5.525011 -3.474640 -7.744891 -8.501419 -2.860360 -5.794150 -9.572090 -14.044083 -4.205505 -5.336437 -14.235738 -4.294659 -9.584917 
-8.320047 -5.951652 -9.658275 -9.666918 -2.608388 -11.652412 -6.592939 -2.539511 -10.088546 -11.801230 -4.375837 -11.192468 -10.318748 -5.746904 -4.693754 -8.427612 -3.669772 -11.490748 -3.858286 -12.004351 -8.894102 -22.020736 -10.237962 -3.956734 -9.753135 -6.885465 -13.377129 -9.818663 -11.244197 -8.853778 -11.376560 -6.841877 -3.251130 -4.543776 -12.221982 -10.081168 -8.408322 -5.188800 -6.572827 -11.956622 -15.224719 -8.075616 -5.203802 -11.989327 -3.081435 -10.287364 -7.599980 -1.778814 
-6.758376 -5.756989 -13.363010 -5.424708 -2.853528 -8.629557 -7.143307 -2.974067 -8.934057 -12.579564 -13.140138 -11.338663 -10.423006 -10.603045 -11.380639 -8.759687 -3.737866 -14.912005 -8.923772 -6.165943 -12.641159 -11.220835 -5.251403 -3.935971 -8.174823 -7.289008 -12.427573 -6.296502 -7.695456 -8.283502 -5.902924 -8.234097 
-10.202207 -5.687365 -8.876709 -11.653903 -2.280222 -10.397050 -7.381561 -3.710529 -11.130260 -11.521136 -2.703706 -11.427056 -8.967516 -8.014597 -6.044070 -8.206995 -5.710431 -3.931552 -2.884442 -7.936655 -7.365493 -11.623011 -3.727534 -4.081312 -8.098701 -8.878643 -8.230013 -14.866707 -7.954284 -12.378518 -7.292506 -1.836929 -6.328580 -11.858067 -15.868471 -8.574992 -13.712483 -10.678895 -5.885629 -4.609864 -12.305422 
-4.921024 -5.708873 -7.301000 -9.865578 -3.689299 -10.552341 -11.184359 -9.146636 -6.406309 -9.872187 -7.546292 -5.420259 -9.519949 -4.515415 -11.874750 -8.238804 -11.592087 -4.616150 -1.601105 -11.500039 -8.299466 -11.072390 -5.960808 -8.377817 -9.809364 -8.425817 -9.185389 -6.918539 -6.502362 -7.099201 -10.553009 -3.238759 -9.362887 -9.160345 -9.158191 -7.052197 -10.473640 -7.460432 -12.506038 -10.996953 -7.001142 -11.265280 
-4.458087 -6.026509 -5.789254 -13.171902 -4.077898 -9.274524 -1.912182 -9.427868 -7.831321 -5.796718 -8.563289 -22.184402 -9.205770 -13.243714 -4.941762 -8.818959 -12.359407 -4.740176 -14.870477 -13.799993 -14.750229 -11.771311 -15.426379 -6.148786 -8.698317 -6.426797 -7.547220 -11.398533 -7.154455 -6.951370 -6.740673 -3.339691 -9.806132 -4.747066 -2.926031 -9.794321 -3.147696 
-3.455857 -5.892204 -12.495618 -6.522127 -3.473792 -4.853594 -4.551483 -9.962207 -6.816315 -4.527608 -9.187083 -6.307528 -9.082677 -3.084096 -2.906014 -8.966831 -6.455357 -8.964724 -5.484139 -2.649532 -4.293800 -11.329789 -5.326857 -6.435951 -10.004780 -7.010198 -2.049016 -11.796330 -9.911463 -13.016010 -8.258514 -5.958408 -3.867909 -8.688227 -11.769390 -5.448838 
-3.203741 -6.406234 -10.319191 -6.160006 -10.193224 -6.702393 -7.563751 -10.221989 -6.650994 -3.451966 -13.524856 -6.969797 -9.936536 -9.278280 -11.024068 -8.408394 -6.610232 -14.510607 -5.113473 -1.132458 -2.746218 -11.562251 -3.007331 -2.579190 -11.560554 -5.903036 -6.459407 -9.567697 -5.896873 -4.231222 -12.979640 -8.222266 -2.840913 
-2.560495 -6.124359 -3.983045 -2.506181 -11.386988 -10.874017 -8.391130 -9.590988 -7.198688 -3.596223 -9.230278 -9.552865 -9.786830 -12.366289 -4.894685 -8.223332 -13.731343 -5.021274 -14.420326 -2.899770 -6.191639 -10.973895 -2.956195 -2.636641 -6.363610 -7.879378 -15.515940 -9.981427 -7.559474 -3.061045 -4.766397 -12.427848 -12.046497 -2.837148 
-2.738372 -6.179997 -10.244819 -9.366958 -14.593121 -11.901331 -10.207966 -11.901023 -7.337011 -4.194256 -7.828960 -8.753970 -9.231679 -3.127095 -7.176957 -9.203606 -10.094290 -4.950451 -3.093723 -12.305908 -8.752690 -6.517289 -3.383586 -2.857557 -8.535223 -6.203417 -2.438738 -2.951038 -2.581004 -11.472956 -3.584501 
-11.570925 -6.113835 -2.809450 -9.045645 -0.986013 -11.726922 -10.086728 -13.245088 -6.914943 -2.719863 -9.895762 -6.949396 -9.459656 -3.614378 -8.965643 -9.203606 -7.735844 -6.024862 -6.453986 -7.620466 -15.267142 -2.866258 -3.445037 -2.547506 -7.695342 -8.639915 -11.830613 -2.731107 -6.786542 -7.489178 -10.838815 -6.608337 -10.636824 -13.721205 -5.251251 -21.744212 -12.724921 -11.407371 -6.077455 -7.418028 -4.237163 -11.110181 -0.952287 
-6.993784 -6.171777 -3.636854 -8.809130 -1.931723 -8.193551 -10.355864 -8.647453 -7.005765 -3.308558 -9.156356 -3.858068 -9.074383 -7.135335 -8.698736 -8.985775 -3.905143 -9.925838 -7.283346 -4.411808 -11.619012 -8.495556 -3.536354 -3.168606 -13.298609 
-2.423782 -5.790563 -5.006256 -8.726858 -3.710909 -14.205882 -8.023933 -3.312086 -6.734393 -4.553504 -7.412377 -7.892373 -9.434555 -11.978967 -9.395182 -8.728546 -5.733436 -4.276332 -8.827057 -5.209311 -12.097742 -14.200476 -7.666537 -9.753307 -3.901317 -6.669360 -10.850264 -6.308837 -10.152799 -12.438857 
-3.283833 -5.790563 -12.484193 -12.198691 -3.249993 -1.851209 -10.005110 -10.656378 -6.975629 -3.961562 -2.575091 -7.717838 -9.434555 -11.039741 -8.082108 -8.603001 -4.608750 -5.162216 -5.781773 -5.808123 -12.109885 -10.288503 -10.250761 -6.110758 -12.671031 -8.402243 -8.085282 -8.229098 -7.837771 -6.676625 -1.549988 -3.928721 -10.195807 -11.484722 -12.025820 -12.868462 -14.740174 -6.182018 -12.473223 -6.915381 
-7.066453 -5.790563 -4.590403 -4.665720 -4.104354 -7.194159 -8.036669 -6.069970 -12.507799 -4.012430 -2.663782 -2.476129 -9.551151 -11.948639 -9.471037 -8.011085 -3.162399 -8.974094 -6.593261 -4.120854 -10.677054 -9.586933 -8.555276 -10.250125 -9.314981 -7.574258 -6.783483 -12.115890 -6.416942 -9.752160 -10.927052 -4.076484 -7.114486 -1.638543 -3.736726 -6.026317 -4.002162 -7.786169 -8.441923 -2.981638 -4.088888 -6.680122 -7.642154 -10.071583 -4.729921 -12.004015 -14.111133 -7.685496 -6.748515 -9.545845 -11.703822 -7.123242 
-7.749788 -5.545485 -9.267714 -4.444280 -3.730756 -6.456696 -9.491016 -6.928753 -4.946730 -14.892171 -2.372072 -14.334144 -9.854901 -12.083392 -8.911223 -8.018764 -6.011840 -6.647036 -2.419051 -15.168018 -3.594112 -9.737887 -12.843178 -14.277028 -5.903485 -2.916320 -6.647801 -4.955928 -6.821660 -8.718754 -14.172559 -10.427238 -8.486843 -2.110131 -12.728090 -11.959515 -13.039769 -5.655550 -10.552740 -5.825232 -12.234029 -8.458961 -4.237486 -8.462965 -9.805054 
-21.846810 -5.100189 -5.969806 -7.497826 -4.147921 -13.165587 -7.291254 -8.032161 -4.522802 -6.746602 -2.271497 -7.748544 -9.909274 -12.015782 -6.891431 -8.029065 -2.566100 -7.835641 -7.362996 -5.216594 -3.127452 -9.199950 -0.796768 -11.165735 -5.760582 -11.460485 -6.587297 -5.626354 -6.065398 -6.457012 -14.184067 -3.965990 -7.815277 -10.402958 -5.077529 -8.178211 -12.285645 -10.049764 -5.299936 -5.107577 -14.497211 -12.604167 
-8.575765 -5.149471 -2.180981 -6.989324 -4.110458 -6.650091 -3.538317 -7.280176 -5.130330 -8.152192 -2.201011 -8.903895 -9.855668 -11.780149 -12.496883 -7.479676 -3.875775 -6.256830 -3.734127 -3.766553 -3.657728 -8.981230 -6.434391 -4.323608 -5.539549 -12.654552 -6.299179 -10.424696 -4.028185 -14.121277 -10.740090 -4.864256 -9.434268 -5.900356 -8.492900 -13.904365 -12.359412 -8.727237 -6.457323 -5.667958 -14.209693 -12.129458 -7.382823 -5.964347 -6.592585 -7.846869 -8.254861 -7.171598 -5.274365 -2.928254 
-3.452318 -5.149471 -8.204467 -8.281028 -4.355636 -9.308383 -7.523204 -8.581257 -5.741389 -12.560018 -2.282705 -8.510443 -10.011265 -11.842586 -8.899047 -7.015933 -7.196953 -6.189104 -4.910542 -4.277069 -9.936648 -7.400618 -7.307320 -11.546548 -5.099070 -4.221145 -3.327317 -5.610917 -2.428217 -3.232097 -7.267218 -10.253461 -12.046030 -5.953677 -10.808743 -2.560221 -12.571285 -13.209573 -3.969795 -4.294356 -7.680475 -11.558262 -4.472177 -4.358451 -12.914976 -8.174519 -9.962488 -4.237257 -12.038330 -14.797144 -6.993102 -3.219981 
-8.242442 -5.404996 -10.050036 -7.661061 -4.283300 -11.206206 -6.482053 -11.778973 -4.506568 -10.851640 -8.876708 -15.091226 -8.646677 -11.689980 -9.247220 -2.398144 -5.567047 -1.819639 -8.421116 -3.968195 -11.612419 -5.317450 -7.171245 -5.541938 -4.856704 -8.188174 -6.499501 -3.103326 -6.062825 -2.812944 -6.676675 -10.644435 -20.792163 -5.040734 -4.440666 -6.474813 
-2.585664 -5.556751 -7.590281 -15.134992 -3.253622 -11.669980 -8.397513 -11.425465 -14.897773 -11.913828 -9.440574 -6.835405 -3.050423 -3.825502 -13.075480 -2.582022 -6.944831 -10.191128 -10.803413 -8.765470 -12.255480 -2.981320 -7.807497 -10.773261 -5.596385 -10.330660 -7.175228 -3.763122 -12.819418 -4.528189 -8.423761 -10.966283 -4.690077 -6.942756 -5.788447 -1.008084 
-2.948422 -5.713762 -8.260775 -8.577248 -3.418908 -12.202849 -7.415658 -11.070914 -10.730579 -7.298539 -9.273869 -13.328943 -7.551238 -5.613676 -3.738716 -3.079842 -5.299983 -6.301442 -4.377850 -5.184281 -4.229492 -6.754899 -7.679227 -8.394830 -6.913791 -10.021370 -7.428086 -3.954043 -12.582091 -4.900757 -12.342981 -11.621179 -5.478506 -7.187292 -13.500053 -6.931262 -2.856213 -4.050236 -8.531972 -13.918408 -5.183784 -11.408461 -10.628461 -3.763555 -6.817056 -6.375770 -14.247102 -11.111900 -12.334141 -6.955703 -10.031732 -13.290903 -9.318658 -7.038004 -22.545504 -7.557745 
-2.897507 -5.827051 -5.578749 -7.978033 -9.307658 -14.038536 -11.791190 -11.268491 -13.324491 -8.014946 -9.732956 -13.882488 -11.022176 -6.910134 -2.034621 -3.112199 -5.820575 -9.800394 -5.812545 -2.187884 -15.241531 -7.711674 -8.683884 -6.355035 -9.928711 -9.945827 -5.101389 -3.398089 -3.039811 -4.673595 -7.612871 -8.392930 -5.954838 -7.373484 -5.338691 -8.429844 -1.893959 -8.733405 -17.329162 -7.780267 -5.801412 -2.373538 
-2.645511 -5.396889 -5.910635 -6.639568 -7.462952 -4.062363 -9.673760 -11.275909 -2.617192 -8.470641 -9.378446 -10.878580 -2.839463 -9.551559 -6.992916 -6.758456 -8.198886 -6.333716 -2.886790 -3.917995 -6.781528 -7.492474 -8.935535 -8.141870 -6.159906 -10.139093 -6.502913 -3.862164 -3.960525 -4.862929 -8.121307 -9.021458 -3.508447 -7.018148 -14.834935 -10.358277 -4.117618 -3.512464 -4.494822 -11.210888 -4.993060 -12.729783 -13.075699 -5.382537 -14.125051 
-2.955819 -3.763869 -5.173144 -15.239659 -12.725824 -8.572941 -6.226867 -11.470501 -3.175226 -8.331957 -11.224748 -8.488936 -9.050957 -7.489400 -8.825957 -10.437725 -2.754359 -22.810487 -9.470579 -3.589834 -14.098539 -2.873080 -3.481529 -7.790311 -8.138232 -6.855047 -5.014714 -3.930700 -4.880789 -2.794371 -5.957926 -6.919759 -9.528807 -7.310789 -2.239171 -11.661946 -6.689730 -9.259240 -10.741929 -11.637556 -2.695008 
-11.915459 -10.863587 -5.249848 -3.686242 -1.382744 -12.297157 -4.299112 -11.942336 -2.793552 -8.042762 -6.286561 -8.552620 -6.713339 -7.843702 -7.465365 -10.550025 -3.771666 -7.643374 -2.391186 -4.344041 -4.863070 -4.064079 -11.206911 -7.618624 -4.238392 -11.496602 -7.289773 -3.953436 -8.461201 -4.016779 -11.500227 -7.288878 -8.874337 -20.443245 -9.408845 -11.744292 -11.532460 -4.140000 -5.981721 -6.311436 -14.982401 -6.107557 -11.415244 -8.480118 -3.816508 -14.971882 -6.474739 -5.703220 -6.856952 
-6.124415 -8.896168 -5.579938 -7.721806 -6.801287 -3.507130 -4.257749 -2.802229 -4.503334 -7.563723 -13.098608 -2.675965 -6.210135 -6.371123 -5.593353 -10.207662 -3.404124 -7.625686 -8.264113 -9.454561 -10.011052 -7.848775 -10.682900 -10.817204 -14.431940 -12.308823 -5.842164 -3.846597 -7.275530 -9.288998 -11.880346 -14.027789 -6.141829 -5.078184 -10.529022 -14.898209 -8.861260 -11.128348 -9.016834 -15.521652 -13.554259 -21.271729 
-3.613914 -8.087371 -5.088329 -10.626667 -3.024092 -5.911801 -3.926513 -3.714867 -22.642910 -7.582216 -14.126509 -4.069178 -10.198794 -4.239006 -12.519690 -10.343541 -3.357873 -11.855982 -12.007768 -8.120153 -7.685981 -5.695238 -4.800152 -1.849845 -8.965165 -11.715975 -4.227995 -4.323786 -7.838687 -12.800232 -3.501975 -12.375101 -12.467996 -12.800603 -8.701097 -3.767422 -5.190037 -5.570840 -7.158090 -11.740721 -7.494084 -9.517474 -9.636673 -11.388208 -14.449521 -11.145288 -11.888867 -16.594523 -3.961485 -6.787860 -8.329159 -7.114977 -3.397975 -4.613466 
-11.776639 -8.236070 -5.321890 -7.223562 -2.257402 -7.170563 -7.472871 -3.177540 -11.695044 -10.675653 -13.194020 -5.891001 -5.601000 -8.712275 -2.129290 -10.209250 -9.085994 -10.331591 -11.203423 -4.212597 -8.944402 -3.661131 -3.548739 -6.867304 -13.524642 -5.602538 -3.328123 -3.646943 -14.768880 -6.103007 -10.124691 -4.940704 -8.238652 -12.160842 -4.417525 -10.969710 -9.819080 -5.785495 -15.073309 -9.142139 -5.835066 -8.518740 -11.660915 -5.155898 -2.700399 -3.275042 -8.997194 -10.190177 
-11.098377 -7.878057 -5.313722 -3.238438 -11.619718 -2.776634 -8.341172 -3.137730 -8.393126 -10.410152 -12.529292 -6.853564 -6.552330 -10.208730 -13.420501 -10.674057 -12.244342 -8.822786 -11.227948 -11.396585 -9.365572 -3.139505 -7.400992 -6.736560 -6.238981 -9.894274 -9.725468 -4.361524 -13.650567 -7.659434 -3.368312 -14.293906 -7.018548 -8.595195 -8.719811 -6.461068 -7.137264 -2.554783 -4.751223 -14.494643 -10.321337 -12.642364 -7.334762 -7.546886 -12.700260 -10.805744 -12.816428 -5.514062 
-7.219912 -8.925132 -5.394060 -3.789604 -8.905714 -4.344825 -9.182292 -2.912129 -6.996648 -9.156794 -9.561105 -7.283748 -8.036593 -5.890188 -10.451460 -10.133690 -2.096446 -14.288380 -11.131136 -10.285075 -2.097721 -4.516943 -6.840431 -11.963630 -10.727223 -5.321630 -5.531934 -3.928087 -8.655428 -1.703451 -2.785028 -10.438501 -2.488796 -13.985371 -10.463999 -13.263657 -8.006740 -8.435533 -8.039151 -8.395929 -6.001169 -2.862365 -7.880442 
-14.336443 -9.872486 -5.193226 -3.331193 -10.746338 -4.952710 -5.887461 -2.777559 -11.517895 -11.889722 -10.293836 -14.263392 -14.712124 -9.478918 -8.725769 -10.217602 -2.823322 -7.566457 -2.941021 -10.307913 -1.962777 -4.872875 -2.534873 -12.576136 -12.232578 -3.859054 -11.630145 -3.802120 -6.746608 -1.230801 -8.595334 -5.656759 -9.579063 -8.067855 -4.809155 -4.181862 -11.018937 -11.435260 -13.945408 -2.529958 -6.720573 -12.871881 -9.104886 -4.659403 -11.317466 -14.917769 -12.377754 -6.176169 -14.886562 -12.055627 
-2.295812 -6.429847 -5.149795 -3.385317 -9.981372 -6.332001 -7.874638 -2.059787 -11.921330 -4.895502 -5.831713 -3.480719 -6.860241 -9.796219 -8.719296 -10.046967 -8.225747 -2.040619 -6.267571 -10.451454 -2.240860 -2.978358 -8.757872 -3.889072 -3.885565 -3.500671 -11.528584 -4.519574 -5.661362 -10.939543 -10.197848 -5.656759 -9.878196 -8.188546 -5.706193 -11.727060 -13.991546 -13.588918 -3.353750 -8.800931 
