   0.049086 2255.098253
   0.048816 2255.331716
   0.048010 2068.369952
   0.049173 2134.309338
   0.049283 2321.625616
   0.049089 2261.669083
   0.048637 2105.671203
   0.049392 2118.938052
   0.049892 2128.872156
   0.048896 2132.512228
   0.048240 2175.324719
   0.047848 2311.425693
   0.047842 2121.874107
   0.047827 2195.097198
   0.049697 2232.910178
   0.049606 2119.596899
   0.049683 2136.409578
   0.048462 2211.167737
   0.048913 2018.816668
   0.049452 2160.185778
   0.049434 2349.286086
   0.048943 2192.232151
   0.048819 2252.961442
   0.048777 2096.224534
   0.048891 2230.864034
   0.048680 2174.309832
   0.048177 2181.935327
   0.049027 2096.804248
   0.048035 2280.948149
   0.048642 2185.199011
   0.048337 2180.836562
   0.047824 2161.410189
   0.048545 2183.915427
   0.048505 2167.225969
   0.048831 2074.795300
   0.048806 2239.077455
   0.049079 2232.294765
   0.047827 2198.148140
   0.047962 2149.996716
   0.048673 2127.579769
   0.048551 2164.580636
   0.048450 2170.374646
   0.048739 2218.276221
   0.048916 2203.749580
   0.049707 2189.827725
   0.049846 2160.781170
   0.049656 2084.923434
   0.048931 2180.952964
   0.050010 2215.284816
   0.050081 2204.730102
   0.048117 2131.556517
   0.048326 2091.994198
   0.048418 2168.377894
   0.048686 2230.643380
   0.048088 2222.578345
   0.048871 2202.448167
   0.049003 2212.590940
   0.049118 2246.712673
   0.049573 2124.930831
   0.049583 2298.950852
   0.049203 2151.483742
   0.049150 2253.669226
   0.049741 2202.311765
   0.048522 2212.689306
   0.049845 2234.603178
   0.049871 2197.467741
   0.049206 2240.849312
   0.049580 2192.566284
   0.049946 2240.698781
   0.049239 2273.169453
   0.050164 2244.879673
   0.049091 2135.178206
   0.048174 2256.196266
   0.048054 2119.829884
   0.048051 2127.719462
   0.047732 2253.865594
   0.048730 2230.889192
   0.049665 2310.385295
   0.048703 2139.980404
   0.048964 2127.035426
   0.048912 2288.037457
   0.048103 2157.394822
   0.047357 2113.720644
   0.048758 2244.900049
   0.048434 2041.637324
   0.048929 2285.727222
   0.049108 2248.806726
   0.048489 2155.520269
   0.047886 2152.999620
   0.048374 2178.225811
   0.048553 2230.848991
   0.048973 2210.207687
   0.048279 2195.732675
   0.047573 2197.526901
   0.047252 2122.081498
   0.048376 2162.941814
   0.047725 2159.419116
   0.049179 2302.483198
   0.048569 2269.440935
   0.047813 2301.602231
   0.047904 2165.947633
   0.047270 2117.628713
   0.047228 2185.791081
   0.047557 2140.092656
   0.048249 2163.174555
   0.047944 2242.952363
   0.048073 2209.384900
   0.048580 2313.027192
   0.048273 2155.039169
   0.047322 2178.889479
   0.047787 2139.740276
   0.047332 2232.653908
   0.049112 2213.049609
   0.048950 2205.688280
   0.049104 2118.827604
   0.048599 2204.015653
   0.048199 2154.945057
   0.047975 2250.619585
   0.047676 2080.050945
   0.049200 2101.988137
   0.049015 2227.285271
   0.048676 2157.690894
   0.048519 2283.190494
   0.048291 2116.961048
   0.047759 2174.913729
   0.048332 2116.652214
   0.048188 2069.192008
   0.049207 2245.687199
   0.049047 2230.568444
   0.048827 2269.141175
   0.048766 2235.716029
   0.048413 2177.790238
   0.048868 2095.841711
   0.048320 2271.578106
   0.048391 2238.581233
   0.048074 2286.473546
   0.048161 2278.508101
   0.048520 2086.273706
   0.047652 2187.210200
   0.048358 2083.092007
   0.048175 2174.852140
   0.048332 2172.631215
   0.048261 2194.911914
   0.048185 2196.008383
   0.048307 2199.786081
   0.049052 2286.419753
   0.049356 2167.712876
   0.049125 2187.561468
   0.048802 2091.194902
   0.048935 2241.683470
   0.048878 2169.744183
   0.048260 2127.106911
   0.047943 2283.644128
   0.048312 2131.588503
   0.047552 2159.710207
   0.048414 2089.126656
   0.048311 2233.578934
   0.049580 2136.864063
   0.048778 2113.083488
   0.048002 2083.936090
   0.047563 2154.204745
   0.048298 2302.891779
   0.049449 2173.303392
   0.048998 2143.189795
   0.048307 2197.884925
   0.049700 2090.457112
   0.049613 2207.972574
   0.048432 2248.724825
   0.048569 2348.993100
   0.048344 2195.589310
   0.048106 2251.685820
   0.047419 2205.823765
   0.048165 2220.612924
   0.048746 2271.433347
   0.047698 2006.689236
   0.047652 2106.351495
   0.048195 2232.307688
   0.047903 2114.904932
   0.048499 2191.182616
   0.048276 2209.775637
   0.048502 2214.413235
   0.048943 2183.229711
   0.047761 2071.271768
   0.048779 2135.726576
   0.047747 2251.667426
   0.048048 2146.353677
   0.047981 2167.056369
   0.048089 2162.939119
   0.048457 2170.826812
   0.048370 2028.421235
   0.048713 2147.433730
   0.048494 2188.526752
   0.047964 2246.965030
   0.048088 2203.254686
   0.048120 2250.797405
   0.048287 2218.640833
   0.048540 2146.106951
   0.049811 2095.477293
   0.048837 2118.206092
   0.048872 2170.351886
