0.000000 0.013583
0.000000 0.024490
0.000000 0.029899
0.000000 0.024870
0.000000 0.012253
0.000000 0.012946
0.000000 0.021643
0.000000 0.018224
0.000000 0.025225
0.000000 0.016613
0.000000 0.028831
0.000000 0.017651
0.000000 0.023995
0.000000 0.019748
0.000000 0.020770
0.000000 0.013094
0.000000 0.014294
0.000000 0.029305
0.000000 0.012099
0.000000 0.014396
0.000000 0.023887
0.000000 0.024196
0.000000 0.014529
0.000000 0.013703
0.000000 0.020745
0.000000 0.022257
0.000000 0.026962
0.000000 0.018261
0.000000 0.017488
0.000000 0.013141
0.000000 0.023875
0.000000 0.017628
0.000000 0.018410
0.000000 0.018173
0.000000 0.034767
0.000000 0.011291
0.000000 0.017193
0.000000 0.016097
0.000000 0.017123
0.000000 0.015118
0.000000 0.024508
0.000000 0.016258
0.000000 0.017122
0.000000 0.026510
0.000000 0.018812
0.000000 0.011640
0.000000 0.013171
0.000000 0.027704
0.000000 0.017892
0.000000 0.014437
0.000000 0.019522
0.000000 0.013319
0.000000 0.016516
0.000000 0.015054
0.000000 0.012958
0.000000 0.018678
0.000000 0.028246
0.000000 0.012193
0.000000 0.011862
0.000000 0.011364
0.000000 0.016821
0.000000 0.013691
0.000000 0.014784
0.000000 0.012128
0.000000 0.019682
0.000000 0.010051
0.000000 0.013496
0.000000 0.015327
0.000000 0.016971
0.000000 0.025501
0.000000 0.021798
0.000000 0.023727
0.000000 0.017433
0.000000 0.020635
0.000000 0.021299
0.000000 0.017081
0.000000 0.007819
0.000000 0.018512
0.000000 0.040679
0.000000 0.018242
0.000000 0.019336
0.000000 0.022878
0.000000 0.023913
0.000000 0.014639
0.000000 0.019968
0.000000 0.021137
0.000000 0.018735
0.000000 0.018482
0.000000 0.025421
0.000000 0.012135
0.000000 0.024850
0.000000 0.034529
0.000000 0.036318
0.000000 0.023840
0.000000 0.027545
0.000000 0.016170
0.000000 0.018684
0.000000 0.018036
0.000000 0.018439
0.000000 0.011015
0.000000 0.037704
0.000000 0.022364
0.000000 0.026623
0.000000 0.033090
0.000000 0.018654
0.000000 0.025528
0.000000 0.034963
0.000000 0.031329
0.000000 0.018223
0.000000 0.021244
0.000000 0.026572
0.000000 0.019294
0.000000 0.017900
0.000000 0.030401
0.000000 0.038781
0.000000 0.060620
0.000000 0.025850
0.000000 0.025002
0.000000 0.024730
0.000000 0.026342
0.000000 0.021111
0.000000 0.025009
0.000000 0.020237
0.000000 0.044620
0.000000 0.036840
0.000000 0.028829
0.000000 0.033546
0.000000 0.020188
0.000000 0.027066
0.000000 0.024376
0.000000 0.046397
0.000000 0.022212
0.000000 0.037709
0.000000 0.025613
0.000000 0.020630
0.000000 0.030628
0.000000 0.032890
0.000000 0.024954
0.000000 0.046515
0.000000 0.048101
0.000000 0.040815
0.000000 0.019766
0.000000 0.038117
0.000000 0.014402
0.000000 0.020939
0.000000 0.031875
0.000000 0.019840
0.000000 0.016114
0.000000 0.025930
0.000000 0.013797
0.000000 0.023075
0.000000 0.025027
0.000000 0.032850
0.000000 0.024811
0.000000 0.020585
0.000000 0.028739
0.000000 0.022418
0.000000 0.026206
0.000000 0.022143
0.000000 0.068408
0.000000 0.033878
0.000000 0.052922
0.000000 0.019214
0.000000 0.018648
0.000000 0.016933
0.000000 0.016915
0.000000 0.025361
0.000000 0.022258
0.000000 0.013915
0.000000 0.020237
0.000000 0.029608
0.000000 0.019900
0.000000 0.023437
0.000000 0.017409
0.000000 0.016455
0.000000 0.031676
0.000000 0.026262
0.000000 0.017086
0.000000 0.021909
0.000000 0.019598
0.000000 0.036380
0.000000 0.025770
0.000000 0.022641
0.000000 0.023440
0.000000 0.020718
0.000000 0.024293
0.000000 0.015264
0.000000 0.014047
0.000000 0.019254
0.000000 0.017252
0.000000 0.032930
0.000000 0.022660
0.000000 0.018588
0.000000 0.035423
0.000000 0.036856
0.000000 0.036061
0.000000 0.023482
0.000000 0.017116
0.000000 0.012506
0.000000 0.013925
