2.007940 3.884120 375.719176 4.942210 5.271916 0.793868 0.342611 0.782212 98.003735 81.138474 0.759659 165.706730 217.946419 11.339635 538.890877 120.265825 4.821328 0.440953 125.174892 547.035619 1.396099 11.794841 7.965474 20.257703 0.574992 22.234336 17.402388 0.285176 0.447141 2.693736 7.499644 15.693039 6.200840 44.222464 0.134011 570.823558 
1.537357 159.677603 57.176288 5.517001 0.480335 1.295748 2.239469 0.660275 123.629384 70.944977 4.398999 460.196445 76.123612 0.322254 50.061415 3.794487 4.480029 0.405879 278.465413 0.759532 4.574273 10.580547 2.319078 8.847428 0.074630 352.699231 0.106730 0.511696 64.468847 56.616316 123.131595 7.856093 61.075926 9.548666 356.968880 0.878374 113.312652 2.798132 
41.977827 0.996502 92.286265 170.936135 1.815625 1.241962 16.702064 0.620404 40.448556 6.911542 37.075683 111.404987 86.628323 2.894372 574.079263 15.921762 0.885658 0.311150 245.194188 19.587448 1.801604 25.820587 5.532737 0.463436 1.662450 52.810625 0.150760 5.683403 4.320062 3.036089 81.614488 4.421390 217.436596 3.037888 141.926533 14.214439 13.762283 1.144979 55.006122 1.580057 8.013064 52.708230 2.607523 34.470026 8.098785 1.901058 
3.880545 835.448582 1.033372 194.826937 1.242467 271.979522 83.613651 0.710065 0.677057 22.111271 498.552118 83.088091 3.267366 1002.468689 166.870096 272.296413 1.201173 0.631057 43.049445 6.275899 120.618596 398.138100 15.864160 3.109308 10.264758 106.185241 5.511758 0.219287 1.687713 68.063349 17.595170 203.481689 10.342831 2.181270 5.573749 0.269785 1.196489 0.887126 3.117658 147.688162 118.919911 66.577366 0.913301 1.076813 1.053163 25.449081 7.555370 54.957063 12.118183 
4.944538 160.177571 2.303024 15.775338 1.684419 2.378690 58.866036 0.952847 8.581018 14.319966 1251.810658 192.778196 13.196340 0.710047 403.366337 462.808539 12.571718 0.236811 0.785216 44.738790 0.146267 999.750108 153.971117 3.440308 23.691199 5.125451 3.445843 0.142957 5.403261 1138.210283 2.787903 4.670245 218.305449 6.666209 1024.906093 469.262824 5.456607 3.057083 922.532679 15.680133 0.323139 2.356898 1.766851 6.539994 
2.289510 7.930103 16.574826 39.389381 0.215902 117.409512 26.867271 0.714848 82.378064 143.789514 237.830066 213.515637 6.193177 4.209310 1226.944638 34.312447 38.336946 0.195753 2.326840 10.488633 0.191732 406.487763 62.748182 182.119327 16.674281 6.769472 5.124860 4.240914 55.167961 45.714651 1.181435 14.018028 971.082070 5.121178 3.415871 13.833156 2.266623 15.964586 6.955892 0.455885 0.437814 0.275346 21.422502 0.208020 12.103332 0.286414 52.156663 3.269407 4.068384 57.816484 264.688685 0.225058 5.457745 355.000512 180.237385 10.778570 7.999140 1.651640 23.051109 173.311345 188.808741 47.659129 0.463573 2.659977 2.237959 
3.538405 34.163090 72.970075 33.825047 346.027561 1.504282 0.852351 0.754073 0.798486 286.018552 176.916696 126.973954 141.081307 71.052901 335.662842 1.566578 2.793038 0.372583 2.500198 17.608219 0.396052 40.796057 5.790284 129.540260 27.032547 6.238484 10.385288 14.586361 77.721608 232.376570 5.100349 6.984207 293.834662 16.051361 11.460464 102.706313 15.639323 5.576861 
3.228589 3.459126 56.629552 375.536616 736.971200 1.477952 4.753189 0.739950 215.875754 5.725005 66.662257 311.479609 125.307931 453.880241 90.085374 2.673900 5.774833 0.813290 2.867010 2.451259 0.147623 5.565874 38.871583 0.881872 291.784989 4.863039 61.497387 3.469377 22.838301 490.282226 212.775649 171.156723 
0.692719 30.232833 114.803690 114.841772 137.389743 1.404601 21.561575 0.766798 16.894679 2.893485 16.108611 198.403622 39.764439 18.265251 75.717262 83.254685 440.300321 0.758700 1.761194 9.121489 0.157890 13.477213 60.914531 4.852144 0.391508 22.262771 6.811718 6.047997 51.840584 3.329564 11.736972 429.532667 1.485984 42.542491 0.328888 20.062905 
12.183240 88.621908 198.025329 2.841831 94.547516 32.262052 56.757616 1.103934 7.744242 1.605659 83.794650 631.569091 19.626889 1.086118 446.914763 38.321089 9.119653 0.399393 1.703161 15.999476 0.359764 7.266932 12.535891 41.082863 0.672114 15.985174 16.855211 0.580495 1.447001 4.557745 20.209265 1.982497 35.914823 34.819172 0.323429 30.821997 520.939906 14.646974 4.139083 14.652448 7.422155 
50.000764 11.052740 135.444436 3.392563 1.551395 1.582133 82.892251 0.878086 4.452356 1.266689 27.891828 170.919236 10.224116 0.302025 178.721874 59.889671 1.878325 2.771313 2.898216 0.155023 12.606942 2.837586 425.091466 120.450729 5.392838 0.202856 3.330423 4.422959 231.105311 1.857659 
0.253368 0.429428 2.297654 0.529977 44.556768 5.832792 15.678689 0.666182 34.433451 5.763107 14.767500 266.709008 373.909335 0.160991 6.829439 146.057413 2.301235 11.895173 5.668413 16.064040 56.344617 1.059323 32.530879 0.206139 410.527897 358.219604 323.271039 17.866092 28.790359 81.292277 69.771144 3.286134 6.020224 0.093459 0.584750 22.648778 109.724092 30.124081 15.367625 4.993948 15.206196 0.902613 1.648307 
0.391700 1.335490 14.449927 0.231479 1.048520 0.389902 213.957341 0.596874 4.003371 15.752281 19.261202 220.706965 5.704631 0.079008 8.778064 2.266733 5.488016 114.713801 5.813104 3.907607 0.621047 65.737169 4.420983 82.139687 20.619488 282.976704 73.487723 36.289409 48.084959 4.651826 66.172200 3.504387 0.178148 2.376560 33.312738 0.973894 233.336972 1.217508 20.920573 24.334662 106.311404 
7.165296 1.256022 7.306143 75.848820 43.387209 3.868417 53.052409 0.925254 122.950911 9.696591 0.217817 384.481488 106.893384 0.200488 0.250611 110.101141 14.284995 0.572896 3.149898 28.781572 17.179045 1.793603 196.270806 8.089885 38.749027 20.143582 0.606133 25.915533 2.376618 48.675556 74.110091 6.424653 19.204298 21.088664 4.233331 18.219289 1.923151 3.898299 23.093457 0.111859 10.566679 58.611397 10.874657 1.010650 6.204604 0.419965 223.344283 
5.654115 1.823834 4.130712 15.091171 3.911274 7.772488 79.865573 0.679970 10.116327 23.924530 1.050364 145.746994 13.731483 0.889666 32.216531 74.951229 146.836833 0.364721 34.768492 93.367237 0.726586 98.071207 315.379533 393.815519 50.159787 1.035402 0.717688 43.355097 0.181346 17.051099 0.070197 2.100080 15.727788 0.125433 6.646810 19.535801 26.472139 72.892177 21.321742 29.886867 26.523893 0.144011 44.343363 4.001577 17.599635 
13.840341 1.408758 7.831256 28.267864 1.385296 10.817968 94.102893 0.308723 18.340462 59.900925 6.699451 98.413464 12.512212 0.272074 1.567743 63.302859 1.457710 0.119725 6.392346 9.248864 0.701395 6.907018 29.830960 1.312792 62.247936 70.118002 10.817416 2.229871 171.882618 67.903293 5.496158 13.122474 
5.848029 129.747510 173.951264 61.020306 34.006627 8.406183 344.403921 0.729757 1.956209 7.213445 5.710329 90.520303 8.281518 0.203784 0.590155 766.619149 5.932307 56.767347 4.628753 3.041139 11.485826 11.136626 0.202536 1.965787 27.668281 0.141179 0.807091 7.020297 48.200824 0.975978 1038.719765 25.777694 7.365538 4.333996 8.451625 71.055969 76.600769 30.936191 
1.803417 123.864674 4.482813 6.816147 88.004853 63.352601 509.368366 0.518711 67.283772 170.139165 9.390288 413.655467 10.043082 0.109380 3.128142 47.656071 105.289019 2.946361 11.811958 5.904626 0.169837 6.847346 0.506971 28.923498 2.186483 67.062002 4.982092 5.149108 39.000091 17.946750 2.609156 120.899487 1.937710 105.691000 
31.443476 3.967624 19.370116 49.661876 0.349321 68.201238 158.251651 0.622168 149.888525 39.508229 10.238762 89.629181 11.405390 0.105886 1.031276 53.526036 5.709105 2.367060 0.270564 1.902641 0.219656 10.295336 21.000597 42.054033 331.970177 17.093166 10.213868 340.525122 30.541187 19.399700 20.791337 28.367006 0.917041 44.714241 2.916423 706.626936 33.153864 9.264035 22.685266 3.103958 0.326994 4.374907 5.615777 13.390935 5.194561 80.495990 14.841040 
90.222254 0.446226 68.247899 25.535209 0.716565 61.797956 72.261354 0.579660 0.870371 8.076272 3.097656 2.381388 1.726814 0.067860 0.395768 2.948092 19.557396 6.127844 22.630463 9.298203 1.749355 7.912337 0.857100 69.720163 28.916454 26.010872 84.648994 77.102067 27.248875 9.220615 33.365949 0.870910 2.600926 
504.747249 1.775970 78.126723 93.708060 103.684405 86.481520 252.456603 0.732035 25.072712 18.735218 6.735437 1.354993 6.859581 0.399817 48.585479 5.551506 4.298537 4.613875 2.423185 0.694500 1.430266 2.985170 1.584702 3.579776 281.356945 108.291200 104.944066 199.622729 11.027978 140.383758 9.527453 3.018845 0.681632 104.396993 0.073184 0.960075 3.547174 
72.232868 13.848085 51.307827 2.170127 7.531804 67.606558 110.019392 0.540936 1.680276 174.168099 0.139605 8.669163 0.948050 0.136683 54.277268 10.944215 148.780479 7.112096 25.951057 4.400097 1.578243 19.786503 2.303311 3.186346 1.427574 7.507849 109.195621 13.270522 3.794325 2.999356 
323.817576 4.618838 117.474083 1.384754 6.487500 3.029621 340.918087 0.516683 55.269301 1.702467 10.701480 308.256014 128.817547 2.963105 208.677232 13.994056 6.013142 102.698735 0.161392 1.090978 1.668085 68.214836 0.336106 72.612618 11.325753 
87.945038 4.519087 1.353243 9.245283 5.885144 2.125046 133.417416 0.894509 8.492498 13.480878 13.179931 4.394261 54.365452 23.965459 338.670254 15.064418 6.107661 91.488706 1.087575 224.215874 1.406707 14.620537 0.333818 3.030869 34.981578 0.532851 1010.333456 95.369972 287.578595 65.749729 0.507604 0.520757 28.869854 20.374020 
232.671364 1.673420 3.095541 535.477683 2.952961 1.001291 101.187338 0.680295 35.932134 61.223890 4.218148 0.348986 16.668262 17.531299 41.860738 4.969247 1.868299 95.708513 3.970511 749.228783 135.943146 6.515899 0.207298 32.220039 16.256537 4.512742 311.082623 21.217727 157.177338 1.328892 7.708256 9.567932 
0.236436 38.921918 3.641254 2.120796 16.710105 191.729026 72.426129 0.901033 5.461319 68.645609 265.740804 24.961581 6.554227 6.987126 62.320335 53.434470 8.534887 281.472742 0.978460 12.426759 61.935782 0.744280 0.150741 2.392333 101.275263 5.611899 1.444234 1.852240 5.083425 97.910538 20.081920 3.310680 9.677649 6.883707 27.803919 2.402318 30.432417 
5.263943 3.850304 190.875687 1.144086 10.196112 7.004962 0.366867 0.610346 2.827821 60.542172 89.883624 23.181342 13.299598 11.597705 4.732514 87.568066 4.028037 56.885656 0.309757 4.291841 161.331214 0.998702 0.491992 41.324874 73.045503 8.758774 1.466169 1.682278 17.607359 28.934087 8.432616 22.880394 174.384936 18.159080 26.886013 25.991409 10.348829 11.062701 9.951843 9.273389 1.539030 30.472257 38.853022 3.172402 3.252254 6.094837 14.876888 28.407909 0.250282 81.509699 15.238975 9.769463 
0.733801 65.438092 137.797186 2.178443 0.406545 4.776571 108.433942 1.017303 7.455340 56.855767 2.384354 34.014373 16.954594 1.137349 125.611185 6.212057 3.305451 116.167937 1.071556 23.054340 242.788593 0.600169 0.169037 21.079080 98.057137 1.280350 1.909088 1.916982 176.990389 3.501277 9.392342 66.938896 52.707166 1.762666 135.951051 16.624724 6.475787 170.143887 1.094899 
74.168483 98.570861 3.152927 2.481087 0.747805 6.456526 1.695417 0.678060 8.135632 94.074250 0.240071 9.147939 1.315201 6.307760 29.552088 7.708169 49.243441 648.170064 5.661152 4.736010 13.142076 119.162803 0.223247 2.036860 578.176507 70.216322 12.713224 49.553996 8.513902 0.540542 41.112779 23.270396 18.804540 1.099578 4.698666 284.259539 3.721451 11.712497 17.941971 32.928239 405.692543 0.560883 82.752959 67.566835 21.265739 3.816098 53.106507 14.068392 4.461047 16.718271 
4.346972 29.154363 6.161504 4.682116 0.947970 33.591626 0.737407 0.799387 35.497522 0.167048 0.189210 119.459178 1.437101 1.609258 61.581590 633.985828 0.161882 124.555403 882.111027 2.201331 6.514429 48.342597 15.722691 20.697265 171.999911 138.104316 3.613009 72.051842 10.425602 0.170251 683.197550 5.638341 181.913255 39.838995 2.264848 21.878778 13.495955 89.581865 1.771232 6.909254 27.408991 0.189531 3.086898 1.861628 7.622943 
13.033060 103.611778 43.439784 9.338288 19.525274 38.576229 0.829576 0.989622 1316.163074 18.880703 8.918453 228.158945 4.531532 2.335880 0.213569 18.969645 0.500540 92.128033 61.258117 2.995644 111.083682 5.408432 237.631196 1.197548 152.088200 57.313599 1.133078 12.592628 101.032199 1.411625 3.166817 2.227251 352.655463 1.920531 16.332579 3.436977 38.095612 464.526011 1.897197 14.096550 5.815041 73.435394 4.654202 6.874350 9.081120 8.028976 580.320237 0.358388 1.904818 
74.779165 356.896273 33.107113 2.716949 1.117798 206.419371 0.908416 0.771989 1.479553 21.096683 2.475021 0.529300 3.451265 6.552981 0.217551 93.473117 84.562852 284.630712 67.489557 11.102127 28.474667 415.186673 42.458184 116.804158 44.266735 2.428473 19.607043 11.866627 324.416957 0.330769 0.664000 0.413000 2.335712 120.413567 4.902657 2.998113 501.305430 1.910755 1.984612 4.338374 2.163878 216.805802 7.928373 14.245770 4.654161 5.406205 9.534810 20.725876 
11.637389 918.033534 32.260844 2.675277 16.330765 22.062945 230.792269 0.971702 1.499529 3.643573 0.959305 4.026568 5.812383 3.523263 0.157427 34.132940 112.497610 329.520639 8.112697 24.178172 0.262973 783.026378 68.838540 704.855522 93.056843 6.836694 0.908878 31.456674 7.121824 0.750280 20.834246 
2.342743 71.706495 8.415819 10.383525 102.530825 0.520436 9.565281 0.474239 2.958359 1.845526 0.903400 7.473720 1.467924 2.233157 0.193188 6.193655 39.370705 47.949846 8.512629 62.590744 0.882504 7.183165 66.272218 2.033287 85.370434 877.135509 51.408421 18.409078 355.007506 62.392108 1.000479 1.573618 469.895976 2.523163 0.232300 1.365860 1.148644 17.106631 88.264404 232.861204 18.181200 44.192342 75.835294 40.221310 32.055391 0.261066 65.605249 
33.582916 172.282665 3.811203 3.358497 6.140710 9.794810 1.703620 0.634083 428.955306 0.406483 0.825433 27.223028 1010.062321 0.668743 0.102657 709.738789 140.927670 28.705643 0.139804 1.785303 0.167680 11.625293 64.992881 0.215652 85.547215 0.636380 6.314150 1.534874 127.278190 14.266407 7.476176 15.962082 117.246159 2.909895 434.890443 180.841722 144.785973 11.419113 39.653450 1.118399 2.103436 33.589818 1.081953 10.780556 
13.445056 374.955048 45.271519 40.445951 25.148953 2.128024 16.682386 0.748807 0.197591 0.391278 0.527378 9.939563 12.347667 5.862014 1.251050 125.934558 0.760084 4.955714 3.192958 1.230429 12.969746 2.561653 67.260428 220.534724 123.912456 1.233767 6.072771 1.633366 202.837002 8.439254 2.723431 6.242381 76.168532 2.355149 6.712868 0.128772 56.892211 6.083993 1.297001 53.747452 24.684804 4.199556 2.732415 
60.500624 237.123961 100.517453 2.710253 8.133084 1.862298 13.534371 0.846548 1.257689 83.412010 0.693426 398.192422 2.052071 5.183556 92.432993 0.294668 1.719946 12.917892 2.433930 3.240544 86.748896 118.632667 2.802348 11.736216 211.333252 2.811202 43.907799 97.557720 15.015195 0.514434 15.176480 47.250629 2.407807 29.376156 22.348052 0.170404 144.052536 0.468942 0.087366 7.824344 560.210406 36.317784 3.666380 1.548775 0.889082 
85.807641 212.556080 125.634738 2.399511 66.493351 0.286603 2.019958 0.730094 2.747248 33.883627 22.575413 50.928794 85.117935 5.662300 0.283426 4.245458 3.808229 14.824680 2.202829 4.955896 3.495694 3.478281 41.547142 8.729007 75.877510 1.233062 46.481379 233.959233 65.212779 372.355795 46.149861 0.985957 21.364535 2.400893 39.970877 
84.320026 86.546640 14.909226 114.081483 119.660638 9.064024 7.254840 0.870328 28.307819 3.511741 103.326657 3.292690 28.656841 2.397605 0.298958 1.611458 50.256656 53.582415 3.290129 9.541246 45.397055 45.414604 7.706434 0.548124 36.409104 5.479163 32.254362 123.887607 159.384379 0.534819 27.003180 0.390908 597.564528 103.791024 0.185910 35.931910 15.248349 17.150297 0.838516 3.128799 35.245574 14.469673 30.580346 11.312906 3.023551 0.195469 20.954679 3.118035 
44.760345 55.782960 54.053275 277.833495 1.130522 3.098422 4.043074 0.851484 3.237116 1.185251 482.965953 4.156637 70.906057 6.560150 0.208498 6.321763 0.355665 70.753851 9.107546 4.721454 11.759070 5.487645 1.033198 334.122477 15.784610 134.647346 83.391544 0.526990 20.102753 8.437742 26.236370 2.168467 2.627462 353.301402 58.627126 0.305992 170.338270 6.012270 38.399491 16.790242 30.251515 1.656885 0.382570 
571.119626 0.262066 247.757292 13.324453 3.751106 36.700822 114.272061 10.343313 4.131286 25.665156 96.254361 11.895695 9.730232 30.757677 0.154686 4.624546 38.067219 29.936520 239.639021 130.985847 0.565041 0.261689 18.597650 2.170953 7.525516 81.091941 36.732555 185.747737 337.798623 81.891464 25.638945 0.972420 4.129580 1.388037 0.954926 5.239852 0.762951 2.093852 857.519004 2.078525 6.083533 9.734808 76.709141 85.067398 13.914275 3.264981 
59.830992 0.170350 58.038988 179.263106 31.133316 0.435541 97.653592 4.399647 26.983848 5.473313 60.484281 7.420752 2.524173 0.542986 0.106146 26.607609 5.312769 163.505544 4.137236 4.888657 0.460752 0.372509 28.807042 4.062452 1.705405 185.818493 27.256595 2.032667 4.596699 54.661529 11.274373 74.132776 5.261610 0.115154 39.619019 4.499519 548.941166 16.000358 
135.512641 0.130069 0.845917 62.462882 24.708668 26.833771 703.109019 81.390371 3.651807 17.715259 25.577856 2.984280 2.470496 16.296634 0.147061 49.832907 2.720540 274.524260 9.787539 13.530629 0.584411 1.376462 30.767694 4.790463 0.944600 84.311308 24.637583 10.861112 16.683999 3.018805 13.055985 7.526057 
486.046661 5.168444 4.067001 538.093535 9.410285 19.484172 66.444031 0.804847 26.666501 64.889687 93.133763 3.948071 1.225823 2.122243 0.221036 5.916148 4.286833 509.634340 18.127189 25.918594 0.634587 0.361264 4.610682 3.030645 31.404360 16.691791 8.719425 0.600747 0.189559 
99.883952 18.116403 17.023081 499.321059 0.279386 2.335537 187.926277 1.417977 77.662095 237.454503 119.947441 2.066001 8.886420 1.793262 267.363009 2.857067 7.359894 915.628493 0.170548 33.359188 0.953673 0.241581 32.213579 0.176599 0.613804 3.590990 3.276844 7.249659 8.703332 131.110220 2.299936 1.182911 62.932750 3.773365 
365.278501 45.633346 277.555945 0.892657 0.261843 0.311375 104.602872 0.601217 21.989394 775.158018 24.206659 0.183053 0.357755 2.258701 467.903953 3.554691 10.916647 357.077975 5.453071 69.927018 0.765033 1.545868 7.592634 8.102134 21.924354 33.599606 3.627847 0.279539 1.970637 88.695179 3.180131 0.713783 108.022021 24.819284 52.727692 275.738111 661.526312 78.459188 3.498598 1.416658 28.138781 0.948453 24.285696 1.131740 0.126754 78.430744 34.587959 2.854327 121.729322 4.415797 0.294735 13.586584 
765.473278 119.641104 17.348903 4.964728 0.187389 148.931319 7.930319 4.211428 1.087625 45.465415 219.650654 12.750472 15.656813 0.428655 277.975060 6.973515 280.290178 464.883641 4.581935 3.900162 0.808427 1.341266 6.439458 3.572059 12.194635 5.913658 20.626717 12.145123 3.283871 289.587315 105.222555 1.159710 35.764741 0.488921 87.940260 23.589854 64.369887 191.629460 0.598045 1.073972 5.006726 21.353419 124.788680 1.698338 73.633923 27.463438 397.420392 28.463744 1.087534 0.853102 
413.471605 8.657882 5.290903 29.754151 0.186701 1.495231 63.609420 0.743188 5.445950 2.197028 448.283473 10.532923 4.537250 0.399132 533.798879 15.825608 3.120401 45.920708 31.775790 20.497520 0.741698 0.743389 5.902873 2.663213 160.347011 113.956709 131.851887 3.500117 2.838781 37.934066 68.018391 3.202531 22.522957 2.868422 3.181954 1.319875 176.337745 15.270902 11.308752 26.646454 56.297971 73.981467 0.165442 17.708381 1.326420 1.103129 30.968748 
284.612928 45.805346 4.375126 47.345877 0.171451 8.998214 15.650233 2.518526 11.400909 0.393931 213.504593 11.424043 4.943024 0.883698 153.948500 11.378940 8.141144 49.326300 68.355931 0.196035 0.692038 0.683670 19.174315 4.749047 31.767813 9.823804 117.067426 45.255655 17.197337 180.037509 141.964704 0.237282 0.766427 0.417311 6.120379 277.339273 13.787060 13.494406 82.285784 
100.282786 7.288714 7.183764 9.100456 0.364781 4.895246 5.431393 574.527028 2.659377 8.124974 23.524570 1.133770 65.563041 42.411344 162.338365 4.713664 1.605021 0.157569 1.154209 1.694486 0.714271 39.153404 0.316235 31.968833 9.747417 8.882669 0.400075 42.553968 76.691302 464.955852 456.422175 3.147550 
87.021918 22.045912 8.519439 18.468596 0.085156 37.776200 6.652077 237.104206 7.106704 0.088733 66.809234 73.060293 69.463320 188.584162 2.009387 221.670642 1.938133 0.632951 5.088144 1.190941 0.657124 3.831084 0.393896 4.142918 4.241617 74.112635 356.127350 12.358337 339.668385 148.000836 0.070015 39.136758 0.220624 17.573479 9.359706 8.904015 6.457791 87.890870 42.409369 49.782406 
541.160393 461.802071 8.887028 124.650669 0.108787 27.191510 72.551634 96.530195 1.978158 5.995023 7.113660 53.845978 73.064323 3.057219 7.421301 0.367942 10.801131 0.083617 2.699696 1.080494 1.136560 110.374437 3.587278 11.601470 44.831509 142.402984 21.821251 8.222403 99.242637 249.937303 1.797492 2.866233 1.145517 15.477645 0.520563 8.501196 0.664600 7.449673 0.864599 46.491119 4.899439 0.757175 7.355601 
339.195637 115.268536 7.687194 14.942773 0.078024 11.816428 33.217690 361.051869 4.265520 70.431323 0.373018 31.665002 0.201099 1.554471 1.110474 8.790005 4.882361 252.690718 56.561091 61.185909 0.641803 76.421286 160.605158 0.304065 18.606069 10.766991 6.858909 10.264332 8.819691 62.237719 
4.584235 6.895591 16.114709 2.120968 0.124316 2.854671 385.040792 172.026402 342.859060 69.082131 40.118703 135.084784 0.249792 2.101985 1.292052 0.184284 2.103375 4.669820 11.598046 106.779095 0.704880 43.974549 0.212731 4.847767 2.266821 2.173697 0.224012 11.899189 188.132337 19.105318 18.792766 184.893804 265.990930 10.839309 68.969971 510.571716 27.046009 2.936389 154.748497 24.124440 
3.416907 9.363218 22.075018 4.384150 0.154444 0.691960 312.824918 217.467059 257.099078 72.272033 63.913246 83.505958 0.796177 8.124162 7.243059 0.175568 10.176027 1.267728 12.566464 105.349503 0.170988 3.366161 66.098506 0.330365 0.268640 1.092520 15.138353 3.994744 10.522085 9.881610 233.208541 0.305699 119.388296 10.688622 
23.719708 69.285765 0.218073 2.289704 0.053544 0.869570 7.473944 169.542346 245.547805 43.704261 0.826554 13.360633 489.080184 5.053934 7.737317 124.033191 0.604917 5.212032 13.552497 383.338888 8.689226 22.857677 159.453335 0.113952 0.884428 11.963153 13.133620 10.431932 204.173334 431.121005 34.570226 9.122702 2.493135 0.322660 2.443855 2.884762 32.138103 
1.888608 61.298182 4.167573 8.346401 0.141525 0.581061 436.187095 338.568581 60.705555 346.571392 2.434726 26.414844 245.627932 0.715024 12.413712 0.139603 13.173392 0.072854 6.177180 239.015144 282.841455 4.506537 40.875484 8.824805 3.397375 35.255535 10.883038 
1.805020 67.639778 18.831240 0.108737 0.184918 0.717641 170.058810 379.323862 24.883555 89.000821 23.539497 11.124605 225.284797 10.736018 6.532784 0.065128 14.682157 0.069792 0.547218 45.248682 0.247662 9.229248 94.086717 87.967719 2.033980 10.441096 0.201606 30.425134 7.443840 
0.071174 87.377305 0.314059 0.613002 0.100098 0.728118 82.787340 178.018910 0.260813 199.324063 0.546513 17.845276 191.441638 2.577682 16.009511 0.605527 6.538162 2.305850 0.214418 11.518027 11.152894 7.304098 72.455395 22.901852 12.704182 3.813189 11.072619 17.592940 11.161880 25.357429 66.793636 63.325607 50.260420 9.971876 1.847846 1.567026 2.237010 11.019333 65.998735 6.333997 3.927196 222.386418 10.780248 25.404542 
4.739896 93.563776 1.078852 17.785774 0.201091 1.301003 110.476202 234.603059 17.707331 332.822468 14.832403 9.792119 19.065204 60.597744 10.759444 181.719527 0.173987 6.244586 0.263814 68.606137 23.629062 14.386698 1.871260 68.457040 40.518434 0.614899 12.752168 0.532253 6.576291 7.529258 51.051108 157.222920 0.434348 4.285826 1.021504 8.543952 0.388218 61.733010 11.996926 13.755169 11.502111 0.083857 
127.825115 201.475419 2.818201 2.695194 0.152970 0.667166 71.845460 242.991975 18.909886 309.625239 12.271588 2.747718 1.803130 0.302226 9.412786 233.173159 1.969308 88.976231 0.190670 0.487997 7.377711 9.438464 25.525207 0.467534 0.975353 0.749554 61.441312 235.642038 5.679753 49.406534 4.812783 0.242531 25.412067 20.641644 103.162118 6.649740 5.039452 34.855161 67.367264 102.855576 6.778621 6.440025 7.524177 35.282048 
31.138440 8.616354 3.613342 7.712062 0.082331 0.675223 58.294189 300.599500 17.739668 51.080994 0.306704 2.233327 6.270148 0.131815 8.502103 305.283274 105.148006 3.737469 0.929339 0.695983 99.470256 60.117667 0.196276 62.069852 3.050843 58.564547 3.222936 10.959388 7.445679 0.906893 0.377505 5.385844 300.611822 0.111843 94.675875 15.544567 0.441486 9.416191 381.238417 10.598809 5.927743 2.488024 25.981791 21.321250 2.989488 
71.850003 7.437888 24.880346 107.395258 0.121523 0.528832 51.965805 92.753887 17.855898 55.106379 17.103879 1.406238 16.255219 86.318640 12.309391 2.105363 34.702910 2.388620 1.079201 25.038067 5.329969 6.262402 1.299359 40.995070 54.176173 0.159934 5.104342 1.198792 0.283427 125.564254 0.853689 7.189577 42.668139 2.465001 160.493517 99.547703 177.955063 0.064419 6.478544 
11.580627 73.158337 0.282733 70.726217 0.162472 0.486882 197.052622 102.880016 0.710480 421.004515 87.417161 1.216050 2.570251 42.129167 8.319933 8.824848 234.164889 0.577296 41.252349 7.967023 0.282608 24.525958 6.693209 1.629715 10.251617 4.513691 5.198411 17.655366 3.102285 11.331281 19.582620 28.223502 11.603477 28.585019 16.605084 454.488500 0.198264 0.377318 1.286617 1.218017 19.140113 1.008751 8.534562 0.712027 0.433036 
1.693510 196.893873 3.147432 7.510273 0.475311 0.605033 86.079985 95.570475 0.710152 0.963403 12.413888 1.411911 108.871564 6.954672 9.247074 8.822666 2.910189 258.128594 135.141042 23.364487 79.426314 1.491351 11.372913 2.775386 0.054435 78.776267 0.237968 381.587958 65.467495 22.560064 70.725232 63.119344 0.333290 0.801679 0.703815 46.475928 44.575510 22.919155 
175.204395 49.945467 54.619010 0.786077 0.181340 0.611216 86.354214 4.812080 2.129923 1.731239 9.153705 1.872341 232.548651 95.684275 10.680300 2.806586 189.229558 0.238057 64.962378 46.888948 3.714125 1.025488 9.583435 2.520098 12.736057 67.931830 0.563659 47.542653 0.783975 0.693689 2.957056 2.238479 116.704784 0.083620 94.205244 3.402049 1.438118 19.870362 110.282480 228.106999 32.671012 27.753311 
72.000758 0.166198 54.743866 222.554196 0.266534 0.667898 213.075205 5.480073 0.206678 0.911179 9.593813 1.651143 274.425295 0.826452 12.840009 0.809717 26.582847 0.338610 14.730338 5.491188 2.966554 1.264121 0.780950 25.201082 175.422766 284.376824 0.049025 20.103913 82.942782 0.988187 23.129496 19.374739 153.412243 77.256890 318.571440 3.660945 12.649491 1.527504 3.448258 1.525957 81.418051 6.408745 39.393927 0.149174 90.655828 21.931570 6.832172 
96.074503 28.949875 0.312030 350.803766 0.089603 0.856128 327.811972 21.063070 1.434908 24.237137 131.869549 1.207305 111.478680 2.185017 9.221848 0.109756 3.698699 3.295501 0.076719 2.029458 2.325620 0.286991 0.447719 26.331689 25.845806 144.920071 3.049660 106.257214 73.167101 7.779777 9.141706 
48.865632 35.788341 3.195181 196.451049 0.051505 0.656963 134.900455 9.311852 1.595778 2.214082 3.787163 4.052824 381.727633 0.070917 10.379266 2.090187 0.905940 44.834698 17.453223 35.951150 0.418102 1.711026 1.148602 7.108659 25.221270 170.507582 268.195745 26.314700 12.981058 63.218486 0.181694 28.539257 10.983432 135.240848 0.668763 10.340795 
113.649900 0.226059 16.552982 421.038788 0.064676 0.870283 195.524451 26.784392 2.319893 1.524019 8.093444 1.703366 8.358430 0.119955 10.503731 53.956961 0.206811 13.639335 1.333398 1.124234 0.273464 2.512870 74.114262 200.187851 7.044591 116.991642 3.066158 5.998807 0.077278 2.993168 63.307075 23.925969 0.574299 118.045619 0.262897 0.504767 
138.698975 31.882426 19.719667 189.098700 0.075645 0.892379 86.439926 5.808080 0.978560 117.340930 50.693342 1.228968 0.629865 12.543955 10.596882 31.632887 0.712393 164.146637 6.504848 161.035970 26.730608 5.945303 61.934096 263.104827 3.646030 253.127260 4.266959 0.995364 1.762133 0.710300 19.769630 0.439812 0.178149 58.643331 0.238148 13.974126 269.880007 0.210989 1.211062 8.935301 1.324494 2.144508 46.687061 116.066920 2.463270 26.395678 2.033621 30.836548 0.430330 32.083627 27.740465 0.626561 0.565211 24.844360 0.702728 22.365089 1.191647 
201.979778 1.412710 0.258531 280.121913 0.062646 0.651496 184.303767 65.903169 12.011288 11.548616 12.800672 2.181465 4.963890 59.171987 9.434316 2.912849 5.226339 2.017289 2.485918 9.967394 0.101312 27.950760 0.961301 190.731239 22.958567 0.448112 85.091072 63.242835 1.795371 123.599056 34.857075 14.837000 31.391687 15.219389 16.072448 13.793234 9.407190 12.331291 
88.677989 0.089273 7.789809 174.070271 0.087603 0.730131 53.776147 46.640361 6.539086 4.485804 211.420671 1.294316 22.943861 26.646768 15.989581 11.799222 3.697685 0.127606 0.997453 0.495678 37.883630 19.631595 12.428000 49.742972 10.984642 17.506682 24.544159 58.216509 3.015838 10.435756 0.152086 127.100136 0.120573 5.426322 9.677994 2.561287 3.963233 2.731327 6.521644 27.723302 1.677420 1.148635 
481.017722 75.882571 8.542718 78.228136 0.110558 0.808931 0.916615 372.621353 1.494864 122.459408 60.055759 1.692967 13.095834 554.580439 18.363289 65.251212 3.990296 5.061575 1.956937 75.932090 19.921520 556.006961 2.427186 2.881589 4.120127 1.155926 4.400136 21.819522 2.369493 2.963671 105.633623 171.795520 252.450832 7.670853 2.154314 0.187791 1.044289 0.541545 0.295685 485.524491 12.619864 113.620677 5.089511 11.132782 0.615741 0.254284 64.125165 4.780841 460.069313 7.669453 57.252230 
137.480784 113.077933 430.620754 215.030660 0.292853 0.986968 1.719434 35.230606 1.406423 4.852060 11.888141 1.489441 282.289963 0.699450 7.459811 6.450500 3.805543 462.871303 18.454230 133.666049 19.173027 1.614288 0.986601 2.576123 5.482121 77.790888 0.079088 3.568181 22.487772 0.625578 5.664790 297.485053 12.470697 14.799198 42.475967 7.001541 3.554850 20.044849 40.365784 1.096006 
326.866909 142.852926 33.951737 3.506026 0.072842 0.835369 3.420595 47.567466 154.159911 144.617903 73.577284 0.311082 322.339642 10.903192 28.526950 13.218644 43.058123 6.469550 45.700595 204.925968 39.614225 1.641107 1.020570 4.997084 0.255273 135.850114 13.277952 0.644690 10.983701 1.647661 3.300049 3.471410 124.500337 0.146210 164.603060 54.095921 1.296204 7.975076 0.329311 156.264026 28.896634 3.157515 5.209867 2.316628 10.942413 98.214499 2.862642 1.232425 30.207668 1.598432 14.712263 9.136125 82.907706 0.328494 
10.749862 172.601191 3.108230 12.407939 0.106454 0.773063 437.622053 465.519136 0.276967 6.309670 7.164112 0.369146 333.997503 52.981630 5.533449 1.136665 34.056445 13.344842 5.423698 252.913412 5.695213 1.444645 238.222074 98.202487 24.563302 449.787942 68.759903 27.289959 5.776235 188.720213 14.379536 2.294143 5.994108 17.078947 21.151367 16.311981 14.615188 2.196580 43.593968 1.676270 4.519868 1.622344 8.754310 20.808813 1.812497 
43.588528 969.256391 996.636941 4.273423 0.262090 1.155036 159.004561 596.073327 0.402177 14.620153 29.360023 184.225086 53.802868 4.431802 15.917916 0.170043 3.579987 15.247524 1175.032338 1.199363 18.993882 1.059879 84.594235 26.138347 5.495831 74.196455 87.356545 27.523278 87.534682 1.162487 2.078486 0.263063 15.659900 2.534125 1.789990 0.871222 4.921334 5.857311 44.494737 14.711951 219.125845 25.033815 46.968672 
0.840843 208.140823 224.105382 28.977280 3.765756 0.812412 161.507597 815.192940 7.838995 0.325366 10.622303 9.042205 46.554352 101.595955 11.555649 1.690008 17.695895 19.290378 473.168481 3.262207 55.882687 5.511632 88.181616 4.807148 121.743534 0.392744 1.671200 143.271541 4.329966 49.934631 11.959127 0.220713 5.561533 6.712149 5.623173 1.643999 10.794556 23.958595 13.810575 
0.943660 149.775193 323.303923 0.868720 1.441655 0.657179 13.048959 950.394753 123.454104 0.757570 6.679101 6.228019 97.975682 21.623727 5.673056 67.764180 33.366301 21.335216 132.441129 25.519158 13.164795 9.377940 89.380437 5.895005 1.298319 0.190237 15.118629 12.633237 4.611014 0.644959 7.221510 0.321673 26.588632 45.934309 37.010706 27.849752 5.535542 99.391784 101.158781 17.455972 69.652065 3.756885 0.719609 2.866612 28.551520 3.411011 30.379989 10.235624 169.719904 2.951223 112.921000 6.606837 
0.614948 129.479418 9.435205 14.837485 10.784708 0.736598 62.263830 134.292590 9.201337 0.586553 12.215264 4.440821 188.786729 126.556911 7.873838 27.304774 15.832073 42.178357 29.402896 199.405907 5.298989 1.522898 4.057259 0.283226 37.303267 1.705962 1.050784 0.324365 152.252805 3.649415 1.568892 0.141121 10.947444 25.492328 24.994211 3.233223 231.579797 5.877651 65.486365 23.746947 49.804997 50.204830 1.317162 4.214536 62.782728 134.093517 8.881707 105.620774 73.017055 
17.080879 1.147479 0.154443 0.894783 68.499077 0.464589 362.104466 346.623940 21.130665 0.684343 8.933289 3.807704 81.320163 19.159450 4.538955 4.175550 26.000245 23.058054 0.825091 2.087069 21.251635 179.064318 83.936707 0.178624 0.970616 1.189573 0.838260 0.240646 90.463462 7.537272 1.665703 0.166707 7.882877 0.233640 344.047563 8.063348 0.744693 28.319433 81.464243 5.648893 32.641777 43.076860 60.109673 1.646092 0.429158 6.530515 5.143967 92.618062 12.605543 1.895647 242.169104 5.169416 
17.111280 14.207509 4.349395 0.886994 63.310609 0.534980 121.256840 6.227454 3.032469 20.198492 4.589869 6.471385 172.758019 225.430294 2.731511 59.705581 0.514265 22.926811 110.445277 23.729882 18.742437 27.191884 0.795865 3.714364 1.946488 58.640650 0.862905 6.789280 0.550358 31.098695 3.610898 0.347709 25.035235 13.487606 8.769005 21.078155 0.570661 8.078605 79.807898 236.153888 0.828706 2.320285 72.004128 4.280727 0.274670 5.484631 388.152926 3.756959 118.397186 372.799346 1.520242 0.156448 273.086436 2.990960 38.474395 6.956476 19.353171 3.544687 
19.185145 0.124262 23.840369 0.311631 3.680594 1.893141 35.037497 12.627550 0.363677 57.704266 7.474260 189.790876 574.524585 52.268139 834.435284 0.248782 0.479278 22.000587 19.714446 191.110265 732.655207 0.598082 19.405879 28.268968 0.805764 9.039510 0.991539 0.902948 8.084885 1.700281 178.203492 0.119326 2.466339 229.237526 0.143088 6.402600 29.614462 6.685824 70.900284 292.802350 6.751288 17.411009 12.637644 116.286204 2.106289 5.759008 9.194013 122.587084 9.247164 17.094904 13.194885 40.980710 7.101384 
14.843223 0.529887 10.269931 3.622789 145.644556 38.513015 8.564860 6.956247 15.771762 56.383263 10.393179 10.801784 517.374737 427.889886 89.502420 0.193260 0.075801 6.816678 229.454274 46.190949 54.283586 498.024687 15.561928 1.209562 0.475107 0.121236 0.935054 7.324933 112.338170 33.748193 1.093921 0.333093 7.303951 0.578528 0.334752 17.899118 2.156711 0.288890 25.675165 155.478707 37.448624 33.768253 13.014041 3.483934 
5.288361 133.484267 7.379917 0.517101 302.245558 0.919439 0.997255 2.022732 1.068753 111.092954 6.616022 170.839616 173.112713 199.920771 395.477273 0.377855 138.690614 6.557586 1.255837 42.907383 0.767312 2.583103 16.657575 1.208054 0.367587 6.758113 5.919592 20.826942 18.270249 44.550055 80.579887 0.098077 3.829765 143.583868 0.336933 8.005214 
9.447865 22.315102 8.151370 95.958952 465.581461 6.388857 0.370916 2.188378 15.460534 268.539137 5.484463 12.646754 116.647031 148.901552 629.818861 0.872851 140.967170 7.668319 2.605952 67.075566 1.002454 7.420401 17.421697 61.445247 0.151204 4.814530 11.144014 132.511238 17.033404 6.957158 72.352366 0.116122 3.997322 16.718482 0.292093 79.967677 2.122106 1.500039 1.096747 1.950612 45.056286 0.272984 12.376865 3.161615 10.460448 6.785434 4.532954 25.327463 23.732864 31.188550 25.468398 3.026340 12.866665 
2.038537 551.616549 0.232920 4.127118 623.412566 5.697724 0.598219 9.261513 2.373292 43.842039 10.149463 0.890339 36.858000 56.948868 442.779044 314.171634 107.393926 2.184855 95.008343 1.349663 472.103809 18.005690 15.160814 270.732239 0.368013 3.442733 14.231774 1.812808 14.147620 2.623147 64.329149 0.261262 1.835766 24.964310 0.111452 10.521345 1.674537 8.905526 20.301488 3.875373 26.406022 114.106229 2.292572 8.033247 107.371519 0.301159 4.532855 1.299957 10.417634 4.043723 0.856233 38.252383 467.535987 24.503323 5.121742 19.404655 
6.569256 738.464345 34.568707 41.449410 151.256173 56.921851 0.147856 0.214605 0.848909 14.175615 3.674810 1.247473 40.698185 57.491877 150.567665 173.911428 14.976648 115.723416 61.409229 1.500290 6.876607 8.806496 0.374374 22.125912 0.530768 73.171473 1.365123 23.682233 17.707859 6.747147 39.735288 0.243357 6.431096 0.176212 0.094780 10.907920 6.683046 1.979537 14.371847 3.777821 8.189065 3.818341 
59.330228 123.526052 1.513053 45.554599 249.965597 34.857977 84.936837 1.567499 1.669977 18.739573 8.500973 53.166026 4.800463 1.772572 764.408855 197.882408 10.298237 6.998112 9.485509 1.569773 0.848241 0.416179 8.900579 3.886781 0.626488 6.880099 6.006408 17.038134 12.434505 8.917919 0.150895 16.694964 9.845829 1.104914 1.495822 0.176844 17.214745 44.506657 7.451340 14.145430 37.107276 36.750457 31.652362 13.515622 15.856092 0.661021 9.695373 9.318059 30.108683 
180.712584 1.122443 0.917967 53.851225 574.546574 0.922756 10.264794 3.723367 0.166907 62.196464 11.393874 360.861534 0.218676 0.570138 28.679871 0.286539 2.926001 28.706935 3.740004 0.312232 15.187694 1.156324 15.034289 1.197847 0.647448 0.292058 21.389054 840.236769 21.788795 10.886384 0.116364 71.330549 2.594355 0.339189 0.242814 7.183073 147.532942 3.328663 113.625919 10.545268 0.157145 721.329399 91.442950 
391.713000 41.296232 4.233428 49.301032 5.652295 0.605531 0.600757 42.562845 8.902723 289.527623 33.530882 158.170856 12.267552 0.111116 7.318591 133.118458 1.390095 1.602441 96.316314 1.463497 7.089827 316.495444 2.273434 60.389208 0.570166 0.836735 11.754037 325.776606 8.978510 1.290608 229.720259 0.475168 307.882426 0.444890 
98.062453 47.371581 7.318299 39.328405 7.143493 0.237163 7.638875 2.123451 82.060734 4.982856 4.190606 331.744251 10.023586 0.309603 88.514045 27.122389 6.853919 23.020794 278.506950 1.480002 4.870205 282.439829 3.375276 7.313555 0.593950 1.793408 8.261350 164.186639 5.445880 4.672948 11.606679 4.653691 40.734735 8.199496 115.007761 12.034445 25.483043 38.766881 2.288157 
182.714009 10.094787 2.122566 3.423278 4.737464 0.278541 7.893654 100.505245 9.001964 71.046744 4.649643 125.368590 6.983234 0.505168 16.525436 38.133538 10.941888 19.555225 12.014189 1.412978 1.778921 85.329524 338.591297 5.622438 0.556437 7.274129 144.043645 
527.983272 1.060324 26.155306 17.591411 0.652886 0.160165 22.985655 7.836971 5.269220 3.964763 293.040543 12.608512 0.679714 0.094260 78.246646 41.799707 9.976122 144.496247 53.403556 0.912767 3.393390 36.382601 14.848293 25.821788 243.185726 29.825295 1.332728 32.327208 2.112644 20.062451 58.448801 10.819876 25.402637 
64.926525 0.542000 82.205875 67.019225 0.674538 0.102494 19.361721 5.225726 7.006803 5.606054 12.789537 1.822971 3.709031 0.211206 45.450470 7.171302 10.329917 73.489893 6.522611 1.253940 559.184721 282.235916 14.465064 153.120467 2.428773 38.821066 0.635736 2.098548 235.620335 20.773614 2.143432 10.768074 31.330742 8.414722 15.562016 
489.451769 10.178415 5.890505 35.054700 0.562943 0.094211 3.490312 392.200694 41.063927 4.066405 5.683131 0.221478 3.921211 2.947373 87.793665 19.332755 10.375778 0.679435 2.369894 1.543538 55.155944 2.940717 24.578794 3.455491 24.812169 36.963167 73.610217 
216.062984 48.202777 4.039482 95.828085 0.663031 0.407334 6.036095 112.952043 2.933283 23.821551 7.300051 0.285957 49.282566 1.476871 67.936530 47.732733 12.097246 4.808008 24.230429 1.721577 527.232792 8.522529 7.782286 6.115974 5.088609 35.019781 15.996394 
11.635830 13.275171 23.665241 0.500555 0.439223 0.103382 1.098107 3.030731 1.064894 48.550262 15.710667 0.222176 3.005336 270.209764 79.168207 10.665150 11.877979 183.351911 1.222685 1.551961 573.678278 586.458972 59.608432 5.645110 24.109876 157.608874 7.507025 19.284515 23.285405 4.661161 11.337732 5.101531 17.378773 41.538626 5.805820 
10.305795 8.706889 0.183861 2.383581 0.688128 0.085907 1.488718 114.678274 5.298599 224.972966 224.259788 0.414636 0.462775 3.322429 19.387469 121.636691 19.733354 91.755186 7.246660 156.830781 370.932297 130.246589 1.958594 4.681273 27.586637 141.749198 79.605207 0.468798 1.388230 3.816792 29.309330 1.981179 
8.904449 69.531009 0.792248 187.572020 0.503489 0.220061 1.269881 40.455443 7.297914 248.506090 116.422072 0.486030 3.245198 0.346476 5.576285 43.819410 10.022472 63.267588 23.175618 7.933424 428.110416 0.907402 63.862694 176.526786 55.172934 
3.554895 13.373781 7.282820 82.433355 0.518954 0.176646 0.492630 69.608848 13.926523 124.586108 80.794959 0.475689 8.506086 2.511299 6.840509 23.183733 12.546139 3.579445 61.222253 1.358467 926.641057 5.358255 54.371344 144.662716 7.220794 1.622611 29.819460 0.427607 18.689649 8.787913 416.546176 59.490085 
4.207270 46.137382 0.230488 11.469006 0.642784 0.211948 0.862295 50.279466 68.000072 1.625673 566.501148 15.186590 14.566348 20.959391 0.776790 27.532169 7.833991 9.067920 6.547513 35.712060 9.536934 665.841616 9.394157 170.903782 0.255153 60.925508 817.170053 8.182692 6.818889 161.046957 9.169324 7.175437 1.767594 9.053060 0.352275 3.478065 2.046176 15.500609 3.052188 
0.429646 13.033233 0.129098 113.429768 0.513007 0.165353 0.777519 43.775337 11.412049 1.279087 4.043387 55.429319 1.177524 3.423331 3.685189 29.794666 9.092925 4.415074 3.300203 127.456615 3.270487 345.780449 6.790762 28.948820 192.887507 64.353044 799.755256 15.527036 22.326947 184.796620 208.537792 39.420167 9.163515 7.598722 0.188188 32.585240 6.134751 45.613711 2.681502 481.187317 9.384786 1.485876 105.870016 1.924231 
80.732870 11.673992 0.213135 114.887821 0.483868 0.389793 0.374736 35.857286 3.644780 16.292685 1.957992 20.317721 1.918238 57.754061 6.453923 107.731084 21.091106 10.017578 2.616293 61.862762 300.717511 473.319699 7.921503 16.257027 326.467471 0.967494 59.380048 1.705424 52.160723 17.057222 104.794877 0.974170 93.771509 41.894198 18.167065 5.774545 16.744693 25.423725 5.927828 
47.188939 5.683614 9.605961 4.760023 0.762666 0.406660 0.770095 24.087774 9.761824 12.348529 23.308809 114.498187 1.236123 167.322482 167.929898 2.813790 10.215514 3.841218 12.881216 2.802824 66.368903 172.735254 1.383249 50.809073 1.439799 1.279813 69.136295 716.843193 66.120294 31.300954 75.704250 0.118013 9.524632 17.637822 851.801100 5.983155 8.338303 6.170876 0.208493 2.858591 1.253634 14.382449 
70.509539 7.173510 0.248011 406.602593 0.579526 0.107393 0.837551 0.786725 5.780929 0.675938 25.342371 816.366089 4.525393 298.678721 41.233846 5.580838 0.191121 7.096281 0.675088 8.697794 281.770614 63.964732 132.372933 6.038738 29.953678 3.070307 209.642954 59.475366 0.261142 17.454747 42.961911 0.803960 0.146923 110.624092 11.299295 0.638786 28.738588 389.181881 18.483973 1.644330 13.606357 10.742557 106.100569 41.722165 
0.422024 46.940512 33.185208 22.156908 0.605728 0.764377 2.188404 6.536708 1.042345 6.009648 7.075842 2.040834 0.162078 67.583003 81.423548 5.747014 13.351008 194.355130 9.228880 14.988561 108.383062 951.575190 2.051280 205.697966 19.385345 237.806585 296.124079 1.392632 0.402852 4.253182 5.295516 22.963430 2.770044 0.272187 3.961941 177.669574 17.935753 
0.499051 184.070154 7.411547 165.357511 0.647763 0.830179 0.665847 45.801411 7.362812 123.132751 14.803152 12.022647 0.475764 11.827154 244.785545 61.456295 3.371916 64.978968 2.084854 2.127426 44.844820 160.979568 95.852072 14.791506 0.382238 1.172468 132.252274 177.654682 0.177658 3.680881 3.954258 12.425077 224.389181 10.607320 30.466589 3.925201 15.654477 6.145643 17.838579 
10.574187 16.856343 15.483050 186.023994 0.595277 0.745369 8.133101 0.504583 169.416037 12.957918 5.209149 6.736798 0.142850 9.537272 57.410127 61.144459 5.329015 628.135945 4.819991 5.902624 8.470593 110.719899 12.008601 3.790487 1.091337 74.513647 825.024901 122.135726 12.787048 17.801692 1.312425 1.162684 56.693202 
1.484183 3.452703 549.119383 15.570426 0.661990 0.498492 3.544524 0.121774 0.384425 13.193125 63.296113 3.656281 0.193704 115.651731 15.296524 34.833996 4.505404 11.231910 1.957791 139.802101 5.277212 12.363224 256.202714 816.732262 20.499701 0.962912 4.146128 6.028035 0.514050 584.237743 3.192806 40.096573 38.718689 56.835125 0.523519 17.486997 7.345581 2.688265 41.881665 11.136040 13.922274 4.609098 
89.855343 11.416262 219.605051 15.036122 0.588562 0.194566 4.210856 2.445106 52.721771 10.340572 70.376122 3.625060 0.109953 197.720526 3.303114 90.011672 5.389234 22.555912 1.216294 196.326380 97.067988 64.423785 702.347018 0.556313 45.152610 0.140054 0.440418 0.232111 0.955386 71.497413 2.687739 6.516919 0.366801 155.539511 106.956774 98.297152 0.537871 1.852692 0.924908 0.186642 
80.326533 2.887598 128.694023 1.641776 0.651047 52.812657 7.195411 5.869207 651.501752 0.528941 4.040091 12.437858 0.197841 1208.224406 56.258181 34.565580 31.043533 83.547738 1.284937 150.211649 8.800471 163.582314 0.284800 3.612430 3.264278 4.527547 101.735166 7.836038 1.806917 26.705314 15.641353 
92.231450 0.327144 139.831251 198.805842 0.515327 35.637964 17.201426 0.623257 7.121606 0.657241 6.197511 0.629656 0.262167 178.162382 0.598434 248.621299 5.276926 33.009930 1.535403 11.985186 11.573743 129.529511 4.322927 15.447889 470.992513 1.819062 27.892984 15.308052 0.251775 3.015097 7.214108 66.137904 58.745759 480.332328 0.231851 516.445933 30.292730 0.482861 0.884652 
77.598336 4.376809 225.846517 8.518154 0.513254 40.995300 544.591482 2.005887 3.082147 0.369782 281.832286 6.797492 0.146411 72.199080 15.843654 6.453085 36.471373 4.390779 1.280375 86.734943 32.063861 77.536723 26.380060 1.285096 0.683156 2.542334 226.545454 11.198450 123.615455 2.503850 66.924297 6.987236 338.668097 64.314864 16.790816 5.987838 59.819504 10.843265 39.395162 66.600500 1.477790 
15.202648 1.559354 39.645025 76.909237 0.606061 1.055731 100.257345 0.391390 65.454413 0.236967 6.653129 47.162108 0.297332 72.127368 16.131035 76.485766 56.672913 7.295896 1.952149 21.879398 19.086696 90.465529 6.900475 141.806232 0.348510 0.579825 2.899523 9.461608 34.561981 48.058498 66.857554 10.900393 212.201951 3.966257 21.041017 4.139232 1295.000911 0.827706 55.601298 56.232685 9.808519 25.361862 22.769367 11.658323 5.400461 3.810944 65.315891 173.374306 46.759067 37.884722 253.074511 2.406255 20.213036 
119.026359 117.685630 1929.130652 14.576855 0.601515 8.365042 865.034247 0.553695 73.045050 0.457669 5.353122 1.498644 0.217665 6.753545 10.414980 69.110850 167.968758 7.725868 106.939341 28.261323 536.572598 8.128548 410.947564 5.594867 1.512854 0.398356 284.378930 7.042129 77.469803 5.971798 6.818385 399.848442 12.599455 9.732117 75.741658 3.589639 75.202850 1143.089084 
3.678644 214.041578 61.577906 17.122916 0.560753 0.245501 100.587302 10.997259 5.506174 0.661412 3.724358 3.450494 36.789172 0.455386 7.410265 36.292620 172.444079 414.354529 10.843301 7.443946 2.810815 21.514188 0.568176 4.885331 1.496497 0.692706 80.961711 6.789133 74.267840 11.656677 15.050642 148.291558 11.600110 84.084780 12.711524 12.576686 17.603696 69.469380 42.635417 13.787642 6.718839 34.382875 95.204841 
186.097778 6.508908 10.997715 4.532534 0.585821 0.207228 73.686947 6.338871 2.446652 0.224083 54.398579 1.602836 30.907823 9.632538 229.613590 46.323923 127.693974 34.419523 20.483914 1.782084 0.423805 454.048238 7.436222 0.825041 0.775569 0.223147 268.797368 3.302778 72.409067 4.665960 12.293038 5.277492 13.628877 10.397220 16.269622 1.510451 12.337043 13.300617 3.068775 2.179355 
73.433226 6.274126 0.841520 801.638905 0.606290 0.152427 927.343381 11.795112 14.002933 1.013676 1.211392 5.891254 65.961273 2.229425 294.072398 1080.005901 121.001220 5.979743 2.890428 14.958763 3.028316 339.064606 2.754721 76.038941 1.647142 279.084042 342.052683 373.138351 2.684721 9.539025 5.701231 9.641767 
3.766956 86.545068 3.678367 1.571052 0.623388 0.162093 79.240839 6.473279 52.443211 0.162350 6.413857 210.562024 5.127578 1.516997 69.163325 192.934018 6.981372 52.751334 12.153340 15.552391 2.415778 486.549274 110.416843 350.761071 1.436667 679.450136 363.961116 24.644105 3.482512 3.706427 67.371126 6.458586 1.917706 4.523573 22.974569 
182.036657 79.074721 5.342417 1.700389 0.635497 0.276325 147.898914 599.879253 8.233436 0.362617 4.563542 541.708397 221.165339 1.510208 7.089555 189.936081 4.320499 4.892136 3.505698 0.478214 19.219357 136.758696 18.377048 131.259049 1.012869 66.829121 1.204129 5.621107 80.518037 157.906477 8.684652 63.386142 1.083296 15.622403 15.458407 8.797270 22.614555 0.304094 103.143150 19.720791 4.395020 1.596996 67.549545 
23.770311 19.496992 0.206093 1.157358 0.520733 5.775182 385.885505 55.921473 2.643966 0.388023 5.910160 68.432641 218.150078 2.435276 7.112722 161.432375 39.477573 4.651646 109.560673 0.149852 557.748787 72.980622 1.342989 39.881032 3.451168 3.172712 1.517950 6.459465 3.666037 4.370570 17.777259 251.210237 4.139783 1.824087 29.079855 21.984371 6.528548 4.167821 197.952631 1.165896 89.969916 226.678135 3.597415 
5.498287 3.185660 0.775859 1.277706 0.644775 38.388123 667.454208 13.845989 190.298107 0.184250 7.290502 77.247800 716.765982 16.731435 99.803739 167.382341 7.399776 5.933859 1.332139 0.217360 91.336677 69.982763 0.129988 45.103444 1.002857 0.320200 194.561028 982.958491 13.482173 9.181462 5.788859 0.205303 0.959384 12.903699 43.782662 111.832717 4.813002 19.656356 1.691659 7.192931 527.442047 4.859943 7.307983 0.598297 17.693989 70.596042 595.301668 
0.385686 1.175104 21.740980 1.259266 0.644703 2.612278 704.500430 248.298828 136.936209 0.656838 2.969142 1.383362 26.239474 0.393311 1.307173 536.684873 2.988901 30.973786 68.880007 3.929659 4.479596 13.129525 0.244537 4.975521 119.554725 1.284556 37.718481 69.843474 4.413292 85.858536 6.261950 10.151308 
9.009723 484.289660 0.450954 1.846118 0.652309 0.288569 197.798768 170.876610 18.200927 0.649668 63.917208 2.766931 136.385540 15.085167 2.533137 260.984281 0.165172 8.801690 12.184304 1.422606 0.831989 6.996526 11.125242 5.098663 1.386528 1.122327 0.137213 153.960757 0.173092 21.031673 94.190303 62.669160 77.872579 32.073792 13.072636 
15.862248 29.564491 4.677908 3.281252 0.660826 0.528941 590.798106 40.014242 5.749754 0.545267 95.955772 81.389320 116.972098 29.872101 22.101372 181.581834 2.145453 30.498451 37.689220 2.297674 0.779163 41.220092 0.839366 7.426633 32.808366 5.331994 56.123054 75.639290 1.333069 0.719966 0.814650 3.924277 5.444520 4.166558 12.943850 0.914854 43.805600 
724.119550 0.145602 76.899604 81.423583 0.590715 16.900115 215.619925 0.131174 0.968435 0.561981 93.055225 290.050972 2.378176 79.525345 653.696327 117.705373 6.336383 2.166537 52.393450 3.450130 5.047696 2.115675 305.090862 11.131000 11.981814 2.616338 3.464668 250.850400 23.723752 5.574659 15.322482 1.860621 0.482168 4.935411 257.237548 1.590240 
9.561406 38.378953 1.491519 185.273664 0.600107 10.964567 89.540955 76.415428 0.532604 0.399489 99.152585 107.755101 0.618612 54.792259 1077.949039 299.595231 10.983321 18.775220 0.552743 1.217091 0.322357 1.950002 94.649727 8.494691 5.951830 5.312585 23.490514 3.033353 0.702669 27.111692 7.622832 55.669218 5.380292 15.507616 78.250810 52.527960 3.518987 73.854059 49.220571 1.646399 7.878459 3.669906 31.759467 12.200784 3.053650 14.901357 745.957442 
47.273833 47.705562 210.816254 10.014394 0.500046 10.740080 47.682658 5.743717 1.024630 0.227705 19.806035 131.040428 41.447101 20.771574 3.932713 152.404831 10.009849 21.226871 0.379761 52.133842 0.443026 0.181339 0.604297 41.855326 99.860670 2.180797 2.308064 13.268239 1.905861 79.332855 5.916079 1.155425 84.963692 2.471538 46.068692 17.990894 152.316157 7.259139 18.469918 20.346535 90.925068 
1.249055 42.012074 214.825059 8.656540 0.510535 21.848251 814.147234 187.165667 112.909754 0.289226 25.645571 70.235528 210.494047 47.551790 9.686683 491.449386 238.377948 59.441893 4.046375 47.187169 0.236636 117.285204 0.667852 2.495814 10.330532 4.563261 6.952597 1.221385 92.398567 71.249524 8.526802 4.606682 567.758988 2.686070 8.881346 11.099182 0.301811 7.286202 0.420431 5.821381 30.393435 1.447081 0.885541 15.765924 112.134422 809.545069 9.571721 13.099293 15.638537 6.718245 7.886695 
2.313294 141.925710 276.888362 0.182311 0.541367 1.246488 198.517655 339.272091 0.948373 0.180166 2.681097 87.091634 20.625960 67.745986 1.313310 441.799953 7.586080 669.690405 4.464323 297.053443 36.923172 3.799640 7.344740 1.248241 1.567947 149.395694 3.956561 0.233095 1.659369 192.036437 13.277978 10.529133 19.151919 1.574297 265.783732 17.107675 0.208049 29.242234 2.960554 5.316308 7.466338 244.152814 0.669857 9.397961 18.345916 16.376019 52.098403 11.480750 3.638867 29.494292 47.177473 4.085201 5.494962 
5.252304 44.621461 51.110194 17.476592 0.688115 1.854011 59.803397 70.756754 1.302578 0.216221 2.630635 41.634412 0.113776 60.482639 7.162396 733.217453 0.348022 170.666189 5.145214 5.928402 188.725339 21.934168 6.473693 51.319598 20.730702 29.443833 12.934189 104.013141 103.441855 8.762682 6.471909 1.694627 0.204200 0.910347 0.750197 81.932470 0.810864 10.379451 410.652704 9.484765 20.060473 1.566137 1.367232 12.425265 4.063110 20.594867 397.739812 1.536612 7.177396 75.435331 14.864873 4.126460 14.588039 6.187732 13.557309 38.136075 13.860043 21.170492 0.194641 0.731772 4.251143 9.380139 23.299310 3.837711 5.393082 31.629066 6.370274 0.418392 2.225450 
1.403163 1.997457 30.444882 209.254494 0.261556 1.122533 349.524339 1.909013 404.156266 0.105272 58.356003 25.247308 207.732874 1.132087 372.940050 101.047138 5.142175 194.298762 11.902535 2.606753 284.079785 6.994677 0.363096 107.988686 9.132932 3.268327 817.001107 1.438813 4.132714 0.605946 16.325702 3.826347 66.808590 3.096732 0.709595 0.723576 1.352599 117.169786 47.022530 0.129051 25.467289 1.223255 5.254828 8.922522 618.650705 4.642331 84.101632 44.081735 4.708471 54.830258 1.397893 175.900029 5.742911 1.629038 5.757336 110.000045 
30.774818 2.445934 84.950316 0.235071 0.500429 0.116171 428.342918 278.055178 6.007856 0.177635 6.533183 11.922917 14.612493 3.244364 43.711421 148.410351 0.416845 19.600147 0.420777 67.530730 8.021815 32.818184 128.545747 15.866700 20.614961 0.539231 13.581340 256.753472 50.866725 23.815328 9.264120 58.698888 2.510260 4.214743 0.186799 0.301871 1.466996 239.562396 2.794298 614.139030 3.442500 1.237948 126.288698 0.139696 
126.088538 0.180667 15.478160 26.287594 0.491781 82.764111 0.071228 363.791790 5.672160 0.291377 20.589244 37.129377 6.242602 2.164377 1.389063 58.849320 0.471718 6.081725 178.661065 5.262479 9.104988 451.194101 463.613765 2.471817 33.985102 0.805230 159.590344 0.879005 6.378416 1.846542 14.881108 643.827550 65.204355 5.151775 9.894226 6.958759 2.217041 137.031446 0.225458 2.990894 6.910288 316.521063 72.009163 35.614602 1.992470 223.548353 27.089540 
64.300632 2.637123 0.391769 23.680654 0.437106 51.592334 4.371978 40.312086 57.074439 0.125328 7.180410 87.651531 5.926286 7.925281 2.467435 79.200204 18.625153 21.776714 73.727402 21.138927 0.379883 12.779213 9.159040 2.480640 0.496662 2.093908 364.001019 64.684353 7.987986 22.941659 11.456239 0.117608 62.543654 10.645881 12.667106 0.548010 194.257662 8.235786 10.085545 104.410163 16.291787 4.562013 0.422248 636.613978 5.888449 0.358745 2.018326 33.121389 18.818311 4.976286 6.000420 4.936209 
107.001940 0.670882 486.714901 9.788115 2.025939 267.537403 0.234189 10.102510 49.900581 0.292955 89.676145 1.326506 7.532354 503.362038 2.242148 1.332790 332.777380 15.281730 42.661806 14.149133 5.922845 8.470979 563.819906 45.805526 9.527006 11.898867 2.613309 74.090983 38.765457 
33.231259 0.667868 358.789149 2.005100 24.142969 0.942916 0.134789 17.214698 4.114012 0.315982 6.895322 38.300345 7.505261 342.036803 13.238701 1.090387 625.097884 70.483633 3.751935 8.573357 44.933185 10.202037 90.426880 0.980421 22.599634 3.174048 50.637104 5.154947 1.015617 710.797856 4.841147 99.900249 2.895936 17.102821 21.237509 5.340735 6.024531 12.509739 29.697776 56.237492 15.697237 21.788454 8.469959 
106.044692 0.541736 22.668327 148.506062 4.711864 7.903819 18.059242 9.953733 16.353880 0.160502 20.544907 0.707431 32.564218 654.393914 90.608243 0.216515 193.235556 9.733080 136.462590 1.051593 1.015663 7.856489 2.004341 5.784986 5.884530 3.838661 33.302291 21.682179 0.419310 6.488969 554.004782 5.222114 0.321787 0.353428 117.372705 0.534211 93.145326 14.841705 6.602767 8.287626 12.799392 269.086821 6.286858 
165.666940 0.678830 5.973519 9.464868 9.625971 4.442284 37.174715 3.117381 3.207707 0.279285 9.853308 0.079165 426.395207 190.307824 69.570760 42.995764 89.504017 7.310327 5.192315 6.677917 12.744955 107.796221 2.321316 187.218121 1.817602 707.568481 1.234337 4.008420 249.034083 4.193052 3.526277 508.349687 0.649681 3.082233 124.747654 1.317126 2.801084 0.842794 168.534768 169.410074 157.639523 7.147081 2.269202 12.314391 85.031250 64.024678 4.606734 24.441803 13.805739 3.384839 
12.961063 0.612321 218.420260 25.460639 60.813051 38.850833 59.743266 8.112798 0.095185 0.236811 3.656349 514.440985 44.533022 485.354692 62.152053 1.859792 133.228831 725.141626 0.751577 0.171132 13.655567 70.333676 221.431874 2.136737 22.074660 0.509224 7.387757 3.759766 425.480142 5.189429 10.201381 0.158063 1.421059 2.942193 16.591415 51.232664 23.748636 1.039423 27.320019 7.462481 503.360319 5.855698 142.184156 41.496645 0.628220 2.919955 1.852039 1.283291 5.620339 10.649259 0.339553 7.782373 0.399745 8.916662 12.922506 56.700384 1.793247 2.352344 61.319889 6.869615 2.541814 13.527322 27.764227 
69.361942 0.846345 54.451123 0.197399 76.647947 218.072130 5.249644 16.250196 18.397264 0.379319 0.824970 7.604580 8.219181 251.190803 44.619733 3.092402 8.161925 129.477297 9.086224 1.306997 2.021599 59.822522 6.498189 0.570343 15.392641 296.216436 3.352611 1.728842 334.714449 14.821491 945.877208 2.130784 9.469472 11.073181 37.554291 30.519829 30.856756 0.298322 7.590673 
65.897490 0.603146 4.098812 0.773060 87.649482 41.489661 1.482290 18.073196 343.492539 0.471085 6.627197 2.326025 19.331929 178.310973 2.574100 7.600255 555.531775 198.387268 151.896490 18.643386 20.855389 0.264498 6.493214 13.378807 13.264634 4.345865 6.623635 10.049551 312.384185 450.205909 20.093606 0.198425 0.445641 6.063298 239.770648 2.158954 10.342112 0.301532 138.490402 41.877985 32.565960 
164.292872 0.642521 8.627099 64.808757 110.313419 31.457686 10.221273 11.448908 2.259437 283.190879 179.814021 2.023375 0.404246 1.279895 1.799278 54.578897 28.139131 8.011404 1.989852 1.388000 9.911753 0.212247 3.887576 0.256282 23.537431 59.188717 30.860067 37.789762 95.751598 5.533841 14.482362 0.335958 3.022696 60.751481 33.572340 231.339349 10.005439 1.422976 0.450352 5.923009 51.151728 34.337122 20.831488 0.467791 28.088991 8.664732 9.332856 
3.240468 0.632835 1.553775 8.805264 0.700393 0.888629 60.124604 6.473714 43.655829 28.037029 69.454781 1.610929 0.602285 76.446068 497.287705 161.029570 62.027113 0.589054 3.369687 1.067736 13.947870 0.371082 5.771946 5.038858 0.638085 4.769397 45.081921 26.756909 114.999818 24.348476 9.018022 49.717222 28.844621 1181.958976 62.211809 67.223335 0.391586 12.822771 17.798447 9.744314 107.820771 0.491505 6.463878 1.994562 10.933509 20.859663 54.206193 36.890471 170.333264 8.788932 7.806478 
1.465240 0.560372 1.284528 32.183172 231.349966 0.145450 5.903798 23.205391 47.450141 49.963174 248.415040 1.261865 0.134386 8.650160 16.820659 62.963289 4.661396 8.330175 16.317840 218.722990 0.217159 0.359132 30.627575 62.955267 4.936301 7.249545 99.990193 3.526858 177.021795 5.830989 7.254740 56.593210 6.075606 191.685978 6.037742 326.061430 223.877432 0.190846 8.173979 5.860359 5.443699 5.362416 
68.555233 0.799496 0.643072 4.120700 13.067147 53.629564 219.956286 15.124464 4.145262 72.743233 86.129226 144.789204 0.536901 30.004680 0.892750 100.665684 8.747010 31.129707 152.508326 200.597012 65.017649 0.154339 2.254283 0.623935 2.444556 14.860870 11.521924 83.361283 1.342871 28.692678 48.616485 2.250545 50.443130 8.425926 3.484617 1.339443 2.797852 3.063762 9.995894 594.594406 18.341456 17.816443 2.033747 2.963423 1.977616 25.319847 259.205036 4.081894 14.192380 
93.220934 0.559458 0.662194 0.829379 0.609607 64.685670 248.916297 7.673367 1.880360 148.755048 161.261009 43.122784 0.181443 7.173255 13.756576 47.581431 6.073306 89.801050 67.694503 6.975719 11.130591 0.464823 29.384146 203.669452 7.155921 0.985810 2.167334 0.624455 6.992383 12.776072 29.470158 4.284612 27.727950 7.147900 35.643875 6.472518 
207.654045 0.581138 0.622693 1.883957 91.015520 68.972714 2.908420 106.736384 0.100100 7.124087 601.520223 12.553913 0.102146 9.398654 6.382814 227.341034 0.930982 0.400351 126.955319 188.220946 19.682412 0.971610 0.115894 267.280744 8.976789 83.826242 0.234006 979.300890 8.866154 9.371853 2.750226 0.996895 45.549822 326.575915 0.156636 3.322851 164.398390 2.150233 17.307096 34.330389 6.785988 0.107061 1.864635 66.288291 227.625152 21.227155 15.414918 46.669589 0.170652 3.402420 
161.707492 0.745516 148.993289 1.590426 0.419959 3.864024 5.473806 676.551517 1.569050 2.157555 349.732831 4.581624 0.140037 49.528470 90.414187 93.172425 7.409589 66.620377 10.009623 31.144464 49.014877 7.524562 0.466836 202.529974 11.002343 17.781136 126.978202 60.718908 6.617027 9.788695 1.469269 0.347582 0.774914 319.802461 0.187314 200.744412 1.694455 55.083430 17.130525 
29.371922 0.517203 7.952215 429.434511 1.007002 0.427152 179.887212 51.418115 186.128494 4.995577 105.741988 4.379552 0.237724 5.010754 76.228654 62.035954 136.917404 238.725711 43.776931 24.213547 52.047719 2.920706 0.535750 17.697555 10.377969 3.978906 2.894510 8.383165 3.767838 3.981189 2.787067 1.318421 12.522500 15.593489 74.780158 38.989399 8.224891 0.184646 0.153151 17.478250 169.074155 154.167304 
53.333709 0.518055 6.027416 48.284726 791.051577 0.641426 903.942200 11.106016 127.713544 1.256478 116.721839 0.359073 0.591193 0.271281 0.126889 122.974747 3.650675 0.258740 4.636997 3.543447 312.599465 0.198746 56.473943 1.091589 13.922384 37.154478 48.618465 65.209306 115.080295 7.303465 2.575694 4.138681 21.092333 17.274117 13.334653 13.371901 0.554567 2.497713 
12.894113 0.543964 1.439886 16.050973 595.383192 0.177420 794.970351 8.921261 3.411429 34.566584 765.893145 12.854341 0.164927 6.964079 5.944177 47.879684 0.942456 33.726242 4.443879 0.742840 20.930206 0.310976 138.501960 0.181870 25.085094 13.461630 140.418887 8.565945 1.040258 4.767956 914.390950 63.621373 81.788895 33.099667 19.229300 16.847079 57.967816 33.207046 105.244319 0.864329 23.295975 7.044819 1.893329 
13.946306 0.615554 108.419687 18.168527 8.321911 1.749244 491.624423 0.224776 3.218035 1.599336 263.299466 149.332268 0.164492 35.941637 36.505089 4.303574 2.852548 1.242022 182.933361 0.757361 2.176871 26.475462 1118.960514 55.853230 10.511087 8.693177 58.016066 389.349088 67.236940 3.525088 5.448131 81.552001 1.516406 4.269408 5.914244 12.604083 957.701303 0.345553 12.801317 0.393073 85.255128 5.056988 10.924292 0.513714 1.040936 1.351394 5.940262 0.770385 3.298457 
9.960090 0.557321 54.320141 0.236415 14.658657 0.999993 244.537202 61.737350 4.796214 59.306323 35.150787 65.112406 0.592454 8.594910 0.293702 8.847022 13.028421 76.572576 142.353475 0.967000 203.567790 76.208879 143.721804 6.328950 110.061039 19.376871 4.407281 0.369655 38.100594 10.710025 3.844415 27.490097 8.581745 761.017394 43.541183 6.009098 
10.503716 0.518164 11.132592 0.272079 1.541147 1.189399 272.425329 35.561517 6.058027 2.706946 112.531676 965.389713 0.307725 3.694770 100.332987 6.790637 0.165033 3.963967 1047.472308 0.586596 0.413714 45.125507 20.775102 36.872182 0.353244 19.228804 4.339008 7.667893 62.386733 1.529560 6.384437 2.533315 24.794142 13.602867 146.174955 4.765223 7.852209 5.890964 5.966561 108.190696 1.207789 5.882096 5.510677 33.790460 21.756771 13.115026 
15.099602 0.593606 5.095491 29.018326 83.104665 1.369206 58.849957 1.055318 1.703279 13.930314 217.208619 64.736674 0.250976 45.294208 626.128640 43.047505 2.806979 108.965392 8.522520 91.912038 0.529859 42.791657 41.236381 2.070983 1.081811 0.602801 2.916580 151.465123 76.691412 7.853157 3.374460 0.455083 0.411768 16.256553 1.786932 0.210483 1.522953 50.682559 74.486831 0.217647 65.886986 2.275131 81.752600 21.053238 
10.746562 0.582675 4.980989 0.839595 471.294899 1.018854 413.733924 5.943157 4.776086 19.452536 56.838409 11.836376 0.197464 6.681690 157.592111 1.815244 417.222530 132.515495 9.423472 2.225861 0.608116 77.665832 95.282967 34.144273 1.097498 141.515143 22.923581 66.337421 0.937786 10.451195 4.345806 76.476941 2.213573 2.356665 60.079803 1.490373 104.712150 2.969156 323.697752 16.093281 57.857227 52.936751 78.308403 
4.105415 0.519308 2.815429 10.995394 1.129857 1.410337 166.497588 250.604888 4.466369 1.017244 58.285536 4.752070 0.276509 42.429181 54.338001 4.830406 18.989154 17.061235 85.964944 11.689005 1.462743 804.528363 28.181754 15.984991 4.241336 5.132415 27.135825 2.916744 7.264374 24.450310 7.745915 10.715326 37.897443 25.143242 22.988712 
38.171086 0.700789 50.596736 130.503028 2.811720 0.842914 144.375053 25.354150 56.138777 165.166855 71.021687 11.312302 0.143787 14.228403 7.641060 11.787980 4.870317 9.095761 3.719975 39.073580 377.312929 251.023641 83.317335 88.121670 3.039527 20.768241 227.541391 1.923846 0.462598 0.645675 0.250112 5.147860 47.675597 145.405806 3.561079 17.242102 0.254953 27.733026 24.010219 3.743085 6.140377 10.136701 4.570791 541.073530 5.830723 
966.630948 0.659943 2.901912 603.244502 35.168559 0.386625 76.366373 140.303291 26.914194 565.178980 5.725250 11.298568 0.318300 43.641332 14.174309 13.873572 9.713947 0.172557 3.321589 128.193538 2.859821 100.483861 34.822614 71.237823 6.811266 1.720951 11.850419 1.521119 0.514921 40.928271 632.995180 5.738647 2.222530 119.513943 448.881427 0.573141 7.477722 15.616191 2.456679 42.295715 2.308490 13.132294 1.619955 0.185148 
142.708626 0.425482 1.366414 4.564874 3.892610 0.225584 138.504701 0.180264 6.259762 145.021566 44.508676 13.545952 0.112444 0.413753 6.981080 101.310177 13.422771 5.999912 6.398583 565.104727 35.185909 872.928411 14.092930 59.314750 3.188419 1.432861 11.382608 0.121062 61.819660 0.309574 86.866466 0.900038 402.336939 1.614399 14.879434 49.356838 1.801875 96.326807 88.821742 0.553747 24.780876 
1.922808 0.491384 49.774447 1.765800 3.697140 0.910097 140.078282 10.992269 73.232530 18.158221 1.858604 18.601787 0.147805 19.260951 87.766112 18.849915 5.276318 5.659491 22.105874 3.121886 104.517302 0.513578 4.436767 46.709554 3.579809 5.888339 1.000617 394.422596 0.374689 97.723692 49.859465 9.095315 17.281576 24.866920 12.584237 79.522976 
7.634224 0.426348 96.739434 10.808455 0.960374 1.239302 15.476184 53.405579 47.707626 18.496388 1.660277 13.731978 0.113333 0.372030 13.134174 2.197211 27.439510 277.077488 31.673079 10.025642 107.480343 17.014589 73.139514 108.045162 4.672165 8.694863 
86.313537 0.480132 18.996229 0.551564 6.861885 1.714050 38.237794 9.653191 3.922246 117.242172 13.585697 9.620730 0.133488 9.931118 1.227572 8.703407 522.010844 61.062385 425.963630 2.053463 10.591150 0.238541 59.418028 231.964854 173.879824 2.170323 1.604443 0.501112 203.713226 1.408505 21.490208 69.112997 2.506168 
74.339968 0.517319 171.513539 1.619667 1.832601 5.654827 105.032515 4.106086 0.174034 1.653422 0.792481 7.585667 0.158062 139.033319 14.781062 20.079861 201.511931 821.722846 11.522722 2.476855 1.652244 10.417142 68.737559 198.495340 42.655585 0.212497 1.290699 18.910913 
25.612708 0.507993 216.196855 68.230678 0.449615 0.214428 127.772344 42.139182 118.697402 5.995835 34.225442 8.727976 0.128752 232.325163 94.756573 29.107722 285.937313 66.713926 2.669542 3.603263 2.372440 57.056597 1.960288 221.209842 8.048624 4.784260 2.839827 0.383415 3.177330 39.276756 2.801562 22.684627 16.876986 
37.348041 0.583289 51.863542 3.337594 0.343165 0.216396 85.509802 2.549687 12.277173 243.130239 0.912901 10.823430 0.181966 98.182989 0.945111 145.300487 25.404974 41.430763 9.612010 10.987486 69.609575 2.858876 2.179193 62.370054 27.566914 24.290835 0.518754 0.503980 0.939399 6.334630 51.741908 0.258869 7.333216 380.372442 64.727235 7.914582 4.152768 21.888436 15.050996 214.537851 309.645708 85.358097 20.787178 88.785514 0.292415 9.192492 3.914770 0.980527 
150.556833 0.426301 440.935721 3.218724 1.377766 63.936613 62.149211 177.161977 0.233150 2.120004 431.902710 12.140918 0.200553 10.448788 3.168697 576.886010 104.068948 79.289867 1.735997 2.224724 4.226387 0.331978 3.790197 190.558368 1.348056 30.063367 62.617776 319.203664 4.316237 10.677899 5.869242 27.712717 
1.546085 0.626498 14.428336 267.804306 1.454909 0.522154 52.250575 153.008958 12.955760 12.644814 48.012253 8.675487 0.189457 13.964973 5.094945 482.239717 64.484290 6.248796 54.128814 4.685581 7.146981 11.978019 3.151328 1003.651970 7.365320 0.987581 4.696606 4.536896 23.343091 14.174806 0.457170 7.066707 19.605841 6.782402 49.865696 98.186878 15.160376 28.149436 1.928148 306.067136 8.028153 
1278.791730 0.673356 40.760140 69.711521 1.459883 0.358329 9.605647 29.501217 13.142734 17.725894 69.103895 5.282603 0.282000 7.027930 5.401002 980.674999 3.303427 4.353000 251.249504 11.159844 262.790431 8.889128 6.022866 10.734824 2.586166 1.666680 2.279694 0.897031 0.632477 7.383895 39.763936 130.216506 13.104742 0.269822 1.416267 796.705481 25.169477 6.447448 4.053087 159.426264 19.350503 13.047753 
176.652859 0.694423 556.733674 714.047911 1.174953 0.440059 41.078859 0.184635 27.619363 1.779684 2.784332 31.874420 0.310874 1.165165 100.103518 79.674518 1.583171 8.488235 482.351369 3.724902 2.619980 16.059032 25.123516 26.919083 5.096018 67.590158 151.564877 9.303513 160.218954 22.496764 3.713459 720.365058 25.657832 3.990900 41.219039 1.440640 32.390839 
54.521860 0.610940 406.440301 65.498531 1.212855 158.647856 75.891723 0.303593 33.983020 1.338516 92.076054 8.123576 0.503313 0.693848 243.829599 442.355397 109.616284 36.538438 11.841675 0.131035 291.335210 10.740875 34.097962 29.841058 12.111005 1.491191 43.463197 10.129861 9.287469 8.443709 2.537535 11.205183 10.640710 1.821369 14.886294 5.217484 
164.723231 0.554720 11.115446 65.930975 6.144035 169.100128 1.553396 0.346936 385.584462 2.116475 40.794530 17.800903 0.362393 0.672963 4.016488 119.920421 7.479014 22.482864 24.455819 13.407284 367.216912 16.188365 67.346615 1.733440 128.049766 7.379677 1.162450 9.160981 32.725302 1.523131 21.290243 4.645193 15.580256 
127.088210 0.555123 269.828065 3.123465 24.847458 5.666482 7.941979 0.223649 873.751211 1.278634 4.080998 94.405441 0.268105 1.088400 10.801663 148.006405 20.795408 69.977409 68.384563 17.634381 22.908721 13.821663 243.224625 1.459240 11.099790 5.375041 153.916834 0.636321 5.874533 189.065547 2.343060 17.435679 0.820093 9.408324 
347.489286 0.504499 1.200324 3.982745 201.504862 9.762373 0.597017 236.218162 152.227082 0.785678 4.879623 1.778624 0.444373 265.157087 6.347818 372.745208 245.646917 56.413696 11.274223 3.546087 12.041708 15.193178 471.346843 1.711729 2.699901 36.648713 0.473952 59.291980 32.580468 0.864235 255.734956 
46.924818 0.532410 8.568213 4.321222 0.148086 20.275059 0.215725 1.430396 101.811471 23.547733 121.873026 16.339697 0.392729 25.174628 3.112681 310.455619 58.165166 52.419257 21.483076 5.652726 1.452604 85.884921 163.560397 1.398553 8.599318 9.610648 22.897368 358.812670 0.677254 5.691324 15.894221 9.439587 10.831170 2.250808 9.372752 39.214718 5.509652 2.882319 10.701945 5.465638 24.494191 63.956621 122.610473 
36.904626 0.544167 7.815853 5.963142 0.971924 6.686914 13.278771 96.581856 62.841167 107.525538 0.224747 258.433907 0.356562 2.009652 8.005680 846.189408 73.962663 0.244203 10.097292 10.981837 16.130654 4.860796 268.284337 1.322815 6.168531 
0.852657 0.500726 5.578537 5.245561 828.689825 4.785000 0.492273 5.727681 57.941787 209.784910 11.183952 26.444123 0.245211 15.176723 0.104592 365.042014 69.317411 30.995755 3.856986 115.292507 51.500600 1.121570 59.938939 3.749175 198.929904 6.990663 65.603960 2.881571 5.627151 18.353845 
2.102196 0.487450 0.624530 16.596859 164.877352 16.871745 17.453862 42.164146 290.963248 46.584330 1.883050 1.327357 0.173637 11.624240 0.379477 147.613143 22.987218 66.786114 0.963165 6.906500 67.147714 8.218669 1.067783 7.533011 32.158984 187.257997 12.853936 10.188052 8.970777 3.237361 2.919123 168.736557 16.443501 3.359826 5.740182 25.982649 57.371729 121.408495 14.050765 1.783646 
70.697274 0.559737 1.163522 24.251904 154.529546 1.184721 4.277045 0.865425 8.793651 70.704108 2.630759 20.523536 0.333835 11.485976 0.234836 112.984112 41.887238 13.508278 31.160614 20.418839 15.663172 2.131610 2.326522 112.326591 1.215483 6.254361 3.735150 8.248038 73.094709 16.785427 72.801113 109.240302 8.242519 58.768232 2.411889 133.338917 6.181020 143.590593 34.569009 458.364775 0.174336 0.625198 4.019791 28.907546 4.010482 41.870105 2.726030 31.757803 7.284265 4.119187 6.597098 22.068573 
0.136110 0.512970 25.843310 41.139434 111.751717 2.126424 3.972298 48.010641 71.226375 77.231812 1.290152 50.094122 0.172487 4.128485 1.617389 73.206589 6.494663 2.591750 183.560598 39.067985 0.791162 19.025986 0.500042 0.274370 60.650440 0.415304 11.942311 53.295813 19.750943 0.180319 12.711684 4.786688 1.055935 1.264398 23.726812 17.217483 10.401187 72.057540 94.972364 9.844167 360.803839 2.401069 216.406408 2.793028 0.235195 
41.674327 0.508104 695.296456 2.129624 283.792099 3.142399 26.474740 0.443215 1.407368 76.242191 1.835187 0.598000 0.254467 8.494270 65.674825 331.719335 477.150355 0.597850 98.538382 3.235416 21.596610 11.843305 0.677195 6.462946 6.687911 804.324637 8.634279 103.080056 168.220009 75.096737 3.013727 291.840907 0.855213 0.217403 5.736717 0.153374 111.710629 38.131125 35.453049 122.931490 3.437235 345.974836 
0.620673 0.542869 691.229556 0.140068 556.455192 197.934503 0.664492 0.910199 0.451754 62.654276 2.282685 0.297552 0.345588 9.039360 504.393559 750.941319 165.219414 0.213878 3.169901 102.082030 86.367006 9.052119 73.575730 91.779530 8.126649 0.862138 6.011690 9.060307 295.579925 18.110554 2.530621 6.414285 1.513987 188.306571 3.599336 49.410179 142.996778 0.345012 26.972258 57.127962 39.456541 284.248302 145.460679 9.899028 96.514830 4.563278 122.382169 47.978354 48.765663 56.681084 
45.218264 0.484080 58.589981 0.709150 110.933573 10.666978 1.441161 16.637571 25.526729 22.636566 1.515295 0.316983 0.127303 20.846877 61.374162 94.457161 16.012176 1.692731 49.597360 6.798577 3.102289 3.276987 141.266575 0.747339 9.889960 2.556246 0.132536 149.182483 241.127447 44.497064 8.254799 1.258730 304.665955 9.086826 1.950905 64.976888 17.288433 8.321873 49.414713 50.349182 5.927137 28.109852 31.882079 595.735663 4.593024 17.574549 0.141253 11.636671 1.701426 38.241831 57.631692 12.965806 
77.928684 0.439817 0.174202 11.822761 162.624422 51.233214 3.173645 15.099158 503.063558 0.523563 0.772622 7.485056 0.621482 1.288444 88.328592 1.637586 3.607685 17.045871 7.182901 125.132278 156.039993 20.185715 331.773430 8.257563 0.321182 5.155518 174.614268 78.884302 22.883630 0.774864 6.373485 0.132250 3.924913 9.584709 170.074958 34.378993 
8.741843 0.528216 4.563975 106.306938 182.223959 455.152884 9.124704 11.759550 11.917642 5.555402 0.470009 6.008111 66.652029 154.438720 26.586110 0.789314 305.959908 0.728242 14.392223 152.295235 1.779252 7.027158 489.081350 14.160415 0.436870 0.519295 31.925499 169.741507 0.813438 16.830403 2.355489 2.405799 217.828657 33.355515 70.509449 43.157015 
8.318779 0.724116 0.268605 1.004095 48.750709 17.436699 11.686962 17.933899 2.619382 32.550793 0.240597 5.024136 0.302386 16.441856 12.290380 0.386932 66.007768 15.328274 28.380688 70.947125 75.888424 150.063102 616.524850 10.485113 29.021816 0.917974 5.328225 155.142550 9.425544 15.583869 0.141153 0.213546 4.337381 71.500021 1.051768 19.641443 108.393884 3.783013 3.610258 9.765702 1.786039 1.533065 145.545821 1.726819 60.971028 26.294515 6.786227 21.317715 2.940332 11.550856 41.219176 4.908233 67.089043 4.635667 2.039959 88.581880 
8.612701 0.583294 4.346496 0.277667 136.159672 12.797967 7.950403 13.278831 13.377149 33.721464 0.163583 237.547551 4.664072 199.292279 11.575607 0.629706 12.171920 52.627243 59.040687 83.501453 2.173529 395.700285 109.951040 10.160738 0.470431 0.484693 42.518660 359.141399 105.162363 16.990244 1.555988 14.762077 13.446014 43.401963 1.329789 2.058385 428.222687 4.529345 45.976422 113.561354 1.015453 75.745541 
2.359309 1.129243 0.664943 54.611718 0.437342 94.785593 114.579430 19.278582 0.231911 61.518418 0.391099 21.757151 58.182154 2.289691 8.978271 14.741898 126.906795 49.440368 1.587895 159.579935 31.443132 190.579270 135.908699 0.510625 6.560708 0.113255 0.269822 854.926130 85.679094 18.579982 8.275431 1.538246 12.671228 335.311087 1.090335 1.544876 8.804493 19.340274 6.221079 29.746862 110.188859 13.602651 6.260293 0.927315 27.849326 
4.099229 30.852081 0.562401 164.697725 9.814060 1.278643 7.690029 21.533274 0.257933 111.194542 27.842520 0.354135 115.749271 59.661817 352.856541 0.181395 5.198036 508.353690 5.136097 99.964152 1.625789 72.895471 20.678000 5.198915 3.966435 98.497778 2.076250 444.255226 8.271423 0.664354 1175.958428 8.265810 0.738346 230.986039 48.580691 69.408063 61.279980 22.460099 64.078361 104.437138 7.513969 
71.791721 19.040779 0.504543 157.602451 17.558476 0.919077 1.844089 0.270835 1.230988 0.148068 22.090210 2.266713 51.647001 4.709571 201.943926 0.149597 369.002200 1.495306 2.216340 243.038998 0.658665 2.030437 7.650835 1.310931 235.516451 154.632818 9.423850 308.506272 0.341008 41.488735 3.562402 58.026669 68.876906 394.938924 9.295792 6.392308 22.803957 2.894601 8.827284 747.742194 178.430057 7.033775 13.252995 81.541550 183.770023 8.980181 20.451589 15.892399 3.936659 
9.503012 35.926416 0.573035 2.585052 41.381616 5.409504 0.834317 1.684375 214.183633 0.213547 29.490259 204.522824 423.093637 9.779226 22.717786 0.235085 135.880112 8.877470 5.422276 0.595905 3.133183 179.264173 3.037688 10.422798 40.775848 486.005394 8.955664 179.978574 79.555541 2.768226 2.819658 1.896166 3.367075 0.289084 10.918822 24.299293 13.439905 6.996910 3.853471 6.998636 6.040947 32.041532 
12.091984 300.699106 0.499916 11.750276 0.584420 97.957279 2.029931 4.903926 9.957129 5.900085 66.217189 58.335726 3.592105 191.459695 0.184487 0.460647 113.933875 7.006072 8.223177 6.984404 0.460732 49.443166 8.156467 55.026456 1.409963 24.471858 0.471498 57.429769 81.665752 0.736356 32.673417 0.559311 20.525302 50.108483 2.556818 1.773944 11.151309 22.141041 7.604833 1.047214 81.838447 60.741440 267.583541 0.477159 21.262458 10.679070 2.155734 5.331549 31.901692 7.294637 54.287402 5.951353 44.445999 17.047331 
8.452990 56.799711 0.418914 221.181995 0.117733 8.192061 1.224912 2.809092 206.564577 3.887809 72.011132 31.935321 180.786300 11.373844 1.330368 0.145365 8.673935 2.518132 18.918477 281.441838 0.172898 0.225772 6.822449 27.691585 38.311677 27.425840 539.226335 387.582019 5.992042 5.802971 32.657042 8.907007 1.150420 0.833271 16.406258 7.287360 5.992243 130.491743 2.728477 3.266614 34.736074 2.354622 2.266557 9.602565 2.081401 3.952962 3.818896 943.078541 
1033.872007 881.621962 0.483197 44.994127 1.764198 2.254434 0.503909 1.138958 39.716101 4.586810 79.483850 6.764740 77.811038 1.217601 2.245331 0.161590 194.283576 107.410372 19.688848 142.219458 0.546793 12.991067 139.511425 8.099977 195.152541 14.387323 1.709924 1030.420506 4.085687 1.852047 2.532815 4.638371 4.759055 1.352841 0.230145 2.611891 136.360717 199.576648 97.688720 52.202418 5.889259 2.612262 1.188171 5.493725 11.086161 6.584236 34.197891 0.247349 
66.888344 0.802599 0.526092 791.284884 3.506692 1.132243 0.196721 1.716309 134.865495 0.124418 5.623372 6.170428 33.956287 561.618993 143.533236 0.136042 10.023890 63.759847 13.096988 9.598996 313.258388 0.135707 6.888623 13.833382 5.517839 9.936605 8.193839 496.386161 17.116210 18.683936 45.782480 266.386651 10.974202 3.631805 0.834052 290.905066 1.428397 186.605105 2.513509 105.839539 25.137920 5.022624 22.351698 
187.593412 2.642548 0.529217 453.444455 0.728581 9.947187 346.742632 0.139170 726.195172 8.915057 2.221964 6.218504 52.047674 447.796478 0.149618 0.139380 12.510460 10.939189 1.835436 17.167368 209.765337 14.484048 29.278909 15.735181 4.349006 8.054185 622.917615 213.607099 70.520312 0.629434 5.213677 313.277553 14.177110 88.579014 22.844615 0.840185 2.226332 152.222431 0.638106 4.537422 14.134284 10.182679 1.205101 7.198767 61.009032 34.000810 0.311820 4.426670 4.056322 4.623425 
1.234508 27.828730 0.596528 25.716115 0.523215 16.553531 4.809419 1.455706 12.332125 0.383362 31.034215 78.582784 420.480190 92.501142 0.147344 0.160285 15.692222 5.766294 6.074710 11.291215 681.827854 45.954724 6.139624 1.516483 0.294807 153.990553 499.197887 634.317817 75.996224 0.741666 1.315552 88.258508 0.323759 365.739259 3.697999 217.728178 13.989388 174.719218 17.480893 2.183844 
