 -5.062489 -54.094707
-11.485331 -57.138483
 -2.282569 -52.878240
-11.565540 -67.193273
 -5.981138 -63.980440
 -9.697653 -64.333793
 -7.570311 -67.020016
 -3.362432 -55.775216
 -4.117124 -48.194964
 -5.248396 -56.621705
 -6.836946 -60.120428
 -9.598425 -52.446273
 -6.999704 -59.786578
 -9.708008 -55.551305
 -3.796400 -60.602755
 -5.578060 -51.337013
-14.026910 -62.951571
 -4.265096 -63.663705
 -6.509822 -62.780743
 -8.566432 -65.961498
 -3.659830 -57.987061
 -8.591246 -55.348730
 -3.477290 -46.004196
 -9.007149 -48.041614
 -8.310494 -57.314932
-10.035432 -56.673606
-11.618862 -55.326152
 -3.667870 -67.336915
 -8.946765 -56.557772
-14.079746 -55.564300
-12.973466 -62.662623
 -8.162073 -50.877780
 -2.077288 -52.598079
 -3.191863 -49.487280
 -8.227321 -67.320974
 -7.125387 -54.492807
 -6.092841 -67.637346
-18.782413 -39.781879
 -7.253507 -49.852217
-11.352015 -67.333546
 -8.425771 -71.338039
 -6.083697 -55.264100
-12.184061 -60.410463
-12.963983 -57.326841
-12.472830 -60.516999
-10.459752 -56.157694
