0.957731 0.530535
1.032716 0.839955
1.051288 0.760524
1.061174 0.788244
1.074276 1.001799
1.018007 1.188981
1.004714 1.088848
0.962667 1.054826
0.938317 1.130636
0.790911 1.206789
0.563149 1.565937
0.636143 0.789894
0.623584 0.990634
0.744323 0.705352
0.818408 0.848089
0.842372 0.941577
0.965410 1.022187
0.789028 0.761093
0.796912 0.646595
0.640482 0.810305
0.773866 1.154467
0.754307 0.882393
0.702939 1.367825
0.698648 1.413831
0.732432 0.946151
0.693907 0.807291
0.643596 0.725147
0.744839 1.129773
0.626509 1.044959
0.715462 1.078182
0.680558 0.765098
0.811698 1.261390
0.923364 1.638738
0.910732 0.612377
0.845372 0.869123
0.851842 0.644535
0.831197 1.305561
0.763773 1.271225
0.778542 1.286332
0.705294 1.518763
0.821042 0.685921
0.841895 0.766440
0.747114 1.027720
0.790617 1.126381
0.726586 0.627036
0.743948 0.791370
0.721864 1.448831
0.735980 1.099832
0.697186 1.078974
0.740764 0.737601
0.802086 1.085444
0.805712 0.819430
0.732726 0.903971
0.821326 1.139229
0.917385 1.065254
0.867367 0.983786
0.838826 0.996415
0.830916 0.911725
0.931247 0.563454
0.938707 0.556495
0.917383 0.998669
0.935919 1.081456
1.025758 0.707159
1.040651 0.730757
0.877240 0.957071
1.032932 1.135433
1.079722 0.587729
0.991760 1.072276
0.998148 0.595626
1.035332 1.190139
0.926815 0.761106
1.077892 0.645016
1.102880 0.975554
1.021299 1.147408
1.137604 2.389111
0.979495 0.626076
0.926440 1.457912
1.020351 1.145523
0.889127 1.476124
0.949987 0.973423
0.936967 0.948787
0.912445 0.639557
1.063339 1.032539
0.984447 1.236226
1.118726 1.559914
1.179305 1.062614
1.107655 0.976067
0.993302 0.791673
0.899133 0.842406
0.882634 0.732548
1.049937 0.973245
1.096776 0.534089
1.089716 0.677738
1.004824 0.927309
1.122808 0.739934
1.126205 1.333929
1.162549 1.306200
1.079220 0.600602
1.073894 0.902988
1.034433 1.177252
1.038022 0.589447
1.115898 0.846599
0.990071 1.048972
1.000230 1.176724
1.035833 0.751540
0.931369 0.658727
0.897989 1.335042
0.931450 0.742362
0.853175 1.035132
0.909927 0.686716
0.933739 0.558451
0.915410 0.719392
0.998980 0.686525
1.020911 0.830942
0.979502 0.796889
1.025437 0.743901
0.914718 0.721066
1.099015 0.402952
1.163406 1.005755
1.036320 0.828996
1.093479 1.038402
1.031654 1.214086
1.015552 1.136888
1.023957 1.073647
1.028341 0.885760
1.154617 0.824783
1.184207 1.544533
1.114881 1.102018
1.138045 1.546172
1.213256 0.877422
1.172264 1.081651
1.237808 0.792719
1.330880 1.068325
1.331491 0.816513
1.129917 0.683838
1.189508 1.014897
1.116996 0.933154
1.180395 1.465324
1.065545 0.792057
1.093180 0.863491
1.111474 0.987929
1.073849 0.904477
1.202762 1.286887
1.258723 0.984990
1.330463 0.907194
1.314835 1.100663
1.303871 0.870457
1.189272 0.830394
1.082071 0.724298
0.915426 1.432499
0.950756 0.868684
1.025741 0.699667
1.033871 0.981916
1.067038 1.006322
0.954873 0.903444
1.153701 0.894477
1.152188 1.077643
1.078316 0.618351
1.044470 0.812752
1.194834 1.235019
1.128605 0.745303
1.155778 1.261658
1.083581 1.036714
1.193439 0.910877
1.116342 1.093918
1.062426 0.958545
1.187840 0.716196
0.991281 0.745754
0.991349 0.984923
0.989339 0.949600
0.956593 1.257917
0.904505 0.978557
0.907350 0.780344
0.994118 0.784086
1.093283 0.759017
1.172728 1.280620
1.109065 0.707127
1.046626 0.764405
1.117931 1.018228
0.937050 0.675186
0.840834 0.709450
0.794321 0.949174
0.769059 0.972226
0.775863 1.166612
0.687451 0.719298
0.557388 0.630329
0.558878 1.238469
0.614991 1.751301
0.753894 0.709197
0.758586 0.667491
0.830615 0.952498
0.814870 1.624542
0.944367 0.796430
0.848807 1.125355
0.947713 1.202613
1.037575 1.144452
0.959400 0.656152
1.080941 0.696487
1.096396 1.254793
0.995056 0.538016
