0.174433 16.850543 12.374561 28.874298 3.825030 14.042495 2.113818 19.248740 0.538451 0.510992 193.464227 29.225603 191.269324 0.223181 270.481462 15.585319 160.867495 8.305203 16.267630 15.748041 1.160527 125.683149 6.862544 1.747508 4.289259 15.026492 109.601128 0.236621 39.972686 49.306069 31.142492 0.233544 24.396747 1.419865 7.341408 30.294142 10.164848 2.469340 6.837454 6.570542 16.100984 73.186758 20.108765 3.654107 2.745133 34.347992 74.886222 7.452474 
0.227916 1.035400 104.415142 22.324206 97.763801 20.525236 248.126575 58.913069 0.899039 0.460933 2.204131 21.687923 30.647450 0.145604 12.486656 7.895786 0.736192 1.014619 85.691484 14.436899 10.308455 306.916310 18.303636 1.891572 45.834966 67.644261 16.457230 0.131911 74.432320 87.752215 2.326235 0.654557 0.409627 1.481163 7.377998 3.643401 41.782659 7.266347 91.881949 264.814640 48.474227 
0.123201 26.952877 7.152042 9.349699 0.487364 33.175096 0.230761 60.451496 42.507252 0.458695 1.396357 3.242479 17.597731 0.177276 19.200752 3.574711 10.971416 5.798564 794.287783 2.418601 124.965169 128.028810 11.075986 2.131698 38.122923 7.983334 23.214022 0.615153 61.873031 116.241278 3.695265 22.006507 11.235347 0.728454 55.682431 210.253895 0.523389 11.253241 378.778806 1.158232 67.679821 
0.175355 18.827943 3.769139 21.529318 46.480012 4.286957 0.823723 67.304003 48.366376 0.478634 76.110055 10.811697 9.076043 15.084697 21.501802 5.318078 3.790365 71.545220 1.553424 0.172137 174.954053 1.140254 38.669190 1.833150 37.676961 0.174496 9.618775 14.700043 53.577929 155.682808 378.878574 6.349661 19.515738 4.168288 8.476084 7.116960 190.015117 
0.155255 79.179068 5.312867 1.282817 117.331008 5.759875 0.315232 67.325572 89.358129 0.511020 10.446987 23.954962 23.335689 4.007614 8.089901 4.796569 4.261661 32.789530 2.252378 82.169760 44.891721 78.949663 1.142493 1.686956 0.164494 0.334645 99.823297 2.741439 305.937277 956.182705 464.630073 0.985697 0.180811 56.309783 79.088963 3.331927 628.292962 881.715620 2.923155 12.798715 358.567594 44.540566 135.733117 34.039404 7.718200 1.321580 9.862838 218.620655 24.504275 42.502583 6.655490 9.059796 3.405671 3.509738 8.908867 47.936428 25.730656 20.898844 
0.155594 46.773048 12.938280 0.181331 356.098411 4.679238 578.232116 69.377382 975.744260 0.576414 4.098716 9.399096 784.008514 2.829787 14.986778 3.916597 75.747671 2.269194 29.363074 103.776900 34.401028 5.845919 0.144299 19.858766 0.436307 0.207909 55.610550 5.948620 24.282083 447.322755 7.759439 624.051982 0.324344 198.458825 228.141590 19.658779 14.125809 5.757302 10.388980 12.837897 781.441897 7.881870 0.961559 68.674591 4.523833 1.405373 190.088698 22.350398 6.597222 0.825034 0.694018 92.190344 14.865791 97.878603 34.411920 31.274366 
0.261903 0.116515 502.803026 0.214026 2.175678 885.954766 6.380018 10.161343 15.723864 0.523078 102.785362 5.331961 16.723979 0.800160 13.401227 2.927538 251.712600 928.646692 2.936726 151.990303 42.091447 4.429021 8.206704 396.731995 0.270057 0.154704 0.529130 4.256145 102.503460 777.243186 3.026448 126.726771 82.213742 8.757171 92.190489 363.325582 4.595749 12.134443 1.007231 1.230489 8.110283 176.801460 5.397498 353.877075 1.414859 107.298215 13.710982 125.347114 
59.847180 0.091961 510.389664 0.843968 4.438157 0.991506 10.977268 0.791758 0.186785 0.612909 2.688192 5.523753 0.113587 62.970674 8.984711 18.624724 3.225450 542.369167 5.051716 624.668771 0.931500 29.486433 19.257602 33.975329 0.739992 0.130636 59.909471 0.775159 188.829643 321.977737 13.587482 92.617631 4.464057 9.135892 296.052068 4.993601 31.316208 4.307239 64.256563 9.535818 16.710762 8.396062 54.748518 1.234930 0.152250 22.987722 0.459077 116.324537 29.087727 90.676500 
7.166016 0.450462 727.241298 1.389728 15.593204 0.227828 31.823426 0.884636 15.857493 0.492554 32.220228 20.902577 0.180499 15.838971 8.527857 9.717843 154.379351 1.589127 3.746349 0.100247 0.145010 15.338985 31.113171 7.818411 1.728288 5.025359 0.829915 3.497306 53.134946 36.805632 5.995632 117.538901 105.722823 0.096382 219.071122 11.205366 6.104460 559.255155 198.072966 3.704881 11.189765 24.620322 4.413145 12.742578 0.246516 0.200349 185.531477 0.087692 1.159487 0.911509 43.575056 
10.809761 5.088777 60.173301 1.164852 13.603093 41.575547 18.922447 0.342315 6.478917 0.121707 288.837217 0.977723 2.845735 27.799771 0.099182 18.699303 0.620303 14.746805 3.191832 44.831138 0.064419 0.331063 1.662089 3.964399 10.669568 0.719406 10.153177 1.870477 0.919134 12.217394 82.722058 106.906920 56.556271 2.047969 325.151169 6.960806 0.188881 312.276341 4.899332 21.681762 89.905628 6.307033 0.360060 284.260488 46.489518 4.482752 4.582118 61.578599 56.782152 0.633876 11.184514 33.971809 18.518225 12.745947 12.357136 
0.627074 0.140881 85.575676 1.854669 12.074424 0.826255 0.876339 0.991481 0.386051 0.258937 20.437064 6.628502 1.026252 1.924062 0.312350 6.198244 28.927344 56.530900 8.144163 177.379410 23.613881 18.095183 27.338486 82.528437 155.607697 1.772281 13.006080 2.361413 6.905768 23.191817 44.682356 91.269890 0.041211 0.969675 44.733172 3.296421 42.587502 
124.226732 0.191024 135.658195 1.328630 15.206941 1.977360 1.914019 0.214305 7.036478 0.438295 72.475884 1.576747 22.014300 88.035971 0.110171 0.631216 6.486120 70.007835 0.571519 99.927352 2.070459 0.841250 2.376419 81.433729 327.548140 47.138234 13.773646 1.008959 65.689054 5.243399 164.179505 194.853926 0.172621 3.529611 0.353465 3.186292 0.191041 16.548024 17.119879 0.530761 
1.313438 1.424272 6.946955 7.347584 16.555576 0.348653 0.927564 0.144636 9.274177 46.956791 2.027214 42.164212 115.472896 16.878636 0.425523 64.712029 167.865139 9.581420 0.524048 62.985497 4.213190 0.831411 0.838123 7.525739 125.932586 5.224041 13.639641 0.548433 70.026902 122.394740 54.195749 10.552458 0.106032 0.314507 0.908026 10.645435 20.310606 1.164510 1.449205 15.926731 44.140252 161.104575 12.228297 5.455121 0.064529 6.701774 3.557685 5.965311 29.281982 0.180734 83.739170 0.568115 8.365763 75.091455 
52.825773 1.213728 1.936074 1.215500 24.290014 20.870680 380.530019 0.495123 546.851341 190.742753 127.452937 15.661439 51.600194 4.021703 0.550690 9.481736 31.774364 2.407004 0.140483 13.850484 5.720644 0.855695 356.149202 4.484543 130.734721 0.180288 6.092756 0.527970 70.515147 29.010584 0.206353 12.830807 0.061134 0.583169 0.696380 15.629819 3.458956 5.969429 0.596315 6.339890 7.358360 2.200933 28.380392 19.073719 57.741681 6.756494 0.495501 2.217233 24.194587 86.971780 4.082859 5.863031 4.211554 
0.196177 0.827797 1.522472 18.831005 0.597734 1.711915 222.814903 11.972328 179.582389 67.727406 9.100568 31.267047 4.342422 4.469026 0.651637 274.257067 92.267744 3.817968 6.419165 96.041816 13.555862 5.994998 0.659849 48.893999 115.499079 3.728535 132.961843 0.802810 23.396680 369.027506 6.316713 1.584791 0.140756 0.131450 1.930803 5.868172 17.223815 295.140184 8.442779 23.538865 0.079288 3.840107 8.575958 3.983495 16.844719 1.973378 27.587546 2.295462 
27.644359 35.188844 0.331680 0.705576 1.682710 8.329004 93.894696 0.184311 21.952196 660.599088 2.104570 0.258848 66.617500 3.067838 88.356256 24.898651 1.276841 5.633428 0.883530 114.270869 0.601020 4.758488 0.614388 41.495996 143.068510 52.223777 10.527438 0.509670 374.655101 127.037483 1.467138 6.130579 0.238844 0.444704 3.047997 11.038757 2.089531 8.644442 3.486533 51.226755 13.004514 6.424038 5.767414 
37.274527 0.107590 2.259712 0.213380 28.630739 9.036759 857.126968 51.712422 59.964280 224.933749 342.571088 0.344231 64.380642 2.398744 2.242094 1.670265 15.101735 0.302793 1.326379 182.863607 0.976147 3.988238 0.166065 28.931032 751.385649 28.357325 42.760923 0.486373 12.229354 332.153580 629.400674 0.095321 0.153764 0.339940 54.166440 92.744106 118.389430 13.039632 11.776287 7.250123 10.278482 2.625998 27.852047 81.377420 0.325356 3.873768 24.347749 221.679684 20.603187 3.137496 18.694207 17.288936 0.250639 6.307360 0.347104 147.937428 27.862885 4.524920 2.356910 0.838097 22.869661 453.102616 101.672462 475.910130 68.916043 6.391217 0.102997 8.781196 5.122036 5.713887 17.971362 8.075605 152.387360 0.667882 8.676856 7.124270 
70.575653 5.506765 13.276733 0.538786 6.005032 6.331026 298.695160 7.779481 0.549227 240.324572 7.514708 0.311249 1.503411 5.139871 4.178756 3.971749 0.753863 22.020151 0.660576 224.736118 0.087675 3.890234 247.003139 0.509020 370.097504 22.313064 0.253037 0.550305 2.899293 259.718309 4.456167 2.553381 0.963686 37.684511 36.328309 9.448864 56.719793 0.101685 111.288600 44.360162 11.617248 11.854747 97.553205 78.541058 4.436520 2.589135 1.548726 119.374993 6.892001 7.061735 44.022354 32.565739 4.926690 3.635319 36.640440 14.777786 
25.051097 17.227095 46.891773 1.954551 122.860309 5.470453 225.476252 0.778293 360.234019 13.721481 1.439284 4.002996 2.071079 1.443403 2.389200 8.906811 0.695513 2.852867 0.658104 1.606114 0.174987 19.977350 0.107083 17.049642 108.102998 113.431583 9.950919 0.414336 4.331649 295.750821 0.398703 47.244706 0.254244 6.465063 18.307079 11.963865 10.484011 9.407800 70.278852 0.548067 150.460166 3.135916 4.240274 80.154664 0.173992 19.357631 2.037788 0.916664 16.871288 8.974278 
0.117069 29.308609 11.457773 8.222973 163.903212 1.237000 37.615603 0.692895 1.793613 35.747789 18.779636 38.780704 0.373765 1.978179 3.384917 5.086136 1.759170 17.664925 0.092017 0.133693 12.281260 6.877633 12.683974 7.211281 120.763410 236.046234 156.161371 0.517772 9.103378 90.525460 6.323588 46.887465 0.054285 10.286029 376.863089 14.497321 3.569669 47.563352 1.525879 1.531304 0.915530 16.134575 0.616674 421.529915 15.125247 3.840506 17.989259 0.745393 1.258497 6.785260 315.259083 15.906181 0.190144 52.914490 
3.038454 23.864671 8.518294 13.303123 449.267826 14.222102 34.739122 1.975640 2.303549 68.781694 38.085620 4.102649 0.079509 184.020318 46.290623 176.272816 5.568283 4.357937 51.643878 13.732668 10.237737 2.906197 31.442160 0.799468 132.870067 473.087525 13.134820 0.588305 246.720319 1.385259 44.861635 0.133078 0.072512 0.656984 43.330526 1.277061 6.573570 6.449381 57.118912 0.075686 9.177036 10.457656 25.626734 
6.556534 69.150475 1.721569 12.471562 3.310792 1.192817 140.255619 50.930947 26.744591 115.377675 11.968566 52.878952 2.204669 52.525405 0.158006 0.553766 0.367128 40.670136 7.086263 21.064322 0.390557 6.505835 16.671704 61.237477 265.866098 226.411859 183.995649 0.578253 5.724226 1.645121 8.363007 0.185980 0.084335 0.405915 8.726612 0.892802 11.572203 
1.598924 3.407753 0.099202 9.194953 15.955515 58.634577 152.546590 69.277218 68.646127 148.399444 9.769612 69.200129 119.183432 146.438484 25.693660 63.292098 1.998170 31.658541 20.123213 8.182598 5.430720 1.885327 2.953376 65.660521 79.204722 46.521443 40.410152 0.647245 14.705389 1.496793 1.280514 0.184386 0.116854 0.436357 2.629985 47.055978 1.675783 26.517149 5.939430 7.826849 7.337168 2.401687 5.283328 127.119106 1.295537 6.919678 38.175521 
70.186140 1.045902 2.322802 11.315428 5.574294 22.917927 104.191573 97.293586 137.605999 335.803402 20.700665 0.877089 63.422971 27.673131 0.110930 3.103161 5.404600 22.549558 1.834005 17.209157 0.118829 0.727840 0.504183 8.434092 460.488127 116.315331 4.370987 0.642005 3.055133 0.266656 19.728954 355.850203 0.094322 79.275115 0.868496 14.988987 8.426350 5.465885 12.881969 0.132855 
50.849956 11.336974 0.198542 13.589868 77.773478 0.214762 42.424706 104.986872 1.578766 126.825947 10.861867 0.222058 39.899151 250.641843 3.976311 15.304768 7.333782 57.405124 12.394608 0.102206 1.378682 0.605817 0.372161 9.266038 62.915516 1.773579 175.459706 0.802591 3.482595 133.405018 0.630169 5.703574 35.564526 
0.668786 6.050854 0.148843 9.959166 75.224995 1.024163 1.579094 40.170008 0.435285 71.712113 3.411134 1.678852 36.524726 110.017962 1.785617 26.776950 0.288576 5.814964 2.376031 10.448097 28.770780 54.556893 0.472827 3.231908 61.577659 1.190481 12.351574 13.405841 228.122748 56.573151 135.913222 78.224325 89.480193 4.537729 4.168590 
0.521882 161.210507 0.267071 9.027942 83.879243 18.568485 13.083011 45.260228 1.291978 170.085492 1.899129 3.360681 1.342518 16.079517 383.746348 0.412212 0.348921 0.148640 1.638599 2.624918 0.089843 56.389552 4.140604 13.826205 120.420086 120.166222 7.050535 3.957115 81.249939 52.407084 2.890726 3.814559 7.402460 23.486940 3.495887 26.046617 7.103608 10.505622 24.374902 0.669554 12.247163 0.490108 14.761819 3.118253 
0.596330 55.529038 0.277256 19.310855 95.699593 0.615663 345.089159 93.933430 10.870776 83.975312 2.944937 1.913529 1.629271 6.873692 53.113343 1.391897 12.715416 37.851637 0.563199 0.274717 0.172678 0.784614 4.338317 13.024996 111.398749 55.873875 5.640236 1.598791 10.384674 3.419821 0.772111 13.070980 57.888776 63.891980 0.168855 6.844406 0.566133 44.295544 32.447361 16.141575 0.918403 
0.519292 147.386966 0.083882 9.770703 72.875343 25.732847 213.087146 71.242827 7.609709 114.790600 0.213315 2.318906 12.284281 338.593656 4.413015 23.356691 6.450088 161.001229 1.620012 0.259029 39.119477 0.617227 4.315683 1.601582 377.823893 48.506583 5.229341 1.406585 46.930983 26.515119 0.543958 0.308448 0.146587 343.795863 1.735860 1.240087 13.901180 12.977964 0.621858 4.371384 0.443850 0.730690 2.888778 111.459878 1.370357 2.857813 40.719989 8.614628 
0.644356 2.993706 0.205063 2.841646 76.650495 6.228922 12.469909 158.483243 14.237715 349.525143 0.067436 2.011797 1.622766 180.352531 34.240124 75.840319 61.704350 62.191340 0.628423 5.869295 68.888738 30.275165 160.324318 3.468808 113.500829 58.773717 2.750460 9.646874 3.782867 0.262334 0.549754 0.469216 61.220042 322.184065 3.644815 3.226571 21.069273 23.411609 16.288597 0.135531 42.861311 83.634141 3.341390 15.780422 88.921578 1.449231 0.162444 1.490137 0.866812 17.752652 20.280283 5.933102 26.793590 41.028918 57.407802 66.655286 0.944278 14.213132 9.919296 87.618595 
0.654113 1.154364 0.100308 15.095686 98.578739 3.655872 9.229762 47.691611 0.770362 88.063934 0.218646 4.825950 1.756314 261.844448 72.427502 2.378178 12.087591 28.247128 24.956044 1.514423 5.103177 1.351162 198.696187 22.406401 5.046079 1.327086 5.476307 0.950694 30.658812 32.889830 4.391386 194.442918 27.092484 116.743364 239.913171 97.237466 70.366727 141.095050 1.521905 1.533823 8.190160 3.998815 0.104087 31.066902 5.128297 17.448749 279.835070 25.812376 
0.637575 2.058066 0.066174 1.279691 0.374845 0.676808 13.161764 1.817042 19.342073 1.166495 79.231972 27.457555 32.788834 173.577600 640.322732 5.696898 20.302674 3.327828 0.132350 1.458100 42.082051 263.127312 416.448704 145.475524 3.341295 63.144484 197.161615 140.406695 0.175893 262.297823 7.241002 9.976097 15.464356 1.610952 5.135260 20.271919 31.841250 7.989448 17.560739 9.048891 6.093187 4.310874 1.689974 3.075666 3.110567 
0.543488 77.239831 0.121163 1.471840 6.655842 7.131353 8.505362 18.867141 156.208659 12.161132 0.150184 85.255636 5.453910 138.749099 98.397791 0.084659 16.267134 0.180210 0.171808 0.783404 20.652705 142.779342 268.215759 0.321837 7.122877 66.787179 172.710411 0.174182 161.293182 41.566140 24.931919 37.316124 8.230918 1.548495 0.093907 2.460801 11.020827 
0.633965 54.321503 0.172560 2.266780 0.244667 10.020718 11.977527 6.456437 383.789747 115.627424 21.696875 9.289537 11.470091 0.118189 295.749784 5.107657 3.174908 18.621324 9.886389 0.881692 135.310996 475.773626 53.346132 2.805286 5.112785 61.245291 86.853604 6.320211 10.633976 20.257918 
0.574773 118.728787 0.269553 19.851024 0.196840 200.366792 12.504177 68.514564 0.257866 78.646508 114.317853 8.676830 6.602462 0.148428 74.269608 24.685065 2.096435 2.104553 0.167010 0.164208 0.991575 0.838777 50.957188 3.520091 57.654670 72.270802 13.893993 15.692334 17.269502 6.846224 8.801933 3.323248 
0.603383 92.089244 0.247638 11.156672 69.846379 3.453844 10.038124 9.619720 2.426808 2.473532 79.663013 21.387413 7.393602 0.753304 194.794844 5.450270 58.547449 0.512625 25.672385 9.130275 2.070130 4.355399 272.016822 15.639884 5.673254 27.584353 
0.580023 65.892735 147.311166 15.029677 21.236724 39.391454 9.465570 413.153927 41.956585 180.851636 114.296514 0.911764 11.126970 8.089895 286.437617 7.000473 95.848634 0.309257 147.212261 1.596249 6.057242 7.174025 670.919892 0.897864 0.134235 23.416364 0.183448 3.024389 46.942601 0.178763 8.687379 4.862845 10.131976 47.704841 73.893490 2.694441 8.238047 0.302493 6.765514 
0.660795 167.541834 61.492899 1.400805 126.345403 20.618823 8.875131 6.380438 0.138774 79.387966 244.896266 123.426084 97.342560 3.416445 117.686307 13.915699 94.024984 0.461995 24.821484 13.708192 5.735068 2.585216 16.337848 220.601892 7.866873 20.549540 0.058291 29.106772 1.677924 0.248972 5.781005 29.335153 146.538260 42.328727 0.955046 0.927426 0.073838 0.060339 30.168559 2.965450 24.476077 2.410357 8.766582 5.846520 34.919653 1.105355 26.179260 0.599344 4.108924 
0.546373 120.789232 74.578343 0.270034 17.525016 3.607306 47.944782 0.135659 0.400250 7.019396 141.974114 4.609022 367.672753 0.722118 196.391137 6.593363 0.061062 0.223139 87.865179 12.524507 2.046264 284.834979 13.272051 1.441000 0.274622 0.200235 23.630190 49.796569 316.267315 0.138799 0.245508 39.465184 17.953512 2.942379 1.372219 6.241663 22.226331 17.858559 11.380299 79.069621 3.064963 92.630051 0.113724 8.421503 38.190004 9.074288 0.375604 0.253262 32.952521 15.374945 0.072172 0.094073 89.663348 23.147460 
0.577095 39.844335 36.343004 84.232029 0.152698 3.477337 0.110735 0.065915 0.408186 9.850969 208.678805 3.862892 243.620100 293.184484 19.988105 1.072767 13.547379 21.490529 2.107645 7.997641 5.370798 0.052523 84.984127 0.629221 1.319773 9.520097 39.361742 81.163819 10.802019 0.064646 3.094206 1.607929 115.685638 3.932871 0.401148 164.505405 7.202090 67.512605 
0.804275 87.439238 33.175203 330.009090 1.454496 14.112856 5.871039 2.575254 0.517102 6.699466 149.091476 0.206204 65.379630 5.812019 0.144507 33.004207 16.040735 1.192269 2.339648 8.282995 37.423219 5.809479 1.281444 6.014632 5.984359 117.730509 6.132466 75.354144 2.161177 2.956376 117.464567 112.401445 0.980175 50.658181 
0.630375 7.746140 470.880184 38.132860 1.633655 72.095339 4.673491 3.355481 12.716599 62.219720 122.635076 0.138908 0.870784 0.126436 0.601696 1.350830 260.068379 530.440313 2.287683 10.912044 13.729115 8.256000 21.278444 82.187166 0.782259 10.655652 0.515760 96.578271 1.553277 54.593873 21.486899 4.189353 
0.656071 3.260721 51.588324 5.442618 1.570512 68.321089 10.010657 1.974316 10.750435 0.392129 116.280851 0.078302 0.690861 7.654768 56.082069 5.223075 14.761781 168.762559 2.717440 14.670355 85.931870 23.171803 55.470141 421.578358 3.273331 287.700162 0.249289 15.700882 0.597312 87.292384 217.518752 6.791571 41.498927 4.428718 544.761394 0.234946 8.624333 0.083469 6.280000 14.936024 1.649003 0.483262 5.446287 
0.724002 44.479663 1.987802 24.002428 2.972708 78.610719 10.950747 0.167025 5.947634 0.113851 193.629789 0.214918 0.222818 1.813100 3.403493 12.453945 18.247819 333.288983 10.486439 8.187955 32.930134 10.765499 42.725934 169.288215 95.258898 131.219877 0.508460 104.581101 153.078679 9.508181 0.457701 41.705249 5.216063 0.209455 239.119189 57.024093 
0.631311 24.999787 41.837210 20.245277 1.587261 5.674557 1.497222 0.492239 119.769199 40.012332 26.204914 0.087457 76.075996 46.836666 8.067405 2.521637 10.382977 86.435639 12.046368 10.434672 128.089658 10.211266 0.856893 71.677399 508.295563 200.156862 12.636299 2.928322 0.849084 10.229662 28.904780 63.736162 31.900459 13.728838 248.695237 40.092093 7.844707 5.062157 24.817390 10.305832 14.227592 
0.536557 3.954620 117.289158 30.382922 1.411403 10.209106 0.918274 0.460703 1.321316 1.121956 95.362591 0.075596 67.214242 4.836234 2.038095 0.938143 10.935181 0.480637 6.409578 12.108473 12.735350 68.440589 8.829352 48.093058 4.687191 9.279560 2.646120 62.750991 8.313318 337.333601 95.377681 48.591868 14.386890 6.149401 5.449039 1.387226 1.024133 
0.675204 14.570389 1.048734 5.364568 1.405769 4.127118 1.288572 0.103514 32.479787 5.350950 35.973935 0.074568 48.986524 9.829931 98.982124 0.063092 144.938011 9.806144 37.177725 8.840438 0.147734 51.180176 102.156133 54.777643 1.124463 3.407739 1.319023 29.802349 21.431734 170.297702 
0.722634 6.946852 149.955259 3.491151 1.405869 0.929160 217.089141 12.421408 1.101650 118.321196 409.672018 0.135132 187.228217 11.229441 20.776787 18.011627 24.137910 48.797638 1.252267 8.511948 4.131733 15.869123 82.087318 223.874909 2.826209 0.311828 65.134116 3.987121 120.232486 6.012117 22.075029 69.976381 
0.675213 11.808646 102.798168 12.975875 55.459944 10.323916 43.998403 0.398308 0.764060 61.688299 13.671587 0.320938 1.473304 74.563402 0.901276 7.498646 63.220888 197.769867 1.285406 113.786128 0.453710 32.207722 77.814287 1.436349 4.322855 28.744284 84.564138 0.308362 7.617383 35.172242 2.888780 1.295672 21.769612 69.270891 21.693965 2.679634 6.831685 30.093472 
0.481587 8.964055 1.638085 2.637125 2.319865 436.221126 2.679192 103.382464 10.789555 71.373010 11.405872 0.145136 2.022653 245.674434 8.996458 5.274393 280.993379 51.200400 0.135360 25.191890 1.173161 2.908548 74.556803 44.926803 153.612569 4.179157 81.474463 1.372976 5.841443 3.166921 34.044814 5.924872 17.861361 3.088698 6.311393 47.183963 93.750727 
0.518959 0.097739 18.242549 161.747363 72.622079 2.764610 18.047225 294.295221 1.256248 5.608505 5.559000 2.909892 2.927950 203.560613 1.215164 0.561340 138.629925 9.603775 0.326457 99.137093 1.269072 7.328421 43.439253 0.381326 7.309730 32.058441 96.711985 8.880531 1.451714 47.800515 12.372684 23.432795 
0.799618 0.164638 283.113813 120.568146 78.199580 2.217403 312.113071 5.715247 7.653463 0.490008 189.967042 0.218983 1.628947 6.983421 4.597011 10.087822 2.937181 8.613937 542.434754 120.323317 1.306134 2.246955 0.417565 100.140071 0.917043 7.123539 10.750583 0.328789 18.096858 4.234388 174.108104 295.149181 3.887536 
0.587821 0.080595 0.066526 38.675953 69.631041 0.748144 237.104582 30.863845 13.018671 0.059721 44.373283 366.483872 11.272252 18.088954 38.955406 3.997790 8.913839 0.596648 38.671303 153.510812 1.440240 4.535877 1.680281 8.353324 21.272388 6.539627 17.848475 8.246165 0.476177 0.071052 1.860042 27.523456 64.771279 6.349746 2.107909 9.204986 
0.639039 0.116992 173.482867 475.672705 62.274972 1.082267 28.871873 22.307202 11.586102 62.971284 155.409091 202.061508 244.705296 80.567155 6.397070 84.696068 5.502882 0.771376 1.687877 459.271645 1.419146 4.777061 0.970357 8.827832 13.732485 33.990286 0.714617 3.500237 7.775712 46.794226 1.556040 1.033169 4.723738 90.152431 0.092408 26.123962 47.224271 3.186763 10.516182 2.357825 13.197405 88.275978 4.649290 37.238618 38.571435 
0.688604 0.173880 1.730924 0.221492 79.935065 3.401378 26.655723 13.483745 11.816993 0.146829 113.408028 696.527714 169.499631 0.506226 69.134783 465.419839 12.699395 1.777043 59.368398 8.673011 7.266704 2.859501 55.199157 0.623123 210.218409 369.121848 1.026289 0.389403 2.709785 19.812183 4.887645 19.957309 9.172989 1.073907 0.229090 11.419050 2.647061 6.177662 198.420505 10.812987 52.390981 1.701497 
0.635093 24.671226 478.022214 3.234672 1.575154 0.084497 16.495825 2.736261 6.174408 0.122607 506.340256 1.913067 7.175429 186.988020 17.097502 148.070642 0.211396 0.537759 12.031249 21.780193 67.187888 2.216229 115.239274 118.668710 151.388583 1.483193 1.172097 0.178430 54.606312 104.509831 0.519569 105.552351 90.095576 1.530756 0.424225 282.488255 316.363115 4.206923 3.479266 293.980962 1.002177 0.779065 14.972577 29.155009 76.081678 3.273358 99.290266 33.156282 84.801155 19.979147 49.683023 12.122277 22.309143 0.257145 2.591911 18.629665 
0.474647 37.501616 578.838962 14.538187 67.954052 0.074142 5.924459 2.957730 8.533286 33.461062 189.236141 0.992131 111.082945 0.147782 75.967377 68.726958 0.124850 35.661498 83.927766 29.139915 484.960132 11.303859 3.897777 58.645691 66.856643 23.192456 0.812526 0.491568 567.406210 97.608800 0.245658 86.221502 0.727787 7.288686 0.200560 2.624392 9.568568 2.923872 22.999526 170.658188 0.412802 1.313597 14.640751 16.197318 5.267377 24.195152 19.089811 17.488188 6.420304 156.266146 
0.807108 1.269814 292.849919 34.830086 3.995408 0.135301 1.565890 2.810565 7.295245 12.555955 89.595198 24.846712 0.219095 2.615805 60.803197 0.073145 0.122629 5.317990 275.962917 35.844226 542.965888 70.369427 5.114814 23.125642 3.732064 15.353573 0.827634 0.619412 0.155475 120.406520 6.161391 113.819533 6.338306 38.210965 3.526967 2.696540 426.579406 21.961765 0.628918 20.786154 6.727722 38.079790 12.956352 8.811747 5.293948 
0.689989 203.947478 69.949475 35.444396 2.470539 0.102932 93.571737 3.123817 3.001906 27.701253 32.440789 3.012326 3.624665 22.434363 14.742100 0.997723 2.270073 3.038608 2.639006 16.674554 20.550049 23.999943 48.435702 186.858179 16.266628 0.761555 0.988997 2.293547 2.940981 2.059830 19.756067 3.203809 0.504175 9.874542 0.136894 6.446596 103.785237 58.629675 0.840987 142.459180 13.473476 71.094242 38.160746 1.385244 2.168386 0.900024 3.202572 1.838775 3.020125 19.501133 63.247393 14.792117 29.652301 1.562445 3.606642 
0.877877 1.499100 49.101750 70.333861 27.995258 0.176630 9.623282 0.359031 0.865549 34.466831 658.662979 3.731627 16.183801 179.042883 8.749340 1.204224 0.259317 113.036063 33.778713 18.863531 327.204666 2.874478 4.379783 346.365182 5.415238 10.590698 2.638615 1.420021 2.559225 94.703101 0.452614 5.267822 1.359093 10.093291 11.188197 0.520801 62.790792 19.069817 0.888347 2.530028 2.563641 89.267028 7.147075 2.087936 75.345719 0.530990 150.517960 31.940703 71.475082 14.324116 3.712107 22.328253 46.406656 21.781649 3.974210 34.569426 2.315195 7.999226 15.984348 5.045986 17.443085 4.633196 
0.638922 2.159213 219.061666 51.351274 3.179088 0.240339 9.318808 0.610265 0.182016 1.635298 233.266120 20.122297 5.261383 552.807807 7.088775 3.750703 19.952877 40.296480 87.798354 50.459064 1.949342 0.283024 0.737904 94.066676 1.154075 3.300369 4.147818 1.718102 8.425912 0.532214 4.716525 173.604012 16.067845 0.124969 454.154961 0.211134 45.720401 13.527742 0.710359 102.879115 0.220808 9.984980 13.954221 3.957615 24.873289 33.976292 16.952237 43.897822 40.201826 65.533586 54.922038 5.397298 33.301577 85.186897 742.414722 70.375367 
0.603922 12.202521 120.926461 3.891149 0.145595 0.250800 2.212377 195.781732 25.212801 15.866524 99.857107 0.285732 29.668491 0.126095 7.566333 43.252700 0.906931 34.704974 0.605191 0.152769 0.889005 37.661322 52.669148 63.596499 4.129004 0.190953 3.723425 1.469043 0.806595 8.951571 13.477511 212.449503 30.744417 520.004140 516.879307 55.215011 31.598143 2.907595 0.254093 4.925796 0.354748 353.767211 23.672380 33.897647 8.800539 6.565661 56.177910 11.156998 88.789536 8.073917 48.176002 8.614761 0.503389 2.682656 13.378471 
0.601955 7.177534 132.448456 9.014343 33.583851 0.162557 5.970543 22.795031 15.650952 0.387579 349.660458 0.855646 17.713794 35.599795 3.271310 4.359568 213.180706 23.745583 5.870991 5.212020 25.590910 2.169497 1.140852 57.389854 0.286975 107.540107 2.666003 2.220694 2.508495 436.383326 135.855758 385.947135 5.289055 255.317146 319.286316 168.844358 4.293848 3.725630 0.186535 3.734852 1.841960 5.688663 5.839221 11.689499 102.405182 
0.706218 0.286007 446.285223 9.130937 0.242860 0.122336 16.686086 13.609419 26.757269 200.358026 35.678618 70.930786 4.232343 59.193785 7.804757 0.551121 2.582023 1.015111 274.074648 100.387473 3.455821 7.859879 3.357176 11.172716 0.375222 13.872386 5.263477 2.207547 225.402575 1.244368 18.001390 247.153372 1.820883 248.624535 38.283057 80.409669 119.589661 160.047757 0.446798 5.332610 9.760694 48.524637 3.198122 14.102857 142.706944 3.646556 7.177758 5.781670 6.869662 
0.648395 94.566039 636.086782 0.138791 518.904527 0.106542 0.895325 52.801817 1.762738 46.033636 7.003927 14.434483 64.044865 12.040507 4.344874 146.458645 8.257553 1.153315 351.821350 194.271611 35.006515 11.748794 3.297953 13.667662 0.370958 64.134645 44.060755 2.184981 12.865771 51.476814 0.230813 1.899515 61.630600 0.457410 8.163642 26.904191 1.646382 3.266220 10.877955 36.430247 4.101397 4.642736 0.448095 17.483486 0.984463 1.699248 0.796201 0.956627 182.736472 7.857191 2.325616 17.262782 95.148737 45.459956 9.121231 199.934922 319.886941 
0.671440 4.572685 746.766566 10.244375 5.133456 0.163330 8.632052 67.339411 11.244969 8.220277 12.401261 12.735290 24.476317 444.415055 211.478931 3.118087 12.218675 196.344070 93.970510 422.681047 227.270652 8.303109 7.388639 6.371946 0.305932 799.482713 14.115061 0.125095 0.376038 5.247281 4.617565 3.408923 194.348810 499.964420 0.502856 114.557084 17.266200 14.202588 2.249115 4.284942 0.875011 0.568048 12.671323 29.387869 15.639538 1.751719 11.851145 2.370935 
0.690175 1.676590 244.089500 21.437392 4.733515 0.235473 348.893682 69.552393 1.709010 134.725571 1.316201 10.245156 10.265468 7.543634 13.762157 3.109107 9.197646 61.628358 82.207891 249.048921 130.507612 0.509509 6.309936 0.792448 0.743789 37.270109 11.643112 1.581977 7.319595 9.731410 0.401216 7.999723 222.036419 8.773716 21.937487 34.709454 39.392921 50.129873 1.437453 3.425335 37.426062 1.309042 10.552072 25.879844 38.700425 4.328580 38.853514 5.502580 70.400171 2.182443 79.923047 2.010514 4.752202 34.796577 
0.447190 23.773814 825.498395 1.420320 126.722278 0.114246 11.010791 14.981286 1.960410 1.616016 61.745559 3.461623 29.688251 14.566525 7.081701 32.978237 8.384905 236.734825 503.380950 87.962519 18.473161 0.103457 96.793490 6.653021 30.593649 1.565629 374.441084 6.633635 374.235597 0.132563 67.206313 0.146500 
0.774059 43.563755 73.993900 1.990085 5.203738 0.277847 29.994398 2.931475 64.687375 34.010504 18.386105 3.424100 4.404959 7.149369 2.961575 17.077809 3.749233 100.695492 194.904955 354.585078 22.381812 0.210313 1.899215 59.652580 312.936247 1.743178 1.417380 14.641022 6.116657 9.648637 10.649187 140.457737 0.545146 0.352219 2.942054 126.032110 7.906509 3.838011 20.333966 9.041807 126.138170 14.046452 63.258493 17.346516 0.537661 18.827315 15.577869 17.986278 6.760163 6.217966 0.398520 28.320373 36.080179 19.090044 45.420046 16.678129 
0.706638 4.259888 264.985546 1.984087 123.241390 0.240135 19.897413 23.497230 38.059987 6.839672 16.522538 128.942255 1.412670 5.125269 18.630633 6.759349 6.358135 14.622064 0.508202 178.655987 76.450994 1.369135 30.210550 253.772507 205.160128 1.355174 29.462864 1.354160 15.190550 0.240159 8.165300 103.976923 7.318769 453.212987 6.236487 35.238792 776.699339 7.043787 1.419366 2.175814 367.300153 55.815519 104.830907 6.584190 11.286256 37.390346 0.151070 18.855747 15.900345 15.732852 18.147063 4.467594 9.130187 4.288642 3.344989 0.673798 8.559564 48.017769 
0.711869 1.875380 129.707413 6.875244 15.727787 0.180817 2.959705 5.873287 4.011748 7.191999 296.439407 113.722184 5.748700 5.141099 0.100453 1.406863 1.007349 6.987203 6.447786 120.018698 62.968825 17.376416 10.817670 0.705314 2.155045 5.986212 169.020703 2.301454 2.661308 195.622063 130.341857 14.489850 6.188710 255.039618 0.840854 23.251159 15.576342 25.925078 
0.615093 3.579539 125.448762 5.258245 502.212569 0.192613 10.135420 0.334685 92.067484 71.299406 0.550386 8.032209 27.832169 5.834733 4.527328 2.104236 11.115779 443.796078 7.221489 7.482884 82.027351 7.468312 0.171386 2.331708 3.531285 5.977656 3.090338 1.710924 1.900237 150.105668 152.869726 4.648814 110.661322 0.920137 1.385783 3.373427 2.280252 14.479366 39.159691 16.250921 15.813896 7.102743 2.285302 21.591296 14.187485 129.269092 23.574013 35.230144 11.869361 2.711492 2.789333 10.263462 24.640714 7.397606 
0.344741 34.897304 298.002752 86.960962 148.968857 0.277339 26.332902 105.312835 239.938291 18.421361 0.726293 12.407139 11.131762 93.380268 1.404509 2.778431 11.626572 213.441662 0.498577 6.762265 7.319971 169.355912 0.485353 29.002064 1013.581951 53.575047 2.541330 35.417950 0.314575 418.574090 1255.576536 3.680757 1054.061541 0.422815 0.144382 1.188334 11.326644 14.126314 12.546755 69.565477 0.854495 130.796166 3.213766 104.174688 10.452597 2.249948 0.345781 10.098112 1.190720 12.080304 185.754385 9.317157 18.092713 81.956022 
0.349651 131.831297 2.785328 0.333179 1.761795 0.130467 37.862137 83.587676 59.764992 12.930729 0.167562 453.014307 4.005312 5.092854 4.012799 46.093949 333.591662 1.915798 55.121629 1.017392 67.335426 4.968401 10.934725 2.540996 36.744630 0.336644 4.995430 31.039860 6.933921 862.377594 2.180577 30.734908 0.736418 62.625369 2.390580 0.294122 2.760822 566.262832 241.285138 173.495659 141.692684 129.142481 4.946157 16.814370 6.062045 0.832979 3.329675 185.715086 122.306490 14.458546 0.906219 
0.440136 165.292219 10.843023 11.137597 0.394817 0.236522 2.355527 409.416839 70.607149 1.451611 0.936130 211.972580 0.260710 347.219844 2.133797 80.997164 709.936050 1.368212 0.323640 2.026630 3.184901 7.124671 19.470763 348.132726 29.288108 549.400480 129.241091 2.131998 196.511314 41.180973 4.248840 262.625583 63.251268 3.459258 76.959135 5.108697 5.617734 35.769452 8.761944 
0.936970 297.733707 78.545655 31.085824 75.763907 0.350492 5.145881 162.831538 352.289030 1.008912 12.475868 29.245254 1.984857 4.080846 1.422771 69.918325 755.289431 17.505197 2.311107 221.761396 1.820930 7.700869 67.908707 203.274206 1.424990 2.619604 6.283115 0.494315 28.554336 9.439551 9.990629 2.089225 2.983958 68.976866 6.937274 
0.748026 66.568719 13.090947 4.891381 1.204796 0.209938 5.039529 298.390886 173.610969 0.233664 2.933097 219.054279 4.664117 69.283682 0.176623 1.950739 1.347066 206.719956 9.818034 20.871483 5.044345 13.377527 51.256841 60.156722 1.806402 5.001566 13.584043 95.935908 17.778087 1.236794 12.161010 0.563558 96.414400 36.793786 
0.871686 73.796473 24.750557 5.313447 1.194553 0.386592 9.627831 472.096228 112.829569 0.214551 969.680778 906.239677 893.582609 243.662644 0.360494 1.773704 6.911953 94.253431 12.108995 35.939795 4.329695 28.598101 4.525364 42.810670 8.488200 14.711154 16.568444 7.951418 12.864705 5.134341 1.886846 291.393440 2.361465 1.927969 0.186350 89.680827 7.054156 5.339805 11.109251 1.191713 2.082260 32.356349 58.253033 26.267320 48.910557 178.737044 11.180373 16.817359 17.457724 8.100535 385.696227 
0.813673 68.000749 161.395108 0.934431 10.558554 0.082702 15.063632 12.393127 22.917021 0.544040 117.173096 52.112712 2.011437 93.434109 0.107556 1.936124 3.025277 359.719770 0.471299 76.332711 1.362873 110.139481 2.688867 3.046679 264.965725 9.599116 8.581334 0.104577 7.646585 317.504370 6.161549 167.771588 2.022400 0.846175 306.135780 7.509362 20.869435 29.435788 74.894007 3.992713 157.483810 149.147472 
0.643259 5.107106 6.684942 0.816451 86.267700 18.915861 57.625591 12.289413 18.457775 430.497610 11.905719 0.705020 73.460001 176.343490 0.230329 387.619729 9.715378 0.197122 0.470091 96.839215 5.835045 24.467756 3.381017 0.099684 3.048505 1.599276 8.633518 0.091627 19.806463 58.385820 316.888036 403.315825 0.141878 12.621467 475.745234 2.050548 27.059312 132.059930 2.251628 3.656883 361.737987 26.377083 2.643883 27.051130 
0.215675 10.122247 0.468766 237.533941 2.660491 12.280220 5.026218 305.271896 0.548633 453.738192 18.739094 65.631949 5.656075 484.813543 2.076295 8.311289 0.171111 3.976246 6.547076 108.334724 110.854673 3.000631 25.617189 6.081696 13.074933 225.372802 14.410148 1.814216 6.941203 4.946663 
0.454350 28.690006 64.358916 199.311967 14.195186 3.172582 4.350472 6.285017 0.471541 4.009902 2.503700 1.551593 0.859115 124.135620 6.606325 0.664434 0.549836 2.179391 260.732726 31.928166 170.272516 14.101378 116.183763 1.519677 1.962197 318.884191 9.215541 2.721331 57.215646 2.915094 7.252643 356.896877 154.082213 326.755596 29.067212 5.988348 3.858820 1.134682 5.062343 20.812073 1.402468 3.564726 4.831987 7.245387 4.495668 
0.268553 2.725939 66.969947 442.307030 50.182399 11.556023 25.863705 5.625754 0.487682 0.351441 19.630890 7.514457 161.496736 151.733968 2.561549 9.016819 78.566563 3.239310 337.164927 115.937804 2.476769 2.850457 1143.638220 1.342595 7.181913 85.180047 1.386155 0.344677 3.186496 78.998420 83.136636 81.653780 
0.248963 0.288550 71.065190 119.200760 118.690774 40.375681 6.662204 4.303785 0.651946 56.761547 7.568203 9.100231 7.258881 894.521073 197.508637 13.464331 154.877279 2.374783 0.605954 104.583966 0.371619 168.569404 6.989683 1.149359 11.208107 288.053099 37.985525 1.800145 0.201026 123.090515 0.639012 75.489892 58.845674 0.609756 336.990214 18.118234 45.496239 
0.155989 11.529883 10.055144 578.210761 44.654449 0.792591 4.827123 8.061145 1.137193 524.159688 15.525442 8.123513 6.098998 70.841076 178.378254 69.737154 78.190185 0.857853 0.259274 1.674327 2.773263 6.751454 80.725950 0.743176 13.141653 407.812121 1.292565 10.701385 5.311943 831.157193 3.851070 53.109563 57.071429 153.546890 
0.212934 0.166938 53.972951 1054.091669 40.094639 14.918595 414.930808 28.886419 0.865096 17.744659 14.429749 48.545866 9.344102 2.569293 7.234219 25.210963 18.702532 68.300380 122.665978 1.162719 31.947470 3.448593 1.004502 127.010670 333.828809 95.317678 4.884637 151.800852 10.262079 6.225314 0.920453 1.367791 186.455540 
0.334621 0.168667 0.448732 200.364063 40.592385 189.230334 1022.569794 0.970354 0.578563 9.616846 5.816951 2.525844 73.870999 3.214128 62.362025 39.537651 51.640278 7.127452 202.966975 2.968693 8.875405 81.184306 46.476759 110.454853 702.173905 29.206437 20.241348 1.613016 1.664963 2.058208 0.323565 28.925808 17.378922 64.617187 0.242622 6.774668 3.231680 31.140732 17.365981 35.999854 0.372592 59.379456 3.677897 200.187311 4.539740 
0.142490 0.322026 0.556826 214.459841 5.651435 0.326254 206.633519 22.217981 0.667524 15.477806 40.347123 2.465498 41.982226 1.357147 687.390422 23.279147 3.374328 14.513559 512.192146 7.047478 10.337850 15.170027 45.265690 13.413758 84.725593 10.271980 13.130943 9.803987 0.258540 74.291476 0.172815 105.341212 16.319980 
0.121995 0.755380 0.714817 136.953105 7.127656 24.490785 188.365786 37.834935 0.834822 13.674893 8.500109 1.466393 2.632789 7.869148 48.258112 4.547837 56.801294 10.967061 157.529980 9.137914 4.291351 0.138624 40.693451 36.212263 8.050417 387.080182 50.959461 2.618870 6.572935 41.659178 45.482248 1.809244 6.841495 16.302035 6.152893 20.138670 
0.077931 0.191366 165.690147 82.837940 11.868689 31.072680 277.828862 138.850740 0.860697 11.305987 77.083185 311.269317 0.725933 13.372989 18.964440 648.276547 37.535082 9.117977 592.635123 13.137760 87.414328 1.431249 66.197760 2.142429 26.376720 227.972928 3.011407 34.639645 3.906562 58.659639 24.185023 0.535965 1.878188 0.104179 35.020696 5.467440 5.211527 74.730526 0.681509 4.763606 12.393995 1.135563 1.398387 94.438213 
0.201952 0.674770 0.138444 217.163381 1.317511 1.618623 399.221676 409.365639 0.721085 5.570072 6.688097 33.414123 21.940798 7.077003 0.468862 5.430994 3.162686 9.788362 924.803227 3.079325 6.560580 48.683901 617.745658 15.410511 48.757405 140.005401 13.856610 4.599283 8.516325 0.319648 142.202418 25.380613 0.936850 0.145967 149.523706 67.491861 398.673786 4.768822 18.057586 19.766235 
0.229135 0.983769 19.699887 61.216262 4.953215 9.952036 631.971165 285.027072 0.762834 3.585367 48.250511 86.679843 0.169531 1.754963 9.140374 45.043799 1.184892 13.920166 409.224461 5.924914 10.057886 18.025629 93.236305 297.235951 25.600556 6.926731 27.599096 0.370987 10.891649 19.004013 0.657555 3.404523 26.486974 52.709556 2.390808 0.294052 87.873448 2.891882 1.110404 314.176853 
0.230995 1.781105 845.832261 443.907801 3.148633 10.434634 811.667057 1.590645 0.734847 7.638588 0.740972 21.864879 16.707615 5.744282 4.372988 22.071856 1.452166 12.903742 40.542159 2.001902 2.243003 0.637756 29.239331 28.257984 6.441759 27.841575 1022.811408 47.968848 263.800268 53.115378 9.003084 368.240759 35.463983 47.423580 14.702002 
0.154645 1.684462 2.611705 71.644829 0.869818 52.369574 224.693969 161.177421 0.721199 6.748421 71.785663 9.175033 2.591782 40.259320 53.295400 60.983015 3.443543 8.385904 50.927535 217.573248 0.337395 10.435667 0.259663 1.963836 6.515105 0.402443 0.153246 14.716997 6.856316 48.583456 110.563988 
0.164834 34.043141 37.950020 141.106592 1.310754 14.550715 986.396062 33.578123 0.542250 3.312159 46.936650 6.032663 350.517117 0.603227 7.976517 8.950330 1.556767 11.742079 157.451877 214.472383 62.759260 9.539570 1.368834 20.609655 3.816116 0.330828 3.802000 2.593568 78.876103 25.976553 0.645878 22.947916 218.245129 5.751180 
0.223020 71.558398 10.770807 15.150306 623.477033 0.394519 592.937653 3.130036 0.772630 0.517047 38.884925 126.948823 61.080580 12.839555 10.051707 224.709974 1.734368 25.630837 178.273120 247.033360 32.453037 75.737462 219.963760 1.203986 3.921771 0.409468 34.807354 2.127095 3.862176 201.522250 104.766736 58.831634 1.215223 50.375854 5.011460 1.634429 159.387981 4.660153 2.507259 13.671372 1.376784 189.305556 
0.155040 8.067239 3.724305 8.969663 4.830606 143.125183 104.282472 2.909381 0.737889 1.980866 27.459904 70.735049 328.212886 57.463881 4.700836 0.530337 1.046083 9.599785 203.172401 16.096510 94.308113 132.250365 2.465267 0.769421 69.708195 12.484175 7.101149 3.727778 5.380633 612.296793 71.242433 7.196948 0.199114 
0.249511 2.955759 2.161192 5.577596 60.327578 3.309293 156.834449 2.310413 0.669232 31.411111 17.152681 34.162369 77.776584 62.634711 23.491248 2.677006 1.574191 13.610365 692.847750 585.245460 46.503016 1.204358 870.123608 187.455848 3.623610 0.966103 1.464646 3.628297 10.014220 3.617366 387.807928 26.842388 29.935113 4.738503 0.166693 432.714363 15.192683 0.408647 
0.128356 0.346494 0.150641 2.706683 7.105193 19.488331 112.839300 1.499028 0.851568 79.929130 176.673276 1.824327 90.694434 166.816985 11.528908 1.628022 2.026463 9.791296 836.765237 6.068475 15.161718 2.128366 109.076449 82.243758 58.732793 1.403057 193.021821 9.162106 0.134509 5.595678 2.211713 0.626911 55.913360 70.264430 2.341436 
0.234134 16.541265 9.803910 10.423066 1.197166 23.469365 326.936444 3.844212 0.799956 67.738045 4.483335 86.613281 6.758806 1.100568 2.067260 6.363632 1.790913 11.528978 486.229541 4.790433 220.613988 2.343798 585.066646 233.995936 30.982505 0.688779 50.806725 18.607984 5.543925 3.634161 2.289685 0.147574 9.648480 68.182314 277.290302 0.901536 7.200795 11.530324 
0.209803 0.161064 15.633596 26.525173 9.171135 52.633937 113.847487 66.683632 0.835413 25.531667 25.485224 2.725583 0.428030 22.420771 1.126757 28.787464 1.986029 9.014904 99.576088 7.808374 168.787763 1.058515 1.779158 34.769761 29.406908 8.222605 55.576782 7.262107 31.042076 1.657018 0.113867 1028.361773 13.778858 
0.291678 0.246732 6.975728 2.600762 2.795066 877.018234 64.429639 78.405302 0.895059 13.034791 14.539775 1.415734 7.589965 428.931194 1.281733 341.661683 11.366585 8.440726 463.767420 9.727134 72.329318 1.693156 14.240498 0.152852 1045.967405 12.265523 10.761304 27.030049 66.017634 1.267900 3.171048 0.438953 4.713316 172.078947 47.054754 
0.159884 12.617750 13.285592 410.956232 2.508966 2.605157 628.438192 0.655412 0.597493 84.247262 10.664876 2.774693 25.397642 7.752152 5.883608 0.523491 6.678094 5.779944 481.498158 652.476541 0.799343 66.975558 179.176690 12.000431 26.742312 26.170089 194.405555 95.406553 135.687186 0.134682 12.553843 0.284525 0.760623 515.264688 17.824990 0.136380 3.863188 0.554471 0.504369 3.718106 246.604881 1.701108 5.839269 0.101729 3.628008 305.178017 797.582758 1.548395 17.331967 12.256623 1.350667 23.268997 
0.374555 4.316637 5.391330 19.623550 1.372600 53.806771 47.915379 1.171478 0.658789 0.369049 17.395180 6.745341 18.035737 16.242039 0.850821 35.933135 247.350827 8.668809 525.522443 2.300724 0.850593 0.291343 203.534897 68.910893 12.441814 281.925033 133.177918 541.957437 0.126307 16.749287 6.533566 0.565202 6.058974 429.114505 5.157980 
0.280402 4.264857 27.049778 2.408148 3.750199 39.079598 99.214644 0.264153 0.635202 5.916610 150.858319 3.133219 23.139464 67.634997 1.113288 106.950714 0.826448 0.302630 25.844822 5.509344 4.564812 10.296944 0.459496 68.247519 1.733549 61.204822 56.527180 752.239445 5.995718 4.114193 9.067948 93.939006 2.738409 61.562821 331.315583 3.153081 3.610126 23.942025 9.759326 39.409948 1.310936 11.866961 7.023725 309.248209 34.220240 87.640964 96.684592 9.731643 11.850853 4.565265 39.086291 8.330354 
10.952657 10.918994 1.220467 10.693695 1.870820 16.889601 297.703413 0.438156 0.592039 1.562449 207.761457 19.781440 0.303689 5.618938 0.517939 219.053918 3.221482 0.535659 11.691440 18.155888 59.482232 0.974926 2.225991 66.208594 30.739538 54.603233 74.104512 14.903633 14.232343 15.607954 5.019956 4.845849 6.689599 69.165452 0.769918 3.003527 2.690770 24.221244 26.114201 10.125713 8.515112 78.780618 1.941834 6.299668 61.610086 4.031677 16.195991 14.682282 4.154083 4.874493 4.914320 18.780994 16.200221 13.535046 
80.671967 26.423624 29.844747 4.699940 470.857258 267.249432 64.769316 1.044058 0.526816 8.042775 23.991583 47.811414 0.645701 2.244879 0.132199 5.912246 4.858515 0.341852 0.107776 1.446163 0.176875 5.370754 27.103377 0.168157 3.748758 19.288428 55.885769 24.800936 14.515994 3.252935 6.455840 2.441767 0.155658 97.729707 227.890175 227.969086 16.640941 0.597007 14.342734 8.102882 7.416194 126.409292 2.740450 172.239138 2.733174 60.466168 0.771288 41.758738 43.514110 25.332852 9.686942 62.071114 
105.976111 1.272646 7.855171 4.841876 648.004404 0.186650 75.779190 406.070228 0.677297 21.038604 0.937779 27.225592 35.816911 599.362810 56.158557 0.310043 15.362518 0.094915 3.639972 64.951572 4.384441 4.358511 15.806723 33.153222 4.054444 3.927244 231.967384 38.495066 20.419961 551.841861 14.715712 8.856843 4.720351 0.484572 16.691006 0.363476 0.216455 1.086859 79.626759 16.493943 29.534940 1.901310 3.286734 10.763802 53.386413 0.784724 14.735023 
548.167453 11.624400 3.365322 1.625913 0.712323 68.475060 7.190351 0.737924 0.661354 20.728814 146.645289 5.508024 4.079197 464.019927 356.858642 2.071559 17.401032 0.091016 4.157703 25.601935 572.076016 6.344342 7.611520 85.282258 0.718102 0.910281 251.414722 30.184087 0.830288 172.589547 1.756220 1.335382 16.048684 12.124993 1.114520 10.815110 18.400010 92.244648 2.795050 35.480675 1.074516 157.079718 
151.876503 7.321469 111.730976 0.561908 1.512600 67.316692 60.318647 101.532907 0.668969 6.723925 8.007498 4.822700 14.460844 104.765367 118.912315 1.242093 1.275947 32.761677 55.825088 104.185412 9.858574 0.176014 1.300553 13.020019 16.680133 5.602914 250.819727 398.048041 6.780854 185.935443 1.465310 0.650276 0.755881 11.222237 0.758476 
392.412143 11.880036 65.093466 0.395338 0.130314 4.903407 3.963302 19.329762 0.709440 1.919384 2.938914 13.152109 9.238742 70.373901 6.889828 3.311296 1.450971 62.928509 3.181455 46.763782 27.360130 24.844113 0.133956 18.141463 12.126577 0.103576 63.992550 36.152753 5.443171 72.597794 31.935271 1.993258 225.153019 
157.815046 3.457117 70.651480 0.228758 0.498632 3.015050 6.343417 6.392874 0.440226 2.539880 0.433039 22.054876 208.640971 155.196478 9.713290 64.797031 17.450538 5.352139 1.774633 2.659646 43.592192 6.245470 23.668334 72.373169 0.280331 0.639442 153.626553 15.421013 7.299526 63.258937 174.148006 27.617873 4.606309 3.093432 20.702347 108.340672 55.670512 11.350028 85.977875 10.584712 31.555637 
83.669730 16.173935 132.140901 2.022989 0.100377 1.614171 118.335709 12.155081 0.405289 7.456170 18.147059 18.991426 154.125268 432.839742 62.569994 12.977028 16.362272 3.876699 1.390544 5.110359 472.593530 4.329228 9.923784 68.757213 2.374176 13.830596 1.393993 7.920426 324.348982 7.989956 60.848737 0.664284 0.753990 4.860269 10.211391 7.074132 68.268873 0.734537 5.180304 9.859846 2.141305 6.174392 5.008769 
0.201515 4.195956 83.747542 36.953579 0.137108 29.438407 16.245718 299.341435 0.472398 0.552061 40.750712 41.643488 126.251230 3.825364 67.969129 50.494725 149.875434 2.402090 1.496435 6.431715 259.546672 9.279931 10.680425 66.553769 6.239342 35.265397 0.373395 9.329522 236.385028 0.966773 45.763448 36.058950 33.511572 0.883334 3.641484 8.238536 1.430867 
11.757121 3.661160 121.961866 3.192845 0.135140 31.524219 414.181412 689.129076 0.583527 2.634483 22.996674 32.411126 135.408325 105.592612 113.856765 99.853922 62.540801 1.050704 1.523564 3.606781 588.647622 74.370334 4.770696 62.958159 0.490063 2.513270 5.826874 9.760564 0.996577 29.699222 40.052322 166.893874 2.743532 0.352683 293.758382 131.979255 0.152216 2.014075 2.649167 8.451743 405.803445 4.033308 4.330574 30.544742 84.556905 1.388892 44.972005 69.990357 7.793086 60.975609 7.021355 22.223652 4.120020 
56.188892 10.192926 3.232584 3.791421 0.129005 33.085420 33.007430 80.563542 0.502830 120.586991 11.108530 0.224764 35.635490 6.743376 383.443394 70.712270 2.043917 4.024096 0.887662 8.013861 10.711603 64.973174 41.496439 8.978682 4.907557 2.800350 8.310587 52.159479 16.451588 210.270609 32.891004 26.804481 63.181096 7.015952 5.894907 
3.273136 24.333481 2.708132 0.116837 0.117356 27.234193 173.997655 4.111475 0.549958 450.410446 3.255362 3.395959 12.071949 5.080986 181.303538 313.663413 2.436586 13.625289 1.797187 3.413301 4.450201 33.145421 161.636937 168.137594 54.636607 57.646178 10.071960 12.465146 20.696992 22.886534 1.080503 6.276025 1.782465 73.166298 36.271738 23.387317 12.573045 13.647549 203.387865 0.602093 0.390874 53.269144 1.387946 41.301390 
70.293553 4.688935 7.061326 0.154050 0.144734 4.913848 3.074745 6.994785 0.543813 26.578295 114.919158 7.097576 107.713987 10.863460 47.094037 222.352239 9.874270 68.086826 2.255544 13.647549 9.937959 133.730680 54.341464 3.989237 9.733680 1.336147 5.283638 81.210121 108.941102 17.364356 21.905231 103.677984 37.114190 43.338223 4.496970 22.880306 4.495505 2.148985 26.679782 124.898898 161.843722 6.664028 29.066608 
87.174510 71.216093 6.334588 47.213167 0.237488 3.249409 1.177157 24.194516 0.977962 274.217270 69.625279 0.335294 683.455809 13.034487 18.626111 237.035542 3.553791 4.521354 1.451910 548.571858 136.290543 182.865277 380.926838 4.098551 71.498595 10.619400 0.314914 55.354613 32.438850 0.294956 1.548726 6.039730 
54.708918 48.626846 4.818482 1036.165585 0.296957 7.293560 0.633932 336.125391 0.644826 127.637873 982.221569 55.639500 0.383704 9.674795 18.895048 136.642240 0.129836 20.669775 1.746852 5.138977 645.981121 659.629721 100.498901 79.686683 17.568714 8.608339 0.119311 0.636027 2.623558 3.827951 4.274068 1.524083 7.031721 4.664274 0.827806 466.680652 11.900724 4.940437 3.956248 2.868869 2.633056 177.665280 9.122980 
10.580324 1164.169183 0.605594 6.469075 0.179810 1.470150 7.869511 4.233675 0.525246 38.320704 0.566728 61.611518 1.284318 11.698013 0.191324 281.430109 870.698397 2.626181 1.325990 11.150169 802.228923 330.004385 233.254207 2.439838 96.599731 0.697849 145.950433 0.259181 36.273281 127.126770 35.878137 3.772028 24.900144 2.482656 10.484170 32.187091 0.539282 23.712826 2.827599 63.337857 0.618698 
37.351937 93.053943 0.190030 23.057433 0.220040 31.679806 3.436996 0.271826 0.561821 16.292942 2.358690 1.050521 11.292504 8.836262 0.245398 220.808379 3.443568 12.076745 0.915586 24.636567 161.304806 97.212003 93.606744 16.569606 0.323791 9.776530 79.225449 2.542001 1.019150 13.354219 11.754437 57.500369 61.749432 
175.989305 12.313550 3.009121 55.174526 0.201644 1.907025 6.912469 1.282707 0.776107 0.255600 1.463635 0.128820 4.846329 12.576058 91.157767 1021.247359 9.757577 2.161449 55.442630 4.700036 106.823636 55.294583 351.470662 7.869650 0.539646 3.378417 76.552747 4.024104 26.048530 28.396325 11.057008 67.380813 9.569620 171.797417 14.087043 4.530700 15.813366 27.117352 
39.759437 3.086332 0.315409 62.650318 0.116574 1.850355 8.453561 14.542405 0.654353 1.289917 3.162487 0.424695 0.486310 18.641459 521.812374 244.530071 0.164238 32.634093 6.039386 0.755247 79.808813 107.314736 195.405036 84.198113 0.350113 18.896934 5.315365 30.232504 0.508692 13.335890 5.545790 0.489995 7.186012 126.803838 0.219861 2.884549 105.236477 
284.379934 1.017747 4.238127 8.959590 0.111129 4.944481 7.568675 42.996264 0.703060 4.697446 293.383465 0.165504 61.527145 6.273175 18.673252 1013.224482 11.079642 17.408319 62.382314 1.590294 27.762693 7.872088 225.981806 19.818236 208.907146 111.203443 73.379916 106.497351 0.636921 364.568973 1.737066 25.458835 1.896194 4.143197 12.982886 44.850201 42.553560 5.433064 3.504052 4.715635 
11.969242 5.078940 4.624837 17.456275 0.213190 0.213249 9.703976 2.178344 0.902652 28.825078 2.518497 0.676891 63.667654 6.608629 0.447356 101.630011 61.390821 438.775781 1.424973 348.263518 64.055421 4.217959 947.836386 99.734748 3.440645 4.356485 40.004371 27.347653 3.412603 41.222552 0.360660 10.106261 
4.215302 7.770806 4.627541 13.566528 0.217224 0.457932 32.639108 3.105743 0.679089 192.847580 63.134040 0.289458 40.866798 7.382916 7.165149 575.678119 298.819577 12.253209 1.586856 872.694030 73.934726 4.017820 24.129381 1159.552460 42.863588 5.412658 15.503116 194.534254 67.104885 30.780498 1.291883 19.255417 
1.316485 5.610343 608.726948 13.372378 0.203196 181.664050 99.652559 34.720416 0.605285 71.224758 430.178694 1.240206 22.082209 4.236855 4.426534 1013.030976 302.680566 3.216012 1.163594 63.369957 0.978905 6.125508 2.731009 1.129787 66.335609 84.014950 13.885235 8.802979 16.033850 88.493775 
44.899411 16.539138 238.908788 9.314428 0.266012 65.056395 6.686083 254.247395 0.677745 5.977773 1.675686 0.862837 7.595748 10.804395 147.222075 795.634319 253.925682 5.673194 0.905990 0.140019 22.956553 6.776211 85.812163 37.878598 
990.198366 30.898206 789.704556 9.919465 0.267670 23.950334 284.690685 47.171399 0.907382 4.797073 74.023821 1.503564 19.572935 10.267960 274.945630 113.118426 73.994030 0.237795 34.482817 244.243869 5.799649 4.009129 36.042515 133.774989 0.578121 0.544527 6.729439 299.554321 2.715226 35.097905 36.795846 1.685843 15.828919 4.491437 118.903665 34.620433 44.568436 883.032860 37.600696 
340.337426 18.940679 341.500801 15.706751 0.244951 929.030543 51.114502 2.323151 1.028543 72.789264 4.075669 1.249197 64.057517 5.796493 713.691404 1.943360 27.130867 20.814747 0.953448 4.296475 122.014362 3.107812 0.734036 1374.789328 0.229320 6.918707 15.131759 17.445702 9.411168 0.860656 5.789295 9.563149 1032.047761 0.987618 14.670533 512.952339 2.550846 13.285404 93.259182 64.677435 99.207320 2.036345 
86.811218 553.124947 49.307882 9.481007 0.254991 75.424730 1.581055 4.459142 0.700153 9.438452 7.609856 0.580321 113.858218 14.055908 4.039386 42.459091 1.319154 2.828090 13.283862 1246.785963 40.711407 0.740693 653.075821 173.198021 0.490522 62.088078 21.266429 31.702194 5.949434 0.937817 2.857079 13.409838 2.636704 4.571263 21.560740 10.966586 7.255649 
363.672911 135.267892 213.666357 12.904482 0.238947 55.129602 0.605985 0.430521 0.592924 0.668641 129.143732 3.471908 54.815930 9.754041 56.585833 89.688240 1.182160 2.602634 9.244532 5.537277 1.749600 112.636289 0.422420 117.223213 0.284403 6.700329 7.521255 8.863790 9.070128 2.977592 14.273474 137.044189 31.321179 30.240117 26.130650 19.505495 10.716674 4.204144 25.938941 
287.666658 23.174891 93.154832 5.725528 0.288598 18.306489 3.079202 3.659122 0.708384 38.229887 127.566796 10.908807 68.534604 3.803579 149.884702 12.039517 2.234516 90.338999 16.694540 2.335164 40.470236 15.381168 7.114809 88.638788 0.628797 51.718614 9.354099 5.601572 12.277010 106.419519 6.657428 0.449270 
560.837576 7.872950 97.652294 48.955502 0.338452 0.190988 8.745060 10.112432 0.689403 30.955631 217.691267 1.311978 2.339609 41.912915 99.666528 13.075905 64.491914 902.448470 7.649892 9.543700 664.456283 6.067649 13.575583 10.025593 0.506411 140.569397 14.353474 4.512905 146.976176 383.999943 2.248749 3.318336 0.293967 1.296326 3.660457 6.157517 11.680939 66.149567 2.434216 137.758963 31.668753 52.290116 12.137261 61.394115 168.057554 6.245177 3.388391 2.034409 36.407747 12.565731 
162.068698 0.546856 429.934111 13.991309 0.857871 1.941338 1.134370 4.950061 0.726828 7.893778 137.377993 1.741136 169.649932 4.519103 204.662889 2.330976 59.960026 758.086857 28.844421 5.264508 4.776056 19.641175 38.741593 119.817591 3.495172 0.757787 6.163524 7.499466 192.920126 53.620189 18.067091 0.545211 69.629789 28.833737 5.129405 1.075928 12.372655 3.055917 4.873239 784.559072 127.414870 7.054031 345.506512 14.987687 
746.813642 0.695076 30.892740 9.530299 3.951872 1.413621 48.315628 11.779401 0.660306 23.069302 294.014258 1.704918 13.400864 5.767869 151.793372 2.033181 42.481541 66.151960 261.385418 0.738373 0.343828 1129.929108 12.298440 53.799128 718.547351 26.250830 33.180277 4.169768 4.489271 132.297923 3.022758 3.936499 1.228110 99.310874 62.342816 86.309643 0.729153 5.903838 683.763925 0.221538 0.257139 255.311949 33.549517 38.096128 3.400208 15.626488 
83.966998 8.471128 130.639966 2.735435 134.479226 1.103421 29.097492 5.012219 0.791347 1.717384 112.245896 2.052506 72.537764 4.454581 0.278254 1.639790 41.636529 51.242027 1038.228099 3.684069 0.157709 346.160201 29.615319 6.512377 0.345888 31.618553 461.656450 33.800426 460.221416 2.573108 2.384880 107.798164 0.159631 753.825970 521.796867 33.894568 11.196699 0.844610 9.472376 19.036485 1.500166 3.453109 
246.859655 1.337341 181.001120 182.301500 0.918209 26.436155 0.813117 1.062472 0.682205 139.394665 53.688064 49.755712 2.683897 29.780560 20.156802 1.519104 421.602087 15.610273 12.739770 5.641049 104.365995 403.705164 215.205741 13.815239 12.926075 0.649986 548.951395 5.873273 4.426005 53.269341 1.679126 4.278202 70.040840 684.015543 0.527317 36.386224 11.484541 4.252195 2.182162 1.256559 26.751548 0.693934 
103.237077 0.125495 244.801584 156.988479 13.268162 1.200157 1.520326 0.126590 0.636069 12.891393 8.724745 237.099811 272.361819 4.456064 1.495348 1.882127 18.660387 171.621391 21.476594 200.555021 231.167893 21.424774 114.702188 1.165324 8.237410 0.360703 0.376853 1.208319 36.697778 0.236530 1.233923 152.630069 64.997929 347.224552 3.359452 11.009185 3.751072 8.907511 4.920638 4.437270 17.824554 8.232156 22.709318 
303.545830 0.177494 777.640616 308.728961 1.777802 1.724711 43.062995 0.205832 0.748211 17.019170 5.928920 79.106159 19.899404 0.712156 4.158097 6.473112 15.950042 3.842271 2.131978 103.971702 9.967852 500.706025 8.664063 74.851884 9.367388 18.754145 17.123828 209.555601 4.657224 2.030465 37.614456 3.478992 145.153660 2.192580 30.763774 0.453746 2.866796 265.946237 3.535681 65.812847 10.821425 
28.524570 1.792325 741.812446 0.246450 2.734527 2.302651 70.527848 0.156036 0.676097 37.904080 2.248676 548.021449 2.487755 0.707395 2.165691 144.473646 6.772912 17.538998 204.893003 253.986766 22.167873 1.557538 13.842001 272.261577 12.441987 0.901181 470.458933 1.263716 3.535462 2.109786 91.242375 13.612223 49.684398 0.159833 0.500140 23.636952 105.943006 11.716082 38.306040 3.421947 265.736205 1.797736 
1062.076056 4.532018 993.273430 0.179940 5.445635 2.426653 1.311251 6.341799 0.687752 2.020389 10.387024 54.043387 1.436716 44.962517 0.274160 13.363520 0.224670 962.375355 90.905537 900.709802 25.952314 2.524822 114.501157 31.117589 213.352542 2.005161 35.074831 4.178215 9.684310 1.158519 27.652147 633.353976 6.819133 5.186176 326.264552 7.882643 
37.993282 6.957230 201.162746 80.407113 1.085402 236.852784 44.078380 504.173051 0.657017 13.256772 8.302339 0.462786 1.650749 2.390358 0.309318 9.227904 1.138671 67.351281 12.301205 310.708586 5.121578 13.914469 8.380088 209.055741 2.102420 1.278044 29.919681 13.059542 1.666424 9.302824 66.335059 9.198652 4.179592 67.581087 
76.054336 63.568124 154.135224 3.121499 14.054493 2.285773 3.245969 10.989234 0.755355 1.651684 6.138278 229.372564 0.227857 4.630668 0.274999 13.136045 0.462132 84.094980 88.979601 1.209882 1.657376 132.685701 1020.586348 11.638388 5.572879 5.475624 1.240209 29.061836 296.123372 174.037206 0.544860 3.880875 11.018640 15.679194 21.952917 114.086891 30.766504 23.611064 
55.102144 997.310365 20.858748 3.326958 16.796903 8.476655 12.394753 57.954304 0.874751 2.150313 10.251385 12.064101 28.229948 0.491560 0.294255 0.387474 266.708954 92.751319 29.806120 4.111896 35.514714 113.151583 122.238404 131.581112 4.604501 28.816484 0.335993 1.553024 2007.630138 189.396403 162.817501 10.729984 5.761757 43.850203 188.859122 9.250616 14.125662 0.900769 5.861121 3.715347 3.446542 180.571244 328.862789 39.810132 99.209884 0.519325 5.408593 9.199129 3.005573 101.106489 32.114137 
674.322747 218.337611 0.809872 4.252138 29.013794 12.924656 127.857212 0.405097 38.527228 13.826485 7.398131 126.294398 4.166892 128.428338 0.290969 4.061880 778.855059 4.472157 10.323675 2.284902 18.972103 221.094356 324.298116 0.495288 5.687799 300.000712 0.379747 18.821857 7.623502 187.826770 0.645213 18.185006 5.012170 1458.283646 61.045173 1.010574 4.525766 17.397737 1682.204991 1.667181 23.188581 89.923714 62.384206 97.895996 
972.237515 151.036039 3.520661 154.370636 57.430589 16.994570 57.259798 3.450543 50.775505 4.558785 2.940704 0.666299 1.337280 6.430904 0.167777 2.688395 74.907092 6.004546 12.802347 465.814976 283.926279 6.125673 346.388057 0.169171 21.095339 664.609678 1.773114 8.232454 3.707624 71.298979 24.650160 10.250853 9.223310 23.972375 9.311130 
112.267060 145.998828 9.275319 11.904471 2.623813 17.689352 220.929980 2.700857 2.054232 136.953772 1.371095 0.895828 7.124732 6.995235 0.766327 1.885491 202.093557 9.549532 1.901962 7.436472 30.363402 35.399687 159.387915 16.140292 0.235254 137.797143 1.445375 28.349827 5.168512 0.636219 9.986684 32.223277 321.381331 12.437175 12.023599 99.360383 19.101519 13.870747 
164.245312 0.934000 0.548139 10.838963 35.988392 7.731661 24.249819 2.865769 26.587955 8.446953 2.188581 0.688214 0.125268 27.540491 0.159377 0.290779 190.535220 18.043698 7.406648 120.698380 119.429088 15.501550 32.747432 39.580890 3.593954 149.509542 1.187572 34.668361 53.031133 9.274186 6.315134 24.891284 471.358526 3.798710 107.384703 469.787614 13.167403 3.517591 1.607254 0.291033 3.036693 60.039613 0.084784 0.167371 9.643083 0.890414 97.814352 168.477078 23.697666 9.338302 221.138144 
192.462917 10.714260 60.110690 9.115945 0.629385 5.604698 4.391370 29.495565 6.372171 1.885217 0.263766 0.450764 4.630283 218.721360 0.233805 12.247144 55.212250 10.584553 3.311844 130.087759 216.177650 12.524683 2.323837 0.140151 0.097860 176.684674 0.766102 51.970103 16.605357 118.412320 362.308926 2.407156 394.206753 0.356143 3.377844 348.234124 8.294398 0.214004 2.620750 23.643408 16.449985 6.431892 5.563242 15.120238 39.949339 3.535111 254.437293 3.056775 3.811338 11.686027 6.170592 36.985747 5.878140 4.034255 9.445646 60.885264 5.116557 11.392764 
571.709225 2.481827 247.194051 10.976209 2.646064 74.692177 21.989533 387.108617 39.208149 6.017324 28.268035 0.559951 6.831417 2.554314 0.253800 11.486370 72.586905 7.071621 2.598555 107.535375 115.698311 27.695502 1.021592 48.752502 0.142089 307.844657 1.260807 50.670515 3.100965 773.234005 0.527852 5.044438 145.472498 3.983781 9.522683 135.380471 7.736279 4.189503 242.042541 25.653777 19.940921 74.705000 6.611476 48.323834 3.984857 169.180221 1.761069 3.252116 12.767622 8.011475 
296.622627 31.676398 0.759772 49.880943 3.358917 0.618962 143.043714 23.675575 229.802597 110.208436 5.992315 0.433296 8.266921 0.808019 0.136479 0.487695 157.182874 7.561948 50.464557 484.976883 792.953455 9.061821 0.171517 0.419078 12.599986 569.595601 1.775646 0.410636 6.452953 36.583498 24.404970 15.830199 41.859970 7.882282 5.843743 0.732042 9.267362 27.380038 49.298899 3.506785 1.059622 17.193263 1.509976 3.065893 6.297329 16.937247 14.753257 0.972801 0.655162 
41.325865 44.253033 10.726822 4.203288 14.101531 4.811534 10.838147 49.169895 0.117112 3.180938 0.729262 0.411342 21.655937 21.051633 0.354206 2.475835 52.195618 8.055655 0.261807 1.344233 46.146519 1.731353 22.943593 1.454222 29.436259 286.325368 17.657437 20.975827 18.758021 214.583808 7.903920 17.341571 31.881992 1.313801 285.168075 1.951906 9.243532 216.026748 5.853340 84.201593 28.583914 272.013010 60.737360 3.540484 80.543056 42.432387 
463.731350 5.668647 72.641513 83.448322 651.011605 53.452817 0.134880 19.490670 0.682897 27.325224 1.522168 0.813057 23.682720 6.150779 8.686362 11.096489 86.152966 8.320415 127.256102 18.993780 169.860243 1.543751 0.207356 723.642823 0.163336 245.468509 5.655753 2.203768 293.415205 13.045681 1.706623 15.989553 1.268357 5.541832 3.855516 33.574346 23.747413 3.812335 12.234345 3.771292 12.826928 43.242501 2.993724 0.249455 
800.504084 4.921307 0.241119 3.909528 76.142794 27.798606 3.952949 25.271103 14.334433 27.838043 311.203206 0.638114 11.403851 2.235786 81.878762 16.936485 0.466938 121.844794 72.832337 7.760617 102.821063 53.159491 0.233218 1.780902 0.512320 191.816697 20.694221 0.437270 94.722894 115.765698 11.723137 0.566694 4.797868 0.309059 2.685898 23.578942 15.428588 10.866383 84.940508 2.664590 40.212812 23.304908 5.511930 
108.327208 462.483655 76.584663 86.624539 186.337989 0.735525 1.349390 238.775112 2.735728 2.286933 0.472246 0.496749 9.498259 3.080989 13.338985 8.460964 11.291509 7.853570 598.833182 59.576571 19.371524 0.994466 0.796370 11.043014 0.266162 261.265441 0.286738 4.650403 0.364903 224.106197 7.127037 6.135348 3.115187 279.596469 5.550173 34.538157 1.780091 39.321825 14.047707 7.592457 0.227161 137.632208 13.364454 10.111769 2.016736 12.203908 206.653782 10.559837 0.337793 447.188055 0.640722 69.362319 
160.785547 16.289907 2.909773 15.730537 51.230873 7.882482 2.550979 104.313946 12.376885 0.139367 13.810533 0.377701 1.051089 1.777483 2.670289 124.895015 1040.843193 3.274416 249.870517 23.672027 0.521360 31.151117 369.623180 4.047453 0.153566 191.846155 8.389671 3.189264 1.873102 22.185715 17.013901 9.704698 251.555569 53.331055 19.625972 29.159773 7.358197 35.199505 279.647813 4.990023 0.170612 9.899055 103.398192 64.942205 119.044746 39.250088 52.173469 127.359627 15.423260 6.595878 9.835854 2.805315 
158.029717 104.016308 8.777387 15.882469 2.531883 276.296716 572.126737 0.426456 7.392163 0.162754 7.859672 0.411131 1.877169 4.347237 3.601293 174.923924 28.086005 7.377306 5.008146 81.424245 4.198946 13.762794 35.180712 11.576732 0.278974 286.051227 102.141050 46.489845 21.434903 1.874343 2.206787 9.476464 49.365057 42.360372 5.311929 3.884871 883.723115 52.807204 281.062548 1.730248 78.887462 0.770135 13.615369 131.305497 
580.942906 27.095300 92.543420 19.440244 20.897318 274.645802 3.241335 0.163662 7.815091 4.434291 82.828836 0.525690 2.720914 20.738768 14.255357 550.185719 38.260503 81.575097 9.270807 600.199499 128.382907 0.903753 3.636922 3.018149 0.165638 184.346981 12.882788 124.886540 22.133285 1.580832 9.323314 10.205955 0.951409 1.818237 203.385392 7.881710 4.261312 88.389515 24.300361 108.738638 3.408288 
40.025905 5.701935 5.144787 14.595881 162.260411 5.177893 5.332592 0.230015 8.925875 72.959816 5.659561 0.441862 5.755145 203.865057 9.682309 89.303122 16.066372 393.237667 10.440314 425.527623 1.380364 43.063333 9.163655 3.540548 0.203877 188.066924 19.336301 1.352856 287.673328 1.088707 68.171747 11.673793 18.576646 31.190269 
886.820154 6.211821 26.368834 476.757809 97.716208 1.174860 1.670586 0.218274 4.310415 954.844690 60.103266 0.441075 0.852027 173.109600 20.322840 5.983728 0.715291 11.967737 5.802931 275.007353 0.620288 688.581550 5.178873 1368.439878 0.192942 81.415608 0.308970 1.176515 13.924183 1.972061 16.783146 68.711725 6.494559 673.414376 27.287933 4.357088 1.254124 1.758978 1.565056 4.929011 2.043276 
366.594156 2.766432 32.377764 9.225584 2.080488 13.394383 5.957218 89.975191 645.309246 31.119271 45.425313 0.484990 39.151472 211.538395 1.164333 9.715273 3.982756 1.696723 7.515730 2.129892 0.610930 293.081936 2.139094 82.934040 0.182538 133.010646 0.188336 11.503357 166.960187 1.877089 13.629735 62.864932 2.774280 65.376038 27.714486 11.266617 
77.313109 31.158682 3.510120 12.428000 238.672552 10.060461 2.426992 36.080284 203.380101 446.418108 4.083932 0.666062 49.072780 94.106284 2.616204 1.208829 59.048403 34.713623 6.230152 3.677597 22.937619 754.849654 146.262762 7.405925 29.713242 76.174012 0.166452 12.525414 79.828043 1.870817 1.074552 58.744655 2.556877 0.335108 1.618363 0.597343 25.625421 20.010300 2.376189 330.901848 227.557853 1390.970949 42.053170 
0.203841 16.995351 2.073415 4.220780 179.248663 17.830010 124.896271 2.410353 112.338509 287.611311 4.958182 0.843306 1.166373 77.184058 44.393586 6.020678 1.128279 3.762866 7.671651 79.464873 989.380680 341.101157 31.094064 1.786268 0.163091 33.326447 0.304823 18.086612 343.007189 2.334808 2.913186 43.135083 7.861183 48.145935 0.267092 
281.419479 624.758205 43.065981 1.384804 74.721001 3.532583 1.828560 6.556591 284.275894 0.274283 3.004144 0.675647 24.403592 94.410330 7.375609 1.197992 60.130615 9.079420 10.255086 116.229669 4.295568 11.433211 54.096408 79.824124 0.203064 126.272299 0.255296 3.822112 118.375953 7.405672 846.836925 0.590037 4.180921 90.969651 43.720447 3.698109 63.080940 6.682319 38.574867 6.236420 1.948568 15.089325 2.849359 
417.388090 281.407364 4.762292 946.633618 250.627556 1.767032 1.475911 2.309093 5.808502 113.709363 23.259686 0.850994 54.954283 1.050751 137.702731 4.103905 4.661758 26.533325 6.771796 176.912860 0.764748 3.474676 6.373694 7.664604 0.210782 69.591374 0.409739 3.213389 76.750589 11.471391 50.996618 1.169189 69.704340 5.108498 136.412487 18.007371 1.127767 110.332463 65.496726 14.541624 120.300885 97.877758 
14.897626 337.038547 4.999046 50.183935 67.384763 57.601799 0.859826 4.791690 286.533426 1.977371 34.517460 0.720294 60.651912 53.591728 57.673592 4.736786 1.984249 7.084686 101.737033 24.033953 17.226674 1.715911 11.161650 0.424522 31.659590 7.896826 0.149253 70.039994 600.504915 0.317581 16.181048 3.593812 0.214169 5.934261 95.747102 2.705515 6.914064 4.958946 8.848531 6.214932 57.476006 1.691137 3.265520 18.286749 0.994240 4.781718 18.321046 28.632625 28.906907 4.544595 10.850430 5.860564 3.824469 2.808502 210.571559 33.404867 0.143740 107.351010 
76.601785 410.764682 22.056854 3.747538 230.732701 37.678355 0.839183 443.078754 0.987111 0.135542 54.538015 0.839950 65.660457 7.108109 0.504491 1.871670 0.504640 1.565139 54.246640 10.755818 37.926889 86.468826 13.484431 2.187913 0.996473 156.357657 0.242569 410.854857 81.118864 0.281019 17.510750 6.059114 0.141142 2.858705 42.371699 30.135949 3.309402 29.528712 33.824676 24.273136 3.073677 1.876758 106.330572 31.425648 189.106045 16.917769 68.274229 
151.669877 149.051889 12.298199 0.249601 21.282299 15.742851 0.924385 286.466064 3.629324 130.955676 0.130859 0.878894 71.221779 1.391092 13.038751 1.790603 13.808017 3.630985 0.211805 7.745784 31.519589 54.199822 13.962290 0.848951 47.534553 0.260216 0.154940 73.364042 14.553949 211.773611 12.181398 114.976907 0.157792 12.029860 13.513880 45.369287 16.605598 
105.861106 216.693325 10.942394 11.597959 90.304409 321.044247 1.161836 676.182950 9.511568 414.064546 2.843791 0.637195 2.658367 2.636633 0.124660 4.194364 7.743027 62.440028 0.095799 7.598889 4.768749 1.955367 2.452310 3.272043 0.180514 0.122805 0.453097 5.227288 18.009141 1.958190 198.568731 45.115590 8.571423 172.633283 720.559550 100.798670 20.296102 2.011520 174.801910 1.135726 5.007261 2.311585 0.966978 9.338409 3.599589 151.618567 557.354720 5.324035 2.960801 
13.789821 23.007156 3.548358 11.084551 198.974525 172.571150 307.755340 7.442242 0.908811 10.623704 7.843026 0.863071 10.109112 0.384580 6.323283 1.767084 1.487745 155.950917 9.667701 64.758631 2.404397 0.130426 2.691505 39.906585 0.891170 417.438157 72.643623 0.099376 103.001067 0.120812 28.428366 4.261073 52.682665 96.641972 19.519381 0.182451 
39.020585 3.934760 7.905837 120.121255 196.318326 166.884041 132.773874 6.198055 364.829001 0.499170 8.090579 0.757678 0.449446 26.860588 0.227463 4.100308 21.107648 186.045150 8.805227 0.745159 4.241540 2.611322 4.590070 8.581612 0.510766 27.731114 73.562052 0.642111 79.234895 0.583305 17.312164 0.258957 3.712112 0.540893 130.645863 67.979687 4.019613 4.824155 5.753198 8.856229 
26.494794 92.028544 0.638065 3.179719 99.206776 41.555785 79.159230 3.154588 640.683791 431.785234 2.971927 0.143072 0.551043 40.936615 1.168182 2.112398 0.106490 85.988878 39.052974 10.544478 1.281030 16.760947 1.070495 6.446744 0.239594 25.195921 230.712994 4.159664 22.118537 8.094454 2.142750 0.104258 6.932090 3.523967 11.713034 57.239703 7.684499 56.560021 6.592301 11.449653 
25.790837 0.728261 0.163273 1.267339 19.253149 74.228097 15.722353 24.437472 3.798101 9.585016 1.421503 2.647986 0.176745 8.197628 18.092707 17.351887 0.133578 684.683638 12.388735 154.475555 0.816440 83.409897 0.707638 6.231871 0.337167 83.693357 577.421694 4.488198 4.426883 220.703355 8.357350 19.867683 74.914903 12.141579 6.046015 69.938677 10.941897 126.568163 5.033067 155.252662 
103.522508 493.715213 4.869949 0.215426 40.772610 80.162752 15.368134 9.124806 6.605451 16.568256 1.995067 9.819253 0.690932 15.664639 1.845858 38.222642 0.333459 521.698390 71.232288 0.219191 0.246128 302.243226 0.642470 8.712291 0.332592 17.783314 199.000622 30.419798 2.081765 382.397394 2.215500 6.472837 76.159131 0.221949 34.193426 20.095538 13.419084 13.061891 57.551002 
15.165434 47.116465 1.742939 38.183363 260.307321 313.166640 290.798350 1.119778 119.718093 0.195035 7.012996 21.867750 63.075555 4.666967 18.553463 12.203126 0.330097 196.316751 0.611832 55.123336 0.257688 8.831754 0.627081 11.887631 0.208954 13.685422 104.510665 9.341577 108.646861 3.955642 2.542420 76.634810 48.519274 1.462521 6.503235 23.097765 19.668458 421.611801 0.156199 3.643229 3.345562 53.896267 20.624995 62.148486 104.065907 26.448519 
11.562799 133.380924 1.001922 1.483789 59.681072 51.685777 73.960316 4.790995 0.946962 10.285032 13.164417 24.238644 9.025739 4.528790 8.485593 14.837022 0.211231 593.296986 35.022601 36.321900 9.113022 7.387515 0.850490 8.592563 0.919211 7.496272 6.322902 20.679667 14.553975 0.261046 0.130728 412.329960 196.938721 19.109621 1.267133 551.711567 14.709487 55.746419 92.393473 1.489844 0.961632 29.270714 80.996114 10.688439 7.869151 1.637080 11.506486 670.306478 5.569210 21.583922 
2.092307 2.631790 1.416953 5.371247 17.506345 46.898478 113.548601 2.761293 132.754909 9.901315 193.450388 6.743230 1.590595 0.243784 214.558281 5.423050 10.068692 133.504567 102.482388 655.461209 9.435567 885.565516 0.739648 12.463590 0.155687 43.082684 0.752590 7.613860 4.607145 2.502114 513.275622 1.406184 52.912071 2.253518 9.644107 199.293350 
7.906856 25.341286 1.499882 3.988832 6.831143 182.908574 166.219244 12.835180 2.101264 1.115280 23.977394 51.460237 5.421884 0.397875 5.240835 2.662773 6.851450 169.517535 68.061996 3.591301 4.041175 16.519682 0.754158 26.104965 0.258140 3.179613 12.124250 9.580710 1.678211 7.887691 11.485640 596.248191 17.407807 3.795283 134.171833 65.222030 102.670583 2.112449 5.417216 106.032644 18.566809 5.277089 8.409087 
4.072591 8.242262 36.086386 5.289997 0.570064 88.988729 277.722663 7.308807 9.188467 1.846632 2.701143 2.278790 2.671781 0.218663 80.684309 193.604930 7.903215 172.970714 77.484285 3.575689 49.811209 23.684789 0.612131 127.754079 0.123440 77.421916 8.956995 161.995466 0.076616 1.606646 66.638513 254.450429 6.373715 6.249058 13.112760 0.565123 
0.260135 191.306704 7.907361 7.709841 2.403286 87.811905 103.492871 42.123133 7.735520 106.323813 59.511104 2.200392 2.013418 0.433868 6.854109 4.870553 6.330669 3.474755 5.310306 4.046942 240.996427 64.343691 0.619450 381.393223 0.244988 2.563485 42.376434 3.088136 0.516039 9.279961 58.908231 610.914748 7.631982 45.862887 193.117237 0.139373 5.674039 4.694743 19.449350 2.082734 4.932923 2.819762 37.379510 3.194622 
19.209662 307.954628 107.475466 19.648412 209.233103 3.100674 103.293119 15.339976 54.976536 6.959245 14.465443 81.922706 127.772373 40.948180 6.603996 2.245760 1.134190 28.223343 0.329022 169.373043 0.521073 0.113640 0.914253 474.723629 0.188796 15.699511 298.020886 1.230719 3.044069 8.792663 163.614420 2.098324 36.414564 0.164261 456.026384 5.992089 
4.400333 9.853526 76.714900 0.690830 188.388034 2.632221 22.892614 0.792913 112.163330 11.598035 10.618072 46.079707 12.095032 110.219323 9.436127 3.419219 287.256151 9.624141 0.445937 71.884998 39.458238 0.204180 49.045369 47.730988 0.078257 9.908475 14.439779 0.543741 83.152960 10.599897 5.201772 40.901132 0.263899 4.450610 413.068852 0.455996 42.056094 7.927140 1.253604 8.888300 17.464251 0.496567 2.174690 7.056354 5.505749 9.427127 
7.105791 0.509929 323.661131 0.608247 66.101920 1.262544 2.430096 18.259116 184.812719 10.040286 120.862990 53.117895 11.158471 30.810257 8.137643 5.766313 29.101081 0.357205 1.437218 175.876446 16.470828 2.651528 9.933524 120.858426 0.063193 41.074922 4.595993 7.910284 0.271685 12.544108 4.211826 145.593326 0.127275 0.405087 14.882758 20.036248 4.226818 1.234654 59.477295 17.703896 14.861900 8.178053 11.058923 1.514971 4.244262 79.884323 1.571156 15.488399 
2.710660 59.122642 64.869771 0.475959 0.313697 18.269074 1.738568 2.203591 111.855374 59.784062 0.193684 120.506955 5.300853 10.153058 6.873164 39.230189 97.434223 1.557688 1.512770 141.395868 3.101471 6.130916 276.998354 40.577510 0.163805 10.201903 20.042202 9.108523 0.955330 21.243418 17.895750 0.807530 21.249172 5.915312 26.142899 163.916201 4.039517 
3.708671 4.388738 25.221324 0.568237 28.284786 222.146588 160.767182 47.780969 175.878090 27.267408 4.699497 0.060327 14.765413 0.912372 2.477194 6.995228 119.373593 59.213344 1.573641 2.559589 0.285857 10.458049 23.212561 115.092243 0.049521 4.093223 217.752258 34.249227 16.484372 23.019871 
9.479488 0.134666 357.671715 1.137863 197.609317 15.676163 82.528365 0.092703 41.815165 0.138594 273.520827 2.226279 0.280439 12.678349 4.217176 241.229405 24.806097 7.555470 1.307150 40.389701 2.650583 10.355921 34.883865 0.072007 2.573880 8.933494 0.184272 26.569811 75.799081 9.718894 
5.255637 81.725881 154.110879 0.730833 169.878456 58.188728 90.810545 12.971521 68.713018 1.930547 557.866350 4.505424 0.157731 14.894979 0.079042 63.695288 12.027985 11.092446 1.875486 0.116177 19.731427 2.224157 13.435913 13.190270 242.995487 2.081720 5.522489 8.608972 9.508147 7.358958 29.422308 26.933363 7.870717 25.450983 0.836109 0.234850 
3.026484 81.040059 103.597401 0.607458 33.163939 147.094320 13.546387 2.714759 142.607446 11.251932 221.934877 3.575135 0.064911 25.101530 2.487446 53.732311 8.592110 28.146407 1.869981 2.347948 11.638698 2.310108 1.510019 4.171532 2.222988 436.558413 0.760740 1.509821 104.309570 15.600304 4.676582 61.989955 9.594852 0.227184 204.968636 1.960925 13.368253 82.963837 10.486873 6.985100 10.797846 0.853966 
4.117788 4.390162 270.203323 1.652208 264.921192 154.493931 358.115340 2.724155 3.579016 3.775415 89.939498 0.154147 0.098033 8.278208 158.326555 1.152572 12.276530 69.234131 4.213515 7.118122 0.160785 47.514767 0.841545 0.106359 4.095138 133.392514 175.718002 9.489649 20.107432 320.168235 4.169001 2.879675 62.588727 16.846415 
41.360734 0.576496 1.486401 1.464499 3.170031 300.152416 416.087094 2.156215 14.907754 54.701915 28.426940 187.153210 0.243610 2.108012 1.073484 1.491771 102.462315 66.525868 3.772465 223.084548 1.468060 0.175696 0.687328 4.070171 8.794906 403.427443 128.718135 438.233139 32.237389 102.373599 0.828366 99.687380 27.187081 42.313332 0.558704 9.826722 129.925433 588.043002 0.083472 249.002493 30.447320 13.060590 2.693667 1.611152 3.310602 13.701783 2.837298 
503.418369 11.721161 1.583275 1.369072 0.466447 5.220137 166.069776 2.920954 11.531278 3.393678 74.217462 0.939489 0.568991 2.137346 133.996996 2.083808 12.280584 93.587551 2.595640 18.270778 16.178715 2.307801 0.728205 65.749839 3.848006 804.318814 1.705524 167.844822 2.988079 160.973156 11.283266 0.138731 12.855368 23.320062 9.398309 15.911318 9.116847 0.308044 254.730773 2.660113 25.301901 3.085235 8.196185 7.967149 
86.595060 0.388809 29.379505 1.266443 1.546432 0.116760 129.796998 13.601411 3.205591 15.488370 74.647172 4.320377 0.736637 0.111067 41.421960 32.450240 668.040876 116.944062 2.397489 14.848699 13.247279 24.024409 0.847806 28.208637 3.878154 261.660438 1.030644 0.871953 5.273533 13.526326 0.852623 25.210767 4.008873 77.804688 15.484554 509.274391 
453.045429 0.241441 3.029457 1.711540 153.859345 304.400431 135.112837 13.173604 32.915217 0.123435 199.953267 2.682760 1.713929 0.539083 19.275081 165.381223 205.074495 1.800461 4.176497 62.151877 8.527277 21.774938 0.668225 19.229532 1.167116 71.822957 2.798367 1.912352 2.278116 3.968727 6.664712 23.520919 0.953532 1.546616 2.754743 76.311380 15.876578 3.664165 8.779563 12.570861 9.731483 
395.782525 463.701727 0.428176 1.414548 3.610344 541.734827 125.575026 301.257851 9.325375 10.248480 27.913977 0.414639 7.421392 0.513468 3.435160 82.942986 146.710119 68.579376 330.554731 33.497610 8.600722 57.519037 0.643106 0.762235 6.700914 685.412056 0.166317 1.739549 3.876125 9.489945 0.445241 5.301822 201.171116 1.450816 825.941834 2.000514 0.705282 34.962104 42.407696 0.236296 
823.813535 9.297207 36.521447 7.345331 2.031618 3.691468 563.450469 1.528700 5.269513 167.806510 18.273740 1.213888 10.962010 0.180654 0.430968 35.608373 133.122656 908.144674 14.124749 37.134699 5.638042 9.155799 12.529902 0.687271 3.862929 412.396973 87.242469 0.095828 2.875670 0.587858 11.793117 472.142542 59.589471 0.941044 2.257630 14.651960 20.821695 11.163166 0.685406 11.672015 30.202609 5.260502 2.689909 
640.170284 4.650320 0.154308 68.726401 40.787244 0.723425 163.772240 2.527374 13.970747 21.184719 92.972966 121.958190 23.841772 0.201003 0.169150 108.635451 54.752293 1.698630 98.619982 0.348699 8.238867 69.817173 226.374692 0.632465 1.655614 51.133918 17.541928 0.189682 28.307173 4.085658 8.466445 2.757032 7.565833 5.962845 4.738587 24.548541 2.241886 65.467616 4.455156 330.244762 11.878952 
374.566519 111.679723 0.176114 65.377933 18.271463 399.522548 326.310737 2.619574 3.997638 0.778974 6.253848 0.339208 155.383750 0.232451 0.616104 12.101631 10.431444 8.428003 96.655895 1.722227 165.698818 193.748361 251.811986 10.764905 5.868963 1.001441 0.316990 8.607349 0.151677 8.120839 9.902452 0.342141 2.817565 5.373015 4.815873 17.118736 2.902181 54.412309 33.361424 7.534500 23.179785 262.764674 12.484459 
129.001085 300.603385 12.893358 49.442667 0.850542 20.662331 5.349060 1.925690 3.239132 0.634991 1.865085 0.183589 258.172606 0.115369 19.140777 2.115889 68.526961 2.549491 3.619188 14.314751 133.288220 78.869721 127.675746 2.658404 2.746532 3.317752 10.115436 26.056685 12.938896 7.112428 7.175862 0.310160 40.734253 7.133721 14.378233 8.883937 11.282251 73.833477 3.161601 2.156373 34.769010 2.515370 9.479054 1.413109 12.147173 2.129616 
