 -4.617951 -71.290106   3.000000
 -5.770931 -57.199975   4.000000
 -9.806362 -58.374153   2.000000
 -4.617951 -73.638461   2.000000
 -8.076891 -54.851620   1.000000
 -8.653382 -56.025798   1.000000
 -9.806362 -65.419218   1.000000
 -7.500401 -72.464284   2.000000
 -9.229872 -36.064779   5.000000
 -5.194441 -67.767573   1.000000
 -5.770931 -68.941751   1.000000
 -4.041460 -58.374153   3.000000
 -7.500401 -48.980732   4.000000
 -2.888480 -56.025798   2.000000
 -8.653382 -60.722508   1.000000
 -4.041460 -56.025798   1.000000
 -6.923911 -61.896686   1.000000
 -9.229872 -54.851620   2.000000
-12.688813 -52.503265   2.000000
 -7.500401 -63.070863   3.000000
-10.959342 -65.419218   1.000000
 -5.194441 -56.025798   2.000000
 -3.464970 -54.851620   4.000000
 -6.347421 -56.025798   1.000000
 -7.500401 -56.025798   2.000000
 -2.311990 -52.503265   2.000000
-10.959342 -53.677443   2.000000
-10.382852 -54.851620   1.000000
 -5.194441 -65.419218   1.000000
 -4.617951 -47.806555   1.000000
 -9.806362 -56.025798   1.000000
 -9.229872 -57.199975   1.000000
 -9.806362 -67.767573   1.000000
 -8.076891 -71.290106   1.000000
 -4.041460 -51.329088   1.000000
-14.418283 -39.587312   5.000000
