 -7.238045 -74.759255
 -5.906940 -74.759255
 -6.572493 -73.531694
 -5.241388 -73.531694
 -7.238045 -72.304133
 -5.906940 -72.304133
 -4.575835 -72.304133
 -9.234703 -71.076572
 -7.903598 -71.076572
 -6.572493 -71.076572
 -5.241388 -71.076572
 -8.569150 -69.849011
 -7.238045 -69.849011
 -5.906940 -69.849011
 -4.575835 -69.849011
-11.896913 -68.621450
-10.565808 -68.621450
 -9.234703 -68.621450
 -7.903598 -68.621450
 -6.572493 -68.621450
 -5.241388 -68.621450
 -3.910282 -68.621450
-11.231361 -67.393889
 -9.900256 -67.393889
 -8.569150 -67.393889
 -7.238045 -67.393889
 -5.906940 -67.393889
 -4.575835 -67.393889
 -3.244730 -67.393889
-11.896913 -66.166328
-10.565808 -66.166328
 -9.234703 -66.166328
 -7.903598 -66.166328
 -6.572493 -66.166328
 -5.241388 -66.166328
 -3.910282 -66.166328
 -2.579177 -66.166328
-11.231361 -64.938767
 -9.900256 -64.938767
 -8.569150 -64.938767
 -7.238045 -64.938767
 -5.906940 -64.938767
 -4.575835 -64.938767
 -3.244730 -64.938767
-14.559123 -63.711206
-11.896913 -63.711206
-10.565808 -63.711206
 -9.234703 -63.711206
 -7.903598 -63.711206
 -6.572493 -63.711206
 -5.241388 -63.711206
 -3.910282 -63.711206
-15.224676 -62.483645
-13.893571 -62.483645
-12.562466 -62.483645
-11.231361 -62.483645
 -9.900256 -62.483645
 -8.569150 -62.483645
 -7.238045 -62.483645
 -5.906940 -62.483645
 -4.575835 -62.483645
-14.559123 -61.256084
-13.228018 -61.256084
-11.896913 -61.256084
-10.565808 -61.256084
 -9.234703 -61.256084
 -7.903598 -61.256084
 -6.572493 -61.256084
 -5.241388 -61.256084
 -3.910282 -61.256084
-13.893571 -60.028523
-12.562466 -60.028523
-11.231361 -60.028523
 -9.900256 -60.028523
 -8.569150 -60.028523
 -7.238045 -60.028523
 -5.906940 -60.028523
 -4.575835 -60.028523
-14.559123 -58.800962
-13.228018 -58.800962
-11.896913 -58.800962
-10.565808 -58.800962
 -9.234703 -58.800962
 -7.903598 -58.800962
 -6.572493 -58.800962
 -5.241388 -58.800962
 -3.910282 -58.800962
-15.224676 -57.573401
-13.893571 -57.573401
-12.562466 -57.573401
-11.231361 -57.573401
 -9.900256 -57.573401
 -8.569150 -57.573401
 -7.238045 -57.573401
 -5.906940 -57.573401
 -4.575835 -57.573401
 -3.244730 -57.573401
-14.559123 -56.345840
-13.228018 -56.345840
-11.896913 -56.345840
-10.565808 -56.345840
 -9.234703 -56.345840
 -7.903598 -56.345840
 -6.572493 -56.345840
 -5.241388 -56.345840
 -3.910282 -56.345840
 -2.579177 -56.345840
-13.893571 -55.118279
-12.562466 -55.118279
-11.231361 -55.118279
 -9.900256 -55.118279
 -8.569150 -55.118279
 -7.238045 -55.118279
 -5.906940 -55.118279
 -4.575835 -55.118279
 -3.244730 -55.118279
-13.228018 -53.890718
-11.896913 -53.890718
-10.565808 -53.890718
 -9.234703 -53.890718
 -7.903598 -53.890718
 -6.572493 -53.890718
 -5.241388 -53.890718
 -3.910282 -53.890718
 -2.579177 -53.890718
-12.562466 -52.663157
-11.231361 -52.663157
 -9.900256 -52.663157
 -8.569150 -52.663157
 -7.238045 -52.663157
 -5.906940 -52.663157
 -4.575835 -52.663157
 -3.244730 -52.663157
 -1.913625 -52.663157
-11.896913 -51.435596
-10.565808 -51.435596
 -9.234703 -51.435596
 -7.903598 -51.435596
 -6.572493 -51.435596
 -5.241388 -51.435596
 -3.910282 -51.435596
 -2.579177 -51.435596
-11.231361 -50.208035
 -9.900256 -50.208035
 -8.569150 -50.208035
 -7.238045 -50.208035
 -5.906940 -50.208035
 -4.575835 -50.208035
 -3.244730 -50.208035
 -1.913625 -50.208035
-10.565808 -48.980474
 -9.234703 -48.980474
 -7.903598 -48.980474
 -6.572493 -48.980474
 -5.241388 -48.980474
 -3.910282 -48.980474
 -2.579177 -48.980474
 -8.569150 -47.752913
 -7.238045 -47.752913
 -5.906940 -47.752913
 -4.575835 -47.752913
 -3.244730 -47.752913
 -1.913625 -47.752913
 -6.572493 -46.525352
 -5.241388 -46.525352
 -3.910282 -46.525352
 -2.579177 -46.525352
 -1.248072 -46.525352
