  1   3
  1   2
  2   3
  2   4
  3   5
  3   6
  3   4
  4   6
  4   7
  5   9
  5  10
  5   6
  6  10
  6  11
  6   7
  7  11
  8  12
  8   9
  9  12
  9  13
  9  10
 10  13
 10  14
 10  11
 11  14
 11  15
 12  18
 12  19
 12  13
 13  19
 13  20
 13  14
 14  20
 14  21
 14  15
 15  21
 15  22
 16  23
 16  17
 17  23
 17  24
 17  18
 18  24
 18  25
 18  19
 19  25
 19  26
 19  20
 20  26
 20  27
 20  21
 21  27
 21  28
 21  22
 22  28
 22  29
 23  30
 23  31
 23  24
 24  31
 24  32
 24  25
 25  32
 25  33
 25  26
 26  33
 26  34
 26  27
 27  34
 27  35
 27  28
 28  35
 28  36
 28  29
 29  36
 29  37
 30  38
 30  31
 31  38
 31  39
 31  32
 32  39
 32  40
 32  33
 33  40
 33  41
 33  34
 34  41
 34  42
 34  35
 35  42
 35  43
 35  36
 36  43
 36  44
 36  37
 37  44
 38  46
 38  47
 38  39
 39  47
 39  48
 39  40
 40  48
 40  49
 40  41
 41  49
 41  50
 41  42
 42  50
 42  51
 42  43
 43  51
 43  52
 43  44
 44  52
 45  53
 45  54
 46  55
 46  56
 46  47
 47  56
 47  57
 47  48
 48  57
 48  58
 48  49
 49  58
 49  59
 49  50
 50  59
 50  60
 50  51
 51  60
 51  61
 51  52
 52  61
 53  62
 53  54
 54  62
 54  63
 54  55
 55  63
 55  64
 55  56
 56  64
 56  65
 56  57
 57  65
 57  66
 57  58
 58  66
 58  67
 58  59
 59  67
 59  68
 59  60
 60  68
 60  69
 60  61
 61  69
 61  70
 62  71
 62  63
 63  71
 63  72
 63  64
 64  72
 64  73
 64  65
 65  73
 65  74
 65  66
 66  74
 66  75
 66  67
 67  75
 67  76
 67  68
 68  76
 68  77
 68  69
 69  77
 69  78
 69  70
 70  78
 71  79
 71  80
 71  72
 72  80
 72  81
 72  73
 73  81
 73  82
 73  74
 74  82
 74  83
 74  75
 75  83
 75  84
 75  76
 76  84
 76  85
 76  77
 77  85
 77  86
 77  78
 78  86
 78  87
 79  88
 79  89
 79  80
 80  89
 80  90
 80  81
 81  90
 81  91
 81  82
 82  91
 82  92
 82  83
 83  92
 83  93
 83  84
 84  93
 84  94
 84  85
 85  94
 85  95
 85  86
 86  95
 86  96
 86  87
 87  96
 87  97
 88  98
 88  89
 89  98
 89  99
 89  90
 90  99
 90 100
 90  91
 91 100
 91 101
 91  92
 92 101
 92 102
 92  93
 93 102
 93 103
 93  94
 94 103
 94 104
 94  95
 95 104
 95 105
 95  96
 96 105
 96 106
 96  97
 97 106
 97 107
 98 108
 98  99
 99 108
 99 109
 99 100
100 109
100 110
100 101
101 110
101 111
101 102
102 111
102 112
102 103
103 112
103 113
103 104
104 113
104 114
104 105
105 114
105 115
105 106
106 115
106 116
106 107
107 116
108 117
108 109
109 117
109 118
109 110
110 118
110 119
110 111
111 119
111 120
111 112
112 120
112 121
112 113
113 121
113 122
113 114
114 122
114 123
114 115
115 123
115 124
115 116
116 124
116 125
117 126
117 118
118 126
118 127
118 119
119 127
119 128
119 120
120 128
120 129
120 121
121 129
121 130
121 122
122 130
122 131
122 123
123 131
123 132
123 124
124 132
124 133
124 125
125 133
125 134
126 135
126 127
127 135
127 136
127 128
128 136
128 137
128 129
129 137
129 138
129 130
130 138
130 139
130 131
131 139
131 140
131 132
132 140
132 141
132 133
133 141
133 142
133 134
134 142
135 143
135 136
136 143
136 144
136 137
137 144
137 145
137 138
138 145
138 146
138 139
139 146
139 147
139 140
140 147
140 148
140 141
141 148
141 149
141 142
142 149
142 150
143 151
143 144
144 151
144 152
144 145
145 152
145 153
145 146
146 153
146 154
146 147
147 154
147 155
147 148
148 155
148 156
148 149
149 156
149 157
149 150
150 157
151 152
152 158
152 153
153 158
153 159
153 154
154 159
154 160
154 155
155 160
155 161
155 156
156 161
156 162
156 157
157 162
157 163
158 159
159 164
159 160
160 164
160 165
160 161
161 165
161 166
161 162
162 166
162 167
162 163
163 167
163 168
164 165
165 166
166 167
167 168
