-0.397241
 0.924137
-1.722496
-1.248641
 1.570751
 1.714712
-0.238027
 0.990265
 0.803572
 0.223648
-0.255100
 0.029739
-1.309776
-0.203696
-0.095568
 0.590077
-0.883243
-0.355434
-0.043724
 1.193422
-0.575317
-0.969907
 0.059548
-0.141358
 0.085295
 1.487279
 1.286806
 0.615905
-0.365514
 0.697655
-0.756832
 0.685333
 1.903886
-1.399360
 0.271672
 0.468180
-0.388195
-0.297302
-0.489496
 1.557943
 0.054981
 0.660180
 1.898383
-1.129939
 0.369692
 0.259119
-0.380717
 0.089169
-1.667454
-0.847881
-1.091869
-1.493902
 0.385657
-0.130766
-1.970989
 0.280910
 1.099329
 1.086828
 0.000318
-0.224718
-0.110707
-0.298080
-1.365902
 0.745374
-0.019882
-0.176777
