 -5.020767 -48.100754
 -9.113970 -52.845501
-11.596053 -50.099028
 -9.696725 -65.486092
 -2.253049 -50.164667
 -5.225195 -62.168234
-11.019529 -65.338906
 -3.116705 -54.442694
 -3.762372 -58.622884
-10.582186 -36.821103
 -8.769749 -35.253817
 -3.489331 -57.980136
-15.335693 -59.213599
 -7.251349 -54.476802
 -5.171868 -70.070822
-11.899987 -58.068141
 -9.583129 -70.005967
 -5.513649 -75.072893
-11.842890 -59.125766
 -3.121766 -56.601962
 -1.455182 -51.357077
 -7.936968 -54.658579
 -8.931942 -48.518815
-10.133895 -66.660447
 -7.614679 -59.098143
 -3.410753 -45.324537
-11.667026 -57.249144
 -5.119421 -41.031590
 -6.759674 -67.425194
-11.214534 -63.804915
 -6.829159 -65.575394
 -4.945937 -53.756791
