  136.248957 10773.054041
  106.437410 10776.368259
  104.649035 10780.103077
   97.262827 10763.804351
   96.079903 10771.194083
  120.714432 10774.598677
  117.723086 10766.038632
  134.469384 10763.110323
  107.168138 10761.109913
  119.374006 10773.446804
  103.089108 10777.322194
  148.258771 10784.170903
  104.811976 10762.524929
   99.254504 10775.192915
  124.129493 10782.089578
   93.724224 10762.458033
  107.581184 10773.906393
  111.480430 10776.718894
   93.242749 10764.198452
   90.386830 10769.793943
   73.363209 10769.138512
  109.292383 10777.001292
  127.199153 10766.220057
  106.748123 10771.481240
  106.561942 10767.019145
  101.510520 10772.735461
   87.076904 10762.939723
  121.358162 10770.852837
  107.186235 10760.825056
  114.872220 10760.126415
  110.700061 10767.248057
  126.186608 10766.066604
  109.461903 10755.182960
  108.657053 10752.266456
  102.256556 10766.106161
  115.388999 10750.900999
  100.627654 10767.053651
  113.999342 10776.927158
  122.919354 10754.869701
  107.742968 10778.560757
  107.165472 10771.252249
  116.802964 10771.563110
  170.699452 10773.336867
  121.304158 10769.713266
  131.770514 10776.478769
  108.127195 10763.783663
  137.481748 10761.135816
  110.241494 10761.132100
  108.372089 10761.041625
  118.069400 10768.854730
  116.246972 10768.545616
  131.159672 10773.448487
  105.952506 10758.731050
  133.038693 10755.547703
  140.734477 10756.170760
  112.346751 10757.221805
   94.722454 10758.243183
  100.861570 10748.720839
   84.921263 10744.543391
  107.890023 10752.095116
  140.264810 10758.032873
  117.488400 10762.412610
  103.442909 10753.253695
  122.382741 10757.733961
  122.562664 10755.818066
  102.978780 10765.594145
  111.365221 10761.037263
  129.225392 10770.534747
   97.337261 10766.045347
   88.700863 10769.468123
  102.947625 10773.325539
   85.370614 10787.312508
  112.212211 10767.234838
  128.455805 10765.803719
   95.472698 10756.014104
  100.073519 10752.347041
  130.952951 10758.433015
  127.068351 10767.419235
  113.163725 10754.713158
  136.709022 10767.261363
  137.037809 10758.713121
  142.028499 10763.468535
  161.261678 10773.683694
  166.791993 10780.557195
  158.824407 10773.759422
  121.558501 10749.986752
  118.102846 10766.598148
  129.140744 10775.793079
  155.102247 10768.006724
  121.614949 10774.612695
  112.878730 10765.958791
  130.986084 10771.394617
  144.364955 10762.067906
  150.378567 10773.967891
  152.021974 10771.444251
  113.107976 10774.170773
   95.630086 10767.116404
  118.349257 10768.682760
  109.964277 10773.632525
  107.084180 10765.717279
  113.851568 10768.800534
  144.238680 10772.478503
  128.930827 10779.752252
  111.764339 10767.590969
  116.877607 10775.144856
  130.438583 10763.789084
  117.782148 10778.097847
  126.355267 10762.549252
  121.792612 10772.624945
   99.130620 10770.545818
  105.054627 10769.133553
  132.742261 10763.622314
  112.544304 10776.412647
  124.701861 10769.154895
  113.473412 10761.847638
   81.969736 10755.197805
   98.538484 10759.967756
  120.624886 10755.552122
  121.839912 10763.946906
  111.528263 10766.079114
   94.593691 10762.369972
   94.087895 10766.009881
   97.326021 10765.800120
   90.979119 10760.194063
   88.187577 10770.228005
  107.663866 10759.882967
   98.211160 10756.037680
  117.544467 10768.697636
   80.391624 10759.436640
   81.818668 10782.745865
   86.302695 10768.283547
  116.592532 10768.304385
  108.279786 10768.353347
  101.157738 10765.246499
  124.381217 10773.678385
  128.021844 10768.877843
  119.483619 10773.386573
  119.534584 10751.660175
  122.843873 10758.591163
  108.615466 10765.412569
  122.728641 10759.690766
   99.508666 10754.503440
  120.915564 10755.683861
   91.557902 10765.788143
   95.728563 10760.158692
  100.490984 10768.939382
   87.594763 10759.416967
   88.926694 10765.524548
   89.730748 10774.078254
  110.454945 10770.098928
   91.761967 10763.597400
   90.400958 10766.875855
  103.027278 10762.312399
  108.422284 10767.704628
  112.528579 10765.314293
  110.101848 10771.111498
  108.401611 10750.985067
  103.265146 10763.516411
  113.577678 10767.649102
  105.206798 10764.698649
  101.460392 10771.552615
   87.439214 10763.404727
   98.407158 10771.546481
  108.289648 10765.541645
  118.490605 10769.996659
   85.168496 10756.167011
   90.259289 10763.812348
   81.960685 10758.510123
   81.662268 10755.579135
  105.563956 10766.055466
   97.401900 10765.121012
   89.270983 10771.824294
   87.009099 10756.647676
  103.271991 10765.520081
  109.871755 10773.434712
  102.306595 10760.923992
  114.291851 10761.885109
  107.456169 10760.383201
  148.672243 10763.652294
  127.336106 10762.568187
  111.554479 10762.414190
  101.290417 10756.491207
   93.003595 10762.714739
  101.330765 10768.736539
  116.841823 10766.189432
  124.389925 10765.197102
   97.880065 10758.774173
  108.906735 10759.282451
  119.550308 10769.951040
  114.024960 10766.906482
  105.148418 10749.045401
  115.781560 10758.765805
  114.251472 10753.608105
  103.462122 10761.014479
  104.670079 10762.023261
  113.687850 10762.186468
  105.785698 10751.586409
   89.794156 10761.063932
  112.215571 10763.240617
   83.489875 10753.389950
