-5.490158 -6.785328 -2.364738 -13.199306 -7.609643 -10.664447 -3.900827 -6.734994 -7.022132 -10.451435 -8.253626 -6.937694 -6.543116 -9.200735 -8.739721 -7.118052 -7.501894 -9.572531 -9.187619 -6.156152 -4.098897 -8.883914 -7.147072 -5.845658 -12.895177 -14.989669 -6.729845 -10.022985 -4.405476 -12.470393 -5.708077 -10.471765 -4.410653 -5.539887 -11.314725 -9.411408 -13.109841 -4.095493 -22.359852 -12.512528 -7.927713 -12.788745 -5.905777 -15.408448 -7.802720 -10.454064 -7.301253 -2.018854 -12.285334 -22.439377 -5.307449 -9.453689 -14.731812 -6.232511 -8.061091 -12.090042 -1.745133 
-5.092705 -6.785328 -3.086285 -5.200258 -7.609643 -6.097762 -3.521247 -7.129904 -7.022132 -9.586214 -8.689647 -6.937694 -9.826251 -9.200735 -8.739721 -5.005551 -7.524546 -7.385973 -9.032665 -6.423968 -9.079566 -8.883914 -5.596208 -6.546955 -6.637815 -7.671633 -4.416396 -9.014546 -7.351397 -1.836433 -4.232282 -14.168325 -6.230419 -8.447189 -11.758158 -11.138630 -6.698096 -9.576764 -22.326378 -8.492994 -7.190749 -5.384040 -4.517873 -8.891568 
-9.137662 -6.785328 -12.814562 -12.941451 -7.579266 -6.138071 -3.521247 -7.129904 -7.022132 -9.586214 -11.570121 -6.937694 -4.276744 -9.200735 -8.920577 -5.005551 -9.794977 -6.475510 -11.640224 -6.423968 -5.690965 -12.037173 -8.642192 -20.217995 -14.932098 -4.383834 -8.819023 -5.384040 -8.517222 -4.610321 -12.058950 -14.248622 -7.526457 -11.221198 -12.618830 -10.641304 -10.346442 -10.537221 -13.221075 -4.778188 -3.371397 -7.603834 -14.799424 
-7.263964 -6.785328 -11.895717 -10.928922 -7.703092 -5.553635 -3.502339 -7.129904 -7.022132 -13.446820 -13.182934 -6.937694 -7.186829 -9.275941 -8.920577 -5.005551 -12.750332 -14.890686 -12.886836 -6.423968 -7.501339 -10.271875 -8.022693 -18.586735 -6.496204 -4.383834 -9.735309 -4.015242 -8.331625 -8.147145 -12.408139 -7.219983 -3.030033 -6.513715 -10.990920 -12.538713 -12.099088 -22.464217 -11.266295 -7.188690 
-7.821160 -6.785328 -19.528233 -8.425845 -7.703092 -6.462998 -3.635206 -6.847084 -7.022132 -5.687285 -8.728225 -6.937694 -5.284610 -9.916124 -8.684895 -5.005551 -4.013312 -4.091178 -7.107618 -6.423968 -7.792187 -9.231349 -8.316319 -19.144723 -6.366947 -3.808650 -8.689082 -9.688264 -9.814799 -15.055683 -10.410845 -5.271629 -8.049350 -8.420574 -4.574134 -4.580758 -6.212003 -4.568885 
-9.097524 -6.785328 -7.087399 -10.022661 -7.703092 -6.411181 -3.635206 -7.472514 -7.022132 -13.103303 -8.589298 -6.937694 -8.468382 -11.796126 -8.483284 -5.155948 -7.761581 -10.733621 -6.189369 -6.423968 -9.213743 -9.453709 -8.316319 -15.825271 -5.804566 -2.832279 -8.333983 -14.562599 -14.678554 -5.450130 -6.067498 -8.364600 -6.564882 -5.611769 -10.732620 -9.639580 -12.174573 -6.540761 -5.422142 -6.941662 -11.383229 -7.613410 -10.240022 -18.774589 -11.206221 -5.917721 -14.094391 -9.953691 -10.090099 -8.805431 -7.326099 -7.828692 -12.265783 -3.836864 
-10.571010 -6.785328 -8.261449 -5.018260 -7.682182 -6.605120 -3.651392 -7.472514 -7.022132 -10.118303 -6.428783 -6.937694 -7.152301 -7.244971 -3.025122 -5.155948 -8.483398 -15.781119 -13.067846 -6.423968 -9.213743 -9.417869 -8.316319 -13.547458 -3.613071 -9.212653 -18.086173 -7.257772 -3.689271 -14.528916 -6.295431 -4.076427 -2.824109 -7.058526 -11.971875 -10.219856 -10.047555 -9.090500 -8.738534 -6.968461 -6.576520 -9.185966 -9.203379 -8.031133 -10.357074 -10.362172 -14.793214 -4.121276 -13.582609 -15.066889 -11.422592 -6.044228 
-8.341091 -6.785328 -8.974386 -5.876841 -8.726194 -5.783398 -3.651392 -6.716844 -7.022132 -10.223187 -4.676009 -6.937694 -11.524505 -5.991106 -8.273640 -5.461963 -9.024166 -10.169335 -8.859840 -6.423968 -9.213743 -13.993404 -8.316319 -1.843560 -14.111628 -9.680704 -19.904337 -11.452073 -3.536568 -11.783277 -4.803645 -9.278063 -7.586810 -7.058526 -13.358289 -8.119677 -5.657680 -9.154231 -8.738534 -7.116268 -7.904996 -10.182672 -3.403056 -10.585998 -12.814368 -1.980794 -5.426941 -4.959434 -5.672700 -7.512011 -4.799509 -9.695127 -6.025031 -9.954212 -10.545975 -7.536368 
-9.193919 -6.785328 -4.494824 -6.662986 -12.010867 -6.025776 -3.651392 -6.716844 -7.022132 -7.909359 -11.050531 -6.937694 -6.317282 -7.598372 -9.443796 -8.440007 -1.197876 -14.965456 -9.074942 -6.423968 -6.043918 -11.785043 -8.505718 -9.254996 -5.443232 -9.680704 -12.430237 -6.025835 -11.319501 -9.522493 -1.726513 -4.959434 -4.766495 -7.548464 -6.047181 -10.799106 -8.710629 -9.125227 -8.097138 -10.585144 -8.119753 -7.742904 -18.781827 -14.684280 
-7.848136 -6.785328 -8.387076 -8.287672 -12.010867 -6.967089 -3.651392 -6.716844 -7.022132 -3.695371 -5.093553 -6.937694 -2.972873 -12.492525 -9.998542 -9.401696 -11.342902 -5.320484 -8.582701 -6.423968 -5.642894 -11.785043 -3.337839 -12.767970 -4.303005 -11.509455 -11.277642 -7.294357 -11.109762 -7.112529 -2.258575 -5.234656 -4.683540 -8.029720 -5.077369 -9.131446 -6.739374 -12.409816 -10.502432 -14.276735 -15.710241 -11.353046 -8.404367 -11.702370 -20.258747 -9.396268 -4.935501 -10.438398 -15.360388 -4.509557 
-7.315445 -6.785328 -8.387076 -7.294449 -10.675519 -4.558066 -3.651392 -6.840597 -7.022132 -12.129157 -6.651828 -6.937694 -14.708970 -12.810976 -1.881118 -9.624070 -12.020291 -12.990391 -8.703143 -6.423968 -4.179592 -11.964218 -9.262342 -12.093271 -11.527357 -6.766034 -14.998813 -9.710805 -3.988429 -12.552057 -9.817329 -12.893874 -6.642777 -5.007089 -14.923644 -5.536586 -7.427215 -6.917058 -5.811368 -14.544388 -8.123363 
-6.710911 -6.785328 -7.941479 -9.737061 -9.246584 -11.975335 -3.651392 -6.883465 -7.022132 -14.536744 -5.747121 -6.937694 -14.708970 -12.442627 -1.881118 -9.624070 -12.096573 -3.579786 -9.571677 -6.423968 -6.453543 -11.760541 -13.302123 -4.267840 -3.408675 -8.467674 -19.221377 -11.371651 -6.078300 -12.608121 -9.425095 -10.866010 -9.990012 -4.198945 -7.567772 -15.218781 -11.985448 -14.809071 -5.589650 -7.708283 -21.925386 -5.696509 -7.755773 -6.978970 -2.097548 -6.913908 -2.921094 -11.490984 -20.478472 -12.059065 -9.936696 -14.610659 -8.810449 -11.989797 -11.704512 -9.297022 -12.201796 -7.507527 -9.008002 -14.781326 -8.109695 -8.791243 -6.716641 
-8.824972 -6.785328 -8.466113 -2.648845 -10.821189 -8.407424 -3.651392 -6.883465 -7.022132 -7.468306 -7.477083 -6.937694 -7.525407 -5.129523 -1.881118 -9.688015 -5.299195 -12.075246 -22.069726 -6.423968 -12.228574 -11.085164 -8.655191 -3.095927 -6.176287 -1.170953 -16.812051 -9.340355 -9.764958 -3.152913 -11.041012 -11.122330 -8.907003 -5.592915 -6.518746 -3.795983 -5.819280 -9.410452 -5.039305 -9.128457 -10.679412 -12.208762 -5.675673 -11.565774 -3.404861 -5.572302 
-4.815542 -6.785328 -8.344090 -3.473975 -9.352767 -6.233994 -3.651392 -6.883465 -7.022132 -6.748814 -11.339749 -6.937694 -6.726312 -3.944723 -7.449558 -9.688015 -7.980910 -13.512302 -1.495885 -6.423968 -7.702751 -11.048736 -6.942305 -5.836560 -8.273815 -7.578535 -17.019995 -6.996080 -5.589368 -6.829770 -12.342663 -10.165148 -8.191949 -10.266548 -8.841819 -3.047937 -7.238837 -10.464783 -9.042070 -8.717906 -7.255450 -6.210428 -8.523098 -12.248986 
-6.251369 -6.785328 -8.344090 -4.210443 -9.556910 -13.101438 -3.651392 -7.061939 -7.116677 -11.590872 -11.655282 -6.937694 -5.703421 -2.158452 -4.916665 -14.355954 -10.919697 -6.393228 -11.500737 -6.423968 -6.115971 -10.605702 -5.102393 -2.826988 -9.587548 -9.067818 -15.162155 -2.450474 -3.671260 -13.744129 -6.002480 -11.505991 -9.735640 -6.581054 -9.949223 -8.523098 -11.198724 -8.289986 -12.979243 -7.069045 -6.951076 -9.047007 -0.918092 -14.077888 -9.257322 -7.851271 -10.208955 -5.326176 -5.190120 -12.385488 -4.900079 -7.038733 -21.346879 
-10.267892 -6.785328 -8.829613 -3.603025 -10.573098 -8.239041 -3.651392 -7.061939 -7.116677 -11.413356 -12.198717 -6.937694 -7.858803 -9.735603 -7.592026 -13.245719 -4.007339 -12.902613 -1.904766 -6.423968 -6.453256 -10.847183 -9.949223 -4.723127 -12.686031 -8.712414 -15.162155 -3.313560 -7.945369 -10.181925 -10.089243 -9.160549 -10.604822 -4.086211 -7.565008 -3.367460 -12.546311 
-3.357038 -6.785328 -8.829613 -3.639879 -8.556660 -10.329914 -3.651392 -7.851397 -6.958132 -2.735797 -11.559332 -6.937694 -19.871735 -12.076839 -8.450473 -4.940429 -11.566967 -4.583999 -8.661966 -6.423968 -7.056681 -12.730223 -8.511950 -6.856424 -6.615773 -5.792084 -8.671689 -3.701455 -3.940478 -9.035709 -7.058822 -12.808253 -13.612150 -14.978406 -13.767252 -7.428120 -7.435185 -13.747530 -9.206993 -4.190304 -3.666101 -3.936376 -10.405334 
-12.532613 -6.785328 -8.933615 -3.954247 -8.556660 -8.458763 -3.651392 -3.603409 -6.958132 -13.275702 -11.146056 -6.937694 -5.511375 -12.273212 -8.506991 -10.727495 -3.093047 -5.910464 -6.493819 -6.423968 -7.982156 -4.220301 -8.810433 -4.425316 -6.462118 -5.009077 -8.716767 -7.803297 -10.822079 -9.035709 -9.622482 -7.240277 -11.603175 -6.030126 -11.888435 -3.851479 -7.109674 -3.845120 -7.076743 -6.367907 -11.601340 -2.158916 -11.064353 -11.041285 -11.065007 -4.659903 
-9.351288 -6.785328 -8.933615 -3.954247 -9.151807 -11.139897 -3.794580 -6.592826 -6.958132 -2.124415 -14.604263 -6.937694 -12.189780 -10.793868 -9.790387 -10.232153 -7.056305 -11.522691 -12.584472 -6.316063 -6.856585 -1.424605 -8.318002 -6.293628 -5.800216 -4.796181 -7.427226 -5.746902 -7.869765 -9.812153 -12.078714 -8.094194 -9.721893 -11.201955 -14.205793 -8.517737 -7.188620 -4.186223 -6.719404 
-1.346772 -6.785328 -7.740814 -8.927372 -8.699288 -5.478256 -3.794580 -10.945274 -6.958132 -10.574990 -3.383086 -6.937694 -11.980457 -4.214836 -8.998311 -12.692243 -6.540214 -14.685949 -14.374408 -6.316063 -3.314829 -3.170833 -8.318002 -8.501812 -5.800216 -21.045660 -8.902724 -5.895668 -7.566676 -9.537974 -7.736438 -5.838791 -11.453993 -12.281392 -7.280529 -8.437762 
-1.275277 -6.785328 -5.041325 -8.056120 -8.597391 -4.292396 -3.794580 -8.598487 -6.958132 -10.961973 -5.297954 -7.060510 -13.841937 -9.504840 -7.451308 -7.172012 -13.562262 -8.589322 -11.380023 -6.316063 -3.897199 -7.716144 -9.252688 -8.902724 -5.435259 -11.440692 -10.297337 
-1.448065 -6.785328 -11.464158 -8.003846 -8.604674 -4.965988 -3.794580 -8.237114 -6.958132 -11.639569 -13.589935 -7.060510 -11.847724 -9.547410 -9.352532 -8.081195 -4.485572 -8.103905 -8.553975 -6.316063 -13.944630 -11.453366 -9.447463 -8.902724 -6.269809 -10.407957 -5.821597 -17.777013 -8.355771 -3.938319 -12.378765 -19.746274 -10.044327 -4.193172 -12.325602 -8.946766 -12.021817 -10.437062 -10.853248 -6.103180 -7.116394 -6.223972 -3.827679 -2.816223 
-11.209327 -6.785328 -6.103180 -9.624048 -8.604674 -4.614091 -3.794580 -10.835221 -6.998987 -5.071377 -12.340013 -7.060510 -10.031850 -9.509583 -8.528766 -10.029874 -1.600330 -7.659755 -9.140961 -6.316063 -13.113989 -8.752100 -9.260582 -8.902724 -7.207923 -14.446876 -7.652163 -8.596349 -3.959234 -5.183010 -10.170630 -20.153520 -3.987431 -10.569164 -3.817226 -7.886816 -8.913443 -22.016959 -6.730492 -11.917228 -5.556549 -9.571924 -7.486815 -11.919913 -11.351720 -11.583649 -11.032663 -5.470213 -12.628263 -2.525457 -7.206492 -6.423424 -8.832412 -4.867074 -3.459903 
-9.120321 -6.785328 -6.167314 -8.472390 -8.604674 -1.248402 -3.794580 -11.220676 -6.998987 -7.778738 -4.672393 -7.060510 -6.221053 -9.341203 -5.256868 -14.510387 -1.600330 -8.121489 -8.939865 -6.316063 -10.338388 -5.193279 -12.872904 -11.609271 -5.359342 -5.164388 -10.821733 -2.469349 -9.642827 -5.183010 -12.581429 -20.153520 -5.238572 -6.276178 -11.386196 -8.705603 -9.815112 -7.755240 -5.964428 -8.300060 -8.161873 -19.160241 -11.857379 
-6.669387 -6.785328 -6.830452 -11.507622 -8.552926 -13.023579 -3.794580 -11.220676 -6.998987 -6.227960 -13.375443 -7.060510 -10.130154 -9.459057 -4.602868 -9.825109 -6.647295 -7.887431 -9.207313 -6.316063 -18.808991 -10.484917 -9.650082 -10.906894 -11.679972 -13.355144 -9.370138 -8.547621 -12.570838 -4.815942 -11.933782 -7.134394 -6.408740 -12.667084 -12.342028 -1.800656 -8.733249 -3.775383 -7.387365 -4.008362 -5.852030 -3.535080 -4.177895 -8.974347 -5.719242 
-8.697640 -6.785328 -6.830452 -14.454900 -8.552926 -4.383834 -3.794580 -12.088089 -6.998987 -6.753701 -8.171496 -7.060510 -10.160457 -8.152739 -9.502227 -13.748515 -1.680403 -9.373847 -9.207313 -6.316063 -14.119865 -7.662359 -10.782774 -7.673714 -9.467155 -10.809547 -11.433065 -8.564263 -13.059264 -4.815942 -4.235580 -3.921425 -12.560672 -9.362967 -12.014297 -7.562090 -5.191584 -12.668396 -7.060826 -1.747256 
-7.515680 -6.785328 -5.404784 -15.582679 -9.342113 -6.244443 -3.794580 -11.970894 -7.022199 -3.918483 -7.541177 -7.060510 -8.990183 -12.037148 -8.475429 -7.842126 -2.756595 -8.866704 -11.841025 -6.316063 -14.833803 -9.260528 -8.945122 -12.364105 -10.994656 -8.641765 -6.744264 -10.318792 -11.142842 -5.161896 -9.931607 -6.973913 -18.042941 -14.843337 
-13.776258 -6.785328 -5.404784 -11.121915 -9.342113 -5.915447 -3.794580 -13.220588 -7.022199 -9.228906 -7.458555 -7.060510 -8.990183 -5.091365 -9.983736 -7.842126 -2.568326 -7.493360 -12.595478 -5.760124 -7.457467 -13.262474 -3.233993 -13.586900 -10.994656 -13.701491 -10.316020 -10.300911 -12.908454 -5.365708 -9.366964 -11.869503 -7.171064 -6.073147 -11.852586 -6.210578 -8.649621 -7.978043 -11.716508 -12.425433 -8.828557 -13.142018 -9.943868 -11.582329 -1.861303 -10.593995 -12.046093 -7.271412 -9.750798 -7.815284 -7.155691 -11.906105 
-6.975690 -6.785328 -10.297949 -1.906834 -9.342113 -5.915447 -3.794580 -4.343624 -7.022199 -7.403446 -7.458555 -7.060510 -2.708531 -3.862471 -3.725014 -7.938351 -9.537497 -7.493360 -13.498485 -5.760124 -5.574833 -4.670882 -3.525169 -15.000955 -9.696846 -14.180600 -5.840944 -10.300911 -12.409161 -5.064713 -8.211747 -5.490482 -9.246954 -11.877244 -11.519702 -5.467260 -11.269525 -7.452802 -12.124297 -11.667628 -13.209949 
-8.554406 -6.785328 -9.253707 -10.976541 -11.419514 -10.336309 -4.484322 -12.835207 -7.022199 -7.256803 -4.206779 -7.060510 -10.505274 -8.648133 -8.843140 -7.938351 -5.142405 -7.493360 -14.430340 -5.760124 -8.269257 -2.562067 -3.525169 -11.414793 -9.733860 -5.920139 -10.845441 -10.300911 -4.956714 -3.703002 -10.275710 -5.231785 -7.058526 -10.355495 -4.793997 -10.895937 -14.653740 -5.051243 -7.042104 -2.102070 -9.982884 
-4.877326 -6.785328 -9.868750 -7.366924 -11.419514 -12.720729 -5.876250 -13.031352 -7.022199 -4.778201 -11.190686 -7.060510 -11.855865 -8.652164 -4.088552 -7.938351 -5.382201 -7.493360 -14.935202 -5.760124 -8.345392 -2.151074 -3.525169 -11.414793 -4.257845 -3.908744 -8.756383 -10.300911 -4.556547 -3.887397 -14.353504 -5.231785 -7.113187 -15.220449 -11.391687 -1.638788 -10.610999 -7.007135 -7.275622 -5.230872 -12.936531 -10.342087 -10.391588 -0.969160 
-3.384488 -6.785328 -6.940107 -12.917790 -11.051312 -2.019952 -3.822879 -12.437859 -7.022199 -3.680116 -7.039070 -7.060510 -13.373856 -9.585087 -20.063416 -8.072064 -7.355587 -7.493360 -14.935202 -5.760124 -1.517216 -2.070134 -5.125019 -10.798523 -11.815990 -11.168117 -10.455623 -10.300911 -13.105620 -8.280200 -4.375224 -5.231785 -7.876016 -5.639233 -8.884946 -3.140877 -10.226602 -7.353041 -7.368683 -5.493305 -9.323154 -8.386468 -4.680459 -15.343913 -9.588550 -12.357689 -11.103510 -6.533868 -12.419127 -14.813004 -13.923405 -4.149330 -8.559937 
-5.853639 -6.785328 -7.080892 -6.517105 -11.051312 -18.889786 -6.348080 -13.964298 -7.022199 -3.551007 -7.856391 -7.060510 -10.817542 -9.632397 -11.125849 -8.231208 -7.247137 -12.314008 -14.823086 -5.760124 -9.039033 -1.124636 -8.049933 -10.798523 -5.860203 -11.961756 -8.720266 -10.487143 -15.184899 -9.269450 -12.617978 -5.231785 -3.556464 -5.493305 -11.707564 -3.984573 -3.483056 -6.362015 -7.260955 -12.549359 -12.275073 -12.713245 
-3.735745 -6.785328 -3.193046 -3.837299 -11.051312 -17.367255 -9.477844 -3.903039 -7.022199 -12.255404 -4.273312 -6.892519 -9.114330 -7.916509 -7.260955 -8.372047 -9.421658 -8.984294 -8.973078 -5.760124 -8.024552 -1.124636 -7.999580 -10.317354 -5.355689 -11.545215 -8.720266 -10.178979 -12.182160 -4.361878 -7.884598 -5.584728 -4.193104 -9.371231 -10.093890 -7.649248 -8.022344 -11.084162 -14.285521 -17.872918 -5.693823 -2.229318 -14.374246 -2.843955 
-3.735745 -6.785328 -5.284418 -7.066044 -10.211732 -17.081178 -9.172507 -5.530808 -7.022199 -4.749587 -3.847550 -6.892519 -9.361201 -7.965234 -7.660324 -8.372047 -8.550905 -6.508091 -14.640756 -5.760124 -22.445769 -1.124636 -7.698140 -11.268663 -13.267944 -12.418850 -9.932896 -10.178979 -11.362899 -3.575764 -12.289362 -4.972868 -3.786487 -6.778990 -4.195017 -11.905034 -6.139700 -5.521682 -10.518673 -7.977961 -10.171908 
-4.891664 -6.785328 -7.550544 -9.142753 -10.211732 -15.310840 -9.274089 -5.645223 -7.022199 -8.948677 -7.075347 -6.892519 -3.743836 -12.356118 -7.639207 -8.283646 -9.432208 -5.014864 -8.868126 -5.953576 -10.035642 -1.124636 -9.321956 -12.493487 -12.594260 -9.234371 -9.942613 -10.178979 -6.429478 -3.575764 -8.992709 -5.663492 -7.853570 -10.278038 -7.899318 -11.139863 -10.889920 -11.210067 -4.173408 -5.370649 -12.488923 -4.350735 -12.748471 -7.677891 -10.986850 -13.089865 -11.916594 -7.247963 -11.089067 
-6.840369 -6.003318 -12.804045 -4.707144 -10.211732 -4.575624 -9.336571 -3.475154 -7.022199 -9.502079 -6.366417 -6.892519 -3.799901 -11.384688 -6.815813 -8.382201 -5.949065 -3.634159 -11.644027 -5.953576 -6.076493 -2.302582 -4.792953 -11.104093 -4.270263 -8.305907 -10.288704 -10.178979 -4.063181 -7.570781 -7.926450 -5.244524 -6.045285 -12.604347 -13.391236 -11.122409 -6.808460 -3.090603 -3.826830 -8.219880 
-10.678485 -7.070317 -14.187724 -3.217886 -10.211732 -6.645342 -9.336571 -12.662173 -7.022199 -7.878207 -4.270631 -6.892519 -13.510587 -11.969301 -6.815813 -8.369465 -10.216444 -3.271369 -10.771601 -5.854783 -3.855080 -3.456272 -10.917303 -5.502519 -5.017733 -8.703306 -10.288704 -10.178979 -3.472584 -6.808460 -11.963758 -5.244524 -4.233319 -12.406794 -11.610692 -2.611729 -11.713337 -5.393627 -14.829425 -6.613513 -10.564289 -7.700162 -2.594785 -8.522730 -5.559564 -4.608005 -9.947205 
-5.990402 -4.609751 -11.786666 -2.154973 -9.076987 -3.763607 -10.509785 -15.113729 -7.022199 -9.138826 -4.270631 -6.892519 -5.639032 -11.645748 -6.054653 -7.071891 -8.396049 -5.438437 -7.899608 -5.854783 -4.514821 -2.454588 -18.005559 -8.804627 -4.446746 -9.248207 -6.413916 -9.393132 -2.873428 -6.808460 -2.069823 -6.521023 -3.236599 -12.406794 -10.687090 -2.611729 -11.025107 -14.635589 -10.569654 -4.063764 -9.966787 -9.028884 -7.403408 -2.242329 -10.715016 -11.738645 -8.404050 -6.259384 -11.231831 -13.985278 -4.439933 
-6.593688 -6.297064 -9.403099 -4.514220 -9.076987 -13.580866 -9.278072 -13.842627 -7.022199 -5.307732 -10.213250 -6.892519 -5.008355 -10.548081 -12.132699 -10.561704 -6.692031 -10.074851 -6.912121 -5.854783 -6.328443 -5.544497 -5.397184 -9.070716 -10.903798 -9.548377 -8.023614 -10.276253 -13.160018 -6.808460 -2.069823 -6.521023 -4.674901 -12.519455 -8.407228 -2.611729 -3.013187 -14.981124 -13.610062 -5.411033 -4.719951 -10.453981 -6.861863 
-10.766729 -12.093210 -9.925094 -3.585479 -10.005007 -3.648897 -10.098770 -5.644497 -7.022199 -6.880030 -12.792904 -6.892519 -12.040958 -10.925122 -4.708612 -10.975153 -5.357344 -9.961284 -5.741208 -4.764639 -2.006432 -5.301353 -9.620881 -8.342287 -9.514417 -8.321695 -5.118751 -9.412344 -11.134185 -6.808460 -10.913925 -6.521023 -17.724300 -16.966187 -4.696131 -2.611729 -3.013187 -8.781782 -11.221056 -1.790603 -2.268695 -11.405763 -11.424578 -5.563295 -14.083541 -13.086552 -12.659353 -11.103453 
-10.766729 -11.883307 -1.857547 -14.310532 -8.769775 -3.648897 -10.536490 -5.644497 -7.022199 -1.982442 -12.190942 -6.892519 -11.019729 -11.449551 -3.412769 -11.194181 -14.842752 -7.302741 -10.247538 -4.764639 -1.709510 -5.290366 -11.715176 -8.396553 -6.036442 -8.321695 -7.127643 -10.377810 -12.864431 -6.808460 -10.898658 -6.652850 -9.277259 -1.871383 -4.112584 -3.040407 -2.894490 -3.692565 -3.242622 -10.284305 -2.268695 -12.278364 -8.398092 -5.192407 -17.314089 -14.223788 -5.667285 -5.500527 -7.865298 -11.658398 -10.605174 -3.460384 -10.144524 -4.527711 -6.385945 
-11.507473 -3.026453 -3.849883 -6.882775 -9.283607 -3.648897 -4.915872 -4.005356 -7.022199 -6.897943 -7.904731 -6.892519 -9.868499 -11.019782 -3.412769 -3.035138 -4.815305 -3.670856 -5.754565 -4.764639 -2.963353 -7.473813 -8.323092 -8.475682 -9.182324 -8.321695 -7.784746 -9.397749 -7.245661 -6.808460 -9.030183 -6.296349 -12.786133 -5.153741 -11.395272 -7.763403 -2.894490 -5.058944 -1.632640 -11.983816 -2.268695 -6.066705 -8.398092 -3.988148 -17.314089 -4.891566 -4.630724 -4.295444 -7.952162 -10.959473 -9.585804 -9.318473 -10.690723 -6.627251 -9.794661 -5.389849 -9.442653 -10.618039 -9.136617 -10.309304 -11.950070 -22.044020 -11.356965 -2.201234 -11.712791 -1.814633 -13.528260 -3.087663 -12.380536 -6.661197 -5.487476 -3.398147 
-9.611152 -3.238801 -10.486374 -6.866818 -8.657357 -3.648897 -8.884245 -13.660730 -7.022199 -4.370750 -10.358033 -6.892519 -9.148654 -11.630194 -13.230386 -9.729804 -3.198218 -2.735343 -12.911233 -4.764639 -2.045809 -11.473204 -0.773653 -6.079986 -12.179784 -8.321695 -8.836886 -9.070251 -11.956004 -6.808460 -15.986990 -6.296349 -8.993273 -20.071252 -1.129996 -8.459325 -2.894490 -9.180003 -2.640437 -8.710916 -2.647224 -5.731079 -8.398092 -8.133430 -2.747138 -11.898741 -10.652448 -1.798271 -9.786755 -6.267525 -12.031946 -8.947949 -19.680006 
-2.750790 -13.600274 -9.937372 -5.780941 -8.657357 -3.319437 -20.157519 -3.869297 -7.022199 -6.292406 -3.056535 -6.892519 -9.148654 -10.553605 -5.202616 -7.957137 -3.043528 -4.254954 -12.868810 -5.525501 -2.378797 -7.454657 -3.406987 -12.094766 -8.677051 -8.534262 -8.836886 -4.774188 -6.028327 -6.808460 -22.290931 -3.813433 -14.821051 -11.615882 -5.794817 -6.537587 -2.732515 -11.622108 -6.067080 -4.737118 -2.480173 -12.783982 -9.190839 -11.518995 -10.187351 -12.345453 -10.264226 -11.287723 -9.786755 -7.630154 -10.901314 -8.231111 -9.689995 -5.058067 
-4.477547 -2.918197 -4.969997 -5.780941 -8.657357 -3.319437 -22.700824 -6.876718 -7.022199 -6.384501 -12.479535 -6.892519 -5.337863 -12.250883 -12.130654 -7.547224 -3.055772 -3.715048 -13.986010 -5.590079 -2.846019 -5.808701 -6.642004 -3.743617 -8.755404 -8.947059 -7.119289 -10.236557 -6.028327 -6.808460 -4.097546 -12.057594 -9.055490 -10.187351 -12.919106 -11.270473 -12.350998 -11.591201 -11.085473 -8.235083 -11.753337 -9.241761 -6.136412 -12.561415 -6.558659 -5.770377 -15.072611 
-13.276477 -3.053340 -11.123811 -5.780941 -8.657357 -15.260490 -22.700824 -6.486399 -7.022199 -6.898446 -11.177230 -6.892519 -10.869581 -12.201401 -2.112358 -13.462253 -3.055772 -5.592510 -4.052948 -5.590079 -6.680522 -4.085087 -6.631743 -12.402039 -10.116061 -9.227270 -6.385941 -5.559558 -5.170122 -6.808460 -9.452660 -3.283593 -10.421951 -10.187351 -2.079974 -9.164666 -12.493570 -11.591201 -5.668924 -4.580665 -9.996529 -11.854492 -1.582083 -6.120732 -12.662167 -4.300714 -11.716344 -3.595433 -3.575773 -12.653719 -7.617885 -13.257877 -5.848383 -9.675177 -12.263769 -5.424643 -11.009080 -7.998965 -3.823688 
-5.509261 -9.828608 -13.269191 -5.780941 -8.300062 -3.347156 -22.280359 -8.050462 -7.022199 -6.898446 -11.967567 -6.892519 -2.475107 -11.731265 -1.242395 -12.437164 -2.951087 -2.455069 -2.523012 -5.590079 -2.079974 -3.046923 -14.140007 -3.601149 -10.116061 -9.227270 -7.163504 -8.736886 -5.170122 -6.808460 -4.487780 -3.800103 -8.546174 -22.598109 -12.444994 -2.677655 -3.005384 -12.216176 -9.391022 -6.213509 -15.158923 -10.670700 -13.320447 -4.818952 -9.458287 
-7.652318 -9.828608 -13.095740 -3.337862 -8.602216 -9.516042 -22.461136 -13.672698 -7.022199 -6.637063 -3.597146 -6.892519 -3.472836 -11.872873 -13.574186 -12.672774 -2.951087 -2.584317 -8.489518 -5.590079 -1.840305 -3.625481 -1.331961 -5.289767 -8.148071 -9.227270 -7.163504 -10.620900 -4.975559 -6.808460 -6.985265 -4.157882 -6.693160 -14.139005 -5.297578 -6.865012 -6.039510 -12.835113 -4.960301 -9.893535 -8.980975 -1.451964 -10.760815 -3.829298 
-7.611539 -4.378531 -3.925356 -3.337862 -9.235737 -9.516042 -11.597521 -8.487659 -7.022199 -7.333745 -8.159732 -6.892519 -8.564901 -11.872873 -9.602508 -11.900056 -2.525223 -2.798820 -3.134494 -5.590079 -7.823695 -11.439817 -14.848138 -4.867562 -8.148071 -9.231554 -12.841926 -4.896155 -4.975559 -6.808460 -11.720317 -2.528366 -4.311131 -10.026275 -6.236026 -5.956826 -5.643544 -11.231329 -5.164517 -4.306840 -7.568736 -13.474894 -11.208656 -5.355579 -5.630426 -5.397273 -3.785511 -11.086537 -8.401972 -6.343144 
-7.611539 -6.214558 -5.504495 -3.414160 -9.478151 -8.253009 -14.226237 -13.385862 -7.022199 -6.521691 -6.983626 -6.892519 -8.789194 -11.935837 -9.602508 -11.806892 -3.607653 -2.829727 -10.311418 -9.580324 -6.453991 -10.835413 -9.814405 -5.700915 -8.148071 -7.594932 -7.756973 -11.412547 -4.975559 -6.808460 -4.069703 -3.465365 -8.341016 -6.279961 -14.966170 -9.796719 -13.302351 -10.224859 -13.116058 -3.736573 -4.808503 -10.926167 -6.347892 -13.604483 -9.576699 -4.809024 -11.288363 -10.762266 
-11.535174 -5.088883 -5.333434 -12.230285 -9.205964 -8.383498 -7.780828 -9.447616 -7.022199 -7.034327 -7.700727 -6.892519 -11.784425 -11.719712 -13.063259 -4.209585 -3.607653 -2.092556 -8.929467 -4.014826 -4.748567 -11.157305 -10.174444 -4.986539 -6.859445 -8.058266 -12.684168 -6.947195 -4.975559 -6.808460 -9.354511 -3.297910 -4.659976 -4.068686 -11.478432 -11.539370 -13.534158 -6.737015 -3.504159 -7.634004 -6.751795 -11.048401 -4.063815 -12.493121 -5.710150 -11.167986 -13.219260 -1.955479 -13.321828 -8.642530 -11.518464 -10.826658 -8.052416 
-9.123427 -9.571650 -5.333434 -2.060689 -10.299528 -8.693023 -7.709807 -9.763647 -7.022199 -6.389234 -7.700727 -6.892519 -10.806818 -11.685790 -12.386817 -4.654680 -3.475364 -5.500086 -8.692144 -13.725436 -5.814824 -11.274730 -6.693220 -13.039918 -9.806410 -8.058266 -11.732372 -11.241484 -4.975559 -6.808460 -11.744717 -3.297910 -11.713903 -4.600228 -12.783023 -5.368302 -11.954879 -14.437277 -12.067987 -9.643617 -11.998130 
-9.994061 -10.261445 -5.333434 -2.060689 -9.956035 -9.234684 -7.709807 -5.166321 -7.022199 -8.479027 -7.700727 -6.892519 -10.806818 -9.914875 -8.073079 -7.936372 -3.281671 -10.175509 -2.036081 -12.903053 -5.573009 -10.858400 -14.397745 -4.938103 -12.371479 -8.389549 -8.289259 -8.021260 -4.975559 -6.808460 -1.745599 -3.297910 -11.500184 -8.905289 -12.319895 -21.843458 -11.531581 -7.925458 -6.225710 -3.115411 -14.653372 -10.008212 -9.067395 -13.958203 -5.200082 -8.281630 -8.082685 -4.204806 -9.022470 -4.445331 -20.746211 -7.961900 
-6.926218 -7.187428 -5.333434 -2.060689 -9.612078 -3.404465 -3.521557 -11.258982 -7.022199 -10.448297 -7.700727 -6.892519 -11.490382 -9.914875 -12.494180 -6.820365 -9.707292 -3.352212 -2.958769 -10.587434 -4.794687 -9.685023 -8.908230 -3.466793 -3.381578 -8.389549 -3.919478 -4.425663 -4.975559 -6.808460 -2.401729 -3.620835 -18.945798 -1.305655 -4.629659 -5.773486 -10.975370 -11.581577 -5.612777 -3.211988 -3.969813 -6.254257 -20.743678 -6.344535 -12.331324 -7.015202 -12.457235 -6.821166 -9.292001 -12.233836 -12.223625 -15.093808 -13.848833 -2.937983 -12.029982 -11.665909 
-5.244043 -11.699849 -5.333434 -2.060689 -10.857965 -3.404465 -3.491736 -14.670086 -6.855008 -5.194134 -7.700727 -6.892519 -11.267794 -9.914875 -12.616309 -6.820365 -9.112628 -19.258438 -3.827598 -9.346419 -7.190956 -10.674391 -9.595217 -7.100566 -20.196851 -8.389549 -10.412150 -5.727137 -5.212718 -6.808460 -3.051337 -3.620835 -5.024203 -7.015202 -5.987034 -12.227354 -9.783953 -6.143993 -5.905061 -2.042668 -2.280907 -3.345776 -8.042277 -2.781566 -4.307333 -13.178658 -17.412750 -9.121524 -3.396837 
-4.868993 -11.333133 -5.988316 -2.060689 -13.187365 -3.168422 -9.818528 -2.646340 -6.855008 -12.696956 -10.190717 -6.892519 -10.981375 -9.914875 -4.361066 -3.778152 -10.302547 -8.465798 -10.715309 -4.049295 -2.916929 -10.674391 -5.474210 -9.819659 -4.250581 -9.556793 -10.523149 -16.159321 -7.015202 -6.808460 -11.068597 -3.185558 -8.449354 -8.590340 -11.298856 -16.864112 
-8.597178 -11.281076 -5.799216 -2.074135 -6.215942 -2.043098 -12.338676 -2.922177 -6.855008 -1.183090 -10.755579 -6.892519 -10.288219 -3.063178 -11.152432 -2.193674 -10.042651 -12.192659 -9.040273 -9.392178 -2.831653 -11.480306 -5.475458 -11.829624 -3.128239 -9.556793 -11.810567 -9.541356 -7.015202 -6.808460 -12.045009 -3.570704 -11.663223 -15.996358 -11.165647 -4.513944 -7.849778 -21.385221 -2.483120 -4.151758 
-7.851300 -11.353203 -5.282728 -5.751812 -4.339137 -18.291189 -9.858595 -10.086423 -6.877753 -5.306724 -3.886538 -6.684011 -9.873888 -3.063178 -15.336640 -2.193674 -10.255285 -6.721530 -12.893759 -9.735256 -1.599864 -10.391141 -4.966152 -2.956205 -3.640650 -9.556793 -5.497459 -8.934371 -7.015202 -6.808460 -8.604456 -4.081804 -10.701679 
-7.851300 -2.145643 -5.282728 -7.549808 -12.215621 -7.548004 -11.780083 -10.666182 -6.877753 -6.656823 -3.048198 -6.741383 -9.644193 -2.908867 -18.078828 -10.546532 -10.621523 -11.614446 -10.531323 -9.919502 -1.658885 -10.391141 -5.232118 -4.113739 -11.703330 -9.556793 -4.321340 -10.012156 -7.015202 -6.808460 -9.394422 -5.056375 -12.363630 -6.808966 -8.202167 -9.455154 -4.845005 -9.376701 -3.186783 -7.940905 -12.139864 -12.273812 -6.174267 -11.417425 -9.837705 -5.317611 -12.447010 -18.209083 
-5.402068 -2.145643 -4.780886 -7.549808 -9.951247 -7.674436 -7.208644 -10.426881 -6.877753 -6.790284 -4.375903 -6.913207 -9.331437 -3.648648 -13.375595 -2.595386 -9.927058 -10.921992 -12.584577 -10.815965 -1.536993 -9.398837 -5.232118 -5.022114 -11.134477 -9.556793 -3.848662 -11.191242 -7.015202 -6.808460 -10.166100 -8.678066 -10.526268 -7.716567 -11.839853 -8.862740 -11.579546 -9.224308 -10.400342 -7.815734 -17.979979 -8.637737 -5.884895 -6.010969 -12.380312 -7.312176 -10.444381 -4.318183 -4.503584 -14.541163 -11.135996 -10.958346 -4.640017 -4.399423 -7.251105 -14.528142 -2.930895 
-3.222764 -2.145643 -4.780886 -7.549808 -2.624239 -9.460959 -3.662158 -5.971445 -6.877753 -7.779379 -4.375903 -6.913207 -7.706818 -10.024710 -4.971590 -2.534334 -9.927058 -11.067965 -14.775512 -17.557886 -2.599219 -7.818490 -4.966392 -6.148725 -9.269458 -9.556793 -10.978288 -10.731264 -7.015202 -6.808460 -8.482667 -11.398767 -9.787360 -9.369841 -3.625718 -14.725714 -5.431460 -12.245219 -19.185724 -8.936619 -3.278252 -6.536785 -8.276991 -10.158537 -8.941760 -4.924810 -11.200513 
-11.252212 -2.920230 -4.780886 -7.665055 -3.489669 -8.705371 -3.763161 -8.984321 -7.058822 -11.423369 -3.149348 -6.913207 -9.228267 -12.338279 -10.850832 -2.806038 -9.495973 -7.790889 -9.313045 -19.216982 -1.752864 -10.981149 -4.966392 -11.673857 -3.278252 -7.201887 -10.158974 -11.871230 -7.015202 -6.808460 -4.534231 -11.803089 -5.515207 -7.647552 -3.228735 -11.859328 -3.076602 -5.023907 
-7.221984 -2.305258 -3.275903 -3.033952 -2.357036 -8.913709 -1.654073 -6.901287 -7.058822 -7.547467 -3.149348 -6.913207 -9.676117 -4.255540 -8.002273 -13.668827 -9.168828 -2.746766 -9.149957 -20.690298 -4.209210 -12.998268 -5.330490 -11.068885 -4.002127 -7.201887 -7.621973 -13.068170 -7.015202 -6.808460 -6.067239 -6.711510 -10.467635 -13.526562 -8.959138 -12.842283 -11.342729 -14.742882 -9.818646 -11.183545 -6.603352 -8.710544 -4.499577 -7.688416 -9.894234 -9.316288 -12.528785 -13.754579 
-7.335681 -2.305258 -3.275903 -2.505150 -3.339773 -10.595948 -5.161226 -4.800938 -7.058822 -7.186607 -3.149348 -6.913207 -8.445908 -5.202151 -8.002273 -5.090229 -9.096018 -2.525001 -11.180750 -14.645017 -4.209210 -4.777631 -5.793428 -9.075330 -4.002127 -8.051243 -7.216055 -11.620914 -7.015202 -6.808460 -5.718670 -9.775570 -9.327427 -10.964787 -4.738935 -7.192351 -11.738606 -8.439672 -10.982366 -2.943120 -9.733104 -7.517715 -9.820418 -13.894770 -11.654400 -4.943025 -2.636883 
-11.998510 -9.095924 -3.275903 -7.028088 -3.574415 -11.884108 -4.733966 -6.721088 -7.058822 -8.014621 -3.149348 -6.913207 -6.148650 -10.647536 -5.883706 -6.257484 -9.167151 -2.432131 -10.226547 -13.322547 -9.769385 -4.346649 -5.793428 -2.866663 -4.002127 -1.865345 -5.987540 -1.519906 -7.015202 -6.808460 -5.479046 -9.198327 -9.327427 -3.574566 -5.792322 -5.010349 -10.430493 -8.896469 -2.214343 -14.171375 -9.733104 
-10.488003 -9.983614 -3.275903 -11.847899 -11.989918 -10.482634 -11.856738 -6.721088 -7.058822 -13.882891 -3.149348 -6.913207 -4.318959 -12.330811 -3.510309 -3.263228 -9.167151 -11.224905 -10.404797 -2.116051 -7.681652 -10.533327 -4.877292 -2.877902 -4.002127 -2.602180 -6.672358 -7.394141 -7.015202 -6.808460 -6.316442 -8.447600 -9.327427 -9.082121 -11.993222 -5.122417 -4.039737 -9.171681 -5.381980 -5.413995 -8.275289 -9.228480 -2.432472 -3.782945 -7.595237 -4.643128 -2.090710 -14.638126 -12.308116 -13.465501 
-6.447419 -9.639785 -3.275903 -11.731487 -11.815538 -4.720335 -12.525979 -7.248682 -7.058822 -9.216437 -3.142407 -6.913207 -9.596378 -12.330811 -2.984043 -4.763188 -8.582465 -5.065989 -7.653900 -6.074714 -11.148967 -3.879195 -5.691751 -2.486746 -3.264405 -7.148216 -6.672358 -6.093630 -7.015202 -6.808460 -4.720787 -9.117190 -9.327427 -10.841964 -11.783557 -10.365093 -3.432763 -5.660080 -12.823608 -10.304720 -3.867313 -10.455308 -3.258290 -4.362124 -5.725171 -4.727060 -5.540454 -14.184615 -4.954034 -11.517294 -5.759030 -8.292210 -8.319660 -3.384471 -3.452970 -11.526828 -9.856915 -12.982046 -7.128910 
-4.852406 -8.430930 -3.275903 -14.017584 -6.194362 -8.724843 -8.101512 -8.032097 -7.058822 -6.144253 -3.142407 -10.648203 -2.704804 -7.613761 -13.899261 -12.741274 -8.582465 -5.065989 -12.184904 -12.951434 -5.743776 -5.090924 -5.691751 -6.596055 -3.264405 -7.114739 -4.454403 -20.252728 -7.015202 -6.808460 -4.720787 -8.319874 -9.327427 -9.900418 -7.670555 -2.773205 -14.011458 -4.470578 -9.417628 -9.369080 -5.563462 -7.032978 -8.138421 -10.642210 
-7.781600 -9.264707 -4.708488 -8.581081 -7.670555 -8.718052 -5.694271 -7.677651 -7.058822 -15.041787 -3.219417 -6.427180 -2.754994 -4.823941 -9.353561 -8.555241 -10.816136 -5.065989 -4.911284 -6.308887 -6.264088 -5.090924 -8.395644 -6.728103 -3.264405 -10.519495 -9.511381 -20.648048 -7.015202 -6.808460 -4.720787 -8.319874 -8.372139 -9.900418 -11.067485 -5.452490 -10.685068 -10.030715 -6.344019 
-9.810836 -8.012695 -4.708488 -9.555480 -11.890659 -7.655186 -11.489422 -7.993252 -7.058822 -12.575236 -3.219417 -5.784880 -3.790209 -8.145843 -4.657907 -10.019725 -10.601259 -10.536220 -7.276758 -12.423618 -5.460858 -2.684329 -8.013152 -6.728103 -3.264405 -10.143012 -5.669183 -3.248517 -7.015202 -6.808460 -10.448982 -8.107759 -9.202483 -13.172885 -13.844520 -6.722309 -3.731837 -6.256818 -6.337472 -6.142551 -8.493134 -5.241049 -3.733164 
-2.769081 -12.037647 -4.708488 -8.423597 -12.450141 -7.056230 -11.365216 -13.112384 -7.058822 -3.047116 -3.219417 -5.188109 -11.666196 -8.084632 -8.568498 -8.159480 -9.284871 -6.104392 -12.065616 -7.407381 -13.618521 -12.495233 -9.159124 -6.728103 -2.775407 -9.840890 -5.669183 -13.340701 -7.238555 -6.808460 -12.364300 -8.107759 -9.202483 -6.663465 -8.484047 -4.331182 -4.941113 -12.799984 -5.732322 -2.056546 
-1.924000 -5.578695 -4.708488 -8.423597 -12.450141 -6.471111 -3.150075 -12.582245 -7.058822 -4.358548 -3.415876 -12.694289 -3.465770 -11.358632 -12.366769 -7.901023 -10.618414 -3.222165 -13.850222 -7.892372 -8.478249 -11.354101 -9.159124 -6.728103 -2.385715 -9.050691 -5.773238 -9.722020 -7.238555 -6.788016 -12.651053 -10.964993 -9.202483 -6.574197 -5.512438 -4.724425 -10.860307 -4.219012 -12.569824 -5.532009 -12.621920 -9.190187 -12.304651 -12.650462 -9.710274 -2.874979 
-1.840409 -8.769942 -2.128725 -10.623628 -12.079115 -6.889669 -10.869724 -10.066457 -7.058822 -5.181532 -4.321907 -5.035699 -3.465770 -13.019103 -4.693107 -3.840038 -10.385975 -13.093735 -5.473041 -8.398550 -8.478249 -4.472048 -9.299058 -6.728103 -3.904754 -11.328319 -5.773238 -7.316494 -7.238555 -6.788016 -11.059448 -2.260663 -8.898739 -4.932800 -12.022896 -1.776603 -6.011861 -5.109240 -11.007819 -11.256914 -4.490382 -11.404666 -5.035859 -14.133425 -4.265708 -4.325162 -13.183379 -6.704242 -10.740971 -10.550585 -6.987934 -13.313884 -11.197670 -10.841060 
-2.731503 -8.769942 -12.799530 -4.077599 -6.300308 -6.401128 -7.758273 -10.066457 -7.058822 -22.107030 -4.321907 -4.049232 -3.563804 -13.564099 -3.036239 -8.947047 -9.939905 -5.109240 -3.061354 -5.479025 -10.217673 -12.950686 -8.833453 -6.728103 -3.955990 -2.596111 -6.137117 -5.708787 -7.238555 -6.788016 -11.059448 -9.339804 -8.898739 -8.316936 -7.315299 -2.706854 -5.942122 -10.864713 
-3.532361 -8.447701 -12.428425 -13.028034 -8.306114 -7.207300 -8.425860 -8.891839 -7.058822 -10.767238 -3.878140 -7.365583 -3.563804 -6.947503 -4.698483 -12.966912 -8.957394 -5.109240 -3.715674 -6.433405 -9.710217 -10.805360 -1.695345 -6.728103 -5.770483 -1.869918 -6.137117 -8.177566 -7.120547 -6.788016 -15.774147 -8.455796 -8.432496 -11.097363 -1.733830 -20.336037 -12.778950 -6.252076 -9.428538 -11.467426 
-7.095364 -8.290652 -12.428425 -6.031766 -4.381345 -7.207300 -8.366907 -8.421752 -7.058822 -11.414310 -3.689927 -11.777900 -3.563804 -11.186281 -5.198646 -6.997026 -7.355303 -5.109240 -8.347912 -4.102361 -8.609664 -10.666419 -8.208253 -6.728103 -3.513097 -1.869918 -6.137117 -12.189546 -5.293669 -6.788016 -2.151885 -11.231517 -8.432496 -5.850543 -3.659620 -20.336037 -12.409084 -6.252076 -11.610441 -3.397731 -12.413410 -9.805961 -8.320359 -9.850109 -6.303364 -12.737635 -6.500491 -9.103250 -8.623019 -6.801960 -6.749160 -7.522422 -3.313476 -13.613863 -12.676116 -3.781366 
-7.220592 -2.413627 -8.145090 -9.513281 -5.914314 -4.024649 -8.366907 -8.496858 -7.058822 -10.601538 -3.689927 -8.302821 -3.563804 -6.999692 -7.463518 -13.842659 -5.818135 -5.109240 -9.259913 -5.558249 -14.595548 -11.655421 -6.259497 -6.728103 -10.730871 -1.537770 -5.684839 -11.168216 -5.008600 -6.788016 -13.051045 -10.563019 -3.347717 -10.120046 -3.681518 -11.102915 -12.828349 -5.804188 -12.346317 -12.681517 -11.602118 -6.688186 -4.706588 -10.045842 -12.000302 -12.468920 -4.126423 -7.143216 -22.056085 -12.187257 -5.323700 -10.656345 
-3.672717 -2.463863 -9.933370 -7.197109 -4.911532 -8.663932 -7.990282 -8.496858 -7.058822 -11.193735 -3.625437 -8.905758 -2.826953 -7.251891 -7.467940 -7.494606 -7.806961 -4.386158 -11.769751 -5.117870 -10.090183 -6.765875 -5.368595 -6.728103 -10.223428 -5.565654 -7.683164 -9.458850 -4.659809 -6.788016 -8.236555 -5.873453 -4.589850 -9.807961 -9.948128 -4.594774 -11.693826 -10.475638 -10.283466 -15.166792 -4.459857 -11.447858 -7.493952 -5.087677 -11.221113 -11.418891 -10.551587 -6.592912 -10.597615 
-1.981109 -10.067281 -17.671685 -13.144000 -6.237072 -7.379586 -7.965075 -9.228004 -7.058822 -12.359596 -3.625437 -8.793697 -2.826953 -7.648109 -5.592897 -15.355011 -2.853727 -4.386158 -12.400820 -6.826491 -1.997773 -6.522864 -5.241686 -6.728103 -6.599495 -5.565654 -7.683164 -9.466463 -4.723277 -6.788016 -3.420212 -6.302336 -4.994435 -2.617914 -9.743871 -2.871881 -12.365783 -11.402482 -9.444548 -16.204576 -12.040704 -11.944226 -13.470811 -9.993409 -5.929817 -3.088961 -11.758699 -2.512250 -9.011956 -10.613812 -6.562390 -6.229933 -10.374466 -3.644993 -3.699516 -13.516629 
-12.481456 -8.777732 -9.735200 -5.089601 -2.475069 -7.862237 -3.764058 -12.493547 -7.058822 -12.223765 -3.314060 -8.287630 -3.165742 -2.780668 -7.667788 -8.229312 -3.437145 -4.404710 -5.564986 -12.153052 -4.395423 -16.896406 -2.840186 -6.728103 -8.659578 -5.290649 -8.106790 -9.563640 -4.723277 -6.788016 -7.885529 -10.154779 -4.936202 -8.376464 -7.840393 -7.562750 -10.187037 -8.311939 -3.455969 -7.921131 -13.641987 -6.376448 -12.105848 -4.330049 -2.187953 -12.716740 -4.010897 -1.974254 -8.023942 -22.396557 -5.097149 -13.228813 -9.577824 -14.031571 
-11.664687 -5.973684 -5.518004 -5.309474 -2.988387 -7.862237 -11.454145 -9.653276 -7.058822 -11.542169 -3.217176 -8.824253 -3.464263 -11.591617 -10.189545 -3.667661 -3.437145 -5.180076 -9.476645 -6.639625 -3.977493 -6.296698 -1.681544 -6.728103 -9.537711 -4.679998 -7.277448 -2.574342 -5.076874 -6.788016 -7.037930 -12.722342 -8.773183 -18.740604 -5.521386 -6.012825 -12.050564 -8.311939 -7.366282 -7.278103 -5.131841 -6.683403 -9.510819 -14.005380 -3.436666 -9.479588 -21.709614 -3.289437 -7.325889 -10.218052 -18.377200 -9.400978 -6.941860 -8.881659 -9.091488 -8.881693 -5.659720 -7.752542 
-15.361829 -7.815389 -4.622803 -5.309474 -3.133840 -7.862237 -18.377200 -7.139630 -3.994399 -8.297780 -3.282949 -8.734130 -9.554106 -10.884681 -1.632231 -3.148458 -3.875653 -5.207118 -10.405293 -10.566366 -22.756981 -4.414086 -19.648883 -6.728103 -9.537711 -8.415058 -7.425271 -9.375431 -5.076874 -9.797654 -8.803846 -4.492528 -13.456381 -18.740604 -4.845961 -5.086598 -11.286398 -8.311939 -12.499977 -8.208790 -11.854270 -5.302727 -6.645963 -14.147206 -4.562241 -2.910000 -1.632771 -2.791121 -8.841478 -7.564080 -13.648421 -11.213224 -7.293776 -5.842813 -11.581869 -2.826519 -4.143480 -6.299838 -4.587115 -8.575302 -12.699232 -11.443211 -15.314366 -11.481435 -5.529103 -7.943310 -5.326583 -7.134681 -10.664894 -7.608143 -13.529260 
-11.505653 -4.477446 -6.985515 -5.018193 -3.133840 -7.862237 -18.377200 -7.139630 -4.932375 -3.065134 -3.136152 -9.595418 -8.924178 -6.385859 -10.392563 -3.031461 -5.633396 -5.207118 -14.628088 -7.919762 -5.380646 -4.003056 -8.725711 -6.632369 -10.397249 -11.474618 -7.488795 -11.054778 -5.076874 -4.445259 -10.481429 -7.453659 -7.244616 -20.912006 -5.008877 -1.966958 -11.286398 -8.311939 -7.054569 -7.208752 -11.854270 -8.649848 -6.760096 -10.654873 -4.715014 -11.074668 -1.406614 -3.798611 -2.159832 -12.664241 -5.390673 -13.302610 -11.599364 -3.748365 -6.511677 -5.553052 -1.864141 -6.299838 -11.102906 -3.585749 -13.716365 -7.457344 -10.111953 -6.217248 -10.828392 -12.120990 -7.426636 -6.701462 -0.974255 -11.336729 -10.942065 -4.059857 -3.565290 -22.125364 
-7.814117 -3.566216 -9.932698 -4.518650 -3.133840 -4.678178 -18.377200 -6.732778 -8.082347 -2.816311 -6.955932 -9.263700 -14.284631 -5.793450 -8.535475 -7.814582 -6.954972 -4.978947 -4.369910 -7.049794 -11.834083 -14.229813 -10.067594 -9.951549 -10.056410 -7.187351 -7.624730 -9.278993 -5.848689 -6.391817 -8.317689 -5.402534 -5.274835 -18.996850 -2.543711 -12.864813 -11.869198 -8.311939 -8.007965 -10.082337 -7.263396 -8.400638 -9.145010 -2.110358 -8.153379 -12.196637 -13.412517 -4.228113 -4.003738 -11.171158 -6.757237 -6.178578 -3.565290 -5.038457 -6.300653 -7.978068 -2.324760 -6.299838 -6.882373 -3.431493 -12.213870 -5.657963 -5.200066 -3.938930 -11.523533 -8.016438 -3.750265 -3.014951 -3.735953 -4.635357 
-11.400755 -14.355502 -10.615646 -11.710383 -2.365237 -8.926420 -6.361793 -7.025062 -8.015592 -6.641626 -12.459488 -9.564635 -4.915306 -6.122416 -8.290104 -9.879902 -6.889253 -4.886729 -3.436984 -6.550636 -14.315867 -9.646996 -9.862946 -11.401092 -3.350726 -6.118948 -10.721670 -8.743131 -5.848689 -4.100493 -1.925127 -6.244668 -8.016438 -19.665072 -7.017694 -9.523020 -11.533814 -8.311939 -1.930053 -6.299838 -7.144482 -20.002587 -10.403319 -14.838425 -6.770403 -14.147747 -5.749829 -4.927545 
-4.906653 -4.322682 -10.955610 -15.025894 -3.028943 -8.926420 -8.566966 -7.025062 -2.339626 -7.867944 -11.514561 -8.922514 -3.295511 -5.492368 -4.929212 -17.534914 -6.877804 -4.886729 -3.436984 -18.926236 -7.573718 -9.202152 -12.283436 -3.660064 -5.063297 -9.907099 -6.985759 -7.810956 -5.848689 -3.440850 -14.487606 -4.365042 -9.197204 -20.482344 -13.766969 -9.523020 -11.572227 -4.825878 -3.117533 -6.299838 -12.251641 -11.727238 -11.734636 -6.087080 -5.646983 -14.332637 -11.829030 
-5.839266 -3.838791 -11.061790 -8.245066 -3.028943 -9.021472 -8.566966 -7.025062 -1.417140 -6.282859 -9.709886 -8.228375 -5.613416 -6.598888 -9.408031 -11.536905 -8.865231 -4.886729 -4.241650 -18.926236 -8.600211 -5.799224 -4.044911 -3.467267 -6.724339 -10.461800 -6.985759 -6.395260 -5.848689 -12.880174 -11.556673 -7.362413 -7.145235 -3.720477 -7.481797 -9.523020 -5.449888 -3.378228 -8.935192 -6.299838 -15.089286 -13.521681 -11.911888 -14.014808 -12.314959 -10.307110 -2.277949 -4.909516 -4.459495 -6.145103 -9.222629 -6.051380 -5.673136 -13.171152 -1.998098 -11.564105 
-6.418405 -4.093009 -6.471685 -12.176628 -3.028943 -9.021472 -9.027332 -7.025062 -3.781265 -8.377245 -10.444251 -8.228375 -3.487588 -10.629975 -8.815170 -4.657247 -9.188516 -4.886729 -3.660808 -21.677690 -9.775943 -9.581192 -5.624958 -3.467267 -7.541117 -5.637548 -3.522593 -7.157588 -5.067420 -8.799556 -7.352991 -7.336438 -7.796264 -8.489637 -7.457318 -12.240961 -2.372763 -3.465670 -13.293447 -6.299838 -6.750526 -10.942779 -9.150508 -4.400112 -9.137595 -6.955383 -2.273266 -7.404048 -4.022722 -11.144663 -5.276476 -10.617428 -10.060926 -4.018214 -3.534173 -7.283035 -22.174630 -7.965906 -8.798982 -3.698544 -4.173356 -10.902234 -9.308773 -8.466480 -10.835901 -5.334407 
-11.870945 -11.100981 -11.600503 -11.793328 -2.692204 -9.021472 -9.027332 -3.556932 -8.166022 -8.564550 -10.231683 -8.228375 -2.542164 -13.828518 -6.922100 -6.687615 -8.420261 -4.886729 -3.660808 -20.051732 -9.874146 -13.642656 -3.894064 -3.795789 -15.340987 -5.986653 -3.386013 -7.157588 -5.067420 -4.591710 -8.972357 -6.688392 -7.796264 -3.450567 -15.782517 -6.853525 -11.444006 -4.847436 -6.238841 -6.299838 -3.867899 -7.771194 -8.781543 -3.292740 -14.530215 -4.971089 -9.542147 -4.016852 -4.392061 
-11.760096 -9.860622 -8.560111 -12.959569 -2.692204 -9.021472 -8.167215 -3.465344 -9.348395 -8.794248 -6.041194 -8.057662 -2.328787 -4.016852 -14.283238 -2.951613 -9.363044 -3.914367 -3.802752 -20.288548 -9.874146 -4.316815 -6.086372 -3.763001 -6.895359 -5.137540 -2.855889 -7.157588 -4.827929 -3.744904 -8.644976 -4.132076 -7.796264 -9.193017 -10.506883 -6.853525 -6.189027 -4.847436 -9.283379 -6.299838 -2.831821 -6.272760 -13.860153 -8.389212 -3.675447 -1.195963 -0.889630 
-4.824306 -10.145217 -6.455944 -10.675276 -2.692204 -9.115378 -8.854346 -8.635723 -10.748948 -8.915128 -8.486392 -7.495913 -5.363427 -14.765396 -4.207889 -11.077033 -4.286036 -3.914367 -3.802752 -20.278345 -10.739813 -3.907945 -9.308035 -7.088433 -3.253033 -3.679129 -8.095102 -7.157588 -4.963346 -3.961264 -10.227983 -6.465115 -4.951226 -8.304215 -3.063432 -6.825237 -7.414862 -4.025819 -9.283379 -4.397991 -4.404121 -2.740899 -11.005532 -5.137267 -9.370049 -8.233167 -4.345942 -7.115357 -7.293342 -2.625991 -4.816554 -4.632017 -12.098270 -4.505662 -21.227612 -7.463936 -4.802302 
-9.257710 -20.171748 -8.430157 -12.866001 -2.890618 -8.825278 -8.854346 -5.705539 -6.383837 -8.915128 -6.744564 -7.495913 -15.373881 -4.534832 -11.287073 -11.028191 -11.535405 -3.914367 -3.802752 -11.995453 -10.201481 -8.659448 -7.977320 -4.321436 -10.291275 -3.679129 -13.650810 -6.744942 -4.963346 -4.690059 -3.379629 -7.025044 -3.496196 -7.376325 -2.675386 -6.825237 -6.541646 -4.135488 -8.026039 -11.561650 -8.851188 -5.553584 -5.567029 -12.340503 -8.583112 -12.293469 -4.191655 -4.506682 -6.562539 -11.172500 -5.253288 -4.886492 -21.308179 -11.781454 -6.712286 
-10.519774 -20.171748 -4.801530 -10.812259 -10.807829 -9.187822 -8.854346 -4.220913 -5.667375 -8.703513 -4.400723 -7.495913 -11.788719 -15.141067 -6.299121 -11.028191 -6.449722 -3.914367 -3.802752 -4.295791 -10.201481 -2.171243 -4.269454 -5.415899 -2.701384 -3.679129 -4.257412 -7.262590 -4.963346 -7.629631 -11.050966 -10.598143 -10.882659 -4.442077 -2.693601 -7.008678 -4.229986 -4.135488 -9.300660 -11.561650 -10.193438 -5.553584 -8.084965 -4.795571 -7.201970 -6.984938 -12.581114 -12.295152 -10.888651 -4.822612 -10.931373 -8.174796 -7.865302 -11.992393 -4.110653 -5.532672 -22.863606 -3.591229 -12.375395 -4.321126 -6.310033 -8.622045 -8.981644 
-5.899391 -9.837601 -3.700324 -11.088222 -2.617499 -9.187822 -8.587335 -4.403404 -5.307295 -8.703513 -5.955511 -7.495913 -3.563855 -13.222142 -22.017895 -11.697934 -5.395203 -5.095899 -3.268176 -10.058048 -10.201481 -2.923436 -2.179110 -4.642359 -4.742356 -3.679129 -9.580820 -7.262590 -4.963346 -7.842516 -12.375395 -6.081235 -7.641246 -7.468427 -9.595171 -6.881173 -6.018899 -3.736214 -9.300660 -10.602666 -2.046737 -5.553584 -21.470276 -7.724938 -4.692592 -2.528610 -5.908995 -9.291786 -6.786960 -11.735979 -7.588829 -10.994416 -10.552981 -4.841684 -5.364440 -7.629966 -13.061502 -8.613421 -5.177507 -10.849412 -11.072137 -13.627869 
-12.258006 -9.019695 -12.125134 -5.866621 -6.746717 -9.191441 -8.599465 -2.599238 -10.880578 -9.232388 -9.012598 -7.595711 -5.028503 -10.488993 -5.019087 -11.270666 -4.673145 -5.095899 -3.268176 -7.818017 -4.650668 -2.075156 -11.773373 -10.038440 -3.166939 -3.679129 -7.263501 -7.262590 -4.963346 -7.657481 -11.831632 -22.473106 -7.372643 -12.045443 -9.550265 -10.547204 -1.784827 -14.926966 -9.300660 -10.602666 -12.325973 -5.553584 -22.915608 -3.580839 -7.854731 -1.872865 -7.347293 
-6.192958 -9.339543 -9.369461 -8.912719 -11.854624 -9.655609 -7.632835 -3.606786 -8.205015 -9.232388 -5.473516 -8.741179 -12.834727 -6.256487 -20.290222 -11.648388 -4.482849 -5.095899 -4.743119 -9.750365 -13.306028 -2.075156 -10.107098 -9.449079 -6.795189 -3.679129 -5.553584 -9.300660 -4.820452 -7.657481 -11.966895 -1.823437 -9.065112 -7.471725 -5.686564 -9.721593 -6.716578 -15.135049 -9.725972 
-6.192958 -10.858649 -12.324288 -10.984307 -3.118105 -10.788474 -10.909042 -4.155705 -7.763101 -10.430945 -6.470543 -8.767164 -4.864964 -3.725918 -17.610449 -22.613710 -6.274161 -5.095899 -3.630471 -9.893460 -9.035895 -2.707731 -12.206482 -10.245523 -8.133482 -3.742934 -5.553584 -9.300660 -14.759044 -5.958806 -12.799641 -1.823437 -3.399171 -7.471725 -14.115234 -11.979234 -5.298815 -13.303289 -11.648878 -7.138058 -13.176656 -4.660725 -10.653456 -5.534379 
-6.953536 -8.200746 -12.143131 -5.852610 -3.823251 -5.298815 -8.339983 -2.766156 -11.633180 -10.430945 -9.249838 -8.767164 -1.921791 -4.808240 -17.610449 -3.869723 -4.870713 -5.095899 -3.816878 -9.098764 -10.595838 -2.291640 -11.311735 -9.749356 -8.133482 -3.742934 -5.553584 -9.300660 -5.921442 -6.274715 -12.799641 -3.422351 -4.275540 -7.471725 -6.354401 -3.987642 -10.601617 -9.506164 -9.692136 -3.951710 -1.074879 -5.978769 -3.386289 -4.364914 
-6.075877 -9.634986 -3.267063 -1.916164 -4.950161 -4.897724 -4.452245 -3.494414 -8.686317 -9.137278 -12.054064 -8.090204 -2.530808 -1.943381 -19.020188 -7.732945 -4.318909 -5.095899 -3.816878 -3.002611 -9.111852 -2.963170 -11.654873 -10.072756 -15.753799 -3.742934 -5.553584 -9.300660 -8.965385 -4.881372 -11.798214 -8.314836 -6.157917 -7.316206 -4.931756 -4.921695 -7.338380 -6.372510 -9.270186 -14.403608 -3.228331 -4.595950 
-6.294831 -7.630283 -7.821202 -4.160285 -6.797026 -5.370030 -12.529534 -4.308185 -7.190395 -11.878048 -1.857679 -8.090204 -6.143029 -2.182879 -17.938353 -7.450596 -4.255325 -5.095899 -3.746327 -10.174245 -10.044818 -3.167128 -12.202280 -10.574321 -4.532487 -3.742934 -5.553584 -9.300660 -8.320301 -7.492624 -9.915178 -6.185829 -8.284649 -8.811647 -1.819661 -3.245752 -7.700651 -8.845621 -11.535671 -4.457818 -14.882778 -5.767406 -14.713704 -6.487846 -11.932687 -10.937981 
-7.199942 -7.863140 -13.122923 -5.196824 -12.236806 -6.172437 -11.882988 -3.821998 -2.807064 -12.738405 -14.542412 -8.204036 -6.772641 -8.050747 -16.643786 -9.155155 -12.221302 -5.095899 -3.746327 -10.471019 -9.250833 -4.430940 -7.273834 -4.851785 -4.532487 -3.742934 -5.553584 -9.530077 -8.320301 -3.617374 -4.931978 -4.589978 -8.284649 -12.385141 -1.360275 -9.385832 -12.283656 -12.652037 -12.323940 -8.426847 -7.415008 -10.161216 -10.932913 -4.801594 -13.450028 -9.689412 -8.114904 -3.965379 -8.935098 -4.731282 -2.677958 -6.135242 -6.595869 -9.303123 -7.573279 -12.548135 -1.779712 -9.743250 -5.538707 -5.781517 -3.395437 
-4.245187 -12.909601 -7.336731 -22.319674 -7.244991 -5.489527 -11.820916 -4.835884 -2.807064 -7.317626 -10.114501 -8.598580 -6.187115 -16.667844 -16.643786 -6.794296 -20.961210 -5.095899 -4.748224 -4.987278 -5.801908 -6.817909 -6.467861 -5.461137 -4.887374 -3.742934 -5.553584 -11.221396 -8.424673 -2.731682 -7.541545 -3.818115 -8.783276 -5.172452 -1.508866 -5.402060 -12.573524 -7.189912 -9.037239 -6.731342 -8.499168 -14.645409 -8.398463 -6.775857 -9.064435 -10.384120 -7.981082 -4.219777 -5.166872 -6.909705 -7.859534 -5.515643 
-6.047824 -7.177862 -7.336731 -2.322013 -9.372533 -5.181382 -13.650731 -4.029743 -2.873787 -5.222665 -5.005559 -8.193709 -13.605036 -3.908129 -16.643786 -7.180512 -6.447116 -5.095899 -3.755472 -7.611207 -7.532597 -7.994713 -9.936096 -10.821707 -2.358688 -3.742934 -5.553584 -6.648703 -9.412559 -5.352668 -7.122453 -6.082724 -8.766696 -4.438142 -7.196709 -9.519217 -7.822397 -11.492632 -10.966106 -10.388473 -6.141282 -5.079021 -6.304795 
-3.260496 -5.657612 -4.619899 -3.742018 -10.141978 -6.839066 -3.130110 -3.218174 -2.664244 -13.404701 -2.238053 -8.103783 -9.519217 -5.759747 -15.755150 -4.610684 -8.952921 -5.095899 -3.175339 -13.916542 -4.713979 -6.904666 -10.171735 -10.558553 -14.040661 -3.870287 -5.553584 -6.648703 -6.834269 -3.417103 -12.894400 -8.283698 -11.265003 -6.516627 -9.618506 -9.022746 -12.431041 -22.148637 -4.511024 -5.723741 -4.994997 -7.859256 -6.563407 -2.564576 -10.848683 -8.176876 -5.989270 -11.537915 -2.469183 -9.600038 -10.624703 
-6.411129 -2.180121 -10.666988 -8.127627 -8.373314 -6.839066 -2.337428 -4.850464 -10.848683 -5.924975 -3.590493 -7.957875 -9.316238 -6.601114 -15.871408 -5.960577 -7.124474 -5.095899 -3.175339 -12.390749 -8.774610 -11.920804 -9.737988 -11.158242 -11.085092 -3.870287 -5.553584 -6.163308 -9.092904 -7.764495 -12.593801 -8.283698 -7.230543 -7.211401 -6.200677 -8.316096 -9.121566 -6.018193 -13.947675 -5.723741 -8.808153 -3.778002 -3.171718 -9.697122 -4.708768 -22.759610 -2.617094 -2.564323 -5.266700 -9.844736 
-10.391344 -2.238351 -9.081676 -4.569581 -5.432736 -6.839066 -4.803552 -9.243053 -11.881507 -10.071007 -10.761289 -8.276616 -10.125632 -5.277854 -14.848055 -9.429483 -1.774316 -4.810548 -3.511617 -8.941463 -3.611744 -12.105866 -3.707453 -10.841583 -13.514613 -3.870287 -5.553584 -4.275338 -9.092904 -8.461956 -9.283163 -8.723906 -7.648100 -6.630771 -5.000574 -4.247635 -6.298068 -5.916106 -1.515158 -5.723741 -5.418519 -14.431353 -10.562204 -8.295834 -13.331950 -8.051237 -13.152961 
-4.774369 -2.238351 -5.861002 -8.591021 -7.328006 -6.839066 -8.378505 -16.696001 -10.609407 -11.523737 -8.308573 -8.276616 -9.713844 -5.277854 -4.942048 -7.708496 -2.677682 -4.810548 -3.384376 -8.941463 -4.032566 -3.031548 -4.603893 -13.283165 -6.856763 -3.870287 -5.553584 -8.545964 -7.174045 -7.177997 -10.465742 -8.305076 -22.248631 -8.943420 -6.953906 -4.580182 -7.057151 -11.992088 -3.553210 -11.831981 -11.645061 -6.386635 -4.845817 -8.543542 -2.634224 -4.448499 -15.219725 -3.104285 -2.917018 -2.183033 
-12.449620 -2.238351 -5.198461 -17.327836 -9.021236 -6.839066 -9.626738 -8.325677 -12.109998 -10.233691 -15.168661 -8.911193 -9.119105 -6.604985 -4.635081 -10.816011 -4.423043 -3.992130 -3.923880 -8.941463 -2.653773 -13.026938 -7.936477 -10.300218 -6.856763 -3.870287 -5.445935 -8.611845 -9.111154 -7.946466 -10.586626 -7.748543 -4.227800 -12.501903 -3.012771 -4.362145 -6.655122 -11.234668 -4.567300 -6.763103 -9.710730 -15.481289 -6.610276 -20.579775 -12.637012 -11.429539 -3.970346 -7.860044 -5.296420 -10.022504 -11.489659 -7.213555 
-9.710730 -2.875053 -5.198461 -18.839164 -9.919179 -6.839066 -6.390391 -8.485905 -12.561277 -11.081132 -6.159364 -10.327466 -8.883320 -6.310661 -11.028463 -10.832388 -3.310929 -4.288533 -13.748235 -8.941463 -6.613163 -1.255390 -4.407751 -9.462030 -5.612098 -11.446157 -5.445935 -9.134965 -8.877113 -7.270600 -13.447229 -3.970346 -4.934886 -4.255678 -3.012771 -10.225868 -6.761575 -7.260250 -4.549867 
-11.788045 -2.875053 -5.198461 -20.592914 -9.567650 -4.708872 -10.631781 -12.556527 -9.556704 -12.598898 -3.625574 -9.287098 -5.443766 -4.529033 -4.803367 -9.256689 -7.244512 -11.220309 -12.053947 -8.487314 -6.642866 -8.665150 -9.701639 -9.731824 -5.628870 -12.589329 -5.445935 -9.134965 -9.048354 -13.909817 -13.899529 -3.970346 -8.816496 -5.035537 -3.012771 -4.077292 -4.966341 -4.408930 -5.800272 -10.473621 -7.914833 -7.961920 -10.904134 -7.792754 
-3.630651 -2.875053 -5.198461 -9.943424 -13.111430 -4.848894 -10.669480 -10.252531 -9.556704 -5.438393 -4.351192 -9.287098 -3.202854 -4.022552 -14.719964 -8.296850 -7.244512 -9.870052 -13.438966 -8.487314 -4.107704 -6.397823 -9.419640 -9.731824 -7.329022 -9.593641 -5.445935 -9.516548 -9.711544 -13.163250 -4.596869 -3.970346 -15.019072 -4.691363 -5.679753 -2.895301 -3.720202 -5.965450 -12.103496 -14.228729 -11.200350 -11.910678 -5.366240 -5.872173 -11.892121 -7.245605 -11.995093 -14.039800 -10.116713 -9.992079 -10.380775 -10.644320 -10.535036 -1.768477 -5.157934 
-2.594330 -2.875053 -5.198461 -12.893276 -11.257822 -5.200596 -10.669480 -6.114178 -8.751074 -4.357075 -10.100290 -9.287098 -10.695254 -1.792153 -21.358441 -14.497029 -6.821853 -4.263261 -8.651388 -8.487314 -4.522928 -2.909755 -8.971547 -5.917774 -7.329022 -3.804311 -5.445935 -9.516548 -11.587694 -11.411768 -4.577338 -3.534229 -14.772618 -4.691363 -4.301722 -4.603605 -5.248347 -11.680346 -12.424042 -4.809690 -4.780858 -4.569169 -13.674550 -6.763803 -9.993858 
-4.599888 -2.875053 -5.198461 -6.806971 -2.771841 -7.075073 -10.735917 -8.934128 -10.904285 -8.542768 -10.958681 -10.225417 -5.657036 -2.416407 -17.635047 -7.992571 -10.941768 -9.087985 -7.602264 -8.444619 -11.460285 -7.269574 -7.814129 -2.470276 -12.072627 -3.804311 -5.445935 -9.516548 -10.938401 -12.338267 -9.307415 -4.513262 -10.080475 -3.793230 -5.008446 -4.886928 -4.972608 -1.875473 -4.775460 -4.026628 -12.954243 -10.477577 -8.643132 -9.705800 -3.917119 -5.993980 -13.914062 -6.419469 -11.683973 -3.347205 -7.999309 -6.128764 -3.001280 -20.054606 
-3.518974 -2.377539 -5.198461 -6.806971 -5.711623 -7.075073 -10.735917 -7.700264 -12.055667 -6.608695 -3.353280 -10.225417 -5.212398 -2.077117 -18.072830 -11.662657 -2.831627 -12.385782 -8.054131 -8.960469 -13.107538 -9.830724 -7.173704 -5.534443 -7.791306 -13.071469 -5.931617 -11.490706 -10.308008 -8.948936 -11.537284 -3.830930 -10.879644 -4.043256 -3.305022 -5.118670 -2.821915 -10.038616 -12.950566 -4.675508 -4.123069 -22.645579 -11.866854 -9.835649 -5.365896 -3.311910 
-4.626880 -2.643874 -4.763862 -6.806971 -2.233950 -6.387999 -9.789779 -10.644385 -14.087012 -7.448879 -11.302878 -9.955527 -3.954693 -9.622168 -5.129750 -13.560831 -3.990403 -10.499429 -3.394848 -8.907855 -15.837265 -9.830724 -6.194218 -10.638702 -2.893850 -6.897419 -5.931617 -3.298543 -11.483881 -5.262527 
-9.425811 -2.643874 -4.763862 -6.806971 -2.930282 -6.194531 -7.716649 -14.994695 -8.564465 -6.883661 -11.392987 -9.955527 -4.004832 -4.187786 -9.086427 -14.041385 -3.431179 -11.226778 -5.106828 -9.293030 -15.837265 -8.255931 -7.963048 -9.350175 -4.302005 -4.719753 -5.484384 -15.829435 -3.418088 -11.543736 -3.372632 -5.756733 -2.927404 -5.780026 -6.474486 -12.438608 -3.747850 -4.762264 
-9.384191 -4.732472 -4.763862 -6.806971 -3.983198 -6.194531 -10.250229 -6.346304 -6.902593 -7.571473 -8.131451 -9.955527 -6.783905 -4.085693 -10.923422 -4.488704 -3.431179 -4.906621 -6.497350 -8.470498 -16.968408 -9.108947 -10.657321 -9.437761 -4.302005 -3.505179 -5.896238 -9.074641 -8.653309 -20.836240 -4.891115 -7.570590 -5.493010 -13.814598 -5.500242 -1.054469 -10.256414 -6.755969 -2.950588 -12.939470 -8.547612 -9.094939 -10.573950 -8.004502 -7.523564 -2.045890 -7.059429 
-9.384191 -5.553349 -4.723156 -6.806971 -5.493616 -6.170482 -10.520888 -1.072301 -6.902593 -7.772124 -10.585651 -9.955527 -10.573950 -8.687704 -13.460935 -4.488704 -3.431179 -15.164704 -6.889192 -11.779573 -5.093158 -2.756115 -10.415374 -9.573781 -3.825608 -5.162937 -6.921302 -11.607277 -8.653309 -20.371541 -7.003733 -9.832722 -9.421720 -8.509600 -3.561886 -13.485936 -2.988521 -2.565894 -7.887708 -3.256692 -6.243869 -12.259357 -5.131800 -7.292546 -22.726157 -6.919662 -4.442184 -8.453150 
-9.055968 -5.553349 -4.723156 -6.806971 -2.375983 -5.195570 -12.392954 -1.072301 -7.035524 -7.982251 -13.270391 -9.955527 -12.255439 -11.919512 -12.078654 -4.488704 -3.431179 -11.521669 -3.357067 -5.373762 -12.563148 -2.977076 -11.654039 -9.573781 -3.320552 -4.719752 -11.158225 -13.823999 -8.653309 -20.371541 -7.003733 -7.838642 -4.803312 -8.940274 -5.485529 -12.849787 -7.552515 -2.316246 -7.082568 -3.403308 -6.471295 -4.689879 -12.190479 -18.428711 -11.366209 -10.388461 -14.304641 -10.624941 
-9.673085 -5.553349 -13.226224 -7.003298 -6.455703 -6.091389 -3.153393 -1.227229 -8.950847 -8.532302 -21.470090 -10.749090 -9.216139 -9.161046 -12.284314 -2.658292 -3.431179 -9.466793 -9.855886 -10.138261 -11.499963 -3.194160 -2.827482 -9.573781 -11.308365 -11.284911 -4.814640 -4.970090 -17.776236 -12.901763 -8.426653 -3.937425 -2.142705 -5.749822 -5.384240 -14.088101 -12.434644 -12.619524 -3.568998 -13.440472 -4.782514 
-9.673085 -5.553349 -10.842076 -6.936633 -10.564557 -5.477920 -3.084143 -1.622770 -11.882195 -8.121188 -4.638517 -14.282489 -8.853758 -6.633337 -10.436228 -2.593837 -3.576252 -10.091264 -9.354440 -6.324072 -11.499963 -5.624513 -3.729573 -8.721391 -11.420415 -11.412204 -4.814640 -4.692598 -17.845298 -13.470415 -4.475983 -3.937425 -7.170345 -9.012494 -14.140987 -14.488408 -8.756305 -8.183833 -6.359521 
-9.673085 -5.553349 -14.729162 -6.936633 -12.618783 -5.219868 -22.320709 -1.448809 -3.195029 -7.910250 -6.597797 -15.296605 -9.293567 -8.327272 -10.436228 -3.244765 -3.576252 -3.804279 -11.211280 -13.311505 -11.499963 -1.465922 -4.641371 -9.552841 -12.058328 -11.412204 -3.952072 -4.717451 -14.215204 -10.265634 -4.596164 -4.618086 -7.170345 -22.155511 -8.388524 -20.011121 -4.572776 -14.401036 
-8.836661 -7.900989 -3.900730 -9.465538 -11.900191 -5.370491 -2.172934 -19.423393 -4.805326 -8.248167 -8.809609 -1.522801 -11.786846 -1.847677 -7.657389 -7.983828 -3.576252 -3.821480 -6.865977 -5.588124 -11.499963 -14.622264 -12.303560 -8.854045 -11.476740 -11.412204 -3.952072 -12.993894 -8.251651 -10.265634 -5.122991 -7.170345 -20.312942 -11.108423 -3.130835 -6.998767 
-7.909797 -7.425305 -4.826284 -4.944987 -6.551659 -5.109059 -17.084926 -14.415241 -4.805326 -9.521359 -12.152496 -1.903998 -7.031464 -10.476778 -7.657389 -9.497957 -13.689914 -3.821480 -6.495302 -4.107706 -11.499963 -4.448516 -9.485086 -9.355321 -12.759565 -11.536116 -3.952072 -14.491410 -8.206128 -11.679354 -5.122991 -13.315684 -11.216770 -5.562100 -13.365637 -11.965737 
-7.320228 -10.171484 -5.878605 -3.611691 -5.122991 -5.109059 -14.541786 -7.451072 -4.805326 -6.132362 -13.273409 -1.876016 -13.629853 -6.513073 -11.172409 -13.600547 -3.909826 -3.821480 -6.626474 -12.429983 -11.499963 -6.290617 -6.340195 -9.355321 -12.058948 -11.200805 -3.952072 -12.059397 -7.448153 -9.640998 -10.300154 -7.422399 -7.152876 -4.388085 -22.316650 -9.444019 -6.158245 -3.727295 -8.201171 -17.821933 -14.595660 
-6.893173 -5.876851 -5.254852 -3.551988 -5.684554 -5.109059 -11.396284 -8.231805 -4.805326 -9.579498 -12.275057 -1.410197 -8.201827 -10.857625 -5.306517 -11.000572 -11.276904 -3.821480 -3.183040 -4.665529 -11.499963 -11.273853 -7.540534 -9.083445 -12.058948 -11.200805 -3.908285 -7.532214 -14.442638 -8.210793 -15.942722 -4.163669 -9.389120 -7.433415 -19.963486 -9.505139 -11.770365 -10.812973 -12.202613 
-9.129052 -7.857027 -6.066496 -6.817065 -7.410873 -5.461688 -4.153283 -8.231805 -4.805326 -5.970009 -8.630282 -5.562200 -10.739488 -4.332048 -12.732963 -5.124082 -2.490873 -3.821480 -9.852700 -14.079901 -11.499963 -10.497498 -7.540534 -9.489847 -12.103300 -11.200805 -3.908285 -6.124715 -12.611319 -8.580451 -16.242372 -4.693481 -5.025840 -7.044810 -2.622944 -6.054405 -3.878878 -4.325146 -18.833695 -19.305208 -12.657566 -7.874659 -2.418860 -5.841620 
-8.816348 -5.414405 -10.789049 -6.830921 -7.465427 -5.461688 -12.779473 -8.163722 -4.482992 -6.042540 -5.818201 -12.155460 -9.195023 -8.827439 -11.518541 -5.090507 -5.351014 -3.821480 -15.991843 -3.908285 -11.321354 -1.300584 -11.238775 -1.067853 -10.929737 -11.306754 -7.829727 -10.211914 
-8.816348 -6.908474 -10.137685 -6.830921 -7.246231 -6.096898 -3.744929 -8.222321 -4.482992 -7.643092 -11.687021 -10.728466 -10.079244 -12.827413 -13.688846 -4.708739 -5.207544 -10.107490 -6.509342 -3.908285 -11.321354 -0.689275 -11.421694 -4.042952 -10.930783 -11.306754 -5.135529 -16.344723 -14.514700 -12.288919 -10.027550 -22.562569 -11.355285 
-9.310574 -7.050304 -10.145296 -6.830921 -7.062357 -5.852039 -3.744929 -8.557103 -4.482992 -3.833307 -8.501127 -9.618512 -11.495604 -10.505253 -5.059999 -12.215953 -6.926324 -9.050081 -3.831644 -3.908285 -11.321354 -1.886816 -5.356867 -16.344723 -11.087600 -11.306754 -5.221528 -2.396821 -4.033975 
-9.313637 -6.245054 -12.537465 -7.246916 -7.715913 -5.517159 -3.744929 -8.557103 -4.482992 -13.801328 -9.373430 -8.024749 -4.763202 -10.823764 -5.528588 -9.614783 -4.321116 -8.753019 -3.171278 -3.749513 -11.321354 -2.127038 -3.987870 -16.128109 -11.647438 -11.306754 -8.401793 -11.506834 -6.566776 -8.194761 -10.861831 -11.629410 -4.978705 -14.607416 -3.752246 -5.223232 -7.648251 -9.272560 -12.507288 -3.626408 -11.925433 -10.825469 -14.950663 -9.890221 -4.130547 -13.995773 -7.202387 
-11.891602 -14.753612 -7.047111 -10.483992 -7.715913 -5.740872 -3.744929 -8.394935 -4.482992 -10.583870 -8.726699 -8.371184 -11.395793 -8.881408 -4.141038 -8.726836 -9.485436 -3.015115 -2.954057 -3.749513 -11.240468 -2.712235 -3.543938 -17.257827 -3.229917 -12.267815 -2.406084 -12.395141 -9.278063 -7.559874 -13.043526 -12.082963 -10.632381 -12.512850 -12.186466 -12.781916 -14.544870 -8.757884 -12.798782 -4.484663 -4.010391 -12.678337 -11.761777 
-11.802928 -7.419034 -8.824851 -8.446664 -7.581135 -5.844164 -3.852166 -8.394935 -4.482992 -5.270659 -8.891770 -12.895380 -12.433569 -7.682621 -6.860373 -9.227450 -12.693400 -9.888478 -8.757884 -3.749513 -11.240468 -1.835645 -3.739698 -4.422491 -2.877791 -13.574471 -11.290306 -1.247735 -9.360273 -8.103215 -6.930913 -10.573732 -11.042948 -8.402052 -11.101833 -9.689737 -4.241605 -10.495690 -11.264177 
-11.580586 -8.443710 -7.338883 -10.587383 -3.958357 -5.844164 -3.852166 -9.072726 -4.482992 -3.675382 -9.343785 -11.381216 -13.709141 -7.682621 -7.355572 -8.116547 -12.912612 -11.775186 -11.159776 -3.749513 -11.240468 -1.844931 -3.227349 -5.206269 -2.659953 -7.342847 -10.531518 -11.101833 -8.127607 -8.103215 -4.031214 -10.946041 -10.606685 -15.250314 -12.215100 -2.124154 -6.225543 -14.471026 -6.667362 -7.478286 -5.210097 -12.250474 -12.004518 -14.333078 -4.812867 -14.495877 -4.224830 -10.018142 -14.897639 -18.719581 -2.660719 
-10.761109 -13.061901 -1.887182 -9.434285 -5.161600 -5.557540 -3.852166 -8.348656 -4.482992 -4.565345 -9.343785 -10.213180 -4.094431 -7.682621 -7.570999 -8.600119 -14.497699 -13.069544 -11.494152 -3.749513 -8.306758 -1.488557 -9.757110 -13.863812 -2.285868 -11.876764 -12.550208 -10.865423 -5.022980 -8.666887 -3.992056 -20.941830 -9.973841 -10.561766 -10.567825 -11.221007 -7.003868 -1.255142 -4.359423 -5.954151 -9.304520 -12.282653 -7.537657 -7.090218 -22.722422 -7.944538 -5.162897 -3.245338 -7.326603 -6.759583 -7.519384 -2.734168 -5.788628 -6.086613 -14.774897 -8.361133 
-10.883818 -2.734209 -3.400598 -9.677468 -4.095935 -5.557540 -3.852166 -8.348656 -4.482992 -6.181305 -5.754798 -8.290365 -9.667722 -7.984313 -7.584641 -6.905234 -14.207792 -13.353566 -9.834541 -3.749513 -9.626798 -1.726577 -8.868384 -10.688720 -2.225435 -12.641876 -13.447248 -12.066678 -4.488796 -8.666887 -5.143819 -8.399174 -10.577442 -10.561766 -11.107570 -5.368616 -7.655801 -12.967165 -12.085797 -11.200619 -6.007655 -8.610478 -8.189587 -3.529167 -5.861632 
-21.010446 -13.495437 -12.415328 -8.760459 -3.720387 -6.540967 -3.852166 -8.348656 -4.482992 -6.705801 -14.005765 -8.290365 -10.891040 -8.742735 -8.189587 -7.360610 -12.490160 -14.468198 -11.854652 -3.749513 -12.260988 -11.044206 -5.392098 -10.819174 -2.225435 -12.766398 -6.739381 -12.568485 -4.399199 -9.164272 -5.521383 -8.108072 -10.661044 -10.561766 -12.124644 -4.309972 -2.382578 -9.405666 -5.730665 -6.347538 -3.644382 -9.355263 -7.602749 -6.244623 -5.230290 -6.611705 -7.363024 
-10.746691 -11.936700 -13.483630 -9.605978 -3.714971 -6.540967 -3.852166 -8.348656 -4.482992 -3.460370 -12.447363 -8.290365 -4.403186 -3.793467 -7.777968 -4.576395 -12.490160 -10.587231 -13.766926 -3.749513 -12.165756 -7.133988 -6.118335 -9.072113 -2.225435 -10.740629 -7.555379 -11.691897 -4.163712 -9.987181 -4.167139 -12.275176 -11.129209 -5.221552 -4.087391 -3.815012 -3.020038 -3.893317 -7.304279 -10.627805 -9.703390 -12.788543 -11.136577 -7.844995 -10.026318 
-12.035465 -12.931361 -11.742693 -10.780245 -6.396845 -6.540967 -3.852166 -8.311510 -4.482992 -15.358448 -10.548613 -8.290365 -10.526514 -12.080301 -7.777968 -2.590854 -14.217173 -10.600071 -10.151943 -3.749513 -12.126047 -17.171684 -6.118335 -3.391243 -2.554116 -4.728417 -4.347148 -0.904702 -2.786425 -2.789753 -2.101517 -12.477729 -8.452647 -6.884802 -3.947253 -11.807862 -1.975540 -4.108487 -5.249805 -5.013491 -7.950251 -6.824924 
-7.903948 -4.313654 -13.052839 -11.262455 -6.031078 -6.540967 -3.852166 -8.311510 -4.482992 -13.052132 -9.809735 -8.871394 -10.698162 -9.350840 -8.086929 -14.255204 -10.977701 -9.816150 -9.607997 -3.749513 -10.593960 -5.578480 -6.234256 -2.110886 -2.554116 -12.148351 -6.695675 -12.395393 -3.480086 -5.412885 -8.606491 -10.771657 -8.628192 -13.086221 -7.141258 -15.157998 -7.902350 -5.992146 -5.969215 -14.128572 -6.614710 -4.359666 -3.260043 -13.190335 -12.700893 -11.626984 -7.923299 -2.341349 -11.499278 -10.298309 -9.853599 
-11.724815 -2.484843 -4.290324 -13.887576 -6.489607 -15.186981 -3.852166 -8.534071 -4.327587 -9.681640 -6.460775 -8.669197 -10.530787 -7.727274 -10.609223 -21.439260 -12.042373 -9.816150 -9.607997 -3.749513 -8.476821 -8.377848 -6.752793 -2.110886 -2.554116 -11.072701 -6.614710 -5.479889 -3.685079 -9.272495 -7.469620 -11.886935 -10.358039 -13.086221 -9.065484 -6.739569 -9.632682 -5.335839 -12.471651 
-8.403589 -14.552193 -14.409996 -1.424832 -4.028991 -1.312123 -3.852166 -8.067229 -4.327587 -13.366819 -5.365097 -8.669197 -10.530787 -7.732676 -8.499394 -4.587179 -12.447926 -9.816150 -10.341581 -3.749513 -8.476821 -2.766790 -7.468068 -1.601317 -2.449071 -10.750710 -6.614710 -19.951804 -5.117605 -10.094821 -10.975891 -11.868638 -12.784077 -5.335398 -10.542453 -5.993943 -9.586380 -6.546972 -5.714723 -12.626059 -11.547704 -9.679300 -6.580205 -8.713293 -3.605455 -4.239145 -4.316323 
-10.692557 -9.580943 -3.018216 -6.901876 -4.683633 -7.460752 -3.852166 -10.264879 -4.327587 -4.425800 -8.427201 -8.669197 -9.006100 -7.732676 -8.512912 -11.563039 -4.299271 -7.940595 -11.126117 -3.749513 -7.027193 -6.481327 -6.524145 -7.929769 -2.944633 -11.821191 -5.516356 -20.812841 -12.644323 -10.709775 -7.247199 -6.560638 -13.967549 -2.566944 -12.393269 
-3.998333 -10.786410 -12.813260 -10.048267 -4.525823 -8.156448 -3.852166 -11.311726 -4.497610 -2.300559 -12.466115 -8.669197 -11.696016 -8.252913 -7.634496 -4.653279 -8.987127 -10.150356 -11.313252 -3.749513 -6.104094 -6.287068 -2.909904 -7.143822 -2.604920 -9.056481 -5.596394 -14.024857 -10.122072 -5.853008 -3.049739 -9.768502 -5.598631 -4.690194 
-11.986348 -14.323339 -12.676895 -10.048267 -5.345338 -10.518134 -3.852166 -11.945682 -4.497610 -2.300559 -3.775325 -10.776499 -2.123744 -8.252913 -7.469603 -4.695177 -8.710342 -11.347750 -8.921684 -3.583960 -14.620706 -5.534256 -10.113319 -7.143822 -11.251617 -5.010255 -5.596394 -14.913572 -10.122072 -4.087615 -9.346709 -13.039433 -12.045392 -5.510423 -12.225539 -11.353704 
-11.986348 -6.199345 -5.511850 -9.558789 -4.969392 -13.296447 -3.817437 -7.675581 -4.497610 -9.518225 -4.876534 -10.776499 -2.179860 -8.102162 -7.728917 -10.865987 -10.759041 -10.660760 -8.921684 -3.583960 -0.745689 -5.024043 -4.120749 -6.674432 -8.034356 -12.248733 -5.544466 -6.824839 -9.073674 -11.088451 -10.888375 -2.880354 -9.814080 -8.505062 -9.362231 
-12.723097 -10.829952 -7.408758 -9.320087 -11.440481 -7.130488 -3.817437 -3.958224 -4.497610 -8.680986 -5.149766 -8.869895 -2.362942 -8.204478 -7.761290 -1.833626 -9.197730 -10.660760 -10.823492 -3.583960 -7.051653 -13.742254 -3.388325 -8.247430 -6.004613 -11.666318 -6.480295 -6.664684 -14.417103 -9.353070 -10.242988 -8.577783 
-12.243919 -14.558131 -11.564216 -10.428971 -9.280470 -5.641485 -3.414627 -10.132506 -3.984044 -5.780271 -3.483603 -9.203249 -2.255789 -9.138867 -9.174663 -1.571919 -9.270314 -10.660760 -5.240292 -6.098768 -6.664684 -10.494716 -4.802458 -6.790797 -8.195741 -12.739254 -6.480295 -11.297055 -6.753579 -4.886134 -7.653954 -11.379952 -12.705081 -5.698266 -3.864802 
-11.767080 -10.547257 -8.751782 -2.709202 -7.915029 -6.028515 -3.414627 -10.162226 -3.984044 -9.668772 -3.483603 -8.379930 -2.255789 -8.075669 -4.242981 -2.428470 -6.546571 -8.531389 -12.611478 -4.863987 -6.529018 -9.562348 -11.605065 -7.975661 -8.195741 -9.345967 -5.872810 -3.596739 -14.781113 -3.608990 -6.520597 -10.296180 -10.812282 -4.922767 -13.589609 -7.448098 -21.800963 -10.342505 -10.084650 -8.635242 -12.733507 -14.723242 -9.712317 -10.432458 
-11.892446 -12.506950 -8.751782 -5.258581 -9.220131 -4.097210 -3.414627 -11.094990 -3.984044 -3.460339 -3.483603 -7.790128 -3.025147 -8.387617 -3.679279 -0.980906 -3.270776 -7.806820 -8.211615 -6.632847 -5.390955 -10.416366 -11.605065 -7.220777 -8.754000 -1.215325 -5.872810 -9.327834 -6.022257 -7.435392 -6.796808 -8.294146 -8.146382 -7.980067 -14.627276 -10.289047 -11.053123 -12.394710 
-10.321093 -13.294108 -8.875939 -5.715400 -11.155142 -4.384386 -3.340241 -9.206846 -3.984044 -11.483787 -3.483603 -7.790128 -10.123087 -9.728698 -4.386136 -1.727246 -5.585089 -7.806820 -14.663376 -4.025176 -7.130168 -10.378820 -11.749709 -7.436487 -11.848230 -3.991870 -5.861749 -5.027188 -8.948195 -3.484694 -6.796808 -2.707070 -7.204511 -13.020863 
-10.476162 -8.381108 -8.875939 -6.479301 -11.376437 -4.227863 -3.340241 -11.449664 -3.984044 -12.889017 -3.483603 -8.598848 -8.366438 -12.571388 -4.386136 -2.807479 -6.443146 -7.806820 -9.333981 -14.358222 -7.130168 -10.378820 -11.049487 -9.539289 -5.145792 -4.255051 -5.861749 -5.945724 -8.304214 -5.471222 -6.796808 -2.356037 -7.960612 -12.095516 -4.898825 -13.189461 -4.875163 -5.992525 
-7.737876 -14.108291 -7.771147 -5.855494 -8.494932 -8.355947 -3.340241 -12.201197 -3.984044 -5.498060 -3.483603 -8.501099 -4.289474 -9.087349 -4.386136 -2.282252 -4.885289 -7.811813 -7.344857 -6.934544 -7.130168 -10.658939 -11.049487 -7.732514 -13.446737 -4.112530 -5.861749 -8.932908 -4.448824 -2.400085 -6.928678 -2.838061 -7.960612 -11.937331 -10.362168 -5.090830 -7.237913 -10.258459 -9.526871 -12.219618 -13.596056 -3.532919 
-7.558566 -10.230077 -11.009262 -11.329386 -7.218592 -3.448479 -3.340241 -10.600817 -3.984044 -5.733302 -3.483603 -2.586831 -5.373941 -10.746027 -4.027557 -5.016655 -9.494237 -7.915867 -7.344857 -7.985247 -7.130168 -10.658939 -11.049487 -8.114509 -11.424541 -7.056009 -5.861749 -9.305447 -5.265114 -5.607208 -6.102286 -2.536395 -7.082630 -12.939165 -9.686509 -5.090830 -6.317798 -10.814473 -9.270516 -2.065182 -5.481301 -10.156665 -7.930766 -9.698121 -9.023900 
-6.803392 -10.900930 -12.348446 -6.452809 -4.351756 -11.257859 -3.327706 -14.544906 -3.984044 -12.292501 -3.483603 -1.993106 -5.373941 -11.181165 -3.965276 -8.475425 -7.528926 -7.915867 -7.344857 -10.870758 -8.648291 -10.658939 -11.370228 -8.281415 -12.505910 -11.032491 -5.861749 -9.305447 -5.981132 -9.852457 -6.102286 -3.071830 -11.542272 -13.789622 -9.572527 -5.090830 -4.842648 -11.916091 -6.773611 -7.850228 -12.302725 -5.960515 -6.635590 -7.208245 -6.478027 -11.972504 -5.150590 
-6.803392 -11.152217 -10.854324 -7.660008 -3.340679 -4.906446 -3.327706 -5.738997 -3.984044 -11.829447 -6.961944 -1.695802 -5.106196 -6.386805 -7.234111 -7.831322 -7.822544 -7.915867 -11.202069 -11.353646 -14.094048 -10.658939 -8.759471 -9.827924 -10.588537 -8.296483 -5.861749 -4.959796 -8.868539 -3.371886 -6.050752 -3.074401 -12.307016 -9.357679 -8.070843 -4.058357 -6.018160 -10.028021 -6.503707 -11.245057 -4.581769 -7.562603 -9.864544 -4.100447 
-7.899725 -5.275527 -4.580168 -14.921361 -3.454933 -8.813545 -3.843801 -7.574976 -3.984044 -12.836086 -7.491710 -2.528297 -9.643351 -3.891779 -15.610217 -5.879137 -7.822544 -7.789616 -11.480010 -10.887217 -10.842665 -10.658939 -8.036419 -9.827924 -6.946578 -8.296483 -5.861749 -10.649637 -12.192608 -3.371886 -6.050752 -2.735754 -8.913437 -5.581187 -6.043837 -5.518156 -1.009429 -6.414680 -3.445840 -12.022578 -10.405991 -12.701034 -9.952195 -2.847955 
-7.107589 -5.275527 -4.653428 -5.394780 -3.072045 -5.033006 -4.130258 -8.463156 -3.984044 -12.728047 -5.156521 -13.180288 -9.833333 -5.155911 -4.693486 -2.424707 -7.822544 -8.599909 -7.302289 -11.247371 -9.979363 -6.888956 -10.568472 -9.060957 -4.936983 -4.755884 -5.599747 -6.664906 -4.462228 -3.371886 -5.773068 -2.735754 -7.189019 -5.887387 -9.327804 -4.277481 -4.099831 -9.345649 -3.540909 -10.928328 -14.976223 -1.361458 -6.526714 -4.250197 -7.750887 
-7.843488 -4.030895 -3.966208 -5.866918 -3.072045 -14.267965 -4.130258 -9.591166 -4.085293 -3.120390 -0.942949 -15.344149 -8.703827 -3.128842 -5.428344 -1.979280 -7.822544 -8.513543 -12.423796 -11.336437 -9.979363 -11.075873 -11.534773 -9.060957 -5.585674 -14.977037 -5.599747 -4.278437 -2.490656 -3.371886 -5.773068 -7.536250 -10.083588 -6.953428 -5.774969 -11.296077 -8.298809 -1.361458 -3.649440 -14.511465 -13.442994 
-8.614573 -15.022442 -9.650065 -13.534005 -2.566982 -4.442711 -4.130258 -7.682486 -4.085293 -5.782985 -1.646896 -7.079713 -9.337706 -10.717309 -6.504195 -3.524038 -8.481130 -9.268879 -6.641158 -11.050269 -8.153540 -11.238332 -1.897612 -9.060957 -13.740767 -10.093811 -5.542402 -3.807582 -3.513021 -3.371886 -4.443331 -11.080964 -9.122952 -12.079928 -12.299170 -6.940197 -6.714043 -2.687803 
-8.614573 -2.701687 -5.961346 -9.728309 -9.305659 -5.976931 -3.481803 -7.578115 -4.085293 -7.793385 -12.420145 -2.186852 -9.864092 -11.109129 -6.181652 -1.793164 -8.481130 -9.268879 -2.583525 -4.082836 -1.860488 -13.308804 -3.295706 -9.060957 -8.394067 -1.940837 -5.542402 -3.458452 -12.371353 -3.371886 -3.156174 -11.509203 -6.567015 -8.276078 -12.694826 -13.116077 
-11.519922 -7.145082 -6.659701 -7.993479 -8.976773 -9.782546 -3.130423 -6.071056 -4.085293 -5.537669 -9.923767 -4.008834 -9.883331 -8.108353 -14.945652 -11.617635 -5.182088 -9.268879 -9.612138 -5.405836 -3.214145 -10.726848 -2.182011 -9.186144 -10.423738 -3.770943 -5.542402 -14.779500 -12.042856 -3.371886 -3.382523 -10.804988 -6.806107 -12.507574 -12.941013 -4.309703 -13.201155 -4.473209 -10.794627 -13.355837 -8.902754 -8.364689 -6.746603 
-5.975748 -7.287511 -6.789237 -12.347260 -9.804437 -12.779166 -3.517468 -6.071056 -4.085293 -8.902754 -7.861971 -12.920467 -9.502139 -7.166021 -3.951470 -5.249386 -11.294715 -9.268879 -4.795637 -5.437223 -2.669622 -8.524485 -3.375733 -9.186144 -7.914853 -10.509044 -5.561343 -6.077244 -11.526348 -3.371886 -3.382523 -9.683705 -5.855346 -4.622796 -8.544125 -4.309703 -4.003696 -4.873270 -3.736289 -9.655809 -1.968718 -11.907356 -12.331710 -14.417014 
-15.762119 -10.367543 -9.022588 -11.589583 -14.594115 -4.569298 -11.211392 -6.071056 -4.085293 -8.073643 -13.602610 -4.022669 -6.500198 -6.286054 -8.829174 -3.427993 -8.493665 -9.648545 -11.238795 -3.813489 -3.218280 -7.523306 -4.703284 -9.144419 -4.780469 -12.359796 -5.533527 -3.685846 -11.103976 -3.371886 -2.294923 -11.726653 -15.057703 -11.290841 -5.011862 -6.777400 -9.580710 -15.678730 -20.512469 -22.813217 -15.114420 -15.025108 -1.242778 -4.437210 -4.442182 -4.557097 
-14.563279 -8.354138 -6.659305 -10.540715 -9.475265 -9.137775 -2.590189 -6.071056 -4.085293 -8.697080 -4.168204 -11.863902 -5.031673 -6.286054 -8.829174 -22.299823 -12.624666 -2.682422 -11.935015 -15.202368 -4.771584 -3.428502 -4.076900 -9.144419 -7.982727 -10.935715 -4.792784 -3.685846 -11.926197 -3.371886 -2.528618 -10.512882 -12.255601 -3.575431 
-8.449534 -8.354138 -6.234724 -10.632866 -4.325054 -2.969577 -3.356523 -6.071056 -4.085293 -9.816220 -2.301146 -4.007238 -3.865075 -6.286054 -4.092872 -22.824354 -4.459649 -13.260919 -10.545588 -11.348653 -14.585391 -7.003714 -4.399121 -9.324686 -3.371886 -12.974516 -5.206829 -3.685846 -11.719235 -15.622404 -9.085196 -10.010433 -12.876263 -13.143416 -2.132855 
-3.798571 -10.738293 -6.783884 -10.632866 -4.796176 -2.969577 -11.835424 -6.071056 -4.085293 -14.712032 -14.091586 -5.514267 -14.871433 -6.286054 -4.934413 -22.824354 -14.443422 -6.790503 -5.862687 -5.017164 -6.771293 -8.775686 -4.608941 -8.760776 -3.371886 -12.735032 -9.671540 -3.675399 -12.176841 -9.521362 -8.527203 -2.789334 
-3.527061 -4.704841 -5.934509 -11.244105 -4.454071 -3.354224 -9.830969 -6.071056 -4.085293 -3.200123 -11.376108 -1.713881 -8.019320 -6.747955 -6.172642 -3.984727 -2.233624 -6.087454 -10.986371 -4.708993 -15.074609 -1.801877 -4.814362 -8.774845 -3.371886 -9.176496 -10.453932 -10.519407 -14.793466 -12.200298 -11.803289 -14.162046 -10.627619 
-12.146083 -7.810765 -5.701300 -11.244105 -6.541886 -3.592704 -10.255342 -6.071056 -4.085293 -3.022975 -12.073889 -1.591584 -8.624095 -6.555641 -12.272467 -4.698611 -2.233624 -7.539692 -12.799551 -5.079154 -12.701034 -13.944682 -7.547447 -8.877339 -3.371886 -10.515458 -10.819796 -10.695572 -5.262715 -5.762603 -10.350074 -13.228365 -7.178405 -4.107783 -6.368076 -18.739693 -10.646039 -14.107614 -12.354606 -3.198538 -5.063994 -11.935634 -18.208999 
-9.154862 -11.431288 -6.869097 -20.319996 -5.249146 -3.592704 -18.166263 -6.071056 -4.085293 -3.586308 -9.890584 -1.591584 -8.836267 -6.800926 -9.344142 -12.962262 -2.233624 -4.246772 -5.970055 -6.291511 -4.207320 -10.448622 -9.941561 -8.877339 -3.371886 -5.327770 -5.523224 -10.695572 -5.558261 -6.641861 -11.204069 -15.314779 -10.584939 -12.209191 -7.789092 -4.925768 
-11.033834 -11.865398 -5.761883 -9.770600 -6.908631 -3.592704 -18.229675 -6.071056 -4.085293 -9.552869 -9.842011 -2.271147 -9.124913 -6.559182 -9.039388 -11.188352 -2.233624 -4.990921 -7.881169 -5.476573 -4.488510 -10.570697 -11.293801 -8.877339 -3.371886 -9.151146 -4.863050 -10.932772 -4.675259 -8.832722 -2.427866 -14.306712 
-6.443094 -10.900722 -5.340293 -10.187721 -15.848946 -10.564561 -9.379555 -6.124728 -4.085293 -11.190853 -14.832010 -0.875351 -9.812719 -7.390406 -9.645251 -9.746195 -2.570739 -3.582134 -13.397650 -10.954006 -14.710146 -11.057754 -9.992520 -8.871670 -3.371886 -15.079684 -4.226102 -5.154643 -11.950081 
-7.052299 -8.723138 -7.837514 -6.739052 -11.949897 -5.335685 -10.001795 -6.613417 -4.085293 -12.860445 -9.925728 -2.448926 -9.374785 -7.986972 -9.114410 -3.150836 -3.198315 -8.441091 -5.358203 -9.913937 -10.126795 -6.610136 -10.428532 -8.871670 -3.371886 -5.577355 -10.961992 -5.154643 -12.565323 -14.972454 -15.039070 -6.086427 -6.722403 -9.737348 -15.701348 -10.720832 -3.370412 -20.373616 -11.709030 -12.358478 
-5.069164 -12.591616 -3.373210 -5.791703 -7.682475 -3.271009 -8.996687 -6.000807 -4.085293 -12.260235 -7.289527 -2.448926 -9.374785 -8.569488 -9.114410 -3.150836 -3.086832 -9.448644 -4.270294 -9.913937 -3.809437 -5.433080 -8.882462 -8.871670 -3.371886 -6.798523 -5.547563 -5.154643 -12.657112 -13.635294 -9.763945 -9.292902 -9.804490 -10.601832 -4.402046 -11.379121 -4.471703 -12.838252 -7.698441 -11.374109 -4.914611 -10.134329 -3.297016 -22.013027 -2.824736 -22.725748 
-12.427533 -12.591616 -5.599881 -9.347425 -6.253927 -1.408532 -9.232438 -7.883759 -4.085293 -12.260235 -11.688808 -1.265442 -10.328062 -8.569488 -9.114410 -3.114403 -5.291139 -9.454307 -2.636522 -9.913937 -3.809437 -13.158397 -14.124037 -8.793013 -3.371886 -3.628091 -5.563559 -5.154643 -9.677291 -14.108858 -6.595805 -14.283065 -9.804490 -3.680369 -17.565089 -11.179306 -6.189870 -3.608286 -6.126383 -10.414191 -12.251198 
-8.332139 -12.591616 -12.883793 -11.408674 -5.512152 -13.088538 -6.727484 -7.883759 -4.085293 -5.747670 -6.761858 -1.620418 -7.963030 -8.284789 -8.465207 -3.782590 -10.200323 -4.098560 -3.328515 -9.758380 -3.614258 -7.097690 -3.245446 -8.793013 -3.371886 -6.213646 -4.300635 -5.154643 -6.075075 -6.501772 -5.601717 -11.470325 -5.220052 -2.604656 -17.565089 -11.573780 -9.792915 -5.074575 -9.732853 -6.038516 -2.332378 -14.432246 -5.288445 -13.237944 -4.483437 
-7.724158 -3.674428 -3.060820 -9.309933 -12.679159 -10.012649 -21.604910 -6.917952 -4.085293 -10.555208 -4.262549 -3.454201 -10.024073 -9.978054 -7.388678 -2.307468 -9.907670 -9.697013 -15.232874 -10.652644 -3.614258 -5.078072 -3.325423 -8.793013 -3.371886 -12.795053 -8.093431 -5.118052 -14.202179 -5.491714 -3.543947 -11.820007 -5.790342 -2.604656 -11.480037 -12.690680 -9.792915 -8.609037 -9.335877 -6.909163 -11.659373 -6.855411 -2.736886 -4.242255 -9.151725 -9.988537 -5.547836 -13.030687 
-7.117086 -1.684896 -7.442698 -11.387567 -10.827825 -13.701697 -5.970364 -6.535837 -4.085293 -4.622438 -10.977681 -3.454201 -10.024073 -8.790854 -7.211200 -12.780598 -9.134947 -12.714465 -6.887199 -10.026370 -3.799763 -8.392793 -9.104012 -8.793013 -7.406143 -3.048989 -12.613064 -5.118052 -20.763328 -9.213229 -3.543947 -10.404547 -7.056548 -2.528013 -9.765680 -12.690680 -9.792915 -3.063845 -5.650312 -3.448338 -11.932062 -7.982454 -2.949735 -9.846538 -4.440798 -10.661494 -7.864527 -9.993626 -7.921636 -5.538232 -6.012381 -10.791696 -21.125007 -8.377177 -6.908276 -5.649004 -7.072632 -9.366926 -5.440789 -6.260739 -12.722890 
-6.460041 -1.692670 -4.384941 -9.069038 -4.209743 -7.723792 -2.991856 -7.452304 -4.085293 -10.151535 -9.634525 -3.454201 -10.024073 -11.579767 -5.259253 -9.557310 -12.025140 -8.833135 -11.302131 -13.425995 -3.799763 -8.804133 -9.610128 -8.793013 -14.105861 -13.836589 -11.752558 -5.496830 -8.572128 -13.703691 -5.724645 -9.772829 -9.663391 -2.938472 -3.398785 -13.579077 -10.028449 -6.852297 -6.341158 -12.789254 -12.289376 -6.614217 -4.074148 -13.887566 -8.823376 -12.562560 -7.572849 -3.095406 -12.424446 -21.495617 -3.122244 
-9.521482 -4.976033 -10.554228 -4.761551 -11.789654 -14.819053 -4.955225 -7.452304 -4.085293 -4.964271 -9.752074 -3.454201 -10.024073 -12.127326 -3.501962 -4.996774 -7.717411 -10.335246 -5.719638 -8.098866 -3.799763 -8.804133 -9.606686 -8.793013 -13.482371 -4.913928 -14.837656 -5.496830 -6.833986 -10.627250 -10.184736 -9.480892 -9.978346 -2.768139 -9.817449 -12.403017 -10.028449 -6.393641 -11.064974 -12.786865 -8.242341 
-10.399727 -4.976033 -5.616601 -9.966918 -11.402775 -12.640060 -3.505020 -7.132885 -3.890791 -12.485521 -9.752074 -3.454201 -8.146925 -10.370992 -11.409915 -10.145762 -8.154163 -9.972383 -5.719638 -10.028449 -3.162517 -7.714718 -9.807611 -8.793013 -8.533379 -3.763320 -7.216507 -5.496830 -6.911506 -3.595269 -11.136212 -9.741854 -4.145179 -13.135168 -10.395662 -14.760030 -9.522391 
-4.507892 -2.676983 -9.620325 -11.136212 -5.419846 -7.616415 -3.322310 -6.338831 -3.981060 -10.327688 -9.122784 -3.454201 -8.457005 -4.939385 -12.207810 -9.006953 -9.750443 -3.464788 -8.816619 -10.028449 -2.571370 -9.152670 -3.445108 -8.793013 -8.859949 -5.159640 -13.391989 -5.496830 -10.106775 -2.928492 -8.664625 -15.162267 -21.096381 -2.702948 -3.618067 -9.264890 -9.559106 
-5.360531 -1.408564 -3.821515 -12.115352 -12.983203 -7.616415 -3.959166 -7.250185 -3.981060 -9.067592 -7.689517 -3.454201 -9.819312 -11.201803 -4.745152 -14.435881 -10.434862 -5.783866 -9.774529 -10.877784 -2.571370 -8.460368 -3.445108 -8.576326 -6.840874 -21.096381 -10.779216 -5.569108 -10.014426 -4.629323 -7.640160 -12.556708 -11.316819 -12.124472 -6.946053 -11.273602 -10.341499 -12.105458 -7.438370 
-5.470842 -13.144083 -3.881001 -10.672860 -13.056299 -4.662907 -4.029802 -7.250185 -3.762372 -9.482028 -3.931320 -3.489331 -7.673744 -12.716940 -4.805858 -5.520670 -22.157511 -9.108958 -9.107105 -10.930712 -2.245915 -6.857984 -3.102120 -9.282461 -10.614842 -20.215310 -10.316936 -5.624509 -1.507180 -4.876830 -7.020731 -12.073722 -10.872384 -9.693923 -7.644911 -10.751197 -7.851262 -8.340718 -10.199777 -13.897963 -6.519395 -13.120066 -3.530451 -7.367674 -7.631500 -8.008796 -8.818813 -10.006096 -13.641287 
-9.948805 -9.853022 -6.131008 -5.817973 -11.280337 -5.276403 -3.301374 -7.018490 -3.762372 -3.643321 -9.630777 -3.489331 -7.673744 -10.430645 -9.033911 -4.124853 -9.754595 -2.955408 -9.679315 -10.930712 -2.245915 -8.381071 -7.408511 -9.317508 -10.645090 -19.332676 -5.797626 -5.624509 -1.420814 -6.702316 -13.136904 -11.134865 -7.014200 -10.341329 -5.449449 -9.912644 -10.362318 -8.467357 -3.123743 -6.366683 -11.175631 -11.523376 -1.995483 -7.172133 -6.766326 -7.839093 -3.544772 
-8.890417 -5.047118 -6.995232 -11.397449 -10.327979 -5.737100 -2.761577 -6.501221 -3.762372 -6.644933 -9.969680 -3.489331 -8.492667 -9.023986 -5.218805 -13.225560 -10.048647 -3.457623 -3.745464 -11.167831 -2.600617 -8.086662 -14.619237 -4.921485 -11.456743 -8.346347 -14.077638 -5.604041 -2.130377 -9.353925 -13.679149 -11.771569 -6.097478 -11.416257 
-13.606877 -7.212923 -6.694306 -11.454317 -10.327979 -9.039821 -9.526125 -6.501221 -3.762372 -3.407600 -10.169879 -3.489331 -8.565398 -9.022717 -3.753426 -22.135491 -10.947241 -13.623999 -6.674652 -11.957019 -4.181370 -7.627143 -8.124651 -3.653970 -10.402962 -6.389494 -14.077638 -4.888328 -11.845865 -4.918499 -12.851603 -13.212997 -6.846240 -2.767104 -1.862395 -9.818283 -9.396635 -15.202642 -5.956857 -9.303179 -2.374727 -13.532893 -15.000739 -7.777685 -2.942174 -8.362615 -12.229235 -13.203848 -9.418497 -11.082413 
-12.634831 -8.213152 -4.540408 -8.984718 -10.852529 -11.847592 -9.473174 -6.501221 -3.762372 -21.836250 -10.734434 -3.489331 -9.415010 -9.271262 -6.045072 -4.256265 -4.446367 -20.221778 -9.381836 -10.996274 -7.410722 -7.701641 -3.704424 -3.365369 -10.178024 -5.998616 -13.201651 -4.888328 -11.474183 -10.564333 -21.482615 -11.743366 -8.359182 -4.543909 -2.208488 -7.957044 -5.302418 -7.749177 -8.876157 -7.790099 -4.466066 -10.459208 -7.795058 -8.955391 -11.489476 -8.161444 -3.673665 -3.176006 
-10.597152 -11.933074 -10.518022 -9.682597 -7.795058 -9.616097 -10.602847 -6.501221 -3.762372 -3.219985 -10.734434 -3.489331 -11.528651 -9.334219 -11.123726 -4.256265 -8.093760 -16.778403 -7.504281 -5.797832 -5.321420 -7.701641 -9.678380 -3.530055 -12.398275 -5.998616 -5.135694 -4.325763 -5.321367 -9.048884 -14.717958 -13.010514 -7.741148 -15.516400 -2.208488 -4.907085 -6.790325 -3.618656 -10.460687 -12.549629 -9.612758 -11.567466 -11.796056 -11.534993 
-10.898078 -9.395474 -10.846006 -9.682597 -11.447100 -12.111625 -9.569073 -6.347833 -3.762372 -9.697096 -10.952700 -3.489331 -11.551810 -9.334219 -11.760327 -4.256265 -12.230071 -17.437582 -9.803476 -10.045789 -8.334752 -9.117629 -12.670224 -4.024897 -10.228505 -5.998616 -7.170247 -5.274593 -9.032142 -5.412139 -14.497119 -11.306146 -2.857450 -4.222981 -3.567978 -3.381451 -7.654606 -4.304857 -6.487897 -11.163555 -2.096584 -12.563853 -7.638897 
-8.309999 -11.627351 -10.357433 -9.275191 -11.370664 -12.885905 -9.468172 -6.576964 -3.762372 -10.362499 -10.799935 -3.489331 -13.935169 -9.045039 -12.609399 -4.045743 -6.855047 -19.979272 -8.986003 -9.316880 -6.250545 -8.742798 -1.716135 -3.424330 -10.595640 -4.766400 -6.891992 -4.608356 -12.698920 -2.874949 -6.799848 -10.791242 -10.017352 -5.786360 -10.186091 -9.050282 -11.983121 -6.562689 -8.515731 -4.348896 -12.757580 -11.862592 -7.077025 -8.780692 -9.700211 
-7.834092 -10.678456 -11.723684 -4.334054 -6.092071 -13.573032 -9.468172 -6.576964 -3.762372 -9.634248 -14.984688 -3.489331 -12.040625 -12.266219 -10.768963 -5.856792 -9.700211 -8.099637 -5.997458 -8.471157 -12.595199 -12.925298 -1.859921 -4.141078 -3.132187 -14.404677 -6.891992 -11.527160 -15.044100 -10.133104 -22.369570 -5.606619 -3.903585 -3.384058 -5.974030 -5.078038 -6.847131 -8.515731 -6.976728 -10.189469 -12.217914 -7.929201 -4.837200 -7.547902 
-8.044079 -14.313136 -5.961347 -4.334054 -5.026075 -12.653089 -10.464949 -5.584526 -3.762372 -10.295206 -6.414339 -3.489331 -3.606481 -10.955772 -10.783263 -7.503365 -8.801666 -4.648680 -8.906732 -4.234982 -9.663860 -3.461012 -3.072400 -3.321011 -1.748997 -4.399729 -22.425974 -6.143735 -10.802081 -7.567279 -5.225708 -10.079637 -7.224971 -22.753415 -5.974030 -8.208102 -10.806801 -4.505141 -11.386456 
-7.443659 -10.860584 -11.639108 -4.165436 -6.068330 -11.714994 -10.464949 -9.898869 -3.762372 -1.979977 -6.597352 -3.489331 -3.985516 -8.958530 -11.724640 -5.909661 -8.801666 -5.580000 -1.794605 -8.090325 -14.437669 -5.679666 -10.369541 -4.955239 -8.565566 -9.403972 -17.799893 -9.308534 -11.298630 -4.427712 -11.477357 -4.520107 -7.158181 -12.514993 -8.840247 -3.584167 -8.813966 -6.697389 -11.588497 -8.332523 -3.170761 -6.513108 
-11.182276 -5.728284 -11.573338 -11.910778 -10.636259 -4.150959 -10.464949 -9.313522 -3.762372 -11.572281 -7.846069 -3.489331 -2.930109 -12.630094 -11.011735 -4.636779 -8.138143 -5.513649 -12.798466 -8.778191 -13.039028 -9.142205 -4.228323 -15.025608 -5.429349 -5.757796 -18.195847 -10.694535 -7.881527 -10.667992 -8.286318 -5.690059 -7.158181 -5.341466 -7.613972 -6.400094 -6.806846 -4.987892 -5.150454 -6.946323 -1.525585 -3.841854 -10.086160 -1.853185 -5.944973 
-5.956668 -11.116737 -12.048548 -3.154752 -15.190856 -9.904109 -10.464949 -9.678047 -3.762372 -4.854317 -9.677230 -3.489331 -2.940428 -7.158181 -10.324693 -5.151184 -8.655496 -5.513649 -11.639649 -3.357192 -2.551630 -7.936968 -9.040803 -3.540010 -3.019712 -12.768722 -11.711646 -11.038019 -3.708812 -10.525882 -10.887338 -11.734074 -11.226115 -4.825393 -4.534000 -11.001501 -5.617037 -7.095002 -1.864665 -4.526514 -10.833746 -12.517222 
-6.312975 -8.979078 -2.550246 -12.271096 -8.512251 -2.626771 -9.799830 -8.593297 -3.762372 -4.122916 -9.343250 -3.489331 -13.242104 -7.031683 -10.394739 -8.915109 -7.913311 -5.513649 -9.925629 -5.777957 -1.892227 -7.936968 -9.040803 -3.235326 -7.370889 -9.561517 -10.439096 -11.557504 -10.736279 -11.319152 -9.508539 -3.464140 -12.881584 -12.459532 -3.585295 -3.654099 
-5.192568 -10.609096 -2.493683 -9.404318 -4.587722 -6.353863 -3.714054 -11.620041 -3.762372 -10.582186 -8.769749 -3.489331 -15.121791 -7.251349 -11.697636 -12.485563 -9.096989 -5.513649 -4.311123 -4.573500 -1.455182 -7.936968 -11.512378 -1.710297 -7.604334 -8.801036 -12.363169 -2.600625 -9.896190 -12.320876 -9.562462 -12.535116 -3.643329 -2.597473 -11.368481 -11.312386 -5.666066 -18.227672 -2.321160 -5.170733 -7.863321 -8.232364 
-5.020767 -9.113970 -11.596053 -9.696725 -2.253049 -5.225195 -11.019529 -3.116705 -3.762372 -10.582186 -8.769749 -3.489331 -15.335693 -7.251349 -5.171868 -11.899987 -9.583129 -5.513649 -11.842890 -3.121766 -1.455182 -7.936968 -8.931942 -10.133895 -7.614679 -3.410753 -11.667026 -5.119421 -6.759674 -11.214534 -6.829159 -4.945937 
