1.010559 1.110268 0.886071 1.056206 0.795289 1.209272 1.244455 1.246801 0.982958 0.843674 1.068987 0.941760 1.129609 0.885777 1.203258 1.079998 1.112091 1.232257 1.109947 0.802431 1.047907 0.912424 1.204867 1.013880 1.249119 1.229020 1.168517 0.895175 1.083542 1.015351 0.894380 1.067529 1.085101 0.817566 1.210161 1.251751 1.191064 1.192817 0.964242 1.163655 1.055390 0.971960 1.005215 0.863456 0.972028 1.212968 1.101547 1.032498 1.176629 0.863981 1.039202 0.974814 1.116593 0.938620 1.134656 1.147019 1.255907 
0.968495 1.095161 0.857096 1.184405 0.796308 1.058775 1.243618 1.237507 0.970855 0.804090 0.853853 0.954330 0.890708 0.861603 1.146446 0.993080 1.095425 0.889838 1.075759 0.829943 1.031179 0.905869 1.165983 1.113064 0.886744 0.802243 0.806402 0.853102 1.245619 0.991749 1.060920 1.014645 1.067326 0.954250 1.225479 1.201156 0.849914 1.099518 0.950444 1.174906 0.985946 0.950700 0.968979 1.114427 
1.014241 1.116840 0.843591 0.889738 0.798368 1.063045 1.243618 1.245009 0.970855 0.806230 1.253594 0.991266 1.045599 0.850413 1.205522 1.023276 1.021805 0.869353 1.215657 0.833983 1.208390 1.053184 0.888413 0.935836 1.186505 0.922265 1.086670 0.843767 1.245619 1.018346 0.907356 0.999636 1.062345 1.134708 1.093825 0.963451 0.856315 0.983666 0.823874 1.088045 1.161455 0.946330 0.910065 
0.958430 1.103474 0.884637 1.117897 0.794516 1.063045 1.242498 1.237352 1.002966 1.098793 0.901296 1.007296 1.083939 0.844670 1.202709 0.999524 0.891287 0.842115 1.124666 0.821171 1.254858 0.989060 0.910137 0.931065 0.911282 0.852134 1.066202 1.143505 1.241625 1.040718 0.983634 0.984702 0.965510 1.208339 1.158403 0.876636 0.876889 1.167896 0.879530 1.250385 
0.972183 1.138116 1.161968 1.240440 0.794516 1.224835 1.249368 1.250260 0.938588 1.051099 1.222049 0.976128 1.031093 0.847838 1.155547 1.026611 0.895228 1.018385 0.997313 0.834097 1.222385 0.924518 0.930627 0.965954 0.844177 0.858831 0.982404 1.196466 0.958154 1.033394 0.908994 1.174728 0.861085 1.062017 1.104425 1.154784 1.244294 1.138669 
1.091278 1.154771 1.213420 1.239257 0.794516 1.149219 1.249446 1.208865 0.943194 1.079298 1.060751 0.982925 1.256653 1.170626 1.178073 1.029717 1.064814 0.872989 0.843990 0.812290 1.240558 0.971738 0.920498 0.941965 0.840760 0.872866 1.010800 1.215709 0.825785 1.145225 1.044216 1.033972 0.890586 1.103484 0.959766 0.824342 1.030602 0.801463 1.065942 1.091184 1.120201 1.052388 0.846250 0.938412 0.998847 0.908087 0.992290 0.964917 0.900146 0.996262 0.994972 0.838682 0.858172 0.977840 
1.170069 1.104877 1.229430 1.015535 0.794516 1.166874 1.229251 1.242845 0.915685 0.956072 0.925426 0.975406 1.247642 0.994972 0.854516 1.025499 1.093872 1.054424 1.084584 0.856561 1.251707 0.891920 0.944058 0.911943 1.168204 1.054168 0.942259 0.972434 0.967241 0.970904 1.065631 1.152290 0.826559 0.888080 1.199806 0.837160 1.107475 0.875932 1.141022 0.801280 0.805736 0.820830 0.952062 1.224482 1.114275 0.841962 1.046912 1.165578 0.991584 0.904805 1.022992 0.841262 
0.983779 1.131164 1.226104 0.973488 0.794516 1.063103 1.252537 1.244257 0.938627 0.984836 1.227249 1.008862 0.867479 0.803261 1.159166 1.004305 1.059176 0.945487 1.005586 0.832420 1.238269 0.854635 0.920232 1.208060 1.032854 1.014172 0.951910 1.044735 0.833185 1.136749 1.002559 1.007574 1.085702 0.838065 1.214635 0.804187 1.231691 0.904200 1.195691 0.976897 0.835574 0.809063 1.012319 0.825286 0.829840 0.880883 0.933012 1.027479 0.862986 1.056996 1.230119 1.174302 1.141379 1.173026 1.218925 1.045530 
1.235395 1.112662 0.896386 0.903033 0.795358 0.827154 1.255978 1.236478 0.950356 1.065402 0.904311 1.020747 0.958858 0.985725 1.103779 1.235413 0.940158 0.988090 1.028741 0.828981 1.220918 1.238032 0.920232 1.128487 1.012388 1.082388 1.156782 1.187442 0.963708 1.095704 0.921320 1.082510 1.038110 0.907163 1.230349 1.212609 0.877299 0.894408 1.213033 0.852529 1.063712 0.899221 1.040974 1.142940 
1.231683 1.123410 0.962022 0.994543 0.799572 0.925688 1.258604 1.240193 0.960615 0.878007 1.154391 0.979169 0.813422 1.209364 0.895683 0.891187 0.818036 0.797539 1.231564 0.903422 1.142298 1.232032 0.833086 1.093747 1.004536 1.014226 1.132782 1.208091 1.133801 1.010561 0.918329 1.037133 1.019876 0.876512 1.005664 1.093318 1.054262 0.893991 0.987344 0.959160 1.108703 0.805487 0.928259 1.093671 0.856106 1.085794 1.000472 1.144563 1.169164 0.872342 
1.256715 1.112423 0.925863 1.148473 0.794692 0.820431 1.258604 1.248926 0.943587 1.077456 0.978023 0.966979 0.960651 1.188819 0.932672 0.861650 0.794823 0.925236 1.248397 0.844594 1.027344 1.182813 1.050412 0.955837 1.129397 0.930065 0.999386 1.176042 1.235296 1.180453 0.897028 1.077115 1.053787 1.075525 1.130629 1.114620 1.037462 0.998475 1.095540 1.013456 1.019685 
1.256715 1.129933 0.909461 1.129899 0.794692 0.883580 1.253675 1.239956 0.970882 0.852763 1.060965 0.968310 0.966002 1.187531 0.900915 0.860050 0.815886 0.972099 1.105367 0.854211 1.210745 1.257870 1.035617 1.008880 1.046784 1.139608 0.832832 1.228342 1.197872 1.062573 0.862503 0.794799 1.232460 1.061819 0.972118 1.137002 1.108247 1.153986 0.905292 1.044996 0.923086 0.966643 1.014334 1.157411 0.995449 0.858128 1.138036 0.970326 1.142304 1.067179 0.884829 0.908071 0.894835 1.186573 1.184394 0.890214 1.065587 0.934690 1.062853 0.912639 1.173951 1.075937 1.132132 
1.256715 1.129933 0.941104 1.256205 0.794692 1.207577 1.237135 1.189817 0.989100 0.903597 1.091698 0.974947 0.814091 1.054506 0.871340 0.843219 0.933015 1.111521 1.184685 0.884576 1.005399 1.242341 0.998605 1.055744 1.096254 0.815910 0.967339 1.159489 1.129637 0.837421 0.891912 0.808862 0.836836 1.126061 1.057493 0.991127 1.007678 1.069426 0.971006 1.206624 0.938738 1.207711 0.990858 1.116452 1.129563 0.996995 
0.862382 1.129933 0.953477 0.991900 0.796804 0.946072 1.245970 1.226529 0.960046 0.921202 1.155945 0.987474 0.946109 1.117514 1.033453 0.873912 0.886015 0.958182 0.865665 0.841337 1.257651 1.237727 1.069037 1.094725 0.872750 1.068297 0.965936 0.825309 1.035059 0.973079 1.115123 0.818547 1.099349 0.968298 1.165660 1.059368 1.013407 0.928846 1.187243 1.246996 0.952800 0.845982 1.251663 0.954140 
1.087347 1.125780 0.942353 1.059804 0.796684 0.828191 1.233543 1.240020 0.963260 1.237977 1.163089 0.986729 1.083325 1.017649 1.032048 1.160105 1.226410 0.938922 1.233693 0.864252 1.249728 1.256440 1.053384 1.014983 0.935306 1.080477 0.973363 0.889549 1.125008 1.254526 0.929774 0.844468 0.897162 1.157000 1.121039 1.232541 1.075924 1.001067 0.879475 1.124352 0.884361 0.963490 1.135551 1.064510 1.183715 0.912091 0.897377 0.918837 0.894892 0.805326 0.992260 1.249734 0.968423 
0.898346 1.135838 0.913220 1.038038 0.795172 0.972018 1.243077 1.210711 0.943659 1.240452 0.838272 0.966175 0.978412 1.239281 1.132521 1.102443 1.007654 1.212963 0.912348 0.901177 1.244127 1.256440 1.040263 1.051585 0.902067 1.056842 0.949962 0.915657 0.983841 0.905820 1.051797 1.023090 1.083004 0.959488 1.103948 1.150107 1.138492 
1.204964 1.159450 0.994008 1.038928 0.794748 0.924965 1.243620 1.017368 0.992342 0.880154 0.808443 0.984317 0.933710 1.178962 1.061609 1.219410 0.913931 1.014996 0.978024 0.849999 1.247363 1.209448 1.188721 1.244270 1.249588 1.072093 1.219342 1.048363 1.126292 0.899737 1.059254 0.902019 1.055353 1.243394 0.954885 0.829491 1.055805 1.165544 0.998236 0.955336 1.007977 1.124923 0.872317 
1.125254 1.139416 0.910201 1.035559 0.797612 1.075709 1.236724 1.049160 0.935143 1.059762 0.809398 1.015539 1.240225 1.151539 1.059525 0.880272 1.064341 1.254104 1.233018 0.858923 1.226344 0.973156 1.190088 1.200059 1.246006 1.063305 1.258383 0.840253 0.997834 0.889290 1.034658 1.219895 1.173427 0.907563 0.969635 1.095688 1.087645 0.990123 1.149859 0.990867 0.976369 0.908929 0.834367 1.014829 1.181075 0.865615 
1.227629 1.115561 0.895603 1.051212 0.794623 0.980814 1.236724 1.018517 0.964494 1.007901 0.899285 1.024373 0.882213 1.181604 1.068976 0.954935 0.959690 1.254770 0.942245 0.843855 1.131114 0.869457 1.211594 1.212569 1.257350 1.090578 1.258383 0.974764 0.882930 0.878381 1.214067 0.834654 1.168872 0.807139 0.981286 1.136411 1.058215 0.838941 0.848268 
1.233823 1.171018 0.946504 0.909202 0.794623 1.083347 1.252025 1.188228 0.989509 0.815935 1.164530 1.024373 1.202389 1.181609 1.079497 1.084098 1.069730 0.963052 0.896658 0.889526 1.062624 0.898515 1.202658 1.044973 1.253448 0.924630 1.247256 0.995183 1.107781 0.897813 0.920202 1.121113 0.940599 0.868647 1.134943 0.834167 
0.908163 1.147061 1.050784 0.989914 0.794623 1.091909 1.252025 1.233447 0.968827 0.831411 1.192844 0.986902 1.241232 0.893410 1.043752 0.909654 0.972746 0.953322 1.199691 0.827176 1.051850 1.088843 1.159072 1.253899 1.237187 0.887319 1.135785 
0.905834 1.168155 0.974062 1.004553 0.798427 1.086006 1.253705 1.258725 0.965766 0.807402 1.181771 1.000313 1.143743 0.886282 1.010886 0.795431 1.100490 0.932537 1.181996 0.848701 0.803352 1.100237 1.136020 1.235146 1.025066 0.916877 0.842317 0.945145 1.054068 1.038164 0.888731 0.885216 1.095356 1.185421 1.056010 1.051382 1.098683 0.884689 1.168743 1.257552 1.219942 0.959328 1.149506 0.966454 
0.984289 1.143888 1.244880 1.033056 0.798427 1.026093 1.253705 0.895325 0.985236 1.236638 1.057566 0.999772 1.237257 0.873283 0.924970 0.807548 0.899656 0.954716 1.229098 0.909060 0.886911 1.055760 1.050570 1.235146 1.029901 0.940065 0.975755 1.004305 1.112492 1.053459 1.020124 0.996926 1.100923 1.161908 1.153029 1.142617 1.245317 0.964714 0.855881 0.820796 0.995031 0.888904 1.098903 1.044270 1.012346 1.182981 0.815383 1.016705 1.032930 0.899752 1.219756 0.969364 0.981364 1.130804 1.041481 
0.834054 1.116462 1.207632 1.036915 0.798427 1.069198 1.229287 0.798487 0.963454 0.993645 0.829126 0.973511 1.116640 0.897315 1.082524 0.949921 0.886776 0.933622 1.122591 0.814427 0.871577 1.066298 1.045082 1.227861 1.094515 0.947619 1.025776 1.211342 1.015515 1.005976 0.935380 0.808787 1.068437 1.070911 1.164003 1.199241 1.238105 0.848968 0.915450 0.944432 0.897296 0.947884 0.981062 
1.043694 1.125601 1.247720 1.112275 0.798427 0.901408 1.253984 0.798487 0.945905 1.034733 1.062928 0.956435 0.976157 0.864068 1.104465 0.874755 0.914668 0.949167 1.124191 0.847160 0.962025 1.064770 0.957920 1.065780 0.868754 1.181755 0.936814 1.239354 1.052097 1.056460 0.865810 1.003958 1.211806 0.828063 1.164003 1.214020 1.253524 1.067955 1.050700 0.960262 0.849850 0.871962 1.057704 1.212729 1.036344 
0.818140 1.171404 1.254651 0.965133 0.798427 0.974334 1.253984 0.814427 0.955458 0.876651 1.225014 0.980176 1.256296 0.996572 0.950684 0.835374 0.928820 0.967120 1.103512 0.818034 1.191911 1.102726 0.906487 0.868067 0.903069 0.900006 1.190739 1.256090 1.178579 1.034136 1.059845 0.996864 1.099340 1.201416 1.165626 1.242440 1.127219 0.805638 1.039220 0.931009 
0.989691 1.171276 1.235466 0.967465 0.797324 1.072311 1.254605 0.903747 0.933020 1.169218 0.981159 0.964551 1.189426 0.961884 1.039323 1.201972 0.938860 0.923412 0.842378 0.851070 0.917290 1.058759 0.857578 1.189758 0.843534 0.986132 0.922648 1.257785 1.153995 1.028424 0.799777 1.005199 1.105103 0.825203 
0.801332 1.157368 1.219964 1.046194 0.799874 1.038904 1.252662 0.977719 0.929277 0.830320 0.973149 0.874297 1.236689 1.173172 1.083100 1.209031 0.894586 0.928410 0.982486 0.810465 0.870187 0.927056 1.041934 0.975751 0.850184 0.805484 1.115564 1.254109 0.934544 1.039358 0.946140 0.997182 1.214870 1.144838 0.845025 0.968740 0.890375 1.000590 1.021304 1.236466 1.094312 0.858314 0.945133 1.171920 0.933413 0.891107 1.027183 1.019980 1.044563 0.906316 0.862074 1.111630 
0.944846 1.182512 1.107640 0.806087 0.794955 1.089873 1.248767 0.825382 0.947595 1.147813 0.973149 0.845506 0.908379 1.211243 0.912254 1.132460 0.889893 0.897201 0.953095 0.844955 0.989319 1.015663 1.243093 0.971879 0.896952 0.832610 1.198321 1.252769 1.114260 1.016746 1.097251 1.238045 1.016379 0.862205 0.857151 1.187959 0.848724 1.084112 0.955513 1.205154 1.101752 
0.834391 1.157344 0.917825 1.081421 0.794955 0.884895 1.076813 1.238730 0.988302 0.979236 1.156613 0.914193 0.998045 0.863933 0.964193 1.132460 1.035325 0.946484 0.983581 0.863231 0.989319 0.913815 1.221639 0.849469 1.028240 1.105143 1.254278 1.257072 1.029073 1.049174 1.097251 1.249056 1.236116 1.229280 1.102919 0.911426 0.968547 1.079981 0.977652 0.828070 0.960306 
1.190815 1.137556 0.986080 1.214276 0.794955 0.862889 1.004690 1.251885 0.919829 1.050526 0.889888 0.922791 0.838290 0.879702 1.032293 1.176929 1.086584 0.944382 0.945577 0.815677 1.046592 0.910730 1.223114 0.804194 0.902065 0.833479 1.171481 1.257072 0.894572 1.009253 1.077619 1.254312 1.153956 1.231076 1.246126 0.914489 0.993333 1.154207 0.963210 1.049911 0.953162 0.947016 1.115901 0.843995 
1.222866 1.123878 0.861596 1.093594 0.794955 1.145973 1.075640 1.210184 0.969722 1.223872 0.869972 0.924803 0.972467 0.915870 1.076030 1.170623 1.086584 0.971957 0.937578 0.854998 0.842046 0.855008 0.824965 0.801012 0.848862 0.814406 1.220959 1.256630 1.015186 1.062938 0.987182 1.254312 1.036032 1.027516 0.861487 0.959542 1.225572 1.152811 0.984365 1.093453 0.873669 0.838241 1.043940 0.946362 1.052925 0.803605 1.208491 1.126389 1.079806 0.856488 1.000474 1.229454 0.993830 
1.214461 1.148170 1.017264 0.844935 0.796234 0.945355 0.945313 0.840301 0.922526 1.211893 0.846487 0.983355 1.037507 0.886016 0.921435 1.182841 0.930721 0.856061 0.923956 0.866981 1.065495 0.855858 1.002775 0.819209 1.223595 1.247066 1.206191 1.251351 1.092107 0.989659 0.934222 1.254312 0.857577 1.057311 1.120298 1.002923 1.248454 0.901018 0.986041 1.195788 0.873091 1.234318 
0.970160 1.120939 1.025862 1.039994 0.794780 0.984296 0.908266 1.064423 0.980643 1.158653 1.020211 1.062401 1.037600 1.079790 0.977514 1.186548 0.916424 1.119665 0.901235 0.800360 1.116652 0.885027 0.932830 0.819705 0.852225 0.941191 1.207054 1.248379 1.161459 1.243270 0.876542 1.237583 0.871698 0.919877 1.246337 0.853236 0.947266 0.964420 0.844137 0.871153 1.166622 0.973832 1.027042 0.906000 
1.027621 1.166713 1.033766 1.087526 0.794780 0.950816 0.843435 1.073840 0.964034 1.010307 1.086223 1.008967 1.097376 1.079543 0.997562 1.148842 0.908377 0.937255 0.969968 0.836864 0.802835 0.888970 0.922348 0.823187 0.988281 1.012263 1.173081 1.254016 1.182817 1.233711 0.830611 1.247704 1.091249 0.829980 1.012320 0.879789 0.929809 1.198607 1.241286 1.071985 0.891483 
0.976182 1.166141 0.938662 1.080823 0.794780 0.951198 0.866432 1.081343 0.943595 1.089610 1.118258 0.956217 1.146994 0.986184 1.076404 1.151616 0.920867 0.803337 1.092760 0.837707 1.215770 0.904647 1.048146 0.828186 0.855613 0.950471 1.233304 1.247995 0.915317 1.215638 0.992422 1.234678 1.027389 1.048182 0.950638 0.853231 0.971172 1.039251 1.009824 1.128463 1.179802 1.067937 1.027735 0.990245 1.227666 0.950273 1.002478 1.024216 0.985829 
1.125042 1.075973 1.198161 1.150960 0.796703 1.042212 0.862200 1.243969 0.959491 1.077907 1.076699 0.999709 1.152178 0.856421 0.927069 1.144965 1.000027 0.821535 0.916319 0.853581 1.217483 0.854139 1.185244 0.816009 1.034246 0.905963 1.223970 1.217737 1.247827 1.137480 1.004994 1.228057 0.978317 0.949851 1.098588 0.877618 1.250676 1.208728 1.006592 1.055859 
0.966271 0.919634 1.184770 1.201358 0.796703 1.133144 0.882578 1.040825 0.968988 1.082564 1.046819 0.997545 1.231192 0.842960 0.903215 1.140864 0.920484 1.131970 0.912259 0.800103 1.031827 0.930611 1.202730 1.208678 1.168800 0.951553 1.180349 1.245129 1.171206 1.189759 0.899980 1.230554 1.087872 0.966304 0.849788 1.100734 0.917786 0.814593 1.178416 0.839199 0.839491 0.980558 0.962485 0.896227 0.817920 1.066799 0.909929 
1.046787 1.070313 1.177293 1.135810 0.796703 1.040071 0.873061 0.861688 0.958323 1.085401 1.046819 0.964368 1.155262 0.795507 0.931824 1.247899 0.894351 0.920887 1.093243 0.886935 0.990760 0.797570 0.993770 1.182384 1.091987 0.967264 1.227361 1.097195 1.243025 1.170745 0.923131 1.247756 1.035034 0.958228 0.972555 1.134563 1.048995 1.099992 0.881656 1.257691 1.193624 0.805174 1.144553 0.879777 1.215615 1.250399 0.962625 1.164949 0.875076 0.882554 1.061136 
1.045845 1.050821 0.897500 0.818810 0.800377 0.976940 0.907051 0.880077 0.971631 0.987086 1.183224 0.993570 1.171892 0.809748 0.839439 1.091106 0.942818 1.209286 1.094655 0.873401 0.895373 0.897126 1.097937 1.238398 0.840485 0.893387 1.256089 1.064183 1.217108 1.223391 0.921911 1.254764 1.068177 0.987032 0.859042 1.131321 1.062722 0.956489 1.205790 1.257691 1.083523 1.011991 1.033030 
1.244135 1.208577 0.896342 1.006191 0.794438 1.257691 0.886018 1.092649 0.970081 0.851367 0.950531 1.003444 1.134172 0.821981 1.185475 1.150930 1.109969 1.158243 0.865926 0.912150 0.916215 0.892576 0.853431 1.028825 0.942838 0.894434 1.256416 1.147203 0.796937 1.245439 0.899398 1.239164 1.210908 0.987279 0.844639 1.179686 1.050669 1.007158 1.157966 1.037054 1.249899 0.932170 0.977314 1.096434 1.060503 1.000475 0.859718 0.933156 
1.227804 1.052310 1.075448 1.036108 0.794438 1.256264 0.899452 1.106253 0.979742 1.032538 0.935077 0.943603 1.194187 0.805680 0.864435 1.182001 0.902013 1.167617 0.805851 0.836736 0.874469 1.118062 0.897340 1.221054 0.891941 0.885829 1.251772 1.107127 0.910459 1.235005 0.898998 1.245875 1.135766 1.127265 0.884502 0.837836 1.030177 0.998538 1.063168 1.186241 1.240587 0.942459 1.182684 1.069179 0.967888 0.991942 1.188601 1.131771 1.000186 1.249048 1.040699 0.951455 0.892250 0.835787 1.108627 
1.251007 0.903409 0.848153 1.090325 0.794438 1.235255 1.145354 0.989750 0.940141 1.121536 0.964044 0.984894 1.182914 0.797145 0.921412 1.041848 1.014102 1.044113 1.083007 0.819420 0.881511 0.900200 1.079644 0.909279 1.001538 0.886417 1.252156 1.075774 0.890334 1.206783 0.895429 1.198623 1.147796 1.080802 0.823038 1.232315 1.057676 0.942804 1.132837 1.155664 1.208845 0.809953 1.182684 0.823722 0.973947 1.152335 1.213077 1.171107 1.017720 1.249048 0.894497 1.017288 1.068367 0.948578 1.169590 1.206769 1.115859 0.799315 1.173613 1.157204 0.995900 0.931624 0.910147 0.969103 1.243006 0.888167 0.973314 1.102933 1.157964 1.080312 0.911024 0.831910 
1.062608 1.001146 0.894959 1.094701 0.794438 1.235255 1.034349 1.021923 0.992526 1.030477 0.891933 0.986329 0.846970 0.819448 1.010390 1.031786 1.147820 1.071484 0.825525 0.847805 0.899399 1.173375 0.906272 0.948685 1.172610 0.927606 1.243371 1.113503 0.945126 1.189480 0.944189 1.249602 0.887846 1.026220 1.034106 1.123805 1.026306 1.202341 1.202893 1.104392 1.256909 1.149337 1.228959 1.012824 1.020166 1.253720 0.924871 0.989907 1.050297 1.101419 1.137019 1.220361 1.009046 
1.040624 1.127670 0.992157 1.154405 0.794712 1.235255 0.942035 1.167774 0.938484 0.904333 0.868759 0.969287 0.879020 0.832296 1.018096 1.256254 1.089365 1.039297 0.801038 0.871853 0.911871 0.975881 1.042386 0.804877 1.131586 0.927224 1.243371 1.062026 1.251799 1.230024 0.805632 1.056511 1.129583 1.177342 1.091363 1.045242 1.043204 1.196940 0.966408 1.050678 1.221231 0.957823 1.132451 0.945301 0.971504 1.220213 0.872197 1.182972 1.060639 1.090287 1.223389 0.968714 0.989692 1.064740 
0.955307 1.038238 1.114789 1.133519 0.794712 1.195935 0.952556 0.989680 0.935412 0.977860 1.104513 0.978884 1.172534 0.811511 0.798657 0.900861 1.064269 1.015690 1.231197 0.822061 0.855941 1.043383 0.980832 1.055774 1.090248 0.928687 1.241510 0.866981 1.222168 1.184621 0.879773 0.906837 1.066484 0.880143 1.205251 1.067624 1.156209 1.221533 0.859242 0.839180 0.907918 0.958603 0.861878 1.016175 0.993394 0.947883 0.976087 
1.184037 1.026132 0.962212 1.163599 0.794909 0.817625 0.955931 1.184823 0.933268 0.938199 0.893684 0.981679 0.885028 0.810935 0.843735 0.894201 1.063216 0.819578 1.055479 0.846079 0.999732 1.226784 1.001139 0.931966 1.078794 0.966439 1.255641 1.020807 1.222956 1.232305 1.249543 1.193570 1.190866 0.883416 0.892259 0.901279 1.160293 1.214711 1.040752 1.089469 0.901014 1.155745 1.175388 1.024909 1.062996 1.021176 1.081689 1.053298 1.103490 1.253424 1.177653 1.191625 1.225164 1.176820 1.091208 1.139760 0.910420 0.852156 1.066130 
0.941575 0.859739 1.196676 1.185905 0.794909 0.955651 0.918823 1.255434 0.905927 0.941158 0.898318 0.942128 0.945848 0.799667 0.846725 1.140665 1.044608 1.187487 1.239249 0.835923 0.878165 0.970663 1.075031 1.036086 1.065983 0.893642 1.220801 1.184181 1.199704 1.172270 1.037665 1.195300 0.985398 1.146448 1.160149 0.866001 1.028215 1.126523 1.034609 1.104802 1.182034 1.055873 0.955600 1.207873 1.003578 
1.238386 0.870083 1.245736 1.076617 0.802186 0.980989 0.904687 1.236818 0.936360 0.853909 0.919959 0.986845 0.920685 0.812865 0.895100 1.190704 1.034910 1.204971 0.943991 0.878925 0.893187 0.977946 0.798406 1.036086 1.102376 0.894420 0.941538 1.247364 1.217651 1.116940 1.041334 1.196315 0.867772 0.981381 1.115158 1.244785 0.966188 0.799387 1.241394 0.860194 1.220223 1.082965 0.824132 1.046809 
1.242657 0.879264 1.123132 1.085566 0.802186 1.055314 1.160622 1.002311 0.953977 0.922004 1.239203 0.962151 1.243075 0.796013 0.833180 1.206045 1.027411 1.212744 1.049705 0.856531 1.023650 0.991321 0.939147 1.040653 1.096991 0.905035 1.160064 1.212469 1.256169 1.244606 0.892035 1.245209 0.956141 1.214473 1.201427 1.147336 0.933227 1.008477 1.118080 1.138426 0.951576 1.091083 0.970930 1.047154 0.867713 0.998157 1.053144 1.208630 0.889313 1.219623 
1.207244 1.147151 1.135991 1.078755 0.794970 1.158822 0.884838 1.199416 0.899460 0.876459 1.184533 0.977518 0.907713 0.799888 0.833180 1.196120 1.066506 1.235236 0.952697 0.973769 0.824349 1.247840 0.860023 1.072292 1.118328 0.901447 1.101358 0.978647 1.237984 1.233377 0.966022 1.245209 0.953033 1.049913 1.252967 1.161551 0.840932 1.243807 1.093651 1.069318 0.922010 0.897800 0.824353 0.977306 1.063685 1.110835 0.970490 0.841077 
0.971559 1.091216 0.811530 1.043136 0.794970 0.871902 1.225483 0.956153 0.995696 0.935856 1.213553 1.029059 0.985999 0.818245 1.255462 0.917988 1.053563 1.221915 1.011974 0.908241 1.040972 1.232451 0.915635 1.066818 1.004339 0.929539 0.923593 1.190439 1.257968 1.189273 1.144045 1.237220 0.876420 1.077305 0.921904 1.220825 1.123260 1.230465 0.840159 0.964626 1.050981 0.874319 1.002225 1.163583 0.843639 1.226792 0.853897 1.016226 1.033659 1.120859 1.184206 0.914026 1.084142 
1.033612 1.248121 0.856457 1.241434 0.796964 0.845585 1.224757 0.992601 0.947351 0.957113 1.189123 0.975849 1.098870 0.807732 1.037098 0.946717 1.053563 1.136774 0.897710 0.804901 0.854185 1.258680 1.108087 0.919428 1.103384 0.932402 1.206131 0.960067 1.257430 1.187608 0.966334 1.206970 1.243127 1.074525 1.112940 1.077551 0.891558 0.833961 1.253076 0.854833 1.129458 
0.894931 1.248610 0.845030 1.246299 0.804298 0.816147 1.248419 0.848555 0.936519 0.935151 1.182496 0.982760 1.087027 0.813542 1.063478 0.921468 1.042182 1.056061 1.006527 0.853558 1.060988 1.246585 1.011255 0.828743 0.926697 0.873208 1.089340 1.013295 1.227139 1.210026 0.880685 1.238110 1.207326 1.202646 1.157282 0.820032 0.850234 1.222921 1.093544 1.250479 1.214890 0.947557 1.201693 0.871864 0.927104 1.020580 1.120816 1.003348 0.872714 1.055049 0.998083 1.136641 
1.064587 1.057870 0.821777 1.223048 0.797203 1.030143 1.014895 0.799373 0.903416 1.059225 1.153464 0.987450 1.039092 0.838799 0.962021 0.908731 1.068015 0.847690 0.961623 1.231425 1.055328 1.248217 1.232394 0.802743 0.945143 0.944561 0.978637 0.872021 1.179616 1.151175 0.899887 1.238110 0.936413 1.018170 0.804595 0.897930 0.844622 1.010523 1.088620 1.220919 1.053561 0.986173 1.047288 0.854132 0.887406 1.254099 1.126651 1.190417 1.047809 1.065821 0.926158 1.072300 1.091230 1.081007 1.082733 1.251538 
0.942951 0.918343 0.868106 1.206986 0.799535 1.042545 0.967893 1.110555 0.971401 1.184100 1.154345 0.967523 1.077758 0.821212 1.028763 0.929231 1.037221 0.935548 1.160394 1.177014 0.843207 1.231845 1.214684 0.908087 0.808092 0.905617 1.201215 0.988927 1.227631 1.204359 0.895533 1.240053 1.007507 1.254099 1.028530 0.797071 0.868873 1.055127 1.037063 0.969028 0.853482 0.980376 0.910818 1.057664 1.171659 1.198083 0.918405 1.097966 1.094375 
1.173185 0.856562 0.841373 1.211618 0.849664 1.053706 0.853370 0.968175 0.964197 0.992782 0.980227 0.899740 1.014975 0.794344 1.032376 0.909928 0.803772 1.123099 1.213890 1.150808 0.851622 1.234074 1.027641 0.971578 0.964434 0.918937 1.190268 0.937585 1.257058 1.148018 0.908316 1.240083 1.009708 0.957679 1.043222 0.840259 
1.109856 0.841642 0.807222 0.886579 0.945452 1.014021 1.176968 1.016157 0.905318 1.032033 0.956539 0.964860 1.019201 1.094298 1.081038 1.125149 0.800232 1.026864 1.168008 0.812911 0.844395 1.194319 1.029847 0.862468 1.139613 0.857696 1.129122 1.010474 1.199268 1.167771 0.912354 1.194007 0.950402 0.924127 0.957414 0.981277 1.222935 1.174590 1.213015 0.998873 
1.134429 0.850498 0.821934 1.150374 0.977707 1.083905 1.145321 0.902626 0.909873 0.953379 1.224069 0.891261 1.069800 1.035259 0.919580 1.241448 0.795543 0.931089 0.832289 0.817708 0.838086 1.216784 1.003828 1.096237 1.183129 0.905055 0.868580 1.015408 1.209125 1.152473 1.019424 1.005123 0.950683 
1.180297 1.214900 0.819610 1.109942 1.160336 1.079231 1.114568 0.877520 0.944573 0.968478 1.193676 0.950917 1.056855 1.024235 0.910914 1.205930 0.795543 0.869800 1.170219 0.804759 0.843395 1.239624 1.048300 1.121693 1.137098 0.872303 0.982935 0.956532 1.197145 1.244599 1.050710 1.157307 1.139063 0.801005 0.830473 0.996180 1.069116 1.232387 1.052441 0.963451 1.213763 0.802394 1.165231 0.837558 1.171411 1.181796 1.198890 0.935449 
1.241572 1.217143 0.843305 1.155874 1.164903 0.927705 0.927741 0.833244 0.936353 0.974921 1.201631 0.929586 1.063938 1.024710 1.108178 1.240396 0.795543 0.928496 1.181289 0.861483 0.874517 1.256177 1.067955 0.975852 1.058531 0.902427 1.007092 0.808358 1.220132 1.156987 1.064597 1.170953 0.974147 0.918946 0.905369 0.975597 1.025468 0.926074 1.089139 1.008828 0.939468 0.798175 0.803863 0.831011 0.850826 1.084300 0.959024 1.013512 1.005575 0.969914 0.810501 0.922655 0.986971 1.135495 0.972037 1.157431 1.011549 
0.901198 1.180416 0.818147 1.123650 0.993272 0.876818 0.797310 0.860886 0.945300 0.974921 1.241383 0.949636 1.052990 0.835823 1.022858 0.995096 0.795543 1.213959 1.050347 0.920267 0.884671 1.232890 1.036758 0.878491 0.824514 0.922627 0.957293 0.800732 1.214353 1.163968 1.064597 1.027341 1.230780 0.853410 1.010642 1.038186 1.161246 1.196955 0.966893 0.886084 1.057915 1.129257 0.840205 0.927939 0.941920 0.933440 1.151479 
0.856116 1.204349 0.843925 1.148797 0.975086 0.981573 0.951506 1.053458 0.936741 1.032418 1.220025 0.946212 1.083461 1.169031 1.250032 1.001834 0.798041 1.042301 1.232414 0.924280 0.863408 0.814316 1.090517 0.910446 1.049977 0.884236 1.196169 0.829742 1.210689 1.187081 1.043089 1.160348 1.145517 0.940023 0.968095 1.119796 0.823673 0.950289 
0.840819 1.218258 0.805213 1.051052 1.093236 0.846213 1.173687 1.170798 0.932690 1.081872 1.246653 0.946212 1.058257 1.039511 1.184527 1.204013 0.812028 0.847726 1.167060 0.954935 0.949196 0.833537 1.094028 1.202295 1.084195 0.917553 1.254129 0.943950 1.252939 1.209917 1.081986 0.991884 1.119554 0.955130 0.934432 1.210665 0.839304 0.917564 0.870595 1.194872 1.188265 1.255382 1.122725 1.072271 0.998678 0.908867 0.988949 0.916405 
0.966403 1.245432 0.825746 1.014101 0.950958 0.885107 1.131698 1.190254 0.967163 0.979531 1.254450 1.011936 1.246162 1.205122 1.209418 0.843215 0.794528 0.900015 1.225491 0.999990 1.016283 0.877374 1.104038 0.910090 1.087701 1.088880 1.254129 1.039233 1.216599 1.223210 1.072691 1.150289 0.915752 0.803080 1.080562 0.978984 0.928140 0.984131 1.191715 1.185609 0.830296 1.068541 0.839696 0.957542 0.880848 1.120687 1.109792 
1.039475 1.073524 0.886633 1.092442 1.060207 0.904066 1.009297 1.232453 0.959074 0.974598 1.236105 0.971712 0.985885 1.224234 1.249390 0.842667 0.794528 0.887734 1.205744 1.103827 0.890466 1.179737 1.080382 0.896315 1.107785 0.816729 0.907000 1.017753 1.242054 1.189578 1.051151 1.193407 0.941488 1.011022 1.149514 0.921176 1.170749 1.132859 1.197256 1.057956 0.819753 
0.885949 1.017380 0.840276 0.889262 0.816017 0.804881 1.094450 1.239448 0.921504 1.084803 1.242318 0.996624 0.963921 1.182007 0.985700 1.192464 0.807217 0.911958 1.206427 0.869005 0.980633 1.098433 1.073204 1.208139 1.103747 0.864272 0.884327 0.894009 1.206598 1.222538 1.051144 1.142958 0.923814 0.849338 1.093118 1.120679 1.003882 1.252199 1.057178 1.043022 0.807674 0.891172 1.187346 0.944662 0.964508 1.175221 0.923690 0.956450 1.162291 0.968144 
0.982510 1.054380 0.882543 1.092288 0.978744 1.000044 0.954808 1.245988 0.923660 1.172128 1.227750 0.964796 0.992887 1.190275 1.063346 1.041488 0.806613 1.213458 1.247076 1.034273 1.214175 1.023969 1.060330 1.128445 1.105369 1.170748 0.843934 0.795844 1.211298 1.180684 1.031077 1.121193 0.898104 0.850006 1.091583 0.955267 0.889340 1.152409 0.905734 0.816762 1.116360 1.165015 1.080116 1.145134 1.003825 1.071704 0.886870 1.068094 0.872251 0.999923 0.919877 1.163373 0.994794 0.945977 1.005131 1.110958 0.889078 1.015374 1.083763 
0.905347 1.054846 0.815152 0.974351 1.054484 1.188830 1.246941 1.209868 0.908422 1.241010 1.215039 1.256069 0.867742 1.219245 0.987811 0.870631 0.796106 1.170223 1.147642 1.201232 1.014589 1.025196 1.124865 0.992795 1.128839 0.928270 0.825944 0.952861 1.239601 1.201535 1.056978 1.187878 0.870749 0.832366 0.999484 1.163883 0.932685 1.148679 0.898834 0.838870 0.903657 0.952873 1.043342 0.992784 
0.852520 1.083412 0.821885 0.831462 1.023668 1.237330 1.141075 1.248835 0.990958 0.896234 1.255747 1.019395 0.913035 1.086775 0.896736 1.252599 0.798009 1.173538 1.019698 0.952601 1.034000 1.091528 1.197845 1.010733 1.122592 1.104452 1.070090 0.968471 1.231969 1.232538 1.059377 1.195064 0.927946 0.876996 0.955356 1.178848 0.887725 0.835320 0.989346 
0.861320 1.034865 0.831608 0.954801 1.214006 1.038621 1.006915 1.208944 0.958451 1.109100 1.247811 1.076274 0.958852 0.998370 0.966671 1.058103 0.800190 0.843904 0.852875 1.021674 0.940635 0.876203 0.951841 0.947116 1.114554 1.210060 1.044312 1.011353 1.244931 1.195609 0.827677 1.185461 0.878546 0.975595 0.850295 1.104328 1.088820 1.209703 0.901804 1.041618 1.134587 0.843861 1.177236 
0.912766 0.822347 0.830299 0.961683 1.172632 0.929428 1.099653 1.230141 0.949215 1.001350 1.238286 0.813262 0.872991 0.823197 1.074337 1.076277 0.800123 1.236198 0.980478 1.005642 0.991185 0.815884 0.884654 1.002240 1.053917 1.253627 1.044312 0.997815 1.248091 1.204793 0.798588 1.200616 0.914040 0.846473 1.094252 1.015665 1.172185 0.935053 1.225301 1.008246 
0.842238 1.244705 0.847466 0.976966 1.214035 1.003687 0.978612 1.097871 0.947594 0.890957 1.253639 0.960356 1.040893 0.937370 1.201716 1.051234 0.799333 1.213949 1.041709 1.043975 1.157595 1.242447 0.902442 0.994204 1.089155 1.219442 1.100206 1.037092 1.248091 1.253387 0.811985 1.003324 0.927219 1.054163 0.862560 1.148435 0.994755 1.041810 0.831413 1.175859 0.873145 1.023385 0.838792 1.075423 0.872803 1.149972 
0.899435 1.253999 0.896833 0.874073 1.148097 0.941535 1.139034 0.853957 0.946101 0.921356 1.253639 1.034795 1.049627 0.888530 1.005540 1.133012 0.799333 1.047787 0.853871 0.807766 1.189965 0.849205 0.882364 0.989422 1.117105 1.224827 1.075155 1.079067 1.202284 1.215385 0.814967 1.023241 0.917837 1.089335 0.926117 1.152955 1.043910 0.838058 0.960486 1.231800 0.860801 0.861798 1.157885 0.923247 0.906185 1.238385 0.883192 0.812464 1.082876 1.258609 1.049293 0.942621 1.140388 0.877842 
1.053395 1.227620 1.178655 0.989778 0.909883 0.853328 1.105446 0.864590 0.901510 0.913127 1.253119 0.941992 1.046202 1.085615 0.947741 0.887896 0.804810 0.839887 1.186375 0.849040 1.167394 0.859492 0.920241 0.953768 1.098951 0.894201 1.075155 1.026130 1.256277 1.132767 0.800835 0.933736 0.901635 1.003750 1.049021 0.923790 1.055313 0.872690 
1.003320 1.225306 1.203841 0.874088 1.015039 0.902495 1.127116 0.870008 0.943143 1.230981 1.231785 0.939996 1.046202 0.991864 1.074619 0.916420 0.804810 0.837754 1.039145 0.950839 1.213900 0.915765 1.047343 1.025218 0.988112 0.903494 1.051207 1.038817 1.247110 1.162565 1.072251 0.858817 0.903170 1.131612 0.829005 0.936562 0.802089 1.241886 0.956990 1.210319 
0.973765 1.232811 1.193862 0.971648 0.942741 0.873698 1.116452 0.840780 0.947850 1.073391 1.239640 0.796161 0.989460 1.194009 1.046929 0.834119 1.243356 0.801553 1.028164 0.873249 0.827435 0.841144 1.149797 0.994726 0.965630 0.861886 1.050131 1.032497 1.239339 1.187151 1.069981 1.210558 0.931219 1.160227 1.131407 0.946359 0.799717 0.827603 1.189715 1.057574 0.924433 0.966451 1.047975 1.062304 0.913830 1.022812 0.798904 1.006588 1.094509 0.990242 1.255077 0.897112 1.050550 0.894871 0.854879 1.014780 
1.063302 0.884176 0.939876 0.892432 0.949661 0.844385 1.181543 0.818353 0.932741 0.834971 1.232226 0.796161 1.027540 1.218278 1.104031 0.936128 0.894530 0.839945 0.991230 1.183829 1.024233 0.874575 1.030898 0.945265 1.250398 0.893553 1.076464 1.050065 1.235826 1.188538 0.964655 1.194854 1.002957 1.045245 1.113781 1.061805 0.800414 1.009861 0.920992 1.155992 1.128976 0.997586 1.208629 0.978867 0.999788 1.198610 1.022700 0.979341 0.934279 1.194619 1.092568 0.926961 
1.108745 0.884355 1.041711 1.055980 0.970237 0.890406 1.117651 0.816836 0.907076 0.799829 1.190905 0.796161 1.027540 1.217051 0.929897 0.957067 1.028701 0.837363 0.938606 1.003854 1.031705 0.873985 0.830440 0.921629 1.114942 1.122788 1.041593 1.255636 1.241207 1.176062 0.880716 1.241367 1.063432 0.990968 1.034876 1.075001 0.797045 1.191001 1.015836 0.950712 0.997660 1.220570 1.069079 1.023375 1.175677 1.010311 0.881054 1.237945 1.023728 
1.089604 0.882730 0.850494 1.100631 0.977376 0.865147 1.173798 0.831469 0.939301 1.221587 1.251918 0.796161 1.008419 1.231013 1.148531 1.076827 1.065227 0.827318 0.966154 0.899873 0.860472 0.855556 0.892023 0.968066 1.037273 1.167539 1.041593 0.944608 1.221535 1.178221 1.024768 0.875505 1.008827 0.971378 1.209962 0.868405 0.815734 1.076798 0.990570 0.953510 0.873672 0.977515 0.904076 1.053878 1.198022 1.039491 1.135621 0.873985 0.925123 0.924008 0.864484 0.837489 0.843146 1.023208 1.173313 0.862194 
0.983641 1.029320 0.921411 0.991691 0.959914 0.855156 0.831711 0.870476 0.943404 1.118352 1.225261 0.796694 1.031912 1.120330 1.122111 1.208519 1.200585 0.845622 1.112714 0.866992 0.954301 0.933204 0.868767 0.992018 0.945331 1.087315 1.041633 0.836174 1.222977 1.178221 1.197341 0.987034 1.052584 1.176902 0.921477 0.887903 0.798321 1.135589 1.027410 1.240401 0.821454 0.929672 1.151797 0.886525 0.913246 1.134320 0.948503 0.948756 0.973455 1.231838 1.048968 1.114046 0.995699 1.027193 
0.833727 1.213603 1.011711 1.020189 1.243825 0.872361 0.965159 0.856392 0.971280 1.147729 1.236104 0.796694 1.019354 0.966320 1.251025 1.125588 1.092263 0.813912 1.052969 1.053367 1.249977 1.157621 0.841102 0.993213 0.882466 1.183281 1.092529 1.124334 1.236441 1.164441 1.205215 1.047452 1.045729 1.203563 1.021243 0.806868 0.811809 1.234274 0.962760 0.910429 1.061726 1.003816 1.015605 1.032183 0.963718 0.855138 0.808538 0.975422 0.862382 1.181627 0.935496 0.972501 0.973919 1.043961 1.001000 0.856049 0.942937 0.982936 
0.841358 0.834875 1.061400 1.087382 1.208071 0.892223 0.960105 0.948896 1.042687 0.926927 1.228714 0.802728 0.923940 0.877979 0.876637 1.024138 1.122350 0.845860 0.902404 1.226006 0.869828 0.849126 1.230250 0.957999 0.839196 1.108413 1.076539 1.057622 1.228079 0.811279 1.186864 1.061237 1.258781 1.184021 1.191678 0.820424 0.802878 1.193803 1.172270 0.863569 1.033790 1.150279 1.019096 1.035990 1.007341 1.000862 0.875652 0.992833 0.961900 0.941270 1.151338 1.040255 1.093228 0.851703 1.195243 0.904614 0.903604 1.185928 0.873330 0.957042 1.124757 1.106612 1.023489 1.163409 1.107283 0.890075 0.946559 0.978368 0.952412 0.974560 1.083787 
1.181962 1.040002 0.950534 1.046982 1.198780 0.918076 0.960105 0.965288 1.024719 0.834057 1.254106 0.795754 0.915476 1.195095 0.902991 1.048011 1.122350 0.808884 1.066262 1.206063 0.933728 1.122658 1.170181 0.993892 0.850891 1.130101 1.078685 1.016523 1.243096 0.930993 0.958726 0.940502 0.963400 1.200998 0.888542 0.938145 0.817700 1.190190 0.983091 1.177450 1.157785 0.996713 0.980450 0.923185 1.023404 0.870023 0.862763 0.934635 1.135593 1.088921 1.184410 1.033953 0.931961 0.828084 1.216914 0.912514 0.884661 1.247008 0.997663 0.979770 1.044636 1.234275 0.925045 0.846398 1.126086 1.006979 0.933266 0.983213 0.961452 0.987306 1.021862 1.182397 1.034180 0.977570 
0.923747 0.999659 0.941569 1.051216 1.236967 1.081129 0.924845 0.905627 1.144029 1.004450 1.114443 0.795716 1.113150 1.082709 0.865185 0.986593 0.930315 0.807896 1.251007 0.948926 1.171790 0.924748 1.195838 1.107863 1.121502 1.001478 1.087582 1.053698 1.194598 1.105966 0.995667 0.979429 0.884041 0.948011 1.231476 1.042796 0.816043 1.150878 0.820440 0.997809 0.934690 0.950361 0.957386 0.936632 1.112847 0.860173 0.879112 1.181152 0.917571 0.906564 1.252992 1.085087 1.011925 0.853301 0.983987 0.912675 0.876117 1.210869 1.144558 1.001438 1.163184 1.234275 0.966780 1.053702 1.169039 0.893617 1.169495 1.020025 0.896272 1.040836 
1.058449 0.996227 1.255923 0.888725 1.215456 0.847935 0.916339 0.975222 1.071503 1.234275 0.876750 0.795716 1.017594 1.083508 0.948184 1.172650 1.021944 0.829852 1.253955 0.957604 0.934604 0.935460 1.179608 1.112419 0.868333 0.891277 1.031188 0.998173 1.245209 1.079257 1.203420 1.033697 0.890228 0.948506 0.845699 1.014621 0.818989 1.165849 0.867422 1.186930 0.987632 0.838955 1.191367 0.921070 1.254132 0.901101 1.065602 1.033892 
1.102603 0.907378 1.202805 1.088090 1.185313 0.855394 1.210257 0.955234 0.953910 1.233314 0.916312 0.800496 0.870529 1.073005 0.912550 0.951436 0.988442 0.842369 1.212975 0.885726 1.082417 0.926898 0.873375 1.007898 1.001983 1.197542 0.952990 0.999228 1.236097 1.120239 1.071744 1.120344 0.914523 0.867558 1.089027 1.057338 0.822644 1.092929 0.928314 1.160128 0.939660 1.011013 1.229697 0.965623 0.903555 0.903642 1.034007 
0.856953 1.184591 1.200238 0.958767 1.239727 0.835772 1.177066 0.960795 1.252031 1.217117 0.899605 0.800496 1.162226 1.029145 1.045099 1.169696 0.976629 0.824710 1.247272 0.938736 1.036562 1.024218 1.007961 1.012880 0.972554 1.237324 0.943096 1.047853 1.229340 1.017654 0.811367 1.013751 0.928227 0.871896 1.153621 0.990036 0.814060 1.110808 0.962273 1.186348 1.083644 1.104490 0.906690 1.062018 1.023279 0.811840 0.916583 1.076655 0.903505 1.013870 1.130688 1.009127 0.927020 0.945329 1.096413 1.074051 
0.848231 0.933722 1.214964 0.947032 1.254428 0.833587 1.185533 0.852442 1.134735 1.244556 0.862920 0.802777 0.999615 0.890440 1.062963 1.217519 0.978750 0.823365 1.236506 0.940092 0.983267 1.000911 0.958910 1.017035 0.877290 1.072130 0.853205 0.962540 1.238776 0.957875 1.204142 0.920662 0.961294 1.015008 1.162684 1.186626 0.867836 1.109811 0.979961 1.226864 1.001187 0.826569 1.206770 1.063101 0.961747 1.057830 0.901284 1.205511 1.049112 0.834573 1.111026 1.223130 0.908221 1.043217 0.855533 1.199714 1.101731 1.001135 0.967124 0.979949 1.066403 1.160057 0.991799 0.993958 0.894175 0.995679 
0.824050 0.936720 0.871663 1.189095 1.233841 0.889926 1.195472 1.077348 0.994060 1.254859 0.894845 0.802777 0.935063 0.848528 0.893050 1.165221 0.906808 0.840585 1.239809 0.958081 0.983670 0.984505 1.094424 1.217957 0.920946 1.032359 0.881320 0.943033 1.230848 1.055681 1.237695 1.123804 1.024677 1.075012 0.900696 0.931857 1.042767 1.082519 1.105001 1.172774 1.028667 1.009459 1.050148 0.998951 1.005903 0.856153 1.086657 1.053066 1.205935 
0.835891 1.130762 0.932875 1.249023 1.254264 0.861329 1.180662 1.090080 0.994835 1.254847 0.965589 0.803354 1.221552 1.057107 0.842820 1.042321 0.923722 0.843271 1.237839 0.965271 1.020224 1.226602 0.821218 1.097016 1.006061 0.989634 0.881320 0.986653 1.235191 1.066980 1.221662 1.162432 1.004406 1.087997 0.893560 0.914029 0.875409 1.106109 0.971132 1.150236 0.917913 0.870518 0.896633 0.966615 1.224876 1.185888 1.084721 
1.196411 1.233206 1.108876 1.174878 1.239921 0.882008 1.206959 1.058790 0.915476 1.254847 1.117134 0.799203 1.009662 0.823313 1.105340 0.822836 1.020341 0.836473 1.231882 0.979479 1.045558 1.102057 0.982678 0.932453 1.062247 1.102074 0.936532 0.980104 1.256478 1.031811 1.217468 1.198344 1.070399 1.074863 0.912334 0.939820 1.184705 1.108662 0.940184 0.943267 1.216096 1.015566 0.905187 0.898850 1.030281 0.803668 0.889957 1.034111 0.899997 1.134839 1.136923 0.956116 1.160044 1.155673 1.159659 0.999338 1.061577 
1.217776 0.923107 1.077618 1.227056 1.198658 0.877881 1.151890 0.876213 1.001763 1.250905 1.166465 0.799878 0.963367 1.074716 0.885759 0.795918 1.042674 0.806189 1.229624 0.949895 1.044265 1.112985 0.906750 1.088440 1.078274 1.066321 1.052807 0.953986 1.235293 1.180711 0.801335 1.217051 0.849016 1.055013 0.914234 0.987280 1.164674 1.009672 0.920004 1.098463 1.156011 1.194108 1.037281 1.068518 1.008719 1.184716 0.991147 1.078903 0.875778 0.916938 1.177217 1.229776 1.099180 0.943913 0.968192 
1.163427 0.826855 1.056527 1.056990 0.964215 0.846612 1.211395 1.098255 1.004882 1.241222 1.015755 0.799289 0.881015 1.137604 0.965138 0.818426 1.018672 0.818935 1.258227 0.838687 1.023592 1.103854 1.020696 1.078587 0.882975 1.065113 0.952350 0.938032 1.235293 1.078802 1.215946 1.087234 1.005027 1.252700 0.840941 0.987615 1.164259 1.033652 0.956755 0.957134 0.924221 1.194108 0.936029 0.931164 1.244163 1.050963 0.858442 0.976099 0.903968 0.987046 1.055647 1.113346 1.101046 0.849763 1.041688 0.875415 1.096402 1.056624 1.203879 0.965554 0.900301 1.193168 0.802393 
1.042484 1.170781 0.798047 1.082340 1.161752 0.854471 1.197741 1.092927 0.929461 1.241222 1.146576 0.795174 0.979167 1.077909 1.226203 0.802562 0.825061 0.837848 1.239047 1.088991 0.924181 1.219495 0.946280 1.069095 1.180917 1.083350 0.907834 0.974577 1.257186 1.057624 1.236461 1.095334 1.035476 1.240718 1.257978 1.023188 1.181139 1.059780 0.907139 0.957173 0.838311 1.224526 0.848652 0.881634 1.196115 0.878356 1.243356 1.101975 0.996078 0.884806 1.025389 1.074915 1.070241 0.884658 0.954449 0.926602 0.954638 1.051262 0.875107 1.026300 1.222570 0.971512 
0.883174 1.051354 0.810357 0.843267 0.808253 0.891842 1.172672 1.193052 1.085974 1.253906 0.842525 0.795174 0.992768 0.996651 1.094864 0.812393 1.073597 0.829848 1.250689 1.168136 1.008647 1.215560 1.082765 0.867174 1.126484 1.083350 1.002480 0.960829 1.252184 0.938080 1.158277 1.187169 1.003655 1.206481 1.246729 0.801516 1.025551 1.109748 0.864904 0.941312 1.102989 1.231566 0.941989 0.932679 1.119168 0.887274 0.990773 
0.973395 1.082309 1.221735 0.935348 1.003509 0.883198 1.232817 1.065490 1.043112 1.252315 1.161492 0.794612 0.795294 0.965829 1.221794 0.835190 1.058649 0.831481 1.250689 0.871982 0.980252 1.258722 1.025317 0.875867 1.052457 1.065137 1.203008 0.868338 1.207005 0.869394 1.190054 0.969977 0.996210 1.004536 1.130415 1.171319 1.213832 0.910281 1.123556 
0.934758 1.092358 0.872717 0.818086 0.817733 0.966453 1.175632 1.047277 1.018662 1.226981 1.252833 0.794612 1.007904 1.206919 0.975284 0.922585 1.064739 0.878689 1.239120 1.037919 0.843913 1.245457 0.799455 0.864973 1.235822 1.111153 1.204087 0.915817 1.017210 0.810940 1.235000 0.925086 0.810209 1.000780 1.109921 1.191324 1.235546 0.806502 1.009293 1.047170 1.256569 1.120840 0.819695 1.160424 
0.955473 1.131028 0.901485 1.011819 1.143413 1.258635 1.110677 1.041154 1.050660 1.246169 0.865346 0.794612 1.105592 1.064804 0.966452 0.997810 1.063429 0.848141 1.214175 1.035559 0.882934 1.258323 0.799446 0.892433 1.195888 1.093034 1.218375 0.903870 1.232183 0.901596 1.200660 1.209377 0.975480 0.984017 1.009391 1.072091 0.844528 1.015099 0.857503 1.033449 0.804301 1.060912 0.867830 1.107456 
0.966646 1.061144 0.857394 0.909986 1.239174 1.235992 1.122521 1.030362 1.208755 1.180003 0.896637 0.794612 1.072733 1.079659 0.978204 0.923643 1.065455 0.835856 1.247723 0.949462 0.909191 1.237313 0.805982 0.887525 1.218045 1.093034 1.194887 0.934257 1.232183 1.010321 1.233870 1.070605 0.988798 0.984017 0.994928 1.027328 0.887525 1.001214 1.014186 1.000610 0.941816 1.195246 
0.995778 0.934740 0.977454 1.103135 1.027962 1.250708 1.239050 1.040420 1.044963 1.234973 1.234004 0.794612 0.873302 1.017097 0.954790 0.860082 1.059723 0.887125 1.247090 0.918689 0.877243 1.258351 1.143592 0.875140 1.072251 1.090826 1.200264 0.878416 1.255668 0.898706 0.838571 1.231667 1.224852 1.029055 0.896121 0.821939 0.892948 1.099908 0.807393 0.974188 0.888028 1.213399 1.029810 0.868161 0.935746 0.815015 
0.991943 0.969263 0.917665 0.967480 1.104049 1.253050 1.204404 1.032647 1.253991 1.067850 0.901932 0.794868 1.060391 0.846215 0.968186 0.855912 0.893825 0.857206 1.247090 0.946784 0.884903 1.238624 0.998191 1.173284 1.084675 1.109599 1.180085 0.916498 1.256244 1.076536 0.862314 0.996989 1.199843 0.815738 0.896121 0.798344 1.234497 0.870684 0.807393 1.019710 1.217919 0.989986 1.068175 1.162238 0.940960 1.108190 1.193872 0.840396 1.158667 0.992284 0.949826 0.972490 1.045469 1.001817 1.059719 1.165439 0.842949 0.999190 0.950146 1.043637 0.868616 
0.839671 0.849389 1.078865 0.983383 0.946537 1.253050 1.193212 1.035489 1.226281 0.981419 0.896389 0.794868 1.106649 0.865679 0.969049 0.948627 1.085183 0.866276 1.258603 0.945565 0.915871 0.894338 0.940623 1.084293 1.089754 1.079340 1.175421 0.896705 1.256244 1.006697 0.862803 1.040138 1.177949 0.831748 0.858638 0.862266 1.185240 0.993349 0.821114 1.024102 1.246129 0.865085 1.011461 1.019621 0.913708 1.053500 1.004190 1.160249 0.886920 0.895512 0.829729 1.128059 
1.064146 0.967091 1.065754 0.908722 0.901849 1.232728 1.163106 1.016051 1.223586 0.955707 1.069043 0.794868 0.924478 0.869126 0.943372 0.945986 1.012457 0.835041 1.236758 1.063370 0.865983 1.115390 1.060715 0.835941 0.847274 1.116695 1.172745 0.972297 1.235756 0.922529 0.962083 0.855821 1.125320 1.062202 1.004398 0.927712 0.954070 0.942637 0.822931 1.194634 1.014558 1.093151 0.946971 
1.194139 1.046821 0.974136 0.899502 0.911410 1.252597 0.804966 1.041722 1.207031 0.805922 0.926544 0.794868 0.940837 1.070174 0.947231 0.913595 0.859338 0.825689 1.251325 1.181145 1.086409 0.980222 1.042773 1.191581 0.915915 1.105501 1.186227 0.998256 1.233345 1.235329 1.226491 1.172422 1.201129 1.008097 1.053719 1.014713 0.852114 0.900000 1.134011 0.937873 1.070408 1.008247 0.903829 0.853447 0.802057 1.120818 1.071960 0.959444 1.110425 0.906316 0.953293 
1.073736 1.234900 1.157122 1.141322 0.809195 1.226630 0.857025 1.060106 0.797847 1.058276 1.047114 0.795210 0.902086 1.057673 0.935703 1.157979 0.928443 0.839703 1.245403 1.082680 0.895075 1.001881 1.001511 1.175105 0.869140 1.061389 1.166118 0.987664 1.242829 1.132594 1.233877 1.130943 0.878361 0.923960 0.993717 1.023533 0.959764 1.099058 1.010868 0.943400 0.824618 1.127838 0.886556 0.879141 1.105632 0.961893 1.019966 1.066502 1.172745 1.192677 
1.148708 1.230461 1.206628 1.070284 1.005048 1.223880 0.940164 1.073585 0.794825 1.047602 0.898222 0.795210 0.869727 1.046186 0.949690 0.881172 0.879772 0.834505 1.229435 0.896165 0.917915 1.110653 1.046312 1.200180 1.191000 1.073933 1.199414 0.960929 1.242763 0.997681 0.817550 1.173448 0.947669 0.973698 1.132987 1.195123 1.094589 0.902688 1.245710 0.991868 0.930560 1.045419 0.862413 0.892998 1.046721 0.904648 0.973194 
1.009692 1.201533 1.126869 1.231436 0.894716 1.251358 1.052424 0.921542 0.822306 0.966600 0.998581 0.801088 0.868017 1.043948 1.114399 0.912347 0.865181 0.833702 1.245865 0.930357 1.079003 1.096220 0.997273 0.796627 0.971921 1.125419 1.175648 0.969926 1.253939 1.060740 0.843979 1.208547 0.841983 0.961013 0.912384 0.820111 0.964610 1.152531 1.245693 1.138788 0.992747 1.175722 1.232263 1.195075 0.834235 0.940354 0.842187 1.070878 1.146217 1.236730 
0.844052 1.204670 0.870946 0.949355 1.007451 1.203490 0.834471 0.835399 0.801392 0.794388 0.930800 0.801088 0.969313 1.063145 1.179048 1.210041 0.865181 1.008697 1.245865 0.933605 0.878065 1.040747 1.250945 1.232707 0.965066 1.065877 1.231995 1.169063 1.244866 1.067175 0.880295 1.137850 0.918576 1.042974 0.894459 0.915780 0.903245 1.156991 0.960817 0.986976 1.125683 1.245090 0.903850 0.948890 1.177440 0.948801 1.024497 1.068158 0.928591 0.982739 1.099452 1.109955 
1.081115 1.236710 0.824819 0.953017 0.936106 1.235153 1.029430 1.032401 0.803931 0.903316 1.070228 0.801088 1.199863 0.983211 1.232160 1.219555 0.879211 0.985371 1.110501 0.904889 0.957317 1.066210 0.964271 1.170522 0.998294 1.158124 1.119571 1.130399 1.244890 1.087687 1.044918 1.027393 1.131644 1.242401 0.913515 0.853122 0.970656 0.944734 1.138601 
1.192562 1.142940 0.796515 0.946570 0.985665 1.227936 0.808393 1.045213 1.033841 0.957721 1.029166 0.801088 1.148227 1.012886 1.035253 0.847987 0.963237 0.968463 0.896927 0.916231 0.818507 0.994376 0.992058 1.217035 0.972951 1.152262 1.114996 1.177017 0.804893 1.157180 0.866140 1.000236 1.192843 1.202950 0.819307 1.163295 1.007800 1.035360 0.852615 1.078532 0.838756 0.981358 1.192855 1.047326 
0.982020 1.227222 0.871929 0.891436 0.820890 1.251014 0.828822 1.191937 1.072186 1.072628 1.128713 0.796409 1.246458 0.961369 0.829136 0.895486 0.952934 1.074389 0.959396 0.898063 0.872705 0.982467 0.974018 1.215305 1.061709 0.970023 1.141811 1.191070 1.169213 1.166819 1.062673 1.000236 1.105526 1.228310 0.998746 0.881015 1.138023 1.181684 1.033048 0.961590 0.900827 1.161156 1.087485 1.016865 0.877020 0.989716 0.936052 0.851094 0.883814 1.190401 1.221567 0.959084 0.983259 1.123050 1.041759 
0.847287 1.225860 0.841392 1.200462 1.150176 1.226067 0.832095 1.182151 1.049327 1.073247 0.907287 0.797302 1.253262 0.861329 0.965151 0.845060 0.945448 0.998618 1.041130 0.866307 0.863619 1.104965 1.231179 1.006783 1.075645 0.858443 1.258884 1.172408 1.217467 1.019736 1.077773 1.011022 1.110077 1.216795 1.153753 1.103468 1.146888 0.888318 1.090589 0.840292 1.146553 1.028670 0.917664 1.115565 1.243323 
0.953360 1.247146 0.817790 0.946677 1.088253 1.246876 0.814696 0.863426 0.941792 0.899666 0.991850 0.798840 0.906212 0.862039 0.929082 0.997867 1.000591 0.985551 0.951095 0.929733 1.158428 0.985824 1.252651 0.980063 1.057468 1.160050 1.183143 1.103429 1.169450 1.046506 1.132984 1.012463 1.017951 1.195989 1.130635 1.085008 1.037665 1.167623 1.065212 1.051955 0.842001 0.876499 1.219324 1.011148 0.840505 0.982690 0.994736 0.957084 1.116627 0.985825 1.131026 0.938915 0.947831 0.832014 
1.076158 1.142912 0.830068 0.943414 0.842619 1.235747 0.814696 0.797248 0.983030 0.854978 1.039260 0.796474 1.209856 0.881783 0.973994 0.907241 0.993121 1.253788 0.998636 0.932265 1.211266 1.143468 1.254746 0.958469 0.982462 0.942637 1.179154 0.951707 1.250564 0.854531 0.904026 1.034629 1.203364 1.253832 1.158755 1.108593 0.886542 0.944376 1.069942 1.069592 0.892614 1.178660 0.899447 0.936052 1.085650 1.119209 
1.038434 1.227388 0.867671 0.937544 0.905895 1.240502 0.861078 0.878527 0.840333 0.905922 0.897973 0.796347 1.086467 1.161281 0.835403 1.163853 1.247617 1.237097 1.019221 0.952048 0.940250 1.123712 1.247949 1.046220 1.033219 1.076244 1.200738 0.981673 0.874787 1.177949 
1.097520 1.149880 0.826223 0.948669 0.890019 1.240775 1.038567 0.921138 1.221810 0.896148 0.903304 0.802073 1.098232 1.010566 0.816288 1.182509 1.253657 1.221812 1.001236 0.957058 0.986436 1.109244 1.247081 0.834286 1.032993 1.076267 1.210085 1.034141 0.827607 1.080289 1.070545 0.865972 1.155574 1.194771 0.977445 0.949072 0.965787 1.235173 
0.914013 0.877404 0.817394 0.959386 0.859800 1.256551 0.897162 1.150157 1.219543 0.884047 0.818559 0.798186 1.163875 0.985518 0.891103 1.080097 1.244728 1.159698 0.992882 1.234385 0.928440 1.065297 1.242530 0.859025 1.038581 1.051770 1.198555 1.208319 1.140505 0.918005 0.991875 1.141056 1.082954 1.250643 1.002644 1.100030 1.193563 1.060149 0.797391 0.864401 1.132539 1.103172 0.802639 1.208696 1.089408 0.904427 1.113440 
0.920089 1.223853 0.861485 0.955826 1.092971 1.258730 0.985580 0.889326 1.236809 0.876651 0.924628 0.805324 0.797203 1.033766 0.805491 1.101203 1.244728 0.884144 1.019409 1.006112 0.944281 0.877068 1.251349 0.864026 1.116070 1.076186 0.998114 0.932253 1.167082 0.969592 1.080427 1.142462 1.239991 1.014365 1.018682 1.146898 1.156831 1.218069 1.024720 1.070168 1.026859 0.906255 0.890128 0.955752 0.935851 1.221247 0.887555 0.957632 
0.914450 1.209879 0.818064 0.955705 0.860364 1.249839 1.094676 0.874197 1.250839 0.856405 0.940136 0.795253 0.840924 0.825194 1.148371 1.118659 1.246747 0.852202 0.794393 1.216227 1.127531 1.059127 1.238189 0.891832 1.022263 1.091469 1.013585 0.936585 1.203535 0.881980 1.088734 1.194292 1.162116 1.096324 0.878644 0.911674 1.051482 1.197883 0.921160 1.054592 0.977065 0.862617 1.135681 0.953837 0.944113 0.841753 0.800920 0.914025 
0.892353 1.250867 0.943360 0.951757 1.046904 1.193000 1.035849 0.913050 1.082504 1.110962 1.139303 0.799995 1.074388 1.069284 1.141189 1.213510 1.217761 0.970150 1.000683 1.107371 1.219965 1.135751 1.006596 0.879700 0.821008 0.803132 0.823973 1.036012 0.955733 1.079636 1.028020 1.090331 1.099656 0.866054 0.946616 0.952429 0.897211 0.979840 0.911942 1.026641 1.055039 
0.908921 1.206143 1.005939 0.984309 0.881157 1.197633 0.891038 0.863301 1.198838 1.209962 1.158423 1.060544 1.023531 1.062852 1.147338 1.196246 1.248053 0.804778 0.883109 1.104300 1.239266 0.872464 1.028248 0.897821 0.827045 0.803132 0.863878 0.985711 0.954329 0.993879 1.006120 1.117747 0.919820 0.935561 0.834429 0.819406 1.019713 1.216521 0.819193 
0.882675 1.174376 1.168988 0.985734 1.193197 1.247554 1.092161 0.885059 1.253823 1.188657 0.825890 1.038661 1.073842 1.085408 1.167925 1.209252 1.239205 1.113860 1.224003 0.916275 1.252005 0.808487 1.012932 0.854424 0.808756 0.803132 0.845456 1.190831 1.114215 0.875933 0.864305 1.009106 0.939328 0.852874 1.212953 0.966039 1.086544 1.212382 
0.913296 1.012777 1.093236 1.183239 1.206415 1.255331 1.023889 0.961165 1.216803 1.207453 1.048720 0.891874 0.958988 1.208551 1.153115 1.066660 1.245031 1.131512 1.083552 1.036545 1.242632 1.019429 1.081483 0.933725 0.822439 0.803132 0.810244 1.244137 1.224960 0.870716 0.888136 0.994559 0.967760 0.985621 0.945642 0.983614 
0.930872 1.021331 1.091631 1.124069 1.070731 1.255331 0.966375 0.967158 1.230925 1.125811 1.254675 0.889367 0.981373 1.108409 1.227615 1.104533 0.841766 1.107672 0.977037 1.035525 1.255989 0.871584 1.084266 0.909125 0.802363 0.796488 0.820310 0.897900 1.233769 0.889838 0.892930 1.096365 0.954331 0.988807 0.937017 0.943303 
0.936787 1.028816 1.101449 1.228146 0.903877 1.224644 0.954130 1.233236 1.258903 0.853665 1.182492 0.926564 1.023427 1.073485 1.119572 1.012373 1.120511 1.087813 1.034740 0.797715 1.243598 1.026265 1.028179 0.917996 0.821719 0.796488 0.808924 0.877864 1.229585 1.203207 0.885677 0.967664 0.915487 0.870642 0.815548 1.216603 0.974147 0.866065 1.092296 0.852182 0.978482 
0.912247 1.085455 1.034161 1.161502 0.949019 1.239940 1.100388 1.154907 1.258477 0.820122 1.047741 0.914164 1.210569 1.027430 0.877806 0.918338 0.916259 1.080000 0.904983 1.022223 1.244701 1.222601 0.950243 0.897712 0.814798 0.799126 0.845625 1.026710 0.881345 1.048290 0.965711 1.026474 0.964228 0.982175 1.192397 1.037839 0.900539 0.909158 0.956779 
0.926804 1.094873 1.070266 0.956503 0.964147 1.243031 1.123800 1.190698 1.245061 0.972454 0.931611 1.185102 1.250499 0.984206 0.950614 1.037516 0.898193 1.095163 1.138169 0.806741 1.256117 1.175788 0.955441 0.898527 0.822376 0.799126 0.859797 0.989960 0.997591 1.033740 0.970394 0.849173 0.847154 0.893956 0.997100 1.199054 0.969913 0.974019 1.052303 1.041894 1.059711 0.958887 0.939272 0.967098 
0.921982 1.109634 0.921126 0.974319 0.960622 1.253921 1.162071 1.173995 1.243034 1.004703 1.082035 1.080544 1.247323 1.116592 1.130085 1.037517 1.084224 1.142593 0.961397 0.822805 1.256117 0.909236 1.126315 1.126519 0.858477 0.799126 1.092050 1.020864 
0.942374 1.040090 0.924034 0.995608 0.932136 1.253921 1.113455 1.236606 1.255375 1.195689 0.843272 1.063260 1.247323 1.231123 1.068151 1.061357 1.078344 0.903212 1.032454 0.836326 1.246798 0.902713 1.073967 1.104977 0.801616 0.798011 1.108164 0.975140 1.186855 0.847044 1.136783 0.957231 0.923656 
0.937081 1.029846 1.024541 0.990022 0.952916 1.253197 1.130271 1.230403 1.255375 1.042641 0.892163 1.082775 1.210382 1.180431 0.942635 1.007705 1.094398 0.903005 1.220278 0.813072 1.240806 0.902639 0.941381 0.962117 0.839633 0.798082 1.106325 0.830928 1.051728 
0.985890 0.979104 0.855477 1.000592 1.017063 1.253197 1.070154 1.234231 1.227800 1.156072 0.925970 1.088436 1.086247 1.216452 1.040165 0.903762 1.068075 0.802971 1.208887 0.821615 1.240806 0.916171 1.033552 0.974584 0.841425 0.805504 1.022989 0.896746 1.081187 1.003884 1.176024 1.086267 1.208258 0.871679 1.098232 0.973551 1.130686 0.864764 1.240266 1.166361 0.962124 1.001187 0.808684 0.885551 1.036569 0.921095 0.938408 
1.222761 0.941710 1.075632 1.006593 0.949225 1.258919 1.089580 1.218738 1.239252 0.961964 0.885590 1.074471 0.913496 1.013087 0.998909 0.922853 0.932319 1.180729 1.232691 0.869992 1.249668 0.934266 1.031634 0.962071 1.252394 0.962520 1.114598 0.897013 1.156279 0.964220 0.903185 0.808231 0.796610 0.883621 0.860801 1.115398 0.807657 1.247213 0.950510 1.060632 0.933575 1.105197 1.024771 
1.159212 0.962136 1.067126 1.244284 0.975407 1.254340 1.078384 1.172821 1.250056 1.035580 0.884804 0.887848 0.955267 0.962111 0.951074 1.251799 1.010263 0.893042 1.242090 0.814872 1.258276 0.943349 1.018504 1.068551 1.225551 0.818293 0.820284 0.917236 1.109548 1.042867 0.982084 1.000013 0.796610 0.951604 0.852530 0.883326 1.145151 1.214147 1.213448 
0.899703 0.965043 1.060286 1.196465 0.991027 1.250446 1.101190 1.184349 1.248375 0.806459 0.866052 0.796610 0.960393 0.948626 0.913524 0.973298 0.982503 1.190505 1.206976 0.845403 1.200108 0.894026 1.032397 1.068551 1.224567 0.834171 0.916290 0.825003 1.145271 1.039738 1.010542 0.965283 1.107608 0.924323 0.819182 0.931807 0.929456 1.167570 0.923438 1.041984 1.081870 1.078129 0.855308 1.217974 1.140348 1.100690 1.200634 1.144155 0.801611 0.899189 0.988810 
0.875803 1.093385 1.040222 0.829387 1.168941 1.239373 1.095525 1.186174 1.244780 1.069182 0.871206 0.794569 1.060086 0.949497 0.936516 1.025084 0.962866 1.107146 0.822167 0.842781 1.074491 0.928788 0.985236 1.031284 1.227606 1.233131 1.171179 0.808817 1.051156 1.087048 1.222581 1.215542 1.257663 1.191266 0.986636 0.984631 0.951577 0.942721 1.210752 0.887705 0.872446 0.929507 0.925892 0.996920 1.158948 1.044517 0.881247 1.056723 1.252221 1.120961 1.178205 1.039492 1.082191 1.019378 0.856056 0.905758 
0.881525 0.818472 1.162316 0.879255 1.020468 1.239373 1.096211 1.213710 1.257010 1.049732 1.239662 0.801481 1.066893 0.942654 1.217259 0.914907 0.967300 0.890325 1.031253 0.804325 1.065699 0.873897 0.994603 1.010406 1.217415 1.222101 0.999864 0.809731 0.947196 1.095320 1.174116 0.839362 1.199527 1.250354 0.937725 1.076043 1.014543 0.884712 0.890069 1.039637 0.984423 1.074297 0.900227 1.007800 1.082414 
1.020885 0.989315 1.140317 0.907167 1.033846 1.239373 1.058228 1.164427 1.243613 1.059187 0.861583 0.799842 1.209715 0.935977 0.917542 0.969490 0.946316 1.230375 1.019721 0.816367 1.086356 0.996628 1.032102 0.927025 1.233923 1.137658 0.839125 0.795947 0.860209 1.106617 1.183462 0.920470 1.257587 1.243701 1.034693 1.000981 0.918630 0.826246 1.004507 1.006057 0.801164 1.071071 0.949522 0.811474 1.220472 1.028558 1.027464 
0.888009 0.949471 1.062858 0.870219 1.048960 1.243416 1.067137 1.216448 1.251640 1.101442 1.171523 0.799842 0.812204 0.892978 0.951306 1.034517 0.961681 1.251975 0.896632 0.837648 1.091413 1.005652 0.998964 1.135549 1.196452 0.824043 1.003681 0.836164 0.938838 1.087040 1.179244 1.238259 1.250383 1.110140 1.124398 1.193895 0.895090 0.828768 0.821513 0.931743 1.024305 0.825145 0.813024 0.978164 1.116898 
0.897386 1.125539 1.084901 1.074058 1.101724 1.239056 1.131504 1.238120 1.251640 0.849971 0.952936 0.795001 0.821212 0.884924 0.911058 1.100396 0.979776 1.248655 0.881018 0.879601 1.104746 0.967875 0.987372 0.841397 1.209510 1.004498 0.975577 1.117484 1.078820 0.852683 0.935826 1.257972 1.234498 1.018379 1.246017 1.126395 0.923073 1.035013 0.865838 1.096453 1.044202 0.961913 
0.912363 0.836885 1.174375 1.059749 1.143466 1.255242 1.147369 1.173423 1.251640 0.935293 1.041870 0.810530 0.814862 0.869730 0.926605 1.197761 1.198173 1.239872 0.916871 0.845235 1.093694 1.258575 0.972181 0.912766 1.245115 0.904972 0.926455 1.059697 1.058076 1.077121 0.984092 1.249639 1.226045 0.990489 1.141237 0.895377 0.858552 1.081562 1.087704 1.118755 1.230845 1.147338 0.934009 0.867428 1.000045 1.172315 1.002610 0.802352 0.965980 1.135645 1.071387 
1.053340 0.908060 1.177488 0.839270 1.097570 0.982754 1.078028 1.225573 1.237969 0.929004 0.987223 0.808200 0.813346 0.907525 1.000501 0.835674 1.191972 1.230400 0.911698 0.869767 1.077744 1.204575 0.950013 0.821330 1.203623 1.212767 1.258221 1.227655 1.040964 0.908382 1.005291 0.977349 0.798431 0.843792 1.171183 1.081342 1.060988 0.975798 0.982705 
0.976585 1.034672 0.828169 0.893633 1.061608 1.052891 1.102509 0.932777 1.201403 0.918822 0.995704 0.795067 0.828407 0.883218 1.166802 1.047063 1.227508 1.239632 0.826939 0.873313 1.062122 1.207008 0.981270 0.870270 1.216622 0.810628 1.240461 0.925582 1.000673 1.054181 0.923277 0.829522 1.068938 1.035570 1.216310 1.145252 1.065749 0.945109 1.156681 1.196181 1.003220 0.897778 1.252498 1.092114 1.029130 1.082507 1.108223 
1.022298 1.108187 0.965855 0.901230 1.061015 1.230261 1.042640 0.974452 1.225422 0.922995 1.080558 0.805221 0.852333 0.847920 1.099311 0.818281 0.857299 1.254668 1.228925 0.842947 1.057203 0.906701 0.939084 0.872724 1.209823 1.221605 1.227930 0.933717 0.938018 0.900567 0.955335 1.001436 1.218487 1.199026 0.796829 
0.950651 1.108120 1.200960 1.042229 1.098384 0.982276 1.052343 0.840184 1.203589 0.898794 0.988942 0.805221 0.934079 0.910425 1.169666 1.000798 0.907637 1.254668 1.011684 0.852310 1.121968 1.065795 1.135352 0.976892 1.156335 0.865360 1.214326 1.091104 0.861406 1.025729 0.952656 1.064390 1.014818 1.183316 
1.216446 0.872382 1.194163 1.067985 1.091592 0.975132 1.079747 0.830031 1.247565 0.923003 0.882901 0.795027 1.225400 0.929865 1.203597 0.983930 0.946296 1.254668 1.140388 0.864626 0.988993 1.060403 1.001443 0.965950 1.050858 1.165461 1.242456 1.216816 0.901265 1.092133 1.246756 0.953649 0.820283 0.893048 1.068210 0.863406 
1.194635 0.951750 0.811934 1.068298 1.099202 1.015812 1.090625 0.996941 1.249741 0.951597 1.025328 0.795027 1.197615 0.955561 1.174279 0.858703 0.893389 1.243708 1.198343 0.860453 0.840839 1.070663 1.108678 0.959396 0.856053 0.815227 1.230840 0.970997 0.854319 1.212229 0.974278 0.908884 0.867313 0.910890 0.957745 
1.191920 0.884853 1.003977 1.076213 0.917690 1.062473 1.088076 1.060634 1.253819 1.182741 0.815699 0.795027 1.228485 0.901315 0.964724 0.875942 0.862529 1.243415 1.227902 0.825212 1.075334 1.018473 1.022448 1.013501 1.182311 0.813160 1.226760 0.924894 1.054277 0.920059 0.961052 1.010224 
1.137778 1.258712 0.950592 1.040626 1.039610 1.081905 1.082145 1.239186 1.249639 0.934020 0.831766 0.795188 1.211773 0.872908 0.848235 0.871739 0.885644 1.247566 1.016144 1.071456 0.824285 0.908351 1.019864 0.986125 1.155266 0.815973 1.159586 0.922798 0.966014 1.157655 1.027695 1.254498 1.093847 1.039619 1.039778 
1.169765 1.001478 0.856196 0.826146 0.946342 1.064572 1.077954 1.189384 1.229262 0.996292 0.826200 0.797290 1.253585 0.943164 1.022347 0.843917 0.884901 1.253001 1.033586 1.061360 0.941337 0.880709 0.803417 0.964666 1.200278 1.081778 1.244202 0.910682 0.857903 1.143952 0.956595 1.036786 0.854061 1.145524 1.034604 0.888859 0.933966 0.892680 0.840866 1.070731 0.918838 0.960775 1.084320 1.194962 
1.229359 0.863241 0.834379 1.214069 0.880955 1.066473 1.108133 1.148901 1.218095 1.189936 0.806681 0.795177 1.256372 0.918916 1.026960 0.873010 0.825525 1.231087 0.863174 1.063235 0.893191 0.993025 0.827990 0.966089 0.911989 1.056056 1.244202 1.179981 0.974507 1.060720 0.951972 1.072978 1.254168 0.815042 1.121660 1.041270 0.885362 0.957372 
0.899728 1.065163 0.854287 1.226276 1.106918 0.900109 1.087830 1.165163 1.232268 1.199251 0.817784 0.795177 1.226687 0.923225 1.025906 0.916245 0.809615 1.241096 1.181304 1.069274 0.890467 1.071332 0.813461 0.952462 0.881711 1.063911 1.229179 0.795115 1.070681 1.095707 0.971693 1.228748 1.187892 0.892333 
0.820570 0.957781 0.847421 1.067930 1.073871 1.045911 1.091309 1.193762 1.200927 1.125515 0.809337 0.799067 0.872934 0.898911 1.022937 0.845344 0.800868 1.251984 1.177540 0.922895 0.918124 1.073415 0.799799 0.955957 0.948670 1.079549 1.219447 0.999013 0.833696 1.151561 0.936170 1.250559 1.167713 1.237800 0.801245 0.904638 1.124469 0.806022 
0.811335 0.847903 0.892150 0.968868 0.909673 0.949600 1.102930 1.147283 1.235360 1.226026 0.842818 1.006334 0.887979 1.188868 1.018770 0.894657 1.041784 1.241491 0.890156 1.093807 0.866861 1.056749 0.836964 0.802668 0.916346 1.053662 1.232251 0.903004 1.040954 1.132875 0.930249 1.234899 1.143229 1.125846 1.251423 1.131688 0.930377 0.977653 1.014356 0.842920 1.096289 1.063658 
0.863654 0.924046 0.875695 1.190365 0.866414 0.921747 1.054922 1.146233 1.225942 1.159071 0.836121 0.843456 0.912399 1.209740 0.990620 0.950611 0.921081 1.239246 0.862384 0.975571 0.843021 0.990569 0.815861 0.794681 1.111189 1.031073 1.202676 0.859895 1.057566 1.047380 0.965939 1.254235 1.152770 0.826432 1.028965 1.132387 0.798818 1.069804 0.972922 0.947018 1.134898 1.254837 0.975884 1.137845 0.940035 
1.200838 0.945151 0.815272 0.995032 1.150902 0.844010 1.104326 0.817851 1.242811 1.172583 0.851708 0.852823 0.968113 1.167685 0.998656 1.027747 1.174313 1.250082 0.938747 1.138680 0.841105 1.017016 0.805418 0.797652 1.232391 1.130648 1.243063 0.865518 1.196450 0.887011 0.940495 1.242819 1.207336 0.806745 0.974385 1.126464 1.047539 0.874999 1.009028 0.897287 0.984523 1.124580 0.858730 0.875052 0.855098 1.081737 0.958850 
1.151643 0.879368 1.010098 0.887378 1.028470 0.964108 1.079584 1.113787 1.232110 1.214449 0.860104 0.860995 1.133695 1.152819 1.243680 1.106952 0.895617 1.248287 0.974622 0.818054 1.088774 0.966613 0.870750 0.801821 1.096095 0.973772 1.248743 1.114008 0.868677 0.807215 0.931718 1.250016 1.146288 1.203321 0.973949 0.880319 1.049085 0.895658 1.003430 1.222619 1.137104 1.154326 1.204309 1.214414 
1.124831 0.923685 0.997415 0.929264 1.002999 0.883450 1.056908 0.960365 1.245302 1.213784 0.877178 0.855863 0.853388 1.153072 1.129990 1.049096 0.916125 1.212009 1.193108 0.803366 1.178886 0.920885 1.168835 0.801421 0.809429 0.946723 1.219752 1.002991 0.824793 0.860839 0.941994 1.204566 0.996451 1.045973 0.984962 1.044830 1.092043 0.989798 0.997923 1.227658 0.821041 1.233865 0.889714 0.886147 
1.145707 0.858917 1.085743 1.166116 1.019071 1.027704 1.091598 0.857464 1.238010 1.183309 1.124611 1.246487 0.895924 1.051267 0.834164 1.022653 0.921787 1.251549 1.040742 0.805918 1.083690 0.963475 1.194048 0.801421 0.954124 0.900383 1.236080 0.835353 1.204556 0.825535 0.958959 1.236798 0.921498 1.042923 0.988043 1.069557 0.833820 0.888856 0.969964 1.254243 0.861050 0.889555 1.069303 1.190112 1.002006 
1.157656 0.903848 1.087327 1.198145 1.182989 1.167893 1.084061 0.875973 1.241880 0.971234 1.145779 1.084721 0.891187 1.094665 1.134049 0.905368 0.912977 1.254241 1.180193 0.819360 1.049445 1.196911 1.230163 0.801421 0.888500 1.079798 1.219998 1.018532 1.063346 0.821488 1.020166 0.997406 0.941457 1.017295 1.113235 1.087192 0.968692 0.896362 1.090284 1.024527 1.143053 
1.173540 0.844169 1.169945 1.013563 1.231098 0.887396 1.083940 0.967970 1.241891 0.854722 1.052010 0.895925 0.890387 1.258126 1.147733 0.864159 0.933342 1.225529 1.056966 0.910830 1.099476 1.130501 0.856078 0.802167 1.045447 0.974783 1.257916 1.041240 1.077576 0.845532 0.921410 0.848523 1.198005 0.808226 1.055681 0.935582 0.984446 0.901653 
1.193079 1.085106 1.209543 0.979143 1.088679 0.973272 1.050576 0.979389 1.222514 1.094034 1.058963 1.071007 0.857719 0.907797 0.964694 0.929592 0.901590 1.227305 1.184398 1.058105 0.896235 1.251380 1.091575 0.802167 0.987555 1.147520 1.241434 1.013411 0.902701 0.837049 1.228766 0.876872 0.937627 0.999420 0.903909 1.087173 
1.155248 0.913131 1.209543 1.005353 0.949218 1.123991 1.154714 0.974805 1.253869 1.131157 0.910079 0.986090 0.858372 1.156624 0.977646 0.805239 0.836990 1.237920 1.072391 1.057009 0.873917 1.215961 1.083169 0.806052 0.962831 1.021784 1.253245 1.043716 0.902045 0.836651 1.227498 0.907265 0.941853 0.822916 0.975364 1.125724 0.888192 1.121358 0.813247 0.910057 0.904511 0.976972 1.201004 
1.065733 0.980728 1.252885 0.828271 0.964179 1.157235 1.097751 0.974805 1.247378 0.869229 0.932572 0.841952 0.903995 1.176665 0.954549 1.107667 1.041531 1.258156 1.073184 1.125299 0.901815 0.919038 1.082286 0.796805 1.186747 1.176942 1.236845 0.917451 0.824343 0.831392 1.256510 0.886562 1.003474 1.009798 1.212244 1.145098 1.042740 0.980191 0.893784 1.153635 1.047385 0.920887 1.107931 0.917914 
0.823500 1.076416 1.242255 1.200682 0.975557 1.178253 1.232434 0.982782 1.224315 0.849838 0.949124 0.888761 1.046549 1.201855 0.877759 1.176170 1.088883 0.959586 1.028420 1.096537 0.938170 0.882234 1.055176 0.795743 1.052731 1.133881 1.251873 1.050997 0.801937 0.856800 1.213036 0.925297 1.101485 0.904449 1.210273 0.991917 0.906152 1.089658 0.979502 0.889867 0.884476 0.883427 0.829565 1.029235 1.071492 0.870625 
0.980687 1.037789 1.242255 1.202084 1.145337 0.914128 0.856871 0.937844 1.257837 0.884937 1.157521 0.934019 1.056247 1.140093 0.864269 0.957575 0.862608 1.060397 0.878043 1.027909 1.072402 0.814246 1.091500 0.801527 1.006078 1.151338 1.232874 1.057738 0.818675 0.796053 1.232002 0.866441 1.202666 1.136584 
0.858373 1.003586 1.241241 1.257883 1.061637 1.239488 0.885441 0.938697 1.251475 0.884559 1.000173 0.958079 0.876945 1.221750 0.989232 0.948938 0.875755 1.096005 0.881444 1.029670 0.835317 0.902168 1.069118 0.797989 0.811976 1.165781 1.251129 1.048249 0.850714 0.848624 0.864010 1.242541 0.827131 0.974472 1.228674 
1.183056 1.076313 1.213099 1.220020 1.086009 1.166953 0.821220 0.972747 1.212856 1.129642 0.894938 0.975091 1.213549 1.116519 0.986517 0.928305 1.104275 0.870415 1.197854 1.240427 0.800920 1.028920 1.054195 0.794999 0.824125 1.173571 0.909452 1.048249 0.867688 0.869083 0.903163 0.900973 
1.044507 1.123408 1.240067 1.257913 1.032205 1.135001 1.067143 0.965138 1.195301 1.036346 1.146073 0.912265 0.909410 1.200902 1.025561 1.023221 1.206591 0.875939 0.878317 1.206213 0.975791 0.880766 1.058322 0.797537 0.810319 1.065399 0.990851 0.820581 0.914058 1.192473 0.913115 0.809206 1.232651 
0.849329 1.080153 1.191118 1.246969 1.021361 1.090615 0.892429 0.960588 1.193473 0.989648 1.139617 0.844239 0.900793 1.136887 0.949962 1.034975 1.228804 0.890811 0.960087 1.228484 0.958851 1.048901 0.817832 0.799920 0.827837 1.002321 0.802900 0.840478 0.882970 0.856171 0.864199 1.238419 1.012478 0.840435 1.054499 0.922504 1.004145 0.982973 0.950655 0.962582 1.117483 0.959204 0.932806 
1.076265 1.151202 0.974599 1.108307 1.104464 1.081111 0.956593 0.949689 1.254117 1.128642 0.911592 0.849938 0.944731 1.155445 1.239143 0.943113 1.216715 1.039512 1.010194 1.225350 1.202970 1.183087 1.232816 0.794508 0.828029 0.853446 1.025133 0.861113 1.129676 1.221188 0.911223 0.854800 1.117754 0.819721 1.050569 0.954627 
1.123714 0.920330 0.965045 1.208468 1.093921 1.117043 0.985689 0.974082 1.248342 1.184624 0.898837 1.002196 0.944341 1.195545 1.257054 1.098052 1.244558 1.075547 0.823042 1.213628 1.153819 1.138629 0.871800 0.794508 0.882178 1.010405 1.065326 1.000489 1.158817 1.100173 0.926216 0.926279 
1.108334 0.911148 0.931597 1.249900 0.816834 1.034532 1.085457 0.999620 1.248342 1.091210 1.212851 0.917686 0.940713 1.237452 1.246214 1.060773 1.178981 1.056513 0.806955 0.845578 0.992241 1.154821 0.877399 0.794508 0.838224 0.975870 1.006088 1.238356 1.110481 
1.074542 0.808505 0.998584 1.240544 1.084305 1.193714 1.100188 0.952412 1.244508 1.070041 0.960109 0.888631 0.968067 1.223381 1.253966 1.057286 1.252725 1.156651 1.036968 0.852530 0.799397 0.981628 0.884210 0.797362 0.840568 0.810477 1.073524 1.243285 0.802474 0.838643 1.023865 0.817051 1.038422 0.978714 0.964274 1.217100 1.150296 1.025635 0.863630 0.926128 
1.089008 0.987649 0.932249 1.093459 1.067474 0.830646 1.073604 0.980569 1.247687 1.083668 0.997458 0.889662 0.949507 1.179756 1.256221 1.055510 1.227740 1.229840 1.199164 0.836239 1.096094 0.995464 0.961597 0.803500 0.840088 0.887811 1.179814 1.247993 1.167547 0.837975 0.832005 0.907739 1.025273 0.965573 1.235974 1.021022 0.939145 1.051060 0.823584 1.187568 0.836405 0.897403 0.997517 0.967733 1.230384 0.862208 
1.191942 1.008806 1.042812 0.867508 1.122298 1.000332 1.136789 0.974404 1.247687 1.099048 0.861479 0.881869 0.957148 1.178756 1.256221 1.076838 0.803687 1.246272 1.242249 0.840639 1.108634 1.128053 0.873452 0.806082 0.847330 1.217093 0.897353 1.247129 1.169203 1.078043 1.071525 0.960798 1.019652 0.821125 1.035704 0.974314 1.253448 0.817708 1.001145 1.130650 1.180888 
1.071868 0.960913 0.830445 0.893997 0.863106 1.190249 0.881927 0.957855 1.232898 1.172617 1.005821 0.892440 0.895232 1.166973 1.256221 1.035247 0.845743 1.008561 1.016959 0.840639 1.122071 1.206752 1.078669 0.806082 0.843904 1.164935 1.077206 1.247129 1.017097 1.254795 1.063850 0.947623 1.077504 1.231507 1.044895 1.158230 1.253475 0.984125 1.128342 0.962369 1.067618 0.836064 1.146951 0.847626 1.195493 
1.063336 0.912261 1.095376 0.864533 0.937814 1.191077 1.201663 0.959216 1.231731 0.928606 0.912008 0.845976 0.923642 1.146673 1.257756 0.826086 0.897456 0.863771 0.983298 0.815544 1.095747 1.149926 1.007897 0.801407 0.809980 0.880495 1.227791 1.175669 1.241861 1.109415 1.088745 0.840906 0.929783 1.245164 1.104573 1.168376 1.217115 0.959022 1.043241 0.965966 0.966723 1.066099 1.050753 1.003671 1.041829 0.878303 0.818710 1.111701 
1.183313 0.929293 0.967214 0.902242 0.878318 1.206904 1.089790 0.932744 1.221752 0.878559 0.922145 0.879763 0.964722 0.840491 1.228029 0.861829 0.916816 0.795573 0.857180 0.852127 1.065807 0.923521 0.924374 0.795061 0.935091 1.039708 1.224116 1.220136 1.085999 1.159511 1.081367 0.927712 0.885631 1.202146 0.855078 1.165142 1.242217 1.194728 0.946353 1.033692 0.936832 1.149066 0.990836 0.984669 0.960778 0.807667 0.867143 1.044507 1.051921 1.018439 1.120917 1.084459 1.000081 0.998933 0.900156 0.848403 1.254161 0.826323 1.054913 1.073252 0.937830 
1.095781 0.897653 1.077846 1.097226 0.869654 0.998434 1.025320 0.946143 1.255408 0.839604 1.084397 0.870508 0.871922 0.961163 1.158355 1.038153 1.238965 1.065165 0.993731 0.795108 1.099148 1.132148 0.901848 0.795061 1.176627 0.802728 1.218911 1.215433 1.240319 1.105552 1.094286 0.832477 0.950766 1.258297 0.970643 1.183949 1.245192 0.901154 0.959973 0.859542 1.165740 1.043063 1.162736 1.194081 0.958846 1.144730 0.970774 1.160678 1.017128 1.072552 1.234172 
1.005789 0.858252 0.882141 0.861487 0.930222 1.051269 1.007793 0.933910 1.232002 1.136204 1.040094 0.844288 0.920468 1.258319 1.194195 0.938697 1.246775 1.102325 0.971873 0.922559 1.077557 1.207295 0.882113 0.796266 0.874539 1.069408 1.089632 1.199824 1.225039 0.941420 0.804236 0.823618 1.061124 1.177126 0.953803 1.115171 1.180044 0.841692 0.895298 0.906142 0.818266 
1.109018 0.920956 0.967149 0.806676 1.062534 1.084243 1.011701 0.950858 1.246505 0.928717 1.035474 0.815156 0.886967 0.854835 1.198897 0.950953 0.882896 1.027640 0.988376 1.235413 1.229315 1.169519 0.853611 0.796473 0.849651 1.099615 1.086035 1.227014 1.201211 1.062479 0.797333 0.858826 1.253759 1.203331 0.911361 0.840135 0.995344 
0.873016 0.899984 1.035412 0.799551 1.179048 1.242568 1.072508 0.947932 1.239085 1.007403 1.064197 0.834614 0.926961 0.989653 1.156620 1.042135 0.848373 1.183755 0.988041 1.258201 1.258180 1.232106 1.081499 0.796095 0.809979 1.082781 1.039173 1.242895 0.922316 0.917417 0.977644 0.993679 0.956390 0.860680 1.236173 0.961332 0.913659 
0.875862 0.884316 0.911530 1.128439 0.795546 1.257417 1.011270 0.946613 1.254141 1.050342 1.108184 0.802637 0.896710 0.983310 0.911327 1.128777 0.908596 1.159551 0.894357 1.224251 1.190918 1.210054 1.081694 0.795964 0.983530 0.951555 1.073309 1.228343 0.912336 1.067702 0.923882 1.107963 1.164187 0.812294 0.816137 0.939521 0.865549 0.796697 0.973990 
0.899460 0.833017 0.988013 1.194310 0.799563 0.987438 1.042793 0.974643 1.251785 1.052696 1.192789 0.888344 0.890061 1.208583 1.172558 1.083195 1.008432 1.001132 0.880083 1.205272 1.236341 0.966640 1.159355 0.795964 1.017518 0.927195 0.831061 1.226141 0.900167 0.921662 0.953760 1.079432 0.968448 1.072117 1.024856 0.898846 1.035314 1.179176 1.031680 0.895156 0.892805 1.142318 1.087013 1.208686 0.995584 1.045896 0.950185 0.937627 0.892978 
0.969597 0.853527 0.984772 1.110919 0.807260 0.842111 1.047847 0.942869 1.237089 1.010166 1.074277 0.832547 0.912649 0.867924 0.813472 0.965718 1.110787 1.014959 0.947902 1.230020 1.220161 1.208845 0.969308 0.795964 1.188868 0.950679 1.110237 1.241431 0.889928 0.796446 0.971610 1.126209 1.124950 1.055744 1.153717 0.869811 0.865138 1.139733 1.247791 0.881584 1.073777 1.183393 1.149753 1.039319 1.134518 0.913858 1.060107 
0.996211 1.004993 0.838782 0.822989 1.068103 0.990378 1.019830 0.954536 1.255686 1.156080 0.871013 0.806657 0.892406 1.181664 1.072002 1.013700 0.852829 1.236510 1.070756 1.242513 1.125540 1.239737 0.966189 1.009806 0.867840 1.132442 0.956079 1.254281 0.845701 0.814168 0.853041 1.190425 1.054149 0.821996 
0.999463 1.002435 0.891441 0.816736 1.009756 1.097124 0.806309 0.967460 1.230975 1.242777 0.895508 0.868438 0.917216 1.246317 1.081124 0.921911 1.042386 0.826181 1.239861 1.146828 1.051966 1.221517 1.091030 1.055526 0.939892 0.868584 0.942730 1.245688 1.249603 0.818424 0.931811 1.229942 1.060675 1.086472 0.865362 0.885675 1.128103 1.190683 0.998910 0.990650 1.015903 0.920379 1.077501 0.956694 1.078043 0.909991 1.130943 1.048252 1.253907 0.904898 
1.162574 1.000797 0.876809 0.866880 0.996643 0.826021 0.796960 0.950288 1.257613 0.992886 1.232770 0.819064 0.905242 1.148741 1.104903 1.075358 0.967516 0.962056 0.985327 1.011461 0.976160 1.242317 1.027155 1.062452 0.861128 0.873365 0.930690 1.245688 1.077500 0.985383 0.928465 1.223286 1.071979 1.112383 0.886657 1.234015 0.899797 1.151290 1.094704 1.141898 1.030367 0.803575 1.199729 1.176784 0.887930 0.946577 1.244166 0.829178 
0.887834 1.078543 1.226266 0.898926 1.175969 0.908075 0.812583 0.979909 1.228558 1.110153 1.243738 0.841542 1.071720 0.910457 0.812942 1.071499 1.099238 0.945144 1.098136 1.009104 1.071939 1.251303 1.040219 1.062452 0.799111 0.962009 0.873517 1.226013 0.976253 1.149394 1.245798 1.199860 1.175439 0.946882 0.902985 1.029392 1.068882 1.177656 0.998564 0.807620 0.908186 1.118497 1.112506 1.095056 
1.161609 1.211617 1.205346 0.878807 0.921600 0.958630 0.816318 0.954280 1.255587 1.096638 1.148755 0.844231 1.098333 0.926461 0.803775 1.092263 1.235945 0.964495 1.001359 1.201757 1.176395 1.226156 1.177831 1.052333 0.947024 0.925717 1.069052 1.235229 0.898972 1.046831 1.192293 1.118773 0.927627 1.008211 0.986184 1.187956 0.977568 1.023573 1.192595 0.904213 0.877791 0.913817 1.080980 
0.890604 1.198384 1.043654 0.893996 1.043733 1.152650 0.795932 0.954280 1.235496 1.028395 1.217320 0.813464 0.966408 0.940960 0.826003 1.076544 1.185329 0.934353 1.132079 1.221507 1.231601 1.235908 0.895735 1.064337 1.052112 0.824509 1.080318 1.016820 1.061696 1.059374 0.978111 0.880845 1.034499 1.130806 0.879831 1.097887 1.255588 0.931302 1.185271 1.013243 0.929427 1.254010 1.118541 0.908136 0.928432 
0.802681 1.175743 0.972855 0.994455 0.879831 1.216981 0.795932 0.929693 1.219955 1.080293 1.225697 0.837396 0.826839 1.099521 0.836251 1.054528 0.923679 1.022123 0.837358 0.844976 0.961546 0.970976 0.856297 1.077807 1.125516 1.057375 1.057814 1.035841 1.090962 1.219699 0.941187 1.136087 0.853071 0.869708 1.218307 1.056341 1.062271 1.183240 0.942373 0.866313 0.961236 1.226916 1.079199 1.147969 
1.168842 1.238346 0.990297 0.972886 1.008286 1.057303 0.795932 1.132395 1.216944 1.023162 1.025813 0.843312 1.082543 1.240397 0.801372 0.856056 0.891174 0.926717 1.147691 1.115601 0.841409 1.108578 0.903043 0.985257 0.862617 1.172956 0.891104 0.902177 0.865152 1.240497 1.209783 0.824665 0.928792 0.939450 1.216202 1.015273 1.123552 1.143387 0.877145 
1.223593 1.065128 0.822177 1.005017 1.038947 1.174441 0.802079 0.874788 1.239376 1.096222 1.058779 0.796030 1.098121 0.868727 1.032571 0.829548 0.902764 1.214064 0.876286 0.855288 0.904730 1.152584 1.215851 0.990575 1.174800 1.049291 0.941267 1.000781 0.908177 1.192815 1.117120 0.868032 0.946758 1.079258 1.096041 1.139107 0.962593 0.982173 0.971055 1.086406 1.223698 1.017598 
0.815804 1.099128 0.802058 1.154909 1.043666 0.945147 0.799485 0.862444 1.234098 1.231164 1.063014 0.833624 1.051173 1.230010 1.210440 0.904789 0.890034 1.228897 1.111772 0.872803 0.849802 1.193014 0.987672 1.088221 1.174933 1.253961 0.934908 0.932891 1.078525 0.874636 1.242634 1.076838 0.956101 1.196000 1.247738 1.227769 1.019112 0.988723 1.057730 1.209052 0.886301 1.053309 1.047730 1.143672 1.115072 
1.219741 0.903109 1.015508 1.227790 0.888377 0.944237 0.799485 0.877489 1.231954 1.051958 1.035958 0.797459 1.044156 0.942949 1.246787 0.934282 0.877285 1.225136 0.922601 1.042130 0.853588 1.180060 1.030324 1.120859 0.864723 1.146076 1.188332 0.799029 0.960765 0.849081 1.178099 1.171888 0.804527 0.995042 1.095843 0.905738 1.033096 0.989323 0.936220 0.933807 0.927175 1.119843 
1.240286 1.240133 0.982408 0.901979 0.996838 1.094757 0.799485 0.902014 1.233740 1.083471 1.058715 0.824606 1.203809 0.964038 1.251183 0.888629 0.952189 1.250947 0.949078 1.056283 0.853969 1.181748 1.056175 1.002992 0.956043 1.238669 1.223528 0.802218 1.003453 0.861793 1.215439 0.823694 1.156315 1.034679 1.027776 1.062628 
1.241385 0.840722 1.052614 0.808054 0.938557 1.166969 1.109833 1.029685 1.218405 0.894703 1.082707 0.887138 0.890043 0.962852 1.237891 1.194407 0.948800 1.238190 0.936718 1.078693 0.879498 1.225892 1.057312 1.010961 0.968276 0.894064 1.228480 1.042357 1.212306 1.102544 1.176915 1.135368 1.237034 0.894681 1.084836 0.889557 1.090698 0.976106 1.154065 0.864206 1.017375 0.933440 
0.976519 0.829147 1.153856 0.810831 1.125435 0.834118 1.191326 1.028698 1.222705 0.938678 1.075178 0.829561 0.995012 0.929315 1.035880 0.893082 0.867656 1.243568 1.189551 1.077328 0.884587 1.148796 0.990528 1.168214 0.988325 1.017423 1.093819 0.976318 1.087956 0.934278 1.210321 1.043338 
