1.188816 0.919980 1.011712 1.041003 0.868155 0.984969 0.984678 0.796348 1.088281 1.105183 1.252054 0.872582 0.988796 1.250343 1.073015 0.996573 1.220773 0.890585 1.244330 0.983273 1.247735 0.972751 0.855967 0.838361 1.022679 0.938611 1.168336 1.055681 1.095163 1.079610 1.212546 1.053354 1.255975 1.254478 0.869591 1.223008 0.861546 1.243084 1.247341 1.199014 1.214584 1.074806 0.829352 0.986032 0.961008 0.827908 0.850727 1.152970 0.965740 0.893931 1.087979 1.198181 
1.121950 1.240280 0.996163 1.093223 0.902385 1.173217 0.852285 0.794769 1.197885 0.821550 0.829712 0.961380 1.000258 1.250343 1.047414 1.186802 1.166838 0.826679 1.159020 1.251019 1.251618 1.002320 0.856703 1.103485 1.032127 0.928129 1.034677 1.152371 1.094440 1.241694 1.047389 1.122811 0.905197 1.243437 0.838457 1.251122 1.048347 0.816724 1.158072 0.803507 1.246158 1.055861 0.854175 1.008748 1.074679 0.917954 0.834072 1.023773 1.098885 0.966829 0.875453 
1.101405 1.212575 1.062154 1.085718 0.881471 1.103826 0.939182 0.827771 1.197029 1.002069 0.818267 0.974475 0.965123 1.250343 1.015833 1.256993 1.080636 0.905369 1.021982 1.245320 1.239809 0.989682 0.842796 1.011132 1.026264 0.903306 1.208945 1.089230 1.087351 0.932546 1.059422 1.080515 1.017725 1.245720 0.915033 1.229938 1.049343 0.801632 1.128937 0.801582 0.886467 1.028867 0.807036 1.235210 1.145695 0.984053 1.087595 0.813342 1.121960 0.857935 1.182456 1.225774 0.805798 1.086659 0.993768 0.994189 1.129133 1.117247 1.147559 0.914245 
0.872851 1.185170 1.155690 1.064033 0.881891 0.888457 0.932035 0.801215 1.152806 1.127243 0.952982 0.948422 0.964694 1.221331 0.902351 1.229173 0.999106 0.872242 0.801336 1.174057 1.238668 1.166887 0.809011 1.142088 1.030080 0.981343 0.967355 1.029010 1.100804 0.921331 1.130280 1.065189 1.028497 1.219659 0.886495 1.241398 0.920196 0.855264 0.901463 0.801522 1.081054 0.969688 1.072407 1.214926 1.190286 0.995603 1.082962 1.103348 0.869776 0.821379 1.145368 0.945483 0.884472 0.894619 
0.883196 1.132280 1.088546 1.050721 0.987964 0.907833 1.164076 0.845401 1.166112 1.059706 1.008141 1.255812 0.925871 1.219117 0.895519 0.932272 0.946123 0.812417 0.796042 1.087230 1.225961 0.822397 1.171438 0.902535 0.987032 1.156916 1.148154 1.091971 1.092750 1.004925 1.006987 1.047540 0.944712 1.243235 0.880560 0.931660 
0.916360 1.198117 0.849948 1.045219 1.016769 0.824284 0.842836 0.928525 1.180321 1.132757 1.007274 1.206648 0.958600 1.220545 0.918873 0.935164 1.075769 0.819916 0.796412 0.877463 1.207683 0.857656 0.874822 0.876493 0.986891 1.231621 0.844969 1.155717 1.078070 1.046131 1.181203 0.961168 0.952622 1.102856 1.063309 1.020015 1.017701 0.803044 1.110469 1.025658 0.827180 0.920265 1.225934 1.085258 
0.989246 0.867531 1.194659 1.070734 0.962895 1.109247 0.922902 1.138569 0.901580 1.125785 1.014324 1.190539 0.949941 1.190444 0.899747 0.954078 0.895628 0.812836 0.796412 0.899973 1.229339 0.888248 1.129227 0.809938 1.013433 1.252987 1.147511 1.233003 1.069453 0.836423 0.884968 0.818622 1.230890 0.967392 1.110404 1.093923 1.008709 0.956900 0.795211 1.050998 0.815471 0.857327 0.931779 1.013556 1.050798 1.185341 1.008412 0.804151 
0.880414 1.068489 1.034199 0.843993 1.130333 0.949849 0.988998 1.027391 1.061782 1.085390 1.045401 1.219174 1.184024 1.221523 0.920280 1.138183 0.919925 0.847055 0.796207 0.871614 1.250403 0.830483 1.102533 0.935552 1.173349 1.240978 0.990478 1.241104 1.044004 0.835366 0.976753 0.854470 1.195894 1.241487 1.023316 1.096038 0.954179 0.920320 0.827074 1.075597 0.854239 0.896123 0.995275 0.886557 1.019914 1.079142 0.956497 1.047181 1.036962 1.069699 0.976978 0.850989 0.971492 1.168717 1.131736 
0.985714 1.206480 0.898741 0.993322 1.055341 0.892002 0.914271 1.169089 0.896572 1.095871 1.005290 1.256890 1.038130 1.229142 0.924890 1.004224 1.125260 0.819053 0.796184 0.882732 1.250340 1.141304 0.863317 0.950732 0.906309 1.248367 1.088374 1.225093 0.988891 0.996849 1.153132 1.120881 0.991872 0.990310 0.952210 0.831865 1.186844 0.920763 0.809895 1.062639 1.162237 1.202338 0.979809 1.225276 
0.994965 1.132311 0.899442 1.089536 1.218362 1.136128 1.114988 1.180811 1.053578 1.066385 1.030593 1.239568 1.075090 1.218030 0.890491 0.884447 1.254742 0.814733 0.798476 1.071268 1.250340 0.927780 1.206999 0.958076 0.869541 1.237986 1.114359 1.247283 0.851855 1.230769 0.842083 1.109097 0.934393 1.105682 0.967198 1.025318 0.910274 1.036342 0.809862 0.886298 0.895167 1.044312 1.233296 0.877940 1.120148 0.983950 1.178560 0.933276 
1.123876 0.890345 0.982598 1.106269 1.236681 0.906474 1.179875 0.949637 1.051332 1.026197 1.005688 1.196985 1.083026 1.256059 0.886906 1.108672 1.062697 0.816541 0.798476 0.996270 1.246604 1.179910 1.183740 0.920200 0.837182 0.798240 0.940656 1.250174 0.795737 0.818578 1.019512 1.050803 1.012330 1.083307 0.961167 1.065600 0.870101 1.093658 0.807529 0.890811 0.960671 0.878712 0.981553 0.976928 1.128598 1.211166 1.133952 0.915160 1.054161 0.930275 0.914072 1.091780 0.898149 0.929348 0.961100 1.131845 
1.057353 0.939834 0.857189 0.813529 1.241988 1.144155 0.821216 1.169709 0.822892 1.025848 0.985867 1.215087 0.955161 1.220784 0.900044 0.955775 1.021771 0.859828 0.802232 1.129124 1.203384 1.255582 1.147534 0.904704 1.121198 0.798262 0.995042 0.869090 1.249707 1.056064 0.956532 1.051340 1.048005 1.001075 0.846034 
1.013866 0.861230 0.879342 0.848789 1.233471 1.216157 1.044585 1.167836 0.840631 1.238677 0.987126 1.184470 0.852110 1.243020 0.887793 0.950169 1.047771 0.835414 0.802232 1.126298 1.198072 1.234494 1.132968 0.924866 1.056768 0.798262 0.951091 1.224383 0.967877 0.893437 0.945476 1.039062 0.862077 1.024846 0.807521 0.858139 
1.046971 0.885442 1.032310 0.868388 1.251389 0.827576 1.130535 1.182295 0.897813 1.144037 1.020239 1.069116 1.161024 1.242296 0.863031 0.968566 0.862562 0.816396 0.801927 1.091748 1.236614 1.222314 1.247689 0.941600 0.961662 0.826253 0.881695 1.069613 1.223257 1.173926 1.004026 1.106652 1.034637 1.041976 0.952295 1.011582 1.180805 1.076547 0.902690 0.929051 0.976955 1.178979 0.999718 0.841305 0.821122 0.970696 1.042746 1.244749 0.875504 0.987339 0.829998 1.205899 1.179069 
1.172051 0.888082 1.133362 1.203228 1.221788 0.992024 0.846222 1.183528 1.077327 0.856072 1.217476 1.069116 0.805244 1.254210 1.138299 0.988700 1.003274 0.864384 0.801927 0.844647 1.240515 1.249020 1.018413 0.965575 1.180694 0.828161 0.830363 1.103195 1.076976 1.218465 0.869393 1.123354 1.074359 1.075657 0.958971 0.885503 0.956721 0.797959 1.065361 0.920537 1.020385 0.951457 0.877669 1.056772 1.066542 1.241942 1.193512 1.013132 0.904144 0.958296 0.883266 
0.927203 0.942612 0.809685 0.880725 1.233729 0.816468 0.800374 1.232836 1.150462 0.877253 0.958026 1.089749 0.842096 1.251336 0.814964 1.022352 1.094063 0.811716 0.798702 0.833687 1.219320 1.243411 0.894135 0.945007 1.217178 1.129775 0.827611 0.980542 1.081857 1.113181 1.056019 1.131659 0.985455 0.913438 0.956944 0.876813 1.162311 1.215388 0.851850 0.913214 1.166337 1.037400 1.079915 1.018333 1.105566 0.876583 0.961989 0.865756 1.053202 1.048405 1.096987 0.979392 
1.115745 0.897966 0.864840 1.065070 1.228804 0.883331 0.982974 1.162167 1.238756 0.874609 0.995836 1.083275 1.220209 1.251336 1.183176 1.031096 0.930900 0.799654 0.798702 0.887339 1.219320 0.822315 1.039750 0.963292 1.231394 1.003447 0.858057 0.929119 1.023755 1.201881 0.979844 1.122301 1.002625 0.889047 0.972549 1.180545 0.967459 1.055770 1.139427 0.922073 1.014985 0.903922 0.968358 1.066400 0.950917 0.921088 1.084833 
1.067774 1.153460 0.938391 1.050820 1.256290 1.076085 1.042575 1.171973 1.193657 1.209336 0.960734 1.087154 1.201047 1.256609 0.984790 1.161827 1.080939 0.862760 0.801545 0.985625 1.243887 0.872459 0.998597 0.932564 1.227326 1.200756 0.843236 0.856373 0.850663 1.188034 0.973627 1.120504 0.950560 1.150879 0.997634 0.921871 0.803230 1.099330 0.964629 0.928208 
0.894400 0.853283 1.129015 1.094748 1.249938 0.888544 1.065413 1.198878 1.256735 0.866164 1.048423 1.067573 0.963394 1.246357 1.071331 1.245861 0.974159 0.811102 0.810011 0.892039 1.245316 1.225948 1.023268 0.946893 0.858623 0.830312 0.861951 1.146487 0.992687 1.237585 0.891380 1.098372 1.065906 1.038588 0.929531 0.996721 0.825886 0.864668 1.234674 1.229554 0.804914 1.037803 0.895274 1.013630 1.197131 1.098355 
0.802803 0.825888 1.249152 0.863141 1.229122 0.850766 1.121593 1.159594 1.235738 1.200770 1.113390 1.074736 0.949460 0.880760 1.041529 1.162744 0.968259 0.873356 0.801300 1.140079 1.249556 1.254835 1.023268 0.956743 0.854307 0.834989 0.931650 0.931939 0.988469 1.107322 0.899843 0.835888 0.865234 1.066180 1.229216 0.889281 1.043117 0.881517 1.211567 1.165300 0.875856 0.998649 1.065158 0.814806 0.864387 1.160486 0.881697 1.101720 1.230498 0.898005 0.992717 1.010948 
1.072901 1.063349 0.869934 1.132138 1.219129 0.922129 1.132031 1.143770 1.231107 1.054833 0.965445 1.092421 0.979521 0.923935 0.847156 0.997440 0.966430 0.799677 0.797929 0.856030 1.226297 1.254835 1.042024 0.969776 1.235617 0.818997 1.020865 1.193174 0.988920 1.218000 0.905678 0.930308 0.914410 1.063151 0.852326 0.804500 1.179890 0.880200 1.247798 0.921109 1.143056 1.201451 0.958408 0.821454 0.971287 1.178351 1.169636 1.194839 0.890506 0.848231 1.153170 1.219087 1.220762 1.058740 1.060227 0.797581 0.866749 0.964136 1.076209 0.977272 
1.079178 1.224453 0.952482 1.082713 1.255942 1.237312 1.134663 1.243244 1.025928 1.067297 1.013314 1.072466 0.959758 1.121316 0.879313 0.808625 0.948880 0.865960 0.794356 1.063402 1.233775 1.257318 1.050938 0.954356 1.219557 0.883315 0.888378 0.821248 0.903978 0.905381 0.904726 0.947360 0.981711 1.182406 1.239457 1.212307 1.060270 0.914333 1.221960 1.063441 1.087512 0.975324 1.101396 0.971467 0.807177 1.222804 1.021345 1.041324 0.864253 0.887294 0.921245 1.180673 1.219376 
0.818370 1.210275 0.911210 1.232689 0.901318 1.237312 1.064726 1.239412 1.136746 0.836730 1.207611 1.087917 0.994436 0.876657 0.849739 1.062526 0.956212 0.972607 0.794356 0.866086 1.233775 1.224964 1.053782 0.954356 0.961754 0.795244 1.045209 0.801843 0.865836 0.906122 0.893333 1.000283 1.171236 1.113841 1.175480 1.235880 1.256107 1.101210 1.253608 1.026560 1.075822 0.994269 1.090482 0.837142 0.896083 0.900822 1.030532 0.932221 
1.188664 1.221786 0.889050 0.974157 1.028638 1.241862 1.245159 1.214663 1.125787 0.853153 1.067279 0.948064 1.071318 1.007140 0.903938 1.037102 0.939928 1.113403 1.125009 1.087435 1.219171 1.247643 1.033225 0.970395 1.054952 0.795244 0.830779 1.107096 1.032845 0.948498 0.940763 0.857009 1.185874 1.055189 1.085030 1.257422 0.998283 0.943649 1.071551 1.022487 1.037427 1.250314 
0.794603 1.250477 0.935516 0.995650 1.164259 1.219281 1.138738 1.249062 1.150770 0.879438 0.889598 1.038545 1.157661 0.958923 0.942899 0.883936 0.973525 0.973733 1.026027 1.103996 1.239066 1.251202 0.979243 0.954395 1.037427 0.795244 0.842852 1.120573 1.167669 0.965924 0.933172 1.188033 1.222435 1.079296 1.168041 1.234265 0.916782 1.129351 0.860482 1.027892 1.046650 1.223374 1.185281 0.852177 1.000767 0.826551 0.999558 
1.119203 0.856147 1.018612 1.231864 1.229234 1.237999 1.076609 1.192828 1.033567 0.817114 1.140623 0.822935 0.979241 1.050306 0.889576 0.894037 1.243970 0.877521 1.071387 1.093788 1.254612 1.256565 0.971677 0.976639 0.928596 0.795244 0.842852 1.085045 1.092724 0.972184 0.925736 1.181155 1.193935 0.921834 1.115057 0.924574 0.849829 1.219372 1.041608 1.059310 1.034593 0.807365 
1.193731 0.956670 1.030494 1.231864 1.176630 1.206905 0.834164 1.245346 0.852728 0.833556 1.003114 0.812003 0.867656 0.996564 1.204082 0.864058 1.092291 0.940878 1.124724 1.073805 1.238193 1.241257 0.961120 0.988147 0.886261 0.795244 0.885061 1.101395 1.067660 0.895863 0.950848 1.215315 1.252708 0.889451 0.971555 1.207403 0.813286 0.835636 1.089399 
0.883739 0.794738 1.052195 1.251887 1.248248 1.245028 1.004117 1.201878 1.083325 0.818090 1.059955 1.049429 0.882441 1.094846 1.059890 1.136959 0.963008 0.918307 1.172154 0.817256 1.229450 1.252042 0.956594 1.046593 0.924827 0.796575 0.868946 0.946961 1.069473 1.068766 1.005245 0.921424 0.910768 0.863363 1.066373 1.164097 
1.234604 0.795156 0.944343 1.250095 0.933568 1.250448 1.085656 0.918196 0.902076 0.816713 1.202178 0.999720 0.991869 1.084567 0.953762 1.059049 1.048858 0.924011 1.122649 1.087649 1.232281 1.256731 0.976814 1.213825 0.894124 0.796575 0.867904 1.041499 1.049900 0.977243 1.110615 0.796040 1.155348 0.826563 0.871885 1.076662 1.215370 0.966487 
1.228777 0.797047 0.850315 1.236484 0.818220 1.256336 0.869365 0.952435 0.881036 0.845306 1.256241 1.017681 1.081117 1.101127 0.964262 1.060534 1.038179 0.925354 1.241263 1.018440 1.228424 1.236254 0.966163 1.212870 0.936427 0.802912 1.178402 1.160592 1.084941 0.806015 1.230415 1.092952 1.199920 1.020851 0.861501 1.157187 0.917891 1.078779 1.152356 1.137153 1.106452 1.039238 0.964561 1.123496 1.177552 1.203178 1.168743 1.113217 0.896696 1.007537 
0.837422 0.976321 0.812453 1.253487 1.202490 1.258489 1.211304 1.208288 0.950574 0.854274 1.075207 0.855381 1.033459 1.104078 0.950836 1.051532 0.923471 0.923203 0.876617 1.004309 1.247200 1.251026 0.997513 1.214795 0.911475 0.798533 1.017872 1.000268 1.050931 1.112643 1.180940 0.794481 0.840102 0.932411 
0.931025 1.053761 0.998752 1.246319 1.218382 1.254806 1.169948 1.158164 0.949128 0.872897 1.058003 0.841764 1.014446 1.079262 1.170609 1.089300 1.079135 0.918751 0.963913 1.171729 1.247994 1.226661 0.967978 1.246596 0.913586 0.798533 1.120099 0.850367 1.126161 0.895703 0.933349 1.101293 0.808502 1.000192 1.108975 1.097011 1.209019 1.150414 0.949068 0.911547 0.947192 1.044717 
0.957090 1.065503 0.984205 1.221540 1.242284 1.219617 1.169948 0.926573 0.937341 0.893507 1.001955 0.889408 1.156690 1.094489 0.906568 0.827289 0.935596 0.918702 0.967513 1.078652 1.252036 1.238656 0.908155 1.038367 0.796522 0.798533 0.960112 0.817087 1.076779 0.934305 1.107542 1.162460 0.822897 1.013916 0.960202 0.948763 0.942264 0.801567 0.946008 1.169425 0.961969 0.949339 1.175847 0.816066 
0.959949 0.846603 0.997320 1.248903 1.208655 1.244648 1.191989 1.065701 0.987426 0.838201 0.908486 0.864469 1.159296 1.107716 1.181729 0.826533 1.227997 0.901167 1.016882 0.899109 1.235824 1.229741 0.880035 0.949355 0.862085 0.800524 0.800772 1.227094 0.985574 0.967738 0.955950 0.917964 0.934409 0.910410 1.003152 1.203387 0.936089 1.005809 1.135919 1.132177 1.253690 0.978839 1.057313 0.806284 1.066895 1.083146 1.013465 1.217064 0.873252 0.965233 0.844761 1.070298 
0.973115 1.146140 0.945926 1.257608 1.180086 1.215824 1.169347 0.831779 0.874955 0.806782 0.804425 0.859804 0.918856 1.009314 1.159680 0.809813 1.233348 0.914197 1.186847 0.871335 1.209048 1.227231 0.880834 0.907109 0.975620 0.800524 1.027679 1.180858 1.151245 1.194099 0.901493 1.113336 1.065232 0.813915 0.879580 0.835841 0.948770 1.062405 0.936574 1.114551 0.976162 1.011674 1.048051 0.852617 0.961559 1.009308 1.062038 
0.960051 1.179839 0.927930 0.883535 0.857607 1.225091 1.164327 0.823647 0.864449 0.858715 1.012231 1.044009 0.883166 0.980889 1.165410 0.988310 1.071876 0.918618 0.967518 0.943558 1.248533 1.199658 1.179953 1.069118 1.197710 0.800524 1.019349 1.071220 1.183436 1.079709 1.104476 1.025101 0.896356 1.199891 0.980440 0.989421 0.941932 1.064824 0.869043 0.924900 1.241146 1.010995 1.057759 0.875174 1.101190 1.106419 1.247902 1.248485 1.162593 1.054311 1.093419 
0.982223 0.924412 1.096729 1.183422 0.905741 1.216480 1.201872 0.811735 0.852772 0.850353 0.909562 1.084003 1.065877 0.963013 1.139844 1.089940 1.211438 0.908916 1.039191 0.983412 1.221992 1.214063 0.840638 1.250103 1.058720 0.806208 1.034056 0.909381 1.168050 1.200757 0.997353 1.252322 0.857097 1.104797 0.946639 0.974085 0.943732 1.058970 1.231075 0.816986 1.182903 1.017497 1.104743 0.883816 1.037669 1.043059 1.239878 1.114896 1.207002 0.919961 0.804211 0.914142 1.073485 
0.949350 0.870544 0.962310 1.190257 0.849730 1.235494 1.062960 0.797093 0.900378 0.838401 1.055435 0.922924 1.048487 0.988019 1.048950 1.141328 0.927113 0.947849 1.239333 1.001769 1.240642 1.222522 0.949770 0.962793 1.081012 0.806208 0.875658 1.202964 0.922476 1.195784 0.917161 0.888676 1.144979 0.896596 1.022282 0.985406 1.236311 1.071002 0.983137 1.122678 1.257424 1.022655 1.077107 0.910447 
0.919838 0.888222 1.087052 1.170330 0.877153 1.181842 0.810892 0.801490 0.880428 0.840436 1.079160 1.150906 0.906778 1.018322 0.879206 1.052467 0.853371 0.917503 1.236282 0.985935 1.223067 1.210392 1.141295 1.090868 0.913403 0.802830 0.861465 1.208830 1.108435 1.034559 1.184510 0.961775 1.252701 0.865850 1.047371 0.877250 1.240758 1.036045 0.797964 1.025696 1.037960 0.872905 1.067539 0.954371 0.949621 0.960125 1.165619 1.170868 1.214467 
0.900891 0.819800 1.029854 0.903582 1.106221 0.963390 0.849819 0.802410 0.886872 0.801010 0.969330 1.088811 1.130252 1.031924 0.858312 0.939051 1.178718 0.902033 1.258853 0.908169 1.208953 1.210392 0.989795 1.152152 1.045778 0.802830 1.035989 1.209352 1.049287 1.089378 1.067814 0.865853 1.143651 0.910364 1.085948 0.922126 0.992220 1.034474 0.900537 1.155034 1.064409 1.069379 0.913554 0.859521 0.952138 1.235147 1.113273 0.797208 1.248283 1.072576 1.034672 1.183473 0.906349 1.098031 1.121048 0.947808 1.063000 0.850873 
1.235147 0.914989 0.865018 0.865840 0.848782 1.068390 0.901847 0.955016 0.884881 0.841943 1.094789 1.109523 1.199135 0.820327 0.857255 1.002934 1.173377 0.908135 1.258853 0.853774 1.239000 1.224451 1.126393 0.924208 0.863883 0.797534 0.932922 1.218558 0.964638 1.045342 0.957023 0.843166 0.953840 1.121811 1.088857 1.040546 1.030200 1.031192 1.000629 1.133111 1.012666 0.990564 1.214967 
1.141786 1.131382 1.169944 0.847960 0.883871 1.036993 0.949684 0.849405 1.008513 0.798868 1.222123 1.083979 1.082009 0.820804 0.872382 1.048060 0.860736 0.887958 1.235574 1.052921 1.236731 1.089499 1.086445 0.961135 1.064065 0.797534 0.894958 1.256831 0.905009 1.087726 0.962047 1.070222 1.251084 1.031471 1.119124 1.249765 0.967630 0.854302 0.858785 1.016186 0.821910 
1.245048 1.095919 1.198125 0.900130 0.893225 1.069722 1.179133 0.937792 1.248553 0.838189 1.086748 0.915364 1.053667 0.797927 1.062848 1.105481 1.024085 0.923117 0.957616 0.840774 0.894630 0.991551 0.870225 0.991955 0.968960 0.797534 0.967799 1.041297 0.853766 1.122092 0.974153 1.090343 1.133830 0.830885 1.244035 0.987209 0.863088 1.134812 1.177628 0.987167 1.080483 1.171754 0.798619 1.133675 1.223105 1.169205 1.047920 1.033500 0.907138 1.126761 0.993085 1.001440 1.111509 0.966636 1.033162 0.998827 1.060849 0.907281 1.076543 0.852719 1.063980 0.923538 
0.951889 1.081682 1.200048 0.919313 1.141119 1.191590 0.933450 0.977649 1.250970 0.878373 1.213846 0.839738 1.131936 0.982731 0.940151 0.847348 1.008055 0.936859 0.962373 0.848655 0.971753 1.089074 0.945673 0.969767 1.042709 0.794966 0.951693 1.108710 0.860135 0.826499 0.859448 1.026882 1.196977 0.868826 1.244035 0.949441 0.902049 1.210114 1.232574 0.954788 1.091086 1.150190 1.106932 1.237745 1.247359 1.074657 1.004170 0.897957 0.825643 1.000740 0.837396 1.053348 1.008517 0.934538 0.828138 0.991172 1.043032 1.241579 0.863548 0.980037 0.817437 
1.024271 1.099655 1.213181 1.040803 1.080526 1.073248 0.900393 1.125979 1.250970 0.798221 1.069538 0.841582 1.128381 0.957712 0.991172 0.860363 1.040695 1.196424 0.963512 0.887750 1.112032 0.876377 1.181602 1.253466 0.907242 0.798424 0.954585 1.122761 0.880003 1.148052 1.105360 0.914162 0.849671 1.157006 1.218433 0.977709 1.081593 1.172583 0.971767 0.817118 0.955498 0.947980 0.915832 1.213537 1.256769 1.059048 1.033655 1.258195 1.126265 0.850447 1.043978 1.047470 0.958484 1.098985 1.192588 0.914568 
0.888995 1.162895 1.255160 0.919577 1.080526 1.249444 1.046882 1.176506 1.220401 0.863574 1.054565 0.829531 1.091684 0.965777 0.843874 0.944095 1.005492 0.995444 0.944363 1.027300 1.197171 0.921525 1.185393 1.236545 0.856314 0.798424 0.974221 1.050189 0.890852 0.868644 1.135555 0.916570 1.197642 1.092386 1.086750 0.934073 1.213549 1.200577 1.005585 0.857340 1.101011 0.930118 0.893227 1.183187 1.256769 1.106497 1.019470 1.258195 1.112221 1.180816 0.886821 1.000416 0.923075 0.915043 1.256142 1.087074 
1.055499 1.183648 1.252519 0.888193 1.073312 1.032985 0.878227 1.241299 1.251466 0.882010 1.258819 0.804200 1.094748 0.935063 1.082921 0.866086 1.148549 1.156092 0.850518 1.084283 1.178870 0.844355 0.959052 1.225593 0.803166 0.797904 0.982854 0.832352 1.080896 0.997460 1.006434 1.159084 1.066993 0.951888 0.912285 1.004512 0.830525 1.103393 0.968659 0.881371 1.143589 0.887612 0.987131 0.805296 1.233270 1.178346 1.083201 0.997703 1.171503 0.962010 1.072620 1.075975 0.999507 0.935562 0.864280 1.096357 1.079178 
0.880540 1.131660 1.230449 0.895088 1.073312 0.970655 0.836248 1.229105 1.258903 0.845914 0.932194 0.906452 1.072870 0.982632 1.156319 0.808529 1.168296 0.966250 0.997075 0.933711 0.912225 1.250005 1.072028 1.209264 0.807424 0.824447 1.121814 1.193083 1.019530 1.090309 0.878788 0.927432 1.075190 1.108554 0.950188 0.958701 1.091046 1.203826 0.955188 1.097880 1.051180 1.060244 0.963680 0.974256 1.249698 1.149432 0.988895 0.893495 0.919234 1.168524 1.190070 1.020593 0.956836 1.036790 1.251167 0.977838 1.032927 
0.986466 1.027695 1.052648 0.880188 1.060409 0.932056 1.169035 1.254500 1.254187 0.809346 1.031260 1.083872 0.946183 0.942386 1.069339 0.955130 1.177381 1.184483 1.056158 0.905743 1.174996 1.104027 0.808334 1.059886 0.810718 0.799262 1.210060 0.915459 1.100110 0.844516 0.872164 1.135737 1.118376 1.115991 1.038098 1.198421 1.126531 0.987751 0.970787 1.209756 1.062895 1.060244 0.906551 1.197305 1.246372 0.887121 1.071436 1.228931 1.034225 1.073447 0.961151 0.964759 1.145288 0.831287 0.999552 0.881656 1.104223 1.066111 1.147942 0.937740 0.959076 
1.204068 1.063011 1.029773 0.812120 0.909617 0.909297 0.948612 1.195816 1.251526 0.828600 0.841890 0.933036 0.880649 1.058858 0.868653 0.939867 1.068348 1.115823 0.836058 0.883347 1.179400 0.806420 1.047209 0.843740 0.800327 0.799262 1.202943 1.053389 1.074925 0.973759 0.855110 1.123341 0.979239 0.957046 1.063023 1.189614 0.858465 0.967179 1.095977 1.003214 1.101811 1.076441 0.876961 1.228019 1.226286 1.038083 1.012286 0.865977 0.941701 0.923555 0.938711 0.987015 0.921990 1.165491 1.178150 0.863677 1.226555 1.164702 1.116851 1.022415 0.968570 1.049179 1.079245 0.971979 1.114942 0.951347 1.030566 0.917152 1.012834 1.126269 1.142561 0.972994 0.922276 1.121676 0.884141 1.045880 0.997572 0.899735 1.246124 
0.960486 0.955538 0.944712 0.965251 1.093326 0.968993 0.877653 1.240469 1.233583 0.847311 0.812465 1.024036 0.924199 1.032419 0.803045 1.191744 1.197837 1.050769 0.996730 0.889323 0.835171 1.144189 1.104616 0.868693 0.798671 0.796119 1.130064 1.057657 0.940785 0.938256 1.096438 1.039528 0.881617 1.007887 1.176234 1.225374 0.985562 1.108926 1.210979 1.226286 0.992362 0.870112 0.868293 1.132833 
0.999114 1.203135 0.955209 1.027359 1.211974 0.964854 0.856040 1.210186 0.925801 0.819292 0.928771 1.057109 0.927159 1.012707 0.859816 1.171157 0.879022 0.851992 1.185666 1.013185 0.949700 1.162304 1.089881 0.892992 0.826622 0.796119 1.074227 1.032451 0.854022 0.880722 0.964745 1.067519 0.861837 0.856794 1.244079 0.883759 1.011077 1.161342 1.128012 1.226153 1.069882 1.124216 
1.046676 1.200464 0.977302 0.933054 0.942333 0.936020 0.922617 1.199432 0.955790 0.819118 1.042254 1.035160 1.162497 1.211231 1.078561 1.144985 0.873603 0.876259 0.983840 0.978266 0.901865 1.181082 1.073015 1.203380 0.811500 0.800349 1.136834 1.022261 0.853139 1.226802 0.806918 0.965230 0.953824 1.028483 1.049422 0.885575 1.027399 1.061110 1.017971 0.940317 1.003656 
0.819255 1.232585 0.993851 0.830056 1.028996 0.923286 0.880634 1.253321 0.941503 0.847410 1.024495 1.098960 0.848551 1.218810 1.166462 1.168897 0.893893 1.074342 0.982601 1.090001 0.977937 0.943188 1.114862 1.247166 1.247729 0.829426 1.123358 1.015323 1.162613 1.079409 1.141890 1.204059 0.850256 0.967797 1.023669 1.127427 0.986043 1.040878 0.896073 0.916099 0.949745 0.893291 
1.049817 1.248907 0.900509 0.973336 1.233376 1.015870 0.892179 1.257259 0.933873 0.847404 0.987004 1.178755 0.869308 1.250681 0.968613 1.144483 0.873673 1.028981 1.019474 1.082993 0.800709 0.960168 1.070555 1.131448 0.899511 0.798082 1.117333 1.030687 1.059732 1.220222 1.076555 1.248501 0.900636 1.224764 1.093894 1.185323 1.025206 1.161981 1.021205 1.170071 
1.026575 1.227178 1.030153 0.826900 1.124889 0.885993 0.920364 1.199868 0.981614 0.828864 1.233817 1.223855 0.893244 1.246518 0.969931 1.070296 0.846854 1.065173 0.956971 1.050459 1.000479 0.919569 1.052766 1.134574 1.105263 0.798082 1.066286 1.039068 1.020128 1.117531 1.195430 0.887871 1.117099 1.239349 1.003898 0.886019 0.833757 1.167246 0.962955 0.890380 0.992177 1.066587 0.958444 1.170370 1.008356 0.920159 
1.181767 1.227178 0.862651 1.234907 1.030915 0.991773 1.076967 1.219363 1.001988 0.827951 1.233961 1.238646 0.967282 1.246518 0.970233 1.165039 0.887326 1.021276 1.077240 1.101807 0.880609 0.952751 1.061429 1.114378 0.915095 0.794687 1.236463 1.063777 0.842906 1.190920 1.205371 0.978496 0.876334 1.162462 0.992745 1.116513 1.076508 1.027239 1.175864 0.834795 0.940558 0.944980 1.250113 1.121785 1.048262 0.945413 0.970478 0.952890 0.932054 0.846627 0.969546 0.858494 
0.881365 1.255716 0.887060 1.044550 1.069733 0.843088 1.157208 1.257894 0.980755 0.830116 0.969920 1.252374 1.169224 1.233811 0.972539 1.188501 0.817543 1.005677 0.921142 0.846870 0.843681 0.917670 1.067986 1.133444 0.917868 0.803669 1.205480 1.044139 0.992806 0.838742 1.177767 0.914484 0.845722 0.988930 0.996743 1.055396 1.057997 1.104600 1.076528 0.886538 1.020612 1.145798 0.919222 0.897790 0.896521 0.959781 0.875457 0.923944 1.063879 0.915628 0.865524 
0.857702 1.255716 1.141193 1.005649 1.075364 0.974338 1.100257 1.238376 0.968949 0.839349 1.035556 1.216377 1.091737 1.229535 1.022358 0.972931 0.999811 1.242510 0.931042 0.923904 0.948333 0.996736 0.808989 0.903039 1.175127 0.794686 1.118514 1.048214 1.170179 
0.858385 1.250604 0.974358 0.996800 1.103378 1.095817 0.971886 1.221743 0.962591 0.821760 1.074371 1.240913 1.077198 1.258079 0.969651 0.938506 1.039917 1.242579 0.950144 0.911046 0.911098 0.926971 1.135917 1.092886 1.181543 0.796106 1.110446 1.151176 1.192720 1.019251 1.205529 0.966503 0.827407 1.250838 0.976355 1.130892 0.912722 1.017914 0.959127 0.801088 0.937415 0.807542 1.173328 0.820939 1.201846 0.977201 0.866905 
0.909033 1.253848 1.067944 1.022162 1.111459 0.816850 0.961692 1.258907 0.966929 0.829266 1.076520 1.243852 1.079687 1.210052 0.899289 0.935991 1.042391 1.242161 0.802338 0.860898 1.045804 0.918238 0.955156 1.055920 1.192497 0.794867 1.241721 0.909570 1.207857 1.028623 1.200911 1.168626 0.795524 1.019716 0.895645 0.944219 0.967576 1.150517 1.061319 1.128966 
0.886652 1.248271 0.855662 1.174293 1.060998 1.031525 0.953177 1.044615 0.962599 0.847878 1.036489 1.127668 1.052723 1.244369 0.848931 1.051035 1.041177 1.188624 0.817051 0.923253 1.093506 1.208844 0.865979 1.041677 0.999672 0.817689 1.090084 0.890519 1.213421 1.191872 0.862010 0.996029 0.795524 1.205401 0.944339 0.897257 1.115150 1.125954 1.011666 
1.003897 1.246284 0.821858 1.031554 1.117596 1.064186 1.207844 0.862866 0.969336 0.804910 1.227895 0.943320 1.091211 1.236736 0.887926 1.109906 1.011765 1.233033 0.868674 1.246946 1.161701 0.884195 0.863661 1.192371 0.903349 0.797747 0.864761 1.080918 1.206378 1.251834 1.060285 0.999077 0.795524 1.230385 1.000520 1.040666 1.225746 1.205764 1.178762 1.114947 1.193260 0.884111 1.090263 1.210888 1.241801 0.858471 
0.969904 1.233361 1.009749 0.828309 1.077013 0.954349 0.939776 1.027100 0.880271 0.816631 0.932851 0.978007 1.067373 1.236736 0.935265 1.133810 0.972480 1.240166 0.880792 0.970835 1.218604 1.004365 1.126195 1.131321 0.905548 0.797747 0.878572 1.060700 1.169451 1.251834 1.000917 0.868263 0.832584 1.205020 1.075800 0.869147 1.185590 0.848750 0.822793 0.957566 0.860396 0.797285 1.030275 1.183705 0.947482 0.975294 1.106807 0.966083 1.064653 0.978893 
0.797898 1.226151 0.965353 1.073458 1.137032 0.951670 1.091494 0.953397 0.864885 0.840914 0.995605 1.127091 1.064878 1.233169 1.052029 0.983772 1.226306 1.257748 1.005309 1.253833 1.165819 1.037958 0.901480 1.079617 0.927453 0.797747 0.909358 0.835567 1.033794 1.244194 1.028764 0.962092 0.813135 1.012772 0.924616 0.868644 1.137824 0.957874 0.898695 1.096159 0.855638 1.009192 1.148104 0.889240 1.097936 0.957197 0.875044 1.241361 0.971807 1.106445 
1.030379 1.244218 0.937576 0.842122 1.090372 0.971333 1.055708 0.948141 1.017648 0.848512 0.911309 0.887599 1.102093 1.233169 1.039051 1.063687 1.041966 1.228933 0.880876 1.225792 1.161885 1.046369 1.110615 1.239132 0.945508 0.797747 0.943739 0.822185 1.114262 1.066687 0.816322 0.955177 0.806827 1.173529 1.136695 0.897555 1.200146 1.240145 1.015010 1.100587 1.013481 1.215805 1.056783 1.206670 1.065210 0.966718 1.189455 0.928369 1.094000 0.996144 0.910117 1.066149 1.027290 1.155900 1.129583 1.007954 0.918008 1.160185 1.235123 1.116914 
1.225754 1.250431 0.921219 1.112625 1.116709 0.971333 0.982532 0.955446 1.009190 0.854197 0.860118 0.993835 1.053913 1.233169 1.005083 0.798425 0.848239 1.234203 0.988471 0.852839 1.012937 1.045937 0.978369 1.238201 0.955862 0.797747 0.859544 0.861238 1.194505 1.121600 0.960974 1.175315 0.806827 1.123191 1.110948 0.882511 1.200146 0.903246 0.915967 0.927700 1.247676 0.971059 1.143716 1.182257 1.053256 0.818463 1.255713 1.013849 1.074816 0.953485 0.810810 1.131412 1.141130 1.162951 1.209185 1.001869 1.074245 1.102370 0.974229 1.036429 1.211382 1.048882 1.225500 0.861570 0.958502 1.077276 0.798665 1.112867 
1.163730 1.227488 0.892079 0.973350 1.118201 1.156551 0.863466 0.939727 1.009190 0.839206 0.925994 1.241093 0.882719 1.239931 1.107628 0.955608 1.025846 1.250313 1.033711 0.857345 1.009625 1.142168 1.253140 0.904384 1.156176 0.794915 0.917349 0.952282 0.965559 1.198674 0.987048 0.956462 0.810610 0.985352 1.228085 0.908446 1.149921 1.212957 0.953631 0.998282 1.247676 1.187972 0.854556 0.928620 1.062803 0.913166 0.867823 1.191727 1.025336 0.854063 1.008548 1.032786 1.125922 0.795129 1.105415 0.878354 0.825164 1.125259 1.076425 0.846936 0.872501 1.047013 1.169230 1.041763 1.235013 1.057447 0.872330 0.953055 1.090784 0.925337 1.121447 1.016375 0.950581 1.156543 1.108957 1.092095 1.065153 
0.866786 1.242717 0.925795 0.970009 1.091309 0.909524 0.871474 1.144024 1.106354 0.892668 0.806385 1.251025 0.929948 1.239931 0.890096 1.011270 1.027505 1.218295 0.993893 0.967772 1.083046 1.057413 0.859593 0.977413 1.025756 0.794915 0.847969 1.025307 0.967106 1.098428 0.999664 1.095368 0.837260 1.167702 1.220013 0.950959 1.172296 1.177990 0.888774 1.241671 0.815182 1.244447 0.998632 1.240935 1.044192 1.171029 1.109788 1.242191 0.926541 0.834609 0.990690 1.141328 0.963413 0.926355 0.940670 0.867493 1.172185 0.882137 1.076425 0.866650 0.932745 0.866757 1.026413 0.893265 1.088496 
0.918043 1.257411 0.915411 0.886487 1.035487 0.891991 0.932387 1.198394 0.913008 0.870897 0.860219 1.255170 1.200092 1.241365 1.047607 1.078335 1.018226 1.142270 0.990446 0.942333 0.796441 1.249052 1.143772 0.906258 1.118926 1.039023 0.807424 0.971740 1.014717 1.198550 0.894092 1.093740 0.841400 1.231231 1.094608 0.898833 1.217517 0.884249 1.082048 0.862587 1.021649 1.153913 1.090541 1.070981 0.875843 1.154784 1.246246 0.956545 0.865533 0.832779 0.857893 1.234006 
1.004707 1.257411 0.991992 0.845707 1.091793 0.928127 0.961131 0.842528 0.843829 0.849050 1.162845 1.245295 1.023560 1.221503 1.069017 1.096461 0.999315 0.918059 1.037077 0.969097 1.094456 0.797292 1.137329 1.250661 1.108775 1.038569 1.010265 1.156963 0.984363 0.827845 0.916170 1.090481 0.817027 1.246478 1.051031 0.853673 0.826257 0.885672 0.974447 1.253244 0.990743 1.187024 1.101372 1.145685 0.847041 1.013762 1.052566 1.036213 1.030718 0.876371 0.804702 0.810893 0.937846 0.951992 0.915378 0.897197 0.848020 0.991631 1.035904 1.109801 1.024072 1.057287 1.210714 0.812192 0.915781 1.042538 1.214204 0.935554 0.796125 0.862010 0.819539 1.110630 0.981704 0.904432 0.872176 
1.056950 1.257411 1.077623 1.029638 1.067227 0.948348 1.028415 0.814900 0.809279 0.849700 1.213507 1.245295 0.927148 1.239686 0.938450 1.060910 1.036059 1.182444 1.023883 0.947881 1.175477 0.797292 0.902200 0.909033 1.108775 0.901019 0.995341 0.976407 1.128256 1.064568 0.809698 0.916239 0.908981 1.240547 0.868654 0.963500 0.969706 0.898859 0.967909 0.859229 1.148314 0.889066 1.064988 0.824297 0.920295 1.196258 0.846497 1.187113 0.874212 1.115502 0.981093 0.865793 1.003489 0.798104 1.051486 1.234580 
1.031199 1.256439 0.968928 0.858277 1.090336 0.945717 0.825454 0.820411 0.971905 0.834360 1.242594 1.052503 0.957628 1.235734 1.177875 0.992900 0.887060 1.130645 1.042711 0.981006 0.910883 0.797292 1.174249 0.988738 1.102888 1.018385 1.028482 1.006902 1.254036 1.197907 0.835943 0.851157 0.961714 1.212271 0.984235 0.991169 0.967200 0.836067 0.940694 0.883829 0.848352 1.116224 0.960141 1.193794 0.899444 0.838707 1.207185 0.877513 1.055626 1.108840 1.094198 1.255809 0.948483 1.114776 1.123987 1.199592 0.976415 0.961536 0.874695 0.920174 0.996282 
0.840876 1.235942 1.081852 0.964123 1.204385 0.906256 1.062047 1.253874 0.834708 0.838448 0.977770 1.054588 1.100446 1.229567 0.806345 1.067481 1.165067 1.168322 1.237312 1.254903 1.032310 0.810333 0.889671 1.079548 1.022715 1.081754 1.016369 0.960152 1.254036 0.933979 0.949437 1.049757 1.216573 1.190142 0.847313 1.118244 0.797736 0.989012 0.985673 0.893267 1.041449 0.886988 1.056608 0.996032 0.862200 1.082266 1.102910 0.869022 1.135694 0.987916 1.068922 1.058787 0.894361 1.047178 0.989193 1.022076 1.204455 1.107833 1.209424 1.154415 1.156094 0.971990 1.038614 1.018499 
0.887105 1.239141 1.078876 1.089726 0.965720 0.946283 1.063110 1.161691 0.894972 0.848556 0.799116 0.953507 1.142630 1.236032 0.796048 1.227054 0.926786 0.981379 0.890407 0.872739 0.810254 0.803782 1.168151 1.049388 1.188382 1.202836 1.034859 0.954463 1.241907 0.840804 0.875541 0.943108 0.884467 1.062860 0.981297 1.090811 1.062538 1.133631 0.920691 0.918268 1.071563 1.022166 1.005914 1.176081 0.836789 0.806942 1.015431 1.000435 0.854016 0.983280 1.144675 1.094224 0.918465 
0.942805 1.189472 1.070572 0.907192 0.958254 0.844129 1.127426 1.199976 0.861901 0.811672 0.822269 0.864161 0.827444 1.257211 0.795630 1.016863 0.933163 1.144456 0.818227 1.248044 0.835598 0.803782 1.028543 0.834044 0.918626 1.159643 1.121596 0.849810 1.228429 0.802006 1.077740 0.991157 1.136020 1.222395 0.990628 0.834253 1.081150 1.232049 0.812893 1.183766 1.252230 1.070510 1.184812 1.176158 1.053750 1.231115 1.254121 1.039593 1.053254 0.894861 1.019415 0.933488 1.158296 0.888056 0.917708 0.884697 0.881782 0.903761 0.985699 0.894848 1.086771 0.853921 1.047567 0.849595 
1.253620 1.239826 1.033724 0.849355 0.823214 0.909623 1.110616 1.176905 0.868232 0.797503 1.204791 1.066212 1.025745 1.236590 0.795918 1.007459 1.044942 0.988055 0.936303 1.047618 1.064692 0.799166 0.813710 0.953333 0.918626 0.803492 1.203541 0.967990 1.154655 1.007568 1.014923 0.872467 0.900310 0.805444 1.020649 0.818038 0.878731 0.851391 0.900628 1.162487 1.177783 1.055395 0.976840 0.969700 1.009954 1.243366 1.206021 1.039593 1.083044 1.091894 1.101748 1.071092 1.071444 0.926883 1.220934 1.161677 1.150929 1.061151 1.106452 0.969394 0.963592 0.808956 
1.127071 1.250562 1.228126 1.065012 1.188006 0.893624 1.101260 0.877658 1.030137 0.865388 0.874099 0.803494 0.865366 1.241029 0.861152 1.047712 0.972599 0.995370 1.042016 1.063657 1.172755 0.799166 1.073737 0.968490 0.960748 1.009905 1.209356 1.041266 1.202669 0.923795 0.895716 0.817648 0.896795 1.045802 0.964670 1.249066 0.885733 0.884876 0.933432 1.151018 1.021019 1.070992 1.062073 1.039703 0.832090 1.206008 1.012051 1.027340 1.161489 0.996046 1.131395 1.063392 1.207013 1.129282 1.212039 1.046641 
1.163850 1.247808 1.023460 1.223425 1.006459 0.912953 1.069967 1.017060 1.033100 0.828768 1.005781 0.916709 1.047166 1.240507 0.828865 0.908360 1.085124 0.995770 0.801298 1.016184 1.138847 0.799166 1.060713 0.919139 0.990940 0.836975 1.072115 0.862336 1.107096 0.991907 0.800704 1.082263 0.900593 1.047060 0.910171 0.946009 0.981358 0.974474 0.957440 0.833303 1.233920 1.239633 1.195185 0.879947 1.184863 1.221041 0.800015 1.036386 1.115039 0.932674 1.166529 0.815495 1.098753 1.016989 1.042123 0.865717 1.150484 0.875950 1.242640 1.191544 0.897066 
0.921114 1.240676 1.181525 1.103786 1.140876 0.912953 1.079790 1.055643 1.058167 0.828768 1.156560 0.938758 1.195163 1.237100 1.009010 0.946234 0.923953 0.966959 0.946325 0.922315 1.215155 0.799166 1.184778 0.923208 1.055509 0.930972 1.057213 0.883984 1.104815 1.019954 1.037551 0.795923 0.876830 1.068175 0.853413 0.815422 0.863003 1.225787 1.142436 1.001162 
0.867339 1.219037 0.967682 1.230366 1.015018 0.927093 1.085255 1.060557 1.096078 0.873062 1.176192 0.834591 1.250211 1.247339 1.046837 1.097983 0.954743 1.060795 0.859606 1.023604 1.244066 0.813461 1.219545 1.053243 1.134015 0.880782 1.216019 0.891805 1.082119 1.044548 1.139774 0.920215 0.901288 1.219848 0.843266 1.077618 1.225067 1.124876 1.087459 0.819262 
0.873906 1.246267 0.943867 1.163962 0.828974 0.928707 1.094627 1.085785 1.201401 0.829045 1.188485 1.190831 1.249968 1.238269 1.026500 1.208615 0.841615 1.050053 0.903345 0.906881 1.060160 0.801415 0.942965 1.238906 0.962195 0.893014 0.965066 0.909978 1.221192 1.021905 1.026511 1.143864 0.876855 1.048309 1.043993 0.949712 1.110749 1.174199 0.988778 1.249267 1.042905 0.999370 0.806714 1.030543 1.246521 
0.840786 1.246074 0.991366 1.216857 0.925672 0.972799 1.109481 1.197598 1.220820 0.886607 1.167556 1.115415 1.241747 1.237019 1.099407 0.827913 0.912310 1.039134 0.905088 0.864156 0.966697 0.801415 0.947184 1.082903 1.023401 0.964380 1.041198 0.948425 1.100439 1.042674 1.081895 1.231818 0.959673 0.957350 1.023664 0.884444 1.138099 1.198697 1.038844 1.030630 0.794513 0.876828 0.910173 0.956000 0.904500 0.895624 0.869673 1.254645 1.094432 0.944317 1.162580 1.027632 0.989171 1.064018 1.002067 0.956353 1.167371 0.874621 1.036840 0.802882 1.143407 1.099111 1.064096 
1.005781 1.243506 0.920099 1.219955 1.216209 0.922263 1.105666 1.136325 1.195986 0.869215 1.249418 0.822279 1.227173 1.109674 0.959011 0.918357 1.085132 1.234089 1.046133 1.176603 0.918997 0.803672 0.870588 0.952117 0.953576 0.968285 1.216656 0.907456 1.066689 1.143807 0.892666 1.090166 1.167015 0.977473 1.016157 1.015672 1.015973 1.204404 0.881521 1.051424 0.846441 1.007167 0.911177 1.070915 0.804940 1.068194 0.911854 1.050473 0.908500 0.894765 1.066082 1.092443 0.993334 1.020411 1.076790 1.057330 0.954567 1.110919 0.972049 1.144281 0.886842 0.868114 
0.875195 1.196639 1.206147 0.992542 1.024564 0.919229 1.085265 1.113104 1.177027 0.840474 0.885322 1.021761 1.204529 1.209931 0.967170 1.195021 0.860601 1.234089 0.995154 1.015823 1.084391 0.795779 0.848446 1.028582 0.957519 0.919407 1.208749 0.890582 1.035804 0.966160 1.184449 1.063670 0.862684 1.034463 0.909135 1.015672 1.149190 1.208300 1.145413 0.990452 1.157549 1.000697 1.108060 1.189044 0.804940 0.940158 0.950675 1.147497 0.827828 0.906644 1.209009 1.142551 0.985722 1.184789 1.001057 0.930111 0.803566 
1.163268 1.073290 1.207569 0.794437 0.979932 0.952482 0.845967 1.120171 1.083172 0.839733 0.938491 1.085236 1.210572 1.218028 0.942258 1.016513 1.185030 1.223081 0.978490 0.819095 1.088272 1.178564 0.871084 0.926550 0.861677 0.798905 1.146407 1.041840 1.190665 0.993958 1.205269 1.072047 0.871383 0.999632 0.936057 1.035264 1.084146 0.877980 
1.040923 0.907657 1.187116 0.802616 0.985240 0.883485 0.910751 1.070916 1.204620 0.843629 0.913639 1.027046 1.238651 1.226691 0.954937 1.083054 1.178241 1.238937 0.906996 0.819095 1.059263 1.013334 1.171432 1.026260 0.854786 1.213287 1.130347 0.999070 1.123476 1.250699 0.910789 0.916884 1.207168 1.084594 0.910527 1.225850 1.100564 1.037156 1.101147 0.897075 0.824752 0.913136 1.128119 1.080772 1.215224 0.888322 1.182743 0.884991 1.060383 1.020449 0.917093 0.842989 0.840828 0.963036 0.984561 0.988353 0.937440 1.024515 1.148078 0.930242 
1.051326 0.999476 0.814202 0.802616 0.896749 0.884329 1.244015 1.108746 0.820906 0.795959 0.894939 0.976870 1.003304 0.964589 0.963599 1.084199 1.179303 1.254198 1.054360 0.892618 1.069158 0.876674 0.938786 0.898788 0.866705 1.166767 1.079388 1.243384 1.207506 1.196904 1.193539 0.942529 1.014153 1.109343 1.037736 1.217737 0.796680 1.061038 1.247061 1.167954 0.888500 1.065568 1.099235 0.917583 0.817561 1.011952 1.094138 0.824273 0.825651 0.967198 0.942593 1.195292 
0.881056 0.979145 1.219277 0.804376 0.860394 0.896806 1.223907 1.127291 0.819469 0.839584 0.878623 0.975707 0.826828 0.901704 0.978892 1.049842 1.237413 1.254890 1.184114 0.975750 1.091479 0.834537 0.903515 0.896959 0.967373 1.250687 1.078920 1.253512 0.888479 0.799119 0.956549 0.963353 1.014263 1.206392 1.258181 0.911209 1.008939 0.937998 1.247061 1.177148 0.869888 1.171377 1.016953 1.249829 
1.018405 1.075900 1.200632 0.803550 0.973783 1.195241 1.224534 1.093046 0.815117 0.853166 0.934927 0.966982 0.909656 0.891514 0.927792 1.088950 0.899800 1.134390 0.866287 1.229796 1.056864 0.954278 1.247061 0.842057 0.981780 1.252963 1.074180 1.195802 0.994621 0.872400 0.895915 1.126787 1.019639 0.942605 0.917866 0.954711 
1.023818 1.230474 1.105821 0.796925 1.013458 0.841164 1.228876 1.089079 0.795224 0.829148 0.865984 1.058594 0.988023 0.851815 0.962472 1.010477 0.867651 1.213391 1.255301 1.196153 1.065450 0.906038 1.220035 0.876481 1.047738 1.192999 0.861018 1.179660 0.986738 1.221790 1.039646 0.857064 0.986567 1.058748 
1.024223 1.248664 1.227935 0.796925 1.037175 1.057557 1.252755 1.084323 0.808220 0.825650 0.878471 1.088364 1.089367 0.866053 0.956983 0.876517 0.968329 0.953464 1.017345 1.088318 0.838808 0.941172 1.219803 1.084268 1.049406 1.246277 0.932508 0.984516 1.166667 1.250646 0.897299 0.936684 0.982571 0.827062 0.929547 0.831735 1.188897 1.191598 1.206768 1.063800 
1.049209 1.159786 1.173201 0.796925 1.123161 0.932163 1.253513 1.108551 0.801742 0.866264 0.879040 0.872290 1.089744 0.889731 0.857934 1.032686 0.921207 0.915769 1.073895 1.099806 0.858918 0.978979 1.025486 1.073513 0.947758 1.245931 0.903581 1.063194 1.184369 1.154974 0.859547 0.972790 0.956315 0.812278 0.817016 1.236923 1.006302 0.932822 0.796652 0.972982 0.871096 1.019967 1.164898 0.973687 1.073973 1.137638 1.038836 1.074855 0.948128 1.103342 1.016081 1.021788 0.967906 0.993850 
1.048326 0.871907 1.232019 0.815783 0.832997 1.001447 1.238935 1.114766 0.926283 0.823801 0.872338 1.008148 0.993678 0.911645 0.980601 0.922350 0.954360 1.049700 1.055697 1.087350 0.967903 1.061163 1.082950 1.180690 0.859555 1.245931 0.878654 1.126749 1.220126 1.226821 0.920479 0.959963 1.215904 1.067603 0.906339 1.213223 1.150245 0.825062 1.018651 0.983476 1.025387 0.918854 1.020973 1.249813 1.097803 0.835456 
1.064451 0.935751 1.207885 0.807994 0.813995 1.196278 1.238935 1.104249 0.820815 0.803954 0.995346 1.003579 0.953183 0.857414 0.858468 1.064084 0.952463 1.162090 1.199281 1.240135 1.055084 1.084836 0.953426 1.067116 0.859777 1.257506 0.836427 1.084863 1.144336 1.225099 0.993363 0.937740 1.160792 1.023942 0.971179 1.219820 1.107502 0.900101 1.085957 1.251283 1.177044 0.993495 1.072749 1.193068 1.013751 0.938577 0.922867 0.940575 1.214721 0.873860 0.993460 0.988152 0.983417 1.140554 0.851947 1.128213 0.920450 
1.077737 0.879704 1.164963 0.800677 0.805438 1.235296 1.248357 1.104249 0.818348 0.823340 1.123693 1.012787 0.950548 1.024551 1.210087 0.874231 0.937524 0.882775 0.958365 1.049170 0.864609 1.023581 0.915182 0.824187 0.893969 1.258802 1.047857 1.061017 1.007794 1.251862 1.148215 0.899394 1.086028 1.048610 1.190821 1.223897 1.016491 1.041233 0.886874 1.164446 1.007729 0.883706 0.927092 1.173443 0.943732 1.046052 0.998561 1.041230 1.151933 0.897014 0.981377 0.904490 
1.080793 1.033812 1.186422 0.800677 0.802293 1.251948 1.219666 1.045167 0.826418 0.884135 1.019144 1.018525 1.056803 0.878528 0.905971 0.883348 0.957628 0.939504 1.028027 0.985548 0.992858 0.995648 1.201692 1.137012 0.893969 1.258802 1.143568 1.091479 0.852918 1.251862 1.236979 0.928711 1.084037 0.902518 0.994416 1.156447 1.125525 1.153914 1.172253 1.065686 0.984130 0.921423 0.830529 1.177115 1.010988 1.087050 1.155232 0.857855 1.051870 1.206161 1.053095 1.110128 1.068985 0.978818 0.886211 0.966256 1.133678 1.167650 0.838092 
1.100313 0.932795 1.191548 0.801961 0.821256 1.238983 1.224471 1.103002 0.863581 1.229042 0.863449 1.013040 0.803554 1.151654 1.234441 0.917371 1.044450 0.902007 0.991401 0.964542 1.011786 0.885589 0.858022 0.892096 0.906681 1.242484 1.243087 1.089249 1.106825 1.231465 0.823216 0.900761 1.009843 0.902518 0.956831 1.191361 1.189745 1.211358 1.033062 1.088057 1.018196 0.927549 0.885608 0.839321 0.923463 
1.065262 1.000743 0.991938 0.794850 0.841942 1.238983 1.247914 1.116381 0.826333 0.869554 0.927049 1.184849 1.021641 0.801443 0.978165 0.913973 0.990964 1.202759 1.088964 1.052242 1.070127 1.167175 0.878218 0.876654 0.938387 1.242484 1.126448 1.110078 1.231380 1.230821 1.056967 0.931253 0.889293 1.195535 0.986289 1.241850 0.970550 1.178703 1.127227 1.087060 1.017337 0.901053 1.171344 1.038805 1.017264 0.798022 1.090634 1.146231 0.966315 1.001284 0.923251 0.983327 1.227798 1.102287 1.147316 0.981621 1.215133 1.011587 0.957656 1.052410 1.061704 
1.152199 1.133090 0.995882 0.794850 1.030960 1.236005 1.248041 1.067696 0.853553 1.064217 1.025939 0.897117 1.129993 1.030562 1.074236 1.066017 1.237414 1.228729 1.072768 0.981607 0.991491 0.867595 1.049110 0.952773 0.939657 1.229439 0.915488 0.968292 1.236368 0.848381 0.944966 1.137820 0.813749 1.246627 0.908194 1.024843 1.254179 0.950035 1.055311 1.069505 1.079749 
