13.195648 3.884417 85.523158 22.916533 0.118917 76.484240 2.530537 12.244935 182.284077 0.262618 0.464954 17.326682 95.924414 2.867273 0.616479 171.066862 12.293482 8.409231 43.604544 1.463839 
6.597862 7.576843 66.815923 16.621802 0.107084 0.578265 3.874118 514.450363 242.095714 1.090856 0.093350 13.671358 247.216645 4.805159 9.166869 0.277485 81.203708 5.439479 0.296416 90.052524 20.551641 137.092984 1.600438 16.264791 2.557388 96.325068 7.241588 34.000003 5.335638 59.887889 
4.581010 11.345800 266.433971 13.414583 0.135062 67.295215 3.806904 69.880359 421.816820 0.337852 0.130532 9.510850 39.910519 17.927579 8.693144 0.921648 329.963697 0.237795 6.263558 0.873445 460.251658 85.070630 23.761100 0.220058 5.750438 1.072107 1.037770 2.816246 27.331272 2.032682 683.526019 59.482563 142.448969 7.790816 
107.153870 60.309771 1.752448 21.442658 0.110437 88.294880 16.118860 17.704582 178.013386 0.568473 0.300405 11.432050 20.547467 0.851702 9.144480 71.661973 56.364601 15.794835 1.010697 0.184128 9.715730 159.078798 21.924691 4.574222 5.740819 2.272095 3.866242 1.400964 0.281778 12.836828 14.290368 8.477734 37.367749 17.738795 7.148948 37.700419 7.691902 6.394423 9.866122 1.441585 24.902755 11.361588 2.963749 6.401039 70.988600 74.164663 
110.044833 108.673246 4.372563 4.470538 0.098227 16.841785 4.489866 12.905713 185.864279 1.129823 0.079709 12.440437 36.990266 4.666496 17.577941 74.047653 260.944673 180.407833 3.440501 5.314788 251.005607 70.318338 1.296397 0.771140 60.959819 17.725731 15.293902 35.825708 8.402336 8.384615 0.085903 5.135496 0.830741 9.037355 70.444527 
20.290466 239.757327 20.747889 14.282469 0.085880 7.033932 1.847515 185.387455 152.198539 0.864570 0.077989 15.870650 35.083368 22.032185 7.759860 65.163977 6.352908 5.100041 12.366323 
0.568632 10.149557 16.788573 16.323450 0.078004 6.490999 2.901588 68.677235 119.786927 0.128156 0.502925 11.763574 45.112716 8.865552 27.420020 16.272705 5.591970 130.677858 11.661793 26.402046 1.694441 2.166940 10.470906 2.673903 1.467441 22.221537 33.925254 6.221885 1.630709 52.573479 
3.846064 0.128741 15.728845 9.273634 0.269512 7.550921 66.188169 27.005949 164.041561 0.120410 3.102139 16.761315 317.906507 74.032967 16.872126 27.079598 7.909095 289.481987 109.862595 207.693122 1.663065 6.711420 29.306193 17.045596 33.388406 152.005663 50.244683 0.880143 0.782460 548.546611 0.676253 69.478995 1.268405 12.992661 6.967977 5.385540 0.456468 4.452716 
90.315334 0.236814 13.699905 52.243332 0.164824 0.443009 62.683939 2.877518 780.330639 0.816101 3.687704 18.486529 161.628245 54.588249 18.266124 6.520116 0.962255 0.297856 5.589808 209.713603 8.216504 3.291460 3.534955 9.579977 37.743780 168.773770 54.555097 434.914751 32.475805 16.185706 3.519792 2.782368 171.985391 26.299030 
1255.652863 0.161956 17.593060 2.294482 0.366174 63.857429 40.564326 47.889917 954.790266 0.885456 0.511674 11.480192 953.480030 2.756467 1.279153 32.082711 2.902928 0.303913 4.300398 7.198136 9.785153 9.719342 1333.925261 1.844572 61.974685 138.334891 16.246690 5.431285 152.775578 3.180432 0.689108 30.279189 3.990048 
7.741040 0.195247 4.784426 16.533965 0.222697 25.805367 6.176370 65.563664 71.752577 0.875108 156.486563 10.982743 1103.737708 853.204529 455.542542 122.824297 1.152682 0.741230 15.687961 38.233978 0.181471 0.434381 4.172362 14.445811 75.750039 26.669559 9.631852 3.548183 70.109750 16.640833 3.822474 50.838316 52.935939 2.986527 32.221492 1.030204 
9.071923 23.060201 1.899331 10.361456 0.371522 11.714024 39.531815 75.372283 333.489874 1.260019 5.426808 8.848711 218.604424 928.893016 14.120624 2.743861 2.040194 0.420522 1.293583 75.415573 22.474342 262.983555 18.804259 1.002431 21.495520 
6.676240 0.238290 1.084530 42.661424 0.203032 36.485832 7.304771 37.161000 1.517663 0.957961 102.461899 30.077858 141.210612 143.462730 20.875064 3.474379 8.821366 49.125498 0.960650 0.354418 1.587008 57.395540 11.178413 5.795948 65.513798 100.667730 2.977845 2.466581 33.862829 1.793103 1.239680 21.473910 16.648807 21.477572 5.497901 75.783295 
89.615479 1395.035245 14.886724 23.823114 0.677132 22.211468 5.523185 0.560725 56.849875 0.782724 62.337916 3.892806 942.944409 222.099984 19.876633 7.074175 107.089221 35.714450 1.108402 0.250933 0.301890 65.304704 1.918653 0.244521 20.282028 2.236049 27.427140 110.458136 
6.503627 2.166464 42.856123 0.197662 0.708415 32.110365 13.921534 135.599402 130.413541 0.475677 0.363726 18.242293 83.963814 0.659532 37.302739 64.219705 150.362182 1.535834 2.100838 280.186782 14.023604 251.023590 19.186769 3.146337 0.978565 22.196120 100.057645 
2.927677 0.594404 16.030251 95.569044 0.914080 34.078629 7.145956 57.931894 4.881916 0.847738 0.551580 50.711512 470.738702 150.908522 7.655546 6.782443 4.715613 0.295792 1.587026 320.218241 247.810746 110.065330 29.073961 2.309287 70.992306 154.581257 61.766764 0.410529 24.200962 44.467285 14.746738 36.380106 
0.322735 465.450934 37.380178 1.461460 1.118067 47.041610 1.983225 518.904930 3.029281 0.567541 0.238371 38.525524 145.531340 38.832318 143.958283 83.432211 1.384812 0.265186 234.083645 44.118959 0.840990 26.321839 26.665059 8.741213 1.175753 6.385416 66.849130 0.349531 58.053079 13.482744 46.707558 5.585695 62.242739 
7.855602 4.035251 3.497153 0.211166 0.948639 22.439846 1.432925 14.195195 332.020319 0.545908 6.544089 32.183491 212.253385 9.323981 81.541398 3.671572 293.801490 59.474688 5.357916 65.467172 7.763790 738.762719 13.159786 9.942785 7.291272 21.406744 9.341700 8.066167 
21.931833 3.075813 3.319888 5.333603 0.863146 33.525733 1.215300 15.276196 63.079909 0.942873 2.619634 35.338307 444.046926 22.732641 2.680985 0.290263 5.280618 64.731927 518.998510 293.573290 0.568630 3.636915 73.453596 82.685713 1149.563697 137.836741 51.672288 8.892985 12.890413 786.042403 
377.265644 11.225626 1.760251 21.911087 1.003803 29.465854 19.963033 5.599640 0.365062 1.121189 1.770578 866.896694 100.219082 803.792702 36.841639 0.229584 5.150055 33.634076 12.420518 70.526269 3.235533 2.633185 2.942078 7.912061 33.815829 6.968719 1.135658 17.713086 26.629345 
78.464087 4.253690 2.443520 24.383512 0.678989 30.095421 0.347345 3.318685 1.473290 1.994317 0.687536 113.940397 743.573337 3.178074 14.522852 50.111831 34.216585 2.718883 16.590820 150.833907 9.109121 20.148533 17.100967 39.566410 81.501297 62.500471 80.209690 19.239119 1221.835117 
11.191676 0.427085 1.565761 23.882345 0.993243 3.417349 0.482607 13.228970 63.101128 1.811612 75.369190 252.962514 76.683092 18.596035 6.116238 0.565866 45.029373 3.840429 61.829060 87.949700 0.943711 0.741987 0.622715 338.505391 6.113948 54.073988 1.468077 8.565146 1.659909 9.344988 
15.835161 0.243028 0.233264 67.762459 1.255031 43.881921 15.043345 25.127329 17.289827 1.836907 4.885087 0.206163 149.364400 12.214442 1.657900 2.041560 214.447305 239.550077 7.537205 189.159742 360.153763 27.580780 
5.826376 0.306068 285.711552 54.389461 0.222282 1.396340 3.387077 95.298727 3.988684 1.194133 2.432426 244.270600 161.852503 24.529652 702.146456 144.864343 65.975075 7.069114 25.910970 39.881612 76.791320 4.310472 0.967508 2.613063 6.376728 
3.450655 1.967132 46.849094 1.202152 0.247202 50.599354 25.987540 0.328554 1098.756865 0.359233 3.107926 19.085843 1482.091841 1218.962924 1.027359 40.105764 65.443354 9.923763 2.654889 2.297453 13.382052 11.759361 21.232502 71.436117 8.583318 385.788444 8.704360 114.901015 130.205248 12.859768 16.810065 4.854011 3.865342 15.625802 439.729419 818.047135 6.155904 
28.337340 68.675671 52.395139 432.971850 0.224872 7.624727 0.372558 0.269713 328.489917 1.318134 0.474052 16.372065 50.093752 100.702362 4.589866 71.154921 2.437596 9.171778 5.472690 237.340582 15.909922 2.409901 4.840226 552.151120 23.803518 17.858755 3.114672 61.743442 1.415398 15.111458 80.694393 
3.231350 69.258214 610.237660 319.675586 0.211258 1.133910 0.207658 4.261057 1.915282 42.096410 35.144941 22.750040 378.263098 473.005702 460.129185 304.373819 2.590136 10.003723 7.437096 8.784401 6.897963 109.207561 5.300133 
71.373299 14.755142 145.742044 6.422347 0.400521 1.183045 0.206189 1.259086 1.767762 4.410418 6.540827 4.671610 237.753067 119.086273 513.708566 21.239534 468.542969 10.432784 1.283967 10.410064 62.296477 52.406861 91.822263 13.719016 1.123674 1.725762 60.620687 71.657275 29.967060 60.961295 68.478229 
13.092713 178.404281 373.126047 79.339102 0.348373 0.702631 0.640078 39.775276 2.012910 84.841717 10.344574 157.771403 142.001986 167.437098 55.832661 17.688214 7.328845 10.062668 239.962884 19.500521 17.925506 70.859939 7.906830 1.369692 2.645534 18.875815 73.757090 11.455681 2.965964 336.869915 112.150336 3.305562 0.335087 69.303319 3.714558 5.215070 117.322474 1.183548 7.770994 
76.380318 244.177434 1449.693519 2.709877 0.242557 0.973164 0.176613 7.447205 1.651762 33.116198 94.913311 7.378112 267.254084 130.294756 3.469743 378.449142 5.381391 11.206885 85.575345 1233.904515 432.702288 1.149051 6.582763 3.329860 4.096501 13.239736 41.884835 
73.200265 7.915600 85.079054 15.749440 13.123542 0.735916 0.403173 0.296048 1.593184 49.466566 6.637664 17.463816 1210.356104 52.695656 1380.174497 0.447922 4.965581 449.763893 6.808184 154.703062 9.648231 
88.796093 2.397293 152.537428 15.344282 266.675407 0.644887 0.188893 0.198545 1.300657 14.427025 7.605078 55.557346 277.435320 101.284995 6.945260 48.916683 7.914826 1.358002 2.785858 55.918490 1.048287 11.638318 9.204044 49.913106 23.104246 264.521908 310.503549 0.736838 19.260352 
2.486538 21.536521 98.713521 8.521157 18.025211 1.218951 0.153911 11.023114 1.771308 6.906170 1.878592 16.205396 225.039283 10.790152 0.411647 1.302821 27.678716 3.932443 24.692242 58.351478 12.564643 16.350222 9.358244 251.380987 0.168846 172.044672 4.216399 5.367577 68.509377 8.858622 4.496407 89.554247 0.623192 23.308817 
186.530644 1.493718 256.324594 2.622800 4.771750 0.674155 0.174184 11.610203 37.941432 120.429642 64.365898 20.006437 73.270869 33.385415 314.911186 8.011424 6.550450 7.160507 10.522311 55.879444 1.134757 57.155596 132.149453 56.329938 1.577489 0.239983 5.487272 12.475179 18.266377 
909.850453 14.447191 557.000305 9.573886 0.138841 1.011201 44.837334 2.946406 5.228559 18.259628 6.567575 18.746702 425.938226 25.081858 0.508418 7.641725 62.892638 5.104358 0.117295 20.560693 29.374089 0.982890 5.342648 12.364430 79.056081 7.081615 67.227611 
419.653279 15.930644 453.198302 8.938257 0.210457 0.757134 18.844959 7.265000 38.100517 3.839254 41.079746 18.487204 312.571873 33.805604 1.774745 589.565580 3.971235 1.174882 5.345318 1.431215 18.221149 62.310846 30.093672 238.054283 15.195995 1.793687 0.179037 3.847458 9.382155 153.468447 15.121788 0.276473 
11.029485 16.183948 134.197906 9.154425 0.143320 0.879880 2.269232 32.615113 59.185055 65.898884 11.239975 15.302043 151.085829 1.931582 0.167790 188.255379 4.294861 241.990300 14.004503 291.611926 8.464059 177.833547 5.382670 164.680437 15.035022 8.514805 5.252798 26.327809 19.985483 
13.422147 0.486978 237.064584 0.166475 4.094320 1.162111 14.766907 181.836347 407.521026 1.782330 0.533299 19.336387 413.884560 4.640462 0.980002 0.145786 0.831552 63.033538 6.984191 59.090667 4.760065 137.767635 754.744471 
10.346017 0.374080 84.079272 0.317744 11.132656 0.884831 55.164298 180.020010 3.089245 42.298843 0.095205 14.432580 5.757321 0.710207 211.897095 411.155133 6.678569 64.786658 5.142975 0.218462 5.116558 4.550707 30.294887 81.564073 7.850969 84.060242 23.795166 12.800039 4.200524 16.524662 10.133728 
9.277078 31.252706 43.962425 180.634179 3.032762 0.784707 2.676697 388.596922 1.455128 0.075733 0.715095 23.473890 5.984647 2.252010 644.916677 186.201622 49.794231 69.010225 4.283235 0.129161 281.137511 11.340943 11.316755 31.271493 2.290866 3.322116 4.981257 180.875051 59.265556 
11.016663 3.444301 104.659131 173.567155 2.671621 0.856670 136.906760 192.370123 3.641739 0.068354 0.364028 25.461701 78.590313 40.948883 392.363575 5.230455 7.538103 66.917248 5.441230 0.182014 7.514585 4.467776 0.089890 3.109029 39.841995 7.879820 8.317247 5.428936 4.724913 5.651057 418.480342 4.172922 51.682489 157.187641 63.241278 7.718481 6.118260 
7.942631 3.094088 246.592735 13.024040 1.032479 0.824578 0.781573 110.684722 1.055492 0.067269 13.497213 11.938322 3.980969 25.235632 162.837645 4.314680 0.123495 59.898665 2.046413 0.153075 21.453838 10.285541 56.224626 31.514813 62.919450 12.664285 17.326489 12.681391 1.175055 18.238330 0.361370 1.639508 2.736527 4.607555 
20.797049 0.169682 53.288169 1.929734 179.128451 0.845726 32.785825 3.845970 3.693844 13.944012 13.309633 8.151576 2.585750 0.073920 261.902391 0.103278 23.941477 68.292344 0.663738 0.247615 0.123888 94.190379 0.047258 3.794792 26.548317 11.221743 42.187200 0.079534 54.517923 3.240197 22.874466 85.457837 33.415090 0.368533 7.320536 0.215973 0.661622 2.468349 51.338761 
96.578153 0.137012 6.158235 6.545510 18.412123 1.051706 0.092347 7.714807 43.101556 0.415398 10.804051 3.853659 0.600475 74.746481 96.972791 15.253656 35.869411 16.734827 10.720598 0.225615 11.505030 68.050436 0.265124 86.487411 13.336135 170.215323 4.670666 79.749994 0.490388 8.806742 
105.698204 0.970578 81.386225 136.768843 143.724516 1.273041 0.535059 7.819948 189.907962 0.112149 10.618374 52.620085 21.324616 3.425445 386.606307 226.322976 35.139795 12.608298 31.168414 0.067908 1.352917 80.250902 21.036639 323.515086 0.521528 5.198716 1.908203 19.107070 41.703218 1.526380 56.632544 0.684976 25.915937 
127.120220 18.316757 60.909288 309.616329 72.129867 1.143549 0.074300 6.948740 0.347712 2.026061 12.283377 190.034344 6.221437 5.233652 209.169572 0.379144 24.033327 21.328939 185.615696 0.232709 5.430571 1.112084 1.329846 136.120469 141.888426 35.319700 5.203125 
333.379945 12.029756 47.202537 3.445581 94.100491 0.985558 0.137909 4.693164 7.596618 8.344043 23.084975 8.780887 10.161083 20.613279 339.953791 70.751686 23.468877 15.430217 160.113413 0.052446 0.345523 0.226744 6.371013 41.146679 5.045666 174.872664 1.682525 5.743557 2.431527 
373.320289 4.972883 74.437035 5.011974 475.027490 1.038988 0.273278 4.628035 69.738763 34.062885 13.898855 0.119582 474.383586 5.777382 1.744126 16.868896 30.334280 1.663047 13.347639 1.964281 343.375977 91.501376 13.504961 34.605702 0.164896 110.211276 1.917271 
76.821248 88.794085 636.010632 1.496332 0.891264 0.932604 0.177868 10.342556 66.215248 50.557519 7.460092 0.072443 17.017756 3.770765 0.850978 102.789929 31.638582 104.068289 6.195097 3.481124 11.216640 7.205275 9.236483 1.494075 11.478025 29.311393 9.017833 65.284268 95.951842 2.931265 54.017138 
88.090881 92.103892 10.209661 43.239534 41.113414 1.567417 0.238356 62.193127 0.880926 76.236329 11.867160 0.204380 830.088567 6.317825 182.896731 664.858435 37.859449 31.166271 6.575554 5.793239 1.399515 0.156722 1.416315 18.722412 54.471039 0.677103 87.161148 17.814851 
9.051352 84.004237 12.527192 69.513457 68.056527 0.504478 0.107743 44.872835 102.736721 146.660399 6.659535 0.296455 191.434643 12.164875 422.356660 925.537988 4.715044 2.369180 7.167218 24.373435 1.307221 0.185746 1.410521 19.967300 83.821310 603.411008 174.042504 4.384588 0.523768 1.167899 49.549086 4.034623 10.336685 1.165783 24.398883 40.739409 
0.269822 3.684143 19.462828 10.326668 2.439842 0.208637 4.823511 69.346983 69.267930 84.635345 334.535930 0.295562 1167.803122 3.709346 3.859913 251.035500 0.683133 9.286878 6.379629 0.229292 442.937530 0.183110 10.798119 23.799813 32.400411 9.736098 337.924976 0.804884 172.946652 6.616575 0.158377 1.765808 10.322286 0.921065 39.060721 4.872478 584.171381 15.038668 
120.829275 31.148903 17.022170 634.573677 1.089074 0.409425 5.595778 0.131692 3.930566 1.224189 1.260457 127.228449 2.389234 5.125169 0.302018 1.704006 12.327002 107.014276 1072.121497 0.218435 127.594260 37.897555 10.030065 28.302861 2.484811 2.054563 39.749697 10.705941 55.788260 12.063718 6.762891 356.348145 11.311383 0.954803 6.138940 45.595835 3.034333 314.736337 108.152964 133.490939 
168.351930 42.088220 19.043517 130.125178 6.034326 0.972667 25.404235 47.642451 1.691026 0.777541 2.183857 3.673141 53.387669 6.683556 0.143960 0.770996 12.465625 93.921003 1164.813129 0.132044 1.572820 51.818025 11.662111 29.267793 58.907281 5.957348 16.120302 0.364082 7.791310 
34.298783 20.354707 16.355764 35.400850 10.478474 0.852328 8.534205 86.790462 11.629884 0.467982 40.173951 25.213626 12.024399 13.845009 0.472807 40.733222 0.436461 115.105984 0.282890 0.256070 4.522465 1067.698170 0.564533 63.376973 469.859057 1.385064 49.161658 0.720039 4.978718 9.854589 35.237284 
29.532995 326.453256 20.462919 6.369054 4.795094 1.106615 1.672952 169.662043 9.153736 31.311197 29.854895 20.967535 59.941485 15.628689 0.299108 12.604309 0.206799 109.924664 5.724829 0.528591 29.008018 4.235574 59.546959 3.798480 104.134481 2.419298 0.559465 281.731146 
29.650227 53.765224 17.241181 0.558491 13.192655 0.762556 91.895390 444.837957 21.704595 1.657015 1.091128 42.331920 10.904915 10.155551 0.134127 31.013981 38.783112 119.069202 3.763028 196.592995 0.119474 37.877694 0.282177 64.812766 16.354214 15.950787 37.711989 0.619280 10.290465 3.959154 13.168957 13.908091 4.085328 17.674810 6.228574 
4.268075 157.560418 16.959010 0.153304 54.385461 0.696163 106.086391 516.473174 8.089710 3.537365 6.813310 25.306935 166.426063 7.362226 0.274632 5.790876 5.034144 94.110433 47.868394 8.986314 0.428339 66.159787 3.952576 4.529475 4.199524 6.707188 0.444161 
17.552479 171.969154 22.445051 70.283058 230.423044 0.530208 6.269600 75.656066 0.090853 8.419717 2.178345 24.162389 0.460109 4.515731 0.451233 3.958844 1.537594 0.796527 12.889624 7.534241 55.714957 70.035153 4.534476 188.892736 752.656148 0.100907 3.062617 0.129720 686.476962 319.866127 320.360254 20.655866 19.193200 
7.348614 223.291910 13.284785 65.186412 315.207483 0.551530 2.441621 95.585303 32.119192 5.078006 0.598630 21.889743 25.200947 4.451069 0.117475 4.398789 0.274850 1.728516 65.596316 10.059677 41.930837 65.874888 5.311460 35.762498 2.371607 40.698557 7.441103 97.769887 3.216567 94.174054 16.622025 610.245712 
14.136277 7.536094 21.258107 190.398184 320.749105 0.366794 205.348284 209.980340 6.396752 3.295699 5.050575 20.231717 169.079356 31.823416 0.291813 62.919446 0.209486 78.077778 4.269576 9.711209 5.067339 2.075970 7.979246 25.442624 
44.287173 11.822761 3.057824 153.249806 148.683000 0.308260 247.100463 249.472739 7.911628 0.677046 75.939968 28.447555 3.078732 13.455461 0.149561 57.403440 0.160742 650.249070 12.608073 1.560797 21.221711 52.847396 0.110129 15.627958 6.074927 98.800337 5.412298 2.518144 167.863544 13.620821 8.487680 2.060355 1.238585 0.185558 
14.870562 78.531615 38.901694 212.611109 619.579556 0.255137 2.518003 0.387009 22.416514 14.320378 26.581374 20.673992 49.967326 8.626173 0.169060 297.313172 5.105011 343.119164 7.614724 187.068567 134.725858 9.825943 0.702780 17.199251 8.419243 409.675182 0.827250 0.507265 6.186875 8.551009 5.407260 320.407462 10.433934 
12.969573 63.314209 0.927786 252.340418 5.715606 0.717522 3.040198 15.306854 0.930194 7.451685 15.448184 19.361904 18.952563 6.832023 0.124187 77.894641 6.525742 359.103282 0.104313 23.827313 15.109332 69.197745 0.546737 29.010160 120.311341 4.646792 1.304887 171.592671 0.236040 86.806473 174.331052 0.754233 
0.069084 260.390654 55.461514 306.717921 2.950346 0.669257 103.248803 0.125651 5.328053 74.839719 20.932604 21.504288 17.495800 2.369268 0.267081 86.424002 12.703980 45.265299 10.971490 17.040934 10.523002 133.792214 0.062897 0.396195 87.705207 10.198527 4.861923 78.886832 344.953358 0.277704 3.358401 0.496954 248.667221 0.373733 190.865299 0.138783 0.050083 1.051875 64.227765 
145.357767 290.764008 0.054132 170.030132 57.719790 0.503708 54.210957 3.930177 59.718955 64.437319 152.449866 11.343684 34.651657 8.108950 0.254924 105.646366 0.924332 92.745968 1.788488 1.766466 18.985712 5.394040 0.543183 1.855045 0.190327 5.646370 0.241655 9.036903 9.607171 3.835117 3.871354 0.361569 4.366158 
435.805237 9.426642 1.929289 350.593009 0.092818 0.770136 15.406603 0.131381 11.386639 73.055122 44.677399 24.392658 60.885145 4.318873 0.327347 412.556424 9.755083 382.047293 0.417185 0.771960 142.637961 220.346016 15.059007 3.279326 250.776593 7.736957 198.120846 14.399858 106.062298 56.743835 121.010016 0.080350 5.318152 43.127827 14.265444 0.483855 50.859793 2.092492 0.410568 296.883770 4.177109 1.305445 1.132535 1.414141 0.092329 7.217800 4.766597 1.366972 2.039432 0.289974 1.625429 82.955442 4.170166 
24.360928 119.225527 18.810914 154.656452 0.171814 0.353048 166.548342 12.658594 31.665368 73.849595 11.214295 20.903689 1.904276 1.812745 0.346313 462.208038 7.336500 348.377913 12.190808 0.700510 0.528079 4.780765 1.539488 3.430766 0.111402 12.326809 9.017870 31.197241 41.228815 320.936675 34.648326 100.450764 5.024406 1.515648 1.615563 11.804604 14.299633 74.485499 1.378261 0.260128 49.823650 3.331538 0.727950 50.142393 0.073028 41.829214 6.043238 61.735152 
1.610922 1.763629 37.868243 319.437835 0.696973 1.479828 16.855691 50.428475 7.883837 68.604011 12.743784 3.066781 176.504981 6.254839 1.702464 126.489675 39.039174 343.650688 14.150984 0.210364 0.646185 12.928695 0.724164 1.575692 31.916168 0.176437 4.467717 26.470030 0.802135 2.259118 128.231919 27.125827 25.050344 1.073590 30.481890 
1.172379 9.202309 162.717956 165.541841 0.098379 1.276644 5.831813 9.028340 1.791686 10.860315 346.611263 0.226514 117.674742 15.808044 0.046365 57.843115 49.343855 3.409469 11.673216 48.282358 0.419604 13.759013 0.617696 1.257351 4.678657 139.875281 60.972070 30.760239 0.040846 8.594126 2.002573 0.137358 0.450041 12.998350 158.067965 3.901197 
17.497786 0.071974 0.065581 56.770476 0.296295 1.053577 50.296399 6.451015 23.276720 0.289895 8.218485 98.765571 6.593147 143.937731 0.126064 415.799381 29.254727 52.488632 24.318596 85.823290 78.216127 8.905610 1.703873 1.753823 0.203449 94.415391 15.582637 6.925278 5.190955 32.725871 0.265931 0.562083 
2.214179 2.251319 39.332418 343.725921 10.412369 0.812516 0.765742 0.180053 1.459396 0.845604 34.093770 75.348194 181.603095 1.351066 0.340192 103.910944 3.735396 56.523674 27.141857 12.291373 0.113403 0.486412 1.212882 1.906785 5.458375 71.667573 42.493135 93.111876 108.368909 22.638776 334.862211 0.093138 61.685640 188.835869 57.573296 8.417647 1.593565 0.437144 34.037340 2.449701 4.754366 13.070694 
178.582916 0.852451 268.208854 146.573631 10.593291 0.852249 0.710699 13.927037 20.500556 164.024100 210.434448 2.990104 148.142391 2.706726 0.148148 371.540788 10.279703 40.719609 0.176453 0.329621 64.768198 243.055183 3.740691 1.359764 11.039582 3.010092 21.159624 49.306691 0.703631 0.111597 2.969934 1.420563 0.430260 1.442280 161.029298 6.529543 145.214369 14.276391 4.245489 5.061616 1.055496 0.363510 0.200314 
83.307814 0.719852 110.604020 136.356634 83.105754 0.873138 33.958833 1.743159 0.177471 38.987948 41.079024 5.640250 65.212090 16.017918 0.295831 73.231287 1.393170 6.925466 259.822288 104.560435 2.075558 2.991975 7.632854 0.143734 171.901914 1.577219 16.394793 3.241780 9.164989 16.031590 78.612484 17.460633 1.344942 2.292439 1.949014 94.937947 5.537880 
151.346836 4.059888 3.653211 13.990084 284.685376 0.759474 33.963057 8.037129 6.855361 134.679768 11.675375 2.793130 328.135326 225.979733 0.370751 19.353428 1.195810 51.952084 22.424095 8.148892 0.590507 75.805718 0.983055 2.941789 0.171576 114.944722 31.707668 255.527382 0.624899 50.651483 17.661545 78.890253 0.046070 5.431780 274.714096 0.295226 3.934357 17.828508 0.061194 1.018591 12.205926 
5.873391 16.144944 73.297676 0.074328 23.409707 0.065447 58.601530 31.937429 2.948116 192.669202 35.030467 22.027048 10.935093 191.885663 0.251442 14.094357 0.883527 133.727448 18.781620 0.134025 7.730887 2.405209 62.267769 4.075711 0.379207 4.166718 4.507642 73.710248 1.285072 2.973399 4.389445 0.407047 67.583111 9.462806 67.212281 3.916102 23.973526 44.890054 3.127609 5.152447 23.625400 
9.004459 114.784638 44.443050 0.205014 0.686929 0.247312 5.106735 1.452282 7.132091 35.681413 85.821966 12.238809 194.018052 17.398903 0.243232 2.842707 104.631536 110.078476 25.061551 46.809501 16.429647 3.461945 5.478602 61.065246 0.082677 39.061440 374.263174 6.378383 28.132106 5.635470 138.127934 17.685249 8.513959 0.327889 0.196032 45.330050 
61.442473 0.069524 137.170134 0.091377 9.874456 0.089785 70.073769 0.675559 5.252527 76.968772 18.475327 17.598554 45.088363 7.773626 0.129394 3.104347 165.256245 417.511684 21.793014 51.140473 24.218122 52.810503 1.181618 1.583961 10.971233 1.194079 145.036648 44.196966 25.455971 
2.855222 9.099238 0.061599 12.464079 0.387055 0.277469 3.073976 23.214466 5.668632 9.962966 0.116345 38.871938 39.836540 20.786244 0.149426 5.172639 74.790474 94.822690 23.240869 248.933821 56.329161 19.111282 3.328292 165.523858 244.585194 9.802088 
48.612214 1.385351 0.134245 0.057890 0.202734 0.333697 0.168721 53.348711 8.202710 14.977755 71.992408 24.064875 5.123371 68.079072 207.466629 6.393982 35.272352 0.082072 25.511079 257.267593 0.760156 14.565305 14.042963 11.446444 32.380134 13.590462 0.278883 16.157376 25.054105 
338.621752 1.779723 0.077008 4.729760 35.069249 0.772432 0.133674 1.642196 58.279115 18.102637 43.735523 53.288000 21.949267 1.948091 27.226796 29.237445 433.997645 29.183264 31.224840 95.500086 1.536140 0.151271 11.899746 31.696080 66.715812 79.270727 5.740324 0.176484 1.860799 
16.067668 2.018410 1.365144 3.615520 26.146048 0.211222 0.110790 147.134687 192.481831 16.707109 98.286451 8.517631 64.316027 16.047053 9.387944 0.634683 113.658166 0.177390 33.338448 50.657506 39.548265 15.958934 60.230402 3.362933 65.024219 0.766792 25.831265 13.337892 9.608190 
8.320878 1.733183 311.752062 131.233184 0.112142 0.896397 0.144342 17.451996 17.895098 10.964732 93.117636 0.620863 15.145827 163.330589 63.547098 1.926613 41.346019 1.814732 18.735670 0.360940 11.202788 0.237946 107.790528 34.000732 39.371655 77.192251 22.583801 29.593483 108.450245 
12.947314 1.660060 5.573583 13.399819 0.624686 0.351589 0.243655 181.551607 177.532662 15.868353 0.356528 0.567504 1.440970 18.583095 62.060620 11.386227 140.623945 160.586926 18.071209 17.680208 332.698086 68.382284 4.559376 73.589763 
0.261465 1.668839 0.086634 5.483852 11.925384 0.281330 0.221940 1.407669 85.292057 11.562436 24.838580 0.814630 42.717165 17.618232 56.817131 87.785815 423.788763 47.953944 21.922317 195.480739 23.403920 6.145371 0.714080 58.069571 6.878548 20.577344 1.699155 155.778739 2.924775 3.953594 89.349220 13.327468 0.587248 170.652352 109.520423 53.311666 0.130352 125.678493 0.297741 1.082904 
4.772749 2.525086 0.138373 89.988065 12.700608 0.430317 0.187897 13.652801 108.134479 5.580458 2.594327 0.976183 16.539842 22.806943 71.139164 238.206698 292.867261 0.165155 4.545100 171.927783 34.601473 270.182586 89.083843 305.906083 14.157438 190.581393 3.741120 356.722422 0.286109 14.830388 28.071044 19.421369 88.037984 
3.331024 0.908723 186.682014 0.562663 14.409602 0.987318 0.189576 0.987138 19.906917 5.021068 382.778002 0.859137 25.754650 1.341533 71.947129 86.142917 49.461518 17.134716 108.706687 7.177495 7.051115 14.033254 0.177839 68.250900 9.288324 0.217491 50.415082 5.198588 14.174885 10.617510 
4.526601 10.001039 97.633487 84.605017 0.478772 0.386900 0.682517 9.710250 9.364266 27.060061 3.585282 0.739505 4.336940 23.711952 67.895039 267.282453 65.889141 17.394936 9.569253 14.692965 11.624490 10.775110 0.370872 67.827250 8.860426 3.193666 20.799312 7.477439 32.079888 10.960148 0.786463 
13.304087 68.143099 0.222607 3.392411 0.235765 1.022197 1.013756 15.505956 6.419454 11.596536 9.378162 0.403831 488.851254 6.648341 75.127651 806.285196 184.296410 13.676540 681.535953 3.672205 7.562156 8.044926 96.731408 1.148114 7.417598 253.311347 2.223139 160.510394 30.412576 104.649442 
10.004252 1.564962 0.138890 63.502733 0.989257 0.944313 46.288521 5.123583 66.702300 0.848264 11.132842 495.339082 83.019572 4.907339 2.640895 82.416399 34.403900 26.937102 0.378352 23.536941 7.364287 6.547049 104.622893 1.808830 3.813637 77.079844 6.032346 
5.544130 17.529332 28.049851 0.321550 0.251057 1.173558 81.721194 9.708183 25.039352 0.604358 15.870337 111.392737 118.062704 195.061742 13.332863 13.773358 353.541067 32.717325 0.459340 53.378656 0.223592 1.669836 32.663608 6.385810 75.894275 1.981323 190.980257 2.708681 18.688045 
2.216895 25.925751 39.767423 20.585819 1.711737 1.381804 12.194168 1.086303 214.487928 0.185326 30.682774 466.850112 19.429132 6.858044 193.624096 1.246989 280.941388 24.175007 0.389806 29.985996 0.150043 0.910365 5.578273 19.901796 64.268145 1.372623 55.613993 10.844064 440.506155 62.061449 1.017383 3.257140 118.233061 
101.004276 59.680113 22.402199 31.840332 3.299488 1.536997 0.460670 10.452933 12.950702 0.240818 11.142692 458.228570 10.702840 14.908530 2.783575 1.476876 474.743828 19.613714 341.978588 13.607687 3.105039 7.004338 6.805131 73.581767 0.714805 0.094937 47.344797 0.407733 0.239503 10.443300 5.657926 6.698549 3.503066 
19.930309 276.005978 1.434746 0.727597 0.612886 1.549225 0.160813 89.152992 67.924737 0.223159 18.849062 159.730953 3.308410 5.524421 40.754775 7.508362 91.315918 25.187748 7.460370 2.714287 0.839900 8.487754 266.756834 18.017656 0.423305 71.691601 0.918791 5.166109 52.453513 0.815914 1.225713 
81.839774 44.663099 3.769545 57.250224 10.452173 0.947102 0.090080 11.033380 5.410287 0.117105 11.554932 296.035360 1.351579 1.611462 9.687680 155.336415 123.592121 18.574629 4.808490 8.011903 78.776553 10.480385 9.580622 21.469012 71.568851 25.007805 14.379914 4.994190 5.480813 
588.044036 15.996661 12.191081 0.211505 135.875556 1.412837 0.247029 77.027636 5.946638 0.249302 0.657445 64.688309 451.764560 66.727474 14.777112 2.329205 350.331142 15.018692 1.442793 82.579479 0.705303 3.371048 0.123054 9.102438 83.024388 9.137879 0.494990 20.510817 6.198291 1.899602 
89.013535 0.801556 0.711712 63.858740 237.664162 0.540605 57.944649 23.143587 0.746016 0.315707 1.575340 81.112505 11.374869 63.731346 9.846614 3.615727 416.393311 35.843880 15.007574 0.062319 4.821598 1.216520 106.899989 39.181384 4.621100 74.459723 0.630987 13.864458 1.836103 9.436503 41.718820 3.850442 3.568081 5.038028 8.259675 4.784196 125.506526 5.975461 
0.244395 0.096271 8.117090 3.273697 8.686364 0.595006 8.163344 4.897018 2.490274 40.794154 100.791846 69.467274 1.765100 68.496683 6.668481 11.912983 461.594175 6.464515 16.331829 58.598003 1.782653 4.567772 0.105587 12.657551 7.548637 94.481562 1.987022 2.840517 59.996256 0.388104 1.174646 364.020985 130.988102 13.125356 0.627184 4.641255 24.937715 25.733680 6.289580 45.444961 1.681835 23.675322 91.688466 2.746677 
0.501001 13.282806 0.723511 1.812213 7.957400 1.279417 1.048130 11.704858 0.343408 1.571543 57.977090 15.603597 26.740763 64.740957 49.081256 55.055829 149.388246 2.457976 0.724076 148.640746 20.912003 1.688033 6.595552 7.254927 20.610270 132.900539 2.817214 0.106680 17.471904 7.006090 74.258279 180.683660 11.382718 4.597572 102.481553 20.275067 84.218929 80.141603 
0.359458 0.842243 11.923270 6.393994 35.583363 0.782801 13.098927 3.968056 428.573142 74.232838 22.554885 280.546167 0.454151 426.391109 3.136425 44.860244 319.648951 63.570654 0.082644 128.259766 3.247812 0.692588 20.680298 22.352169 19.004385 95.144624 4.273753 1.786926 1.627779 0.517262 0.723355 7.970470 39.301065 178.906454 5.400008 
