  130.232205 10775.420172
  116.690259 10772.501245
  130.758697 10773.218364
  127.573306 10762.419030
   89.697149 10775.059630
  110.769671 10757.626079
  121.629727 10768.583922
  123.341066 10773.868133
  106.440248 10774.836143
  104.667527 10791.811511
  131.355981 10777.156007
   91.148661 10765.957397
   90.381793 10767.913360
  125.069136 10771.440007
  124.505377 10759.532937
  121.096034 10767.922600
  112.702776 10767.600878
  101.493070 10764.008775
  112.552033 10754.673629
  129.953361 10760.797320
  140.485566 10765.552518
  127.064891 10759.292686
  121.924343 10762.912800
  101.955567 10767.460264
  103.588577 10770.075675
  103.770065 10769.258075
  100.918703 10777.549971
   88.860593 10772.479261
   96.477384 10778.443111
  117.948013 10780.854506
   91.930756 10773.978204
  104.853379 10775.584278
  108.795482 10756.569092
  131.810430 10774.157557
  113.070179 10776.378291
  122.213845 10775.856757
  130.396608 10772.121942
  109.758678 10766.725013
  121.165689 10761.443489
  141.430485 10771.120019
  106.306082 10761.896155
  101.148842 10774.319551
  136.052051 10773.055286
  138.236933 10771.996321
  123.991002 10782.563584
  128.136194 10768.688944
  134.991559 10778.951281
  130.668581 10764.274552
  141.312018 10775.697972
  180.270527 10765.236491
   96.551087 10772.933989
   85.617130 10774.148568
   94.994119 10768.902249
   99.331436 10765.293095
  100.073158 10771.945345
  115.662803 10777.723137
  121.932803 10763.652062
  123.924733 10778.911649
   67.437348 10782.134429
  116.538733 10784.956422
  103.891659 10782.496875
   98.347626 10770.089205
  105.501743 10781.518298
  115.904250 10771.670048
  103.553789 10777.614598
  134.897555 10782.051394
  129.454718 10789.538843
  166.556786 10787.100947
  140.894715 10773.569210
  118.317139 10777.620925
  167.266565 10770.977289
  122.588496 10786.303676
  128.713492 10773.144408
  144.986139 10778.414232
  115.853763 10772.128514
  142.311496 10758.936400
  139.759888 10774.035103
  130.098249 10779.591950
  137.188620 10772.633221
  102.378133 10767.628652
   96.149737 10771.767395
  107.668562 10767.860757
  148.698783 10770.589801
  149.587567 10780.119279
  132.236056 10774.949854
   88.426666 10766.081704
  140.797334 10777.214228
  116.131023 10772.253555
  103.691952 10774.795655
   94.961804 10767.752135
   88.684975 10778.045055
  100.254591 10778.389899
  126.051586 10770.228101
  111.043124 10763.586954
  139.918257 10764.447956
  117.484518 10782.357468
  137.770397 10776.844504
  104.368012 10767.232919
  142.756440 10765.651207
   97.445314 10764.157778
