-9.448511 -8.650551 -4.502507 -3.581028 -9.818646 -6.307911 -13.891866 -10.334385 -9.273945 -13.099681 -21.066233 -3.266149 -6.490339 -6.224386 -3.808403 -4.040282 -5.054756 -4.351897 -10.968186 -18.796406 -5.036334 -15.103780 -9.224323 -5.950403 -4.079672 -8.494954 -6.672594 -9.386887 -4.088042 -9.120456 -13.155421 -5.249520 -7.682069 -8.126717 -3.033555 -2.573159 -4.419681 -5.680531 -4.311717 -22.872922 -10.922929 -4.550901 -5.082496 -8.093595 -5.538613 -11.912140 -6.977098 -9.609448 -5.003005 -8.866375 -9.207486 -6.042817 
-8.004258 -5.706190 -8.137333 -3.917401 -10.235199 -12.254065 -7.436221 -10.619264 -13.489849 -3.846914 -6.178530 -16.990319 -6.490339 -7.052280 -5.471971 -8.218421 -12.328175 -4.351897 -6.612016 -10.941063 -5.036334 -5.775105 -9.224323 -3.943434 -3.844613 -8.494954 -3.784382 -13.548397 -4.088042 -5.119620 -3.983861 -5.755300 -14.354710 -8.615235 -1.176028 -2.573159 -10.841391 -9.915415 -10.412604 -9.349048 -7.786138 -6.531885 -9.305815 -8.413456 -4.777973 -7.986998 -6.960666 -12.110383 -3.016894 -3.488949 -13.488315 
-8.152271 -3.807898 -7.601689 -3.866122 -10.511246 -3.710145 -6.819675 -9.581068 -12.275329 -8.960016 -12.810527 -18.923529 -6.490339 -7.341954 -10.328945 -7.227141 -7.410246 -4.351897 -9.053093 -11.496754 -5.036334 -6.364879 -10.475814 -2.962158 -3.844613 -8.494954 -8.022359 -4.481114 -4.088042 -5.505283 -10.096133 -5.318154 -6.890577 -8.708234 -2.025770 -2.573159 -4.977349 -5.977018 -10.956694 -9.632860 -12.735025 -3.417007 -14.886910 -9.304480 -5.036637 -3.719723 -7.808495 -20.682241 -5.066204 -3.051191 -3.855883 -3.664673 -5.513703 -7.270576 -13.167841 -12.868972 -9.808362 -11.101648 -9.580774 -6.072480 
-8.562773 -4.817386 -11.584094 -7.329265 -9.989428 -3.155843 -6.819675 -12.525184 -12.484291 -8.911630 -11.826156 -19.353167 -6.484412 -6.394913 -6.878691 -13.690175 -5.298022 -4.351897 -9.444068 -11.515243 -5.036334 -5.081137 -10.957527 -11.932238 -3.844613 -9.096454 -3.517111 -4.702015 -4.088042 -4.478033 -4.251426 -5.318154 -8.452222 -7.330903 -0.890683 -3.424662 -8.725368 -8.420873 -11.902727 -10.491056 -10.116936 -13.648838 -3.770059 -11.216729 -6.941128 -6.521574 -6.779053 -10.498466 -5.797450 -7.262024 -11.873272 -8.187667 -1.704870 -11.428180 
-8.687175 -4.866057 -9.872586 -8.218954 -10.159195 -2.809933 -4.140258 -10.596076 -11.608881 -9.607121 -6.233290 -2.380426 -7.377421 -6.394913 -6.878691 -11.275511 -4.359714 -4.351897 -10.178187 -2.029425 -5.045760 -10.486713 -12.303776 -10.814165 -3.844613 -2.888713 -2.785983 -10.116936 -4.439181 -4.960967 -5.056164 -6.021839 -9.462698 -7.551800 -7.762204 -14.668249 
-8.157828 -4.335084 -9.833301 -7.387470 -4.725311 -5.204133 -3.811126 -3.350047 -12.869179 -10.034630 -3.668288 -2.878482 -7.394774 -6.394913 -6.878691 -11.275511 -3.695490 -4.351897 -10.178187 -7.837836 -5.045760 -10.486713 -3.078191 -10.775788 -4.083812 -8.823714 -6.113026 -10.116936 -4.439181 -4.184607 -5.427265 -8.928527 -11.958641 -12.022920 -3.728336 -10.397050 -4.147691 -8.855085 -14.857170 -11.288668 -6.454857 -8.362275 -6.471235 -11.988368 
-3.463107 -5.618384 -9.941128 -7.856968 -7.203973 -10.646664 -6.009024 -12.554336 -10.699684 -9.368010 -7.274360 -2.299972 -9.631067 -6.447257 -6.878691 -11.275511 -10.025507 -4.351897 -10.069260 -7.837836 -5.045760 -10.188282 -8.381565 -4.966195 -11.909082 -8.136840 -6.945950 -11.365240 -4.439181 -2.854361 -5.533660 -3.976521 -9.264168 -10.092943 -10.137568 -9.746778 -4.870891 -7.030126 -10.884887 -4.459014 -5.673719 -9.788576 -6.761775 -6.259918 -4.282666 -8.459461 -12.711139 -3.466318 
-9.527401 -5.195656 -9.990851 -12.487656 -10.770277 -9.949997 -8.668593 -9.999772 -8.609373 -9.368010 -8.296901 -2.385038 -5.691496 -6.447257 -6.878691 -6.256972 -15.193537 -4.351897 -9.024932 -8.185012 -5.045760 -4.935982 -7.870072 -12.697153 -4.971591 -8.152009 -7.781361 -11.151466 -7.838832 -1.914432 -8.603076 -3.970488 -7.918443 -4.275588 -8.960668 -12.579233 -5.992780 -16.130118 -11.210949 -6.179173 -10.720912 -9.788576 -5.690385 -9.780118 -2.064447 -8.911327 -8.450766 -4.043213 -4.015660 -9.500983 -8.001517 -10.528517 -13.628747 -4.085069 -3.005394 
-8.698821 -7.722106 -10.459997 -3.975473 -10.628467 -9.733600 -3.147147 -10.397686 -9.873106 -9.153494 -2.746870 -2.385038 -8.781608 -6.475517 -8.741549 -5.064694 -11.448108 -4.351897 -9.598422 -7.206185 -5.045760 -9.179285 -12.347308 -11.350150 -3.607159 -9.957054 -5.458521 -11.126306 -7.971446 -13.762115 -7.541969 -4.015660 -14.952482 -3.374433 -6.041851 -12.736538 -2.620405 -11.890037 -11.578696 -5.963618 -7.028015 -9.724997 -3.986035 -5.698659 
-6.056788 -4.584619 -9.900159 -12.694885 -11.269537 -4.143345 -6.348343 -11.413843 -6.715012 -5.963618 -3.451754 -3.084026 -9.907018 -6.475517 -8.491509 -8.660871 -10.423504 -4.351897 -9.598422 -12.692117 -5.045760 -7.221688 -7.334341 -13.411296 -8.513875 -9.851090 -7.817681 -7.581592 -10.290610 -6.222431 -10.096296 -4.460803 -9.425683 -9.979747 -6.041851 -3.466394 -2.398088 -13.297808 -10.546154 -9.942665 -12.836355 -6.213574 -13.075365 -4.659122 -4.553202 -8.314286 -5.786267 -7.132677 
-5.098337 -6.056363 -3.660870 -7.429859 -11.238977 -10.269578 -4.533698 -7.739484 -9.846745 -5.963618 -3.451754 -4.034078 -9.348143 -6.475517 -8.063071 -12.575389 -6.608765 -4.351897 -9.598422 -6.950023 -5.045760 -10.052526 -7.876269 -12.318669 -10.735809 -11.953767 -4.722898 -7.341776 -12.418443 -8.499716 -11.767313 -4.460803 -4.777367 -9.891273 -6.041851 -3.771477 -2.911047 -5.169092 -10.750887 -10.699868 -7.541599 -11.697953 -11.412785 -6.179008 -8.787105 -11.293903 -10.114347 -11.700988 -15.173734 -13.944167 -7.835034 -5.265993 -6.291525 -14.179658 -2.534781 -11.768917 
-3.895626 -8.886154 -3.603575 -13.385006 -11.238977 -3.363737 -10.678759 -3.560603 -5.184410 -4.472299 -3.451754 -4.034078 -2.199029 -6.475517 -8.087429 -7.424543 -8.010507 -4.351897 -10.291473 -11.268489 -4.740987 -9.431951 -7.876269 -12.318669 -5.155118 -10.988354 -7.703099 -3.353621 -3.959905 -3.914486 -4.693957 -4.460803 -14.239954 -9.517827 -10.352365 
-5.331440 -7.949596 -4.838832 -9.754874 -11.034147 -11.057046 -4.384923 -5.169796 -5.740237 -10.063918 -3.772378 -4.034078 -2.654876 -6.475517 -14.182399 -6.086603 -8.010507 -4.351897 -10.291473 -11.883566 -4.547165 -8.880128 -7.876269 -18.352938 -5.123305 -10.636787 -9.823024 -4.535232 -6.682260 -8.573217 -4.650120 -4.223521 -19.086461 -9.517827 -5.366657 -2.011480 
-9.503097 -8.514596 -7.091410 -4.206787 -11.034147 -13.009391 -3.245267 -8.722330 -6.719132 -7.206168 -5.492521 -7.744225 -12.233210 -7.189873 -12.615767 -5.602309 -9.610182 -4.351897 -10.291473 -4.106711 -4.547165 -8.762781 -5.360770 -16.386840 -8.186161 -9.261080 -10.567910 -4.222328 -10.898453 -4.227915 -4.459828 -4.463766 -4.921524 -9.517827 -6.880007 -10.808834 -6.153626 -7.883823 -5.503753 -3.583680 -5.262378 -4.728458 -10.136662 -15.032065 -7.317594 -9.567641 -17.626287 -5.869466 -13.870002 -5.463612 -9.331157 -4.633140 -6.576100 
-5.019652 -8.514596 -9.290179 -14.192276 -11.099844 -8.500311 -14.044486 -8.552537 -10.024847 -7.194142 -9.712702 -6.771830 -16.713068 -7.168696 -1.520289 -10.224788 -4.337991 -4.351897 -10.487807 -11.350982 -4.547165 -8.756153 -4.626314 -14.919156 -4.907904 -9.781809 -11.755426 -4.012939 -8.603115 -12.146343 -10.038957 -4.496691 -4.921524 -11.923434 -7.049695 -9.332943 -13.578050 -13.060915 -14.544755 -4.695048 -4.139454 -15.243614 -21.412007 -16.928496 -3.410767 -6.042947 -9.391243 -7.358254 -4.874436 -8.745429 -5.698638 
-14.070828 -8.514596 -6.515107 -3.342042 -11.625625 -6.041235 -8.014185 -8.552537 -6.046673 -6.982027 -10.110145 -8.805457 -3.917602 -7.168696 -10.233394 -7.856969 -3.865434 -4.351897 -9.951751 -10.428411 -4.547165 -5.850747 -15.417764 -14.919156 -5.679750 -5.439367 -10.744980 -8.925643 -8.479417 -11.924784 -4.718404 -4.032644 -6.885947 -5.526001 -7.049695 -13.544199 -14.310048 -11.965795 -10.850822 -4.100893 -4.216480 -4.857481 -6.643310 -21.028758 -9.738653 -12.015789 -5.764403 -10.278916 -4.690789 -17.931410 -3.974037 -12.930719 
-4.375281 -8.514596 -9.307419 -8.838197 -10.173435 -10.954518 -9.451800 -8.552537 -2.433771 -6.209754 -1.928615 -7.972184 -4.523522 -7.168696 -8.477399 -11.918177 -5.202276 -4.351897 -9.491225 -6.799538 -4.640795 -6.068984 -3.842850 -14.919156 -4.881504 -6.737997 -10.744980 -14.766385 -4.524504 -12.201950 -6.771684 -4.032644 -6.105062 -7.047084 -6.677485 -17.589744 -8.016338 -5.194672 -5.791266 -4.100893 -11.627108 -13.608697 -11.473987 -6.988503 -13.354664 -12.177038 -4.193837 
-5.620711 -1.204363 -7.814966 -9.746562 -11.685386 -6.730061 -4.423510 -7.695473 -2.433771 -9.454594 -5.085268 -8.653293 -6.817486 -7.068663 -9.207735 -5.156916 -2.700773 -4.351897 -9.587585 -9.085153 -4.640795 -2.864118 -3.212410 -13.021085 -6.319119 -6.225104 -10.462351 -5.482742 -11.750493 -10.951759 -8.044246 -4.074747 -6.841381 -12.204325 -6.768819 -8.729556 -8.735796 -3.540641 -1.874108 -6.024495 
-3.593396 -13.947070 -4.772109 -10.618043 -11.939772 -4.507193 -4.447255 -7.031052 -2.323154 -2.443434 -4.696920 -10.449312 -5.800480 -10.511213 -3.990626 -9.949962 -6.841381 -4.351897 -9.717081 -5.692726 -4.640795 -6.669310 -3.865225 -12.017273 -14.835935 -11.894819 -9.898510 -14.240798 -8.984957 -12.090691 -8.729556 -4.288055 -4.445805 -11.072987 -10.183869 -4.153656 -12.182673 -10.972486 -8.568497 -4.117431 -7.083580 -5.902300 -9.221560 -6.359862 -4.703498 -8.496512 
-13.399917 -14.079815 -3.795938 -14.220978 -11.334134 -7.343179 -3.959777 -7.239164 -3.040899 -4.080747 -4.369227 -11.006892 -3.906867 -2.402503 -6.170449 -5.575949 -6.841381 -4.351897 -9.717081 -5.143120 -4.640795 -6.669310 -3.392355 -11.124000 -5.362610 -11.530684 -9.875794 -3.520906 -7.575021 -11.937860 -8.729556 -2.995986 -1.925605 -8.151803 -12.279181 -10.015818 -11.704696 -10.323155 -8.568497 -15.099661 -5.524973 -10.483104 -14.715016 -11.537106 -4.983654 -10.635680 -21.116920 -4.832649 -4.948687 -14.484532 -3.685957 -11.813377 
-4.621018 -3.887042 -22.229704 -13.608182 -11.334134 -1.510445 -4.057853 -8.414496 -2.426961 -12.442484 -5.270838 -10.923161 -9.586858 -2.306790 -3.861788 -5.880318 -6.841381 -4.193626 -10.067361 -5.774784 -4.640795 -6.376361 -3.392355 -12.730196 -4.948687 -11.114492 -10.792464 -14.935139 -6.652246 -9.527076 -8.729556 -3.104258 -15.804850 -10.504028 -2.747898 -13.493949 -9.034561 -10.323155 -8.639741 -4.822309 -5.774345 -9.096549 -5.770974 -5.017333 -12.220669 -10.456442 -10.705298 -11.515764 -9.296108 -6.947075 -12.250131 -13.141784 -5.654966 -1.759347 -9.642639 -8.230789 -6.579964 -13.314839 -2.632314 -7.045239 
-4.927938 -2.125334 -5.732999 -9.094406 -9.247560 -2.877312 -5.539093 -11.470224 -4.418692 -4.405445 -5.206969 -10.934969 -9.785074 -6.846403 -4.583253 -9.126329 -7.140411 -4.193626 -10.807133 -10.654530 -4.597537 -6.376361 -4.166928 -12.730196 -5.577434 -10.654176 -3.448833 -11.080791 -2.981404 -5.129700 -8.204451 -3.733567 -4.735074 -8.254659 -13.458544 -8.264031 -2.573475 -15.462471 -6.747251 -11.750630 -4.745710 -5.528082 -3.923016 -3.559722 -10.941590 -12.637191 -11.642435 -9.621352 -9.296108 -10.279192 -12.083157 -12.728286 -6.910875 
-10.771334 -9.287492 -13.000825 -11.235540 -13.449518 -2.877312 -3.068097 -11.470224 -12.261071 -4.274270 -8.014075 -9.973852 -9.126311 -9.434452 -1.800945 -4.703172 -7.140411 -7.527329 -10.807133 -8.701551 -4.597537 -7.323843 -4.166928 -12.730196 -4.395510 -10.191624 -5.418398 -7.967110 -3.430919 -6.728679 -8.204451 -11.911356 -8.666836 -9.407910 -11.959543 -8.789692 -9.352755 -11.995829 -8.115082 -3.286099 -6.294992 -5.458798 -3.923016 -4.586516 -10.524860 -11.347548 -5.447278 -2.469056 
-10.167116 -9.321069 -10.663795 -7.294587 -7.733927 -2.595275 -5.939385 -9.324293 -9.378131 -4.274270 -10.631378 -9.868040 -9.650036 -7.585089 -1.620614 -6.846690 -7.140411 -8.477591 -8.692786 -9.686247 -4.597537 -7.323843 -11.883125 -11.912493 -4.299889 -10.191624 -9.275000 -3.811009 -5.884151 -6.275472 -8.204451 -11.345829 -8.245703 -6.081718 -4.605822 -10.115110 -3.148419 -3.941497 -6.002964 -9.434832 -3.527636 -14.907869 
-6.441989 -11.086289 -9.825848 -8.173161 -14.070485 -2.677462 -5.664360 -11.872457 -9.297784 -4.157997 -4.022853 -3.141402 -4.888304 -6.313744 -14.889203 -12.877961 -6.915773 -8.995813 -9.463899 -8.328317 -4.597537 -7.323843 -14.408083 -11.912493 -4.503828 -11.168575 -8.821986 -3.811009 -4.859395 -10.786099 -8.446084 -13.071317 -8.454634 -5.393307 -3.555769 -6.703833 -1.909398 -11.700872 -4.779073 -7.745701 -5.584746 -12.835261 -5.320669 -3.615746 -21.678960 -4.757099 -3.892022 
-12.464112 -4.967987 -6.474632 -6.710801 -12.433386 -2.404632 -5.071995 -9.197798 -12.017853 -4.157997 -4.467224 -3.685112 -9.817878 -4.892435 -11.370707 -3.425751 -7.872592 -20.141753 -9.146434 -7.547978 -4.597537 -5.846181 -6.323625 -2.013500 -2.713985 -9.136615 -9.118480 -3.811009 -6.590076 -11.376092 -8.446084 -2.883024 -6.678632 -10.999032 -3.296279 -5.793467 -3.057894 -12.034436 -3.863322 -3.856788 -6.383855 -13.305257 
-12.034436 -17.713791 -4.202717 -6.661724 -11.641092 -2.196207 -11.841790 -10.878447 -3.116000 -4.157997 -9.663919 -11.853759 -9.344209 -3.856864 -9.305872 -6.644382 -0.764116 -14.310302 -9.022709 -8.605945 -4.568443 -6.577684 -6.792091 -10.372512 -2.282879 -9.246635 -9.356842 -4.494216 -4.145116 -3.428659 -8.557865 -5.263559 -19.165124 -5.268598 -15.752710 -14.977802 -13.232956 -13.973221 -11.054426 
-8.961559 -12.863651 -4.511532 -9.609043 -8.837915 -2.196207 -20.350747 -10.659786 -11.418363 -4.157997 -4.199355 -4.497788 -6.150557 -4.087633 -4.048048 -12.511268 -19.453311 -14.265251 -9.368214 -10.739812 -4.568443 -5.714657 -6.891665 -4.082686 -1.866479 -8.892864 -9.418769 -9.919484 -7.864477 -5.368860 -7.137980 -12.018346 -9.215469 -5.660570 -9.670945 -8.581208 
-14.662135 -12.183312 -10.757247 -9.315837 -5.782717 -2.535252 -5.554818 -4.293971 -10.074129 -4.157997 -8.671887 -4.438731 -4.410641 -4.087633 -12.981870 -5.048562 -10.927410 -9.215469 -9.368214 -10.657101 -4.568443 -5.812722 -6.891665 -12.178707 -1.508616 -8.892864 -7.439828 -5.603524 -7.483980 -8.732079 -6.880198 -12.453420 -15.169165 -5.962039 -10.144456 -3.304213 -4.957674 -22.817608 
-7.344723 -12.573160 -13.640839 -9.315837 -9.809848 -2.327366 -11.676538 -8.459115 -10.534857 -4.181871 -8.696131 -6.184207 -4.410641 -4.087633 -13.755410 -5.976766 -8.156381 -9.215469 -10.273919 -10.126497 -4.568443 -5.812722 -6.891665 -12.024808 -1.508616 -8.892864 -7.124210 -8.252417 -9.142605 -14.899742 -2.926636 -6.697276 -3.620953 -5.497500 -9.863293 -6.715617 -4.869314 -4.106069 -3.848833 -11.006783 -9.165051 -5.173567 -11.063146 -5.488156 -8.526414 -5.668225 -13.114235 -7.840013 -10.620924 -7.603963 
-11.336484 -13.809744 -5.180804 -9.315837 -9.085369 -2.327366 -9.139639 -4.626598 -8.603304 -4.181871 -10.128594 -9.924999 -4.669151 -4.158012 -9.889023 -6.558075 -11.032456 -8.138082 -6.237537 -11.691796 -4.568443 -6.510628 -6.266245 -11.527168 -1.508616 -8.892864 -10.315910 -4.367484 -10.119090 -14.881062 -6.779361 -12.948385 -7.188068 -8.339991 
-10.993760 -7.618776 -12.610609 -9.315837 -9.500634 -2.304592 -9.139639 -4.655718 -6.833618 -4.181871 -3.432881 -9.473309 -2.905555 -4.158012 -9.374061 -6.558075 -4.651085 -8.477765 -12.804348 -11.579314 -4.568443 -6.386902 -6.266245 -8.866612 -3.325335 -8.725509 -8.412208 -10.137911 -18.615383 -8.688154 -9.126934 -13.133243 -11.495850 -6.367218 -13.106054 -8.593854 -3.925429 -9.847055 -3.928955 -3.454875 -9.632442 -3.967191 
-5.733404 -6.327521 -4.179832 -9.315837 -8.328075 -3.006759 -11.032505 -5.433728 -6.955923 -4.181871 -5.498535 -9.386175 -4.955840 -4.158012 -11.991920 -11.168893 -3.960019 -8.477765 -9.743094 -5.739236 -4.568443 -5.609621 -9.027174 -5.590699 -7.420516 -8.264034 -7.678180 -9.983041 -8.360647 -3.579192 -10.643476 -2.726308 -2.736997 -6.435367 -5.366603 -7.465062 -20.835546 -10.563655 -6.467481 -1.862747 -13.327540 -4.069928 -9.245737 -12.455271 
-6.765149 -13.104523 -8.911629 -8.219586 -8.312817 -3.006759 -12.221552 -8.076561 -2.378858 -4.181871 -2.960253 -9.386175 -4.190406 -4.200013 -9.245737 -11.078809 -5.574749 -8.477765 -3.499148 -12.768532 -4.568443 -6.335807 -10.802946 -10.091196 -6.533021 -8.264034 -14.132642 -8.494543 -2.602621 -3.787330 -3.246540 -13.201310 -3.733477 -4.307535 -4.005680 -5.254147 -20.364334 -3.471637 -10.429678 -12.135637 -4.684097 -3.787377 -9.242201 -9.913297 -7.954691 -10.462493 -4.145944 -14.592205 -1.554749 -8.065228 -4.180944 -2.893084 
-7.426015 -4.945297 -9.070673 -8.080619 -8.450261 -2.309793 -10.057471 -6.139611 -2.415900 -4.181871 -9.442754 -9.068217 -6.544541 -7.372544 -9.049768 -10.537740 -13.716830 -8.066564 -4.242028 -7.675299 -4.725952 -5.159355 -9.267192 -12.953307 -4.814028 -8.355020 -8.554989 -15.784679 -5.527566 -5.746048 -13.904999 -12.155107 -9.959279 -7.700317 -6.108943 -6.620897 -20.680668 -4.321315 -8.885913 -14.552991 -11.909180 -2.976016 -7.609917 -13.856849 -3.871003 -14.856956 -4.970856 
-6.956029 -4.008909 -6.459966 -14.048833 -10.945619 -2.309793 -12.032753 -11.621168 -2.415900 -4.181871 -11.907307 -9.108236 -7.016203 -8.623962 -9.002009 -10.738554 -7.780906 -8.391480 -5.634635 -3.594660 -4.725952 -9.667494 -6.179056 -11.660796 -9.163859 -8.355020 -9.171896 -4.363435 -13.872124 -4.681820 -20.006691 -10.725687 -10.140789 -8.577372 -6.108943 -7.770181 -18.898053 -4.229232 -10.717370 -3.565458 -4.181122 -3.389891 -7.527047 -9.691908 -8.791840 -7.045156 -5.774176 -9.386870 -5.483048 -2.847695 -12.270956 
-6.956029 -14.775382 -11.470709 -12.400134 -11.733838 -2.529977 -3.646326 -12.151935 -2.415900 -4.181871 -10.871463 -9.108236 -4.956469 -8.872131 -8.340548 -11.894200 -4.277860 -8.105458 -14.034910 -6.578301 -4.725952 -6.900143 -8.842355 -11.075837 -13.498248 -10.135003 -6.118404 -13.125533 -3.508303 -9.790882 -5.608743 -13.992105 -6.966042 -3.103290 -5.857734 -3.083300 -15.434667 -4.673919 -8.849124 -9.031534 -4.602568 -4.134592 -8.041875 -9.792597 -7.841534 -14.979022 -5.969079 -1.852188 -11.060169 -11.128467 -11.206161 -12.884566 -13.232904 
-6.303542 -10.258274 -11.281637 -11.457471 -6.281699 -5.982390 -8.719264 -11.993000 -2.415900 -4.143875 -8.663891 -11.482425 -4.956469 -8.872131 -10.715980 -12.185517 -6.616273 -8.136274 -5.969079 -10.178237 -4.725952 -6.900143 -17.557495 -4.633023 -6.011539 -8.518698 -6.275597 -11.649639 -9.297226 -10.157526 -10.554270 -5.003048 -9.257400 -10.767317 -9.091289 -1.112380 -7.765672 -4.176348 -4.565910 -6.611362 -5.236091 -4.134592 -13.998926 -10.466458 
-6.346954 -4.959403 -9.621541 -12.640128 -3.221846 -5.875756 -9.317233 -11.712804 -2.415900 -4.143875 -1.156946 -12.641081 -7.816366 -4.346755 -9.986716 -4.757794 -11.618964 -8.136274 -5.969079 -5.029807 -4.725952 -7.435951 -13.021116 -6.509090 -1.886480 -10.277287 -5.043999 -11.649639 -6.848255 -15.508980 -12.191364 -11.603066 -4.172580 -9.550499 -7.172797 -5.826517 -8.626322 -4.176348 -6.791629 -12.389382 -5.986777 -6.957931 -8.962475 -21.095884 -6.467712 -9.362737 -11.178963 -3.361953 -11.175971 
-7.552828 -4.638867 -9.696677 -14.690335 -15.493680 -7.714786 -6.039456 -11.712804 -2.205986 -4.143875 -8.631296 -11.173821 -2.127267 -10.982527 -9.999177 -22.183725 -12.360409 -8.262980 -5.507076 -7.102545 -4.725952 -8.387523 -7.726527 -7.611084 -3.488276 -10.538316 -4.501433 -11.109616 -4.035864 -7.688691 -8.158352 -10.034568 -4.942615 -11.263532 -6.459244 -8.069647 -3.824080 -5.203878 -13.076284 -3.033887 -3.976080 -13.118071 -6.495506 -5.222714 -5.817197 -8.501719 -1.713353 -13.073154 -4.352162 -8.425367 -10.035159 -7.131997 -5.326631 -6.753532 -13.112692 -3.809571 -8.930101 -14.188399 
-8.668601 -21.061511 -12.872323 -9.681321 -3.238293 -10.826010 -10.965722 -6.674979 -1.168638 -4.143875 -6.812599 -3.385476 -5.460941 -11.982357 -9.999177 -4.396798 -12.360409 -9.033331 -5.507076 -5.982017 -4.725952 -4.715049 -9.382849 -6.867022 -6.548808 -10.538316 -9.107413 -11.709932 -13.359066 -8.120844 -3.526861 -13.644639 -9.786476 -10.471261 -12.125123 -5.767840 -3.423441 -5.203878 -3.122043 -3.077042 -6.035668 -7.105545 -5.774639 
-8.725715 -8.846011 -3.077042 -5.221651 -2.026784 -6.197941 -6.875748 -3.373753 -3.425661 -4.143875 -6.055366 -7.898120 -8.774504 -11.941217 -9.637837 -3.763282 -3.835186 -8.766805 -6.036142 -5.203878 -4.725952 -9.539869 -4.161805 -7.350524 -5.474634 -10.717049 -9.119049 -11.709932 -13.419238 -5.267879 -6.916805 -6.162691 -10.551565 -11.103014 -4.889984 -11.196211 -20.805585 -7.073800 -7.858060 -13.268337 -4.800513 
-10.039344 -9.707086 -2.089133 -10.163789 -2.533530 -7.986765 -5.594357 -12.973221 -6.354838 -4.143875 -9.625216 -13.955500 -4.216526 -11.387822 -6.462420 -6.706977 -4.756383 -8.766805 -11.928517 -9.981493 -11.367174 -6.947891 -9.995843 -7.075695 -4.764091 -8.707385 -9.119049 -8.071667 -11.525709 -11.442472 -12.136644 -5.132479 -11.668190 -5.365942 -6.063280 -13.036954 -9.049930 -8.742813 -12.170409 -1.452223 -6.000202 -10.023068 -14.439807 -12.264887 -4.765481 -8.933158 -3.285811 -2.898555 -20.053418 -4.997586 -4.651820 -7.204412 -3.438689 -11.352282 -13.959003 -15.217457 -5.843226 -8.726530 -12.308285 -9.247663 -5.701075 -14.836521 
-12.637310 -8.760147 -2.677285 -11.350699 -4.821465 -4.591533 -2.387614 -12.973221 -5.128828 -3.996280 -5.009243 -12.960248 -4.216526 -7.626585 -14.197324 -12.455868 -4.756383 -8.766805 -10.928433 -10.769112 -2.804067 -10.329998 -1.093839 -6.321871 -3.974688 -8.707385 -7.171683 -9.239738 -11.641501 -5.967043 -9.446024 -4.934579 -1.326004 -6.257427 -5.575837 -10.636451 -8.597814 -8.007993 -10.999502 -5.486279 -3.269489 -11.324084 -5.869748 -12.264887 -4.765481 -4.551823 -3.285811 -10.182834 -6.547857 -2.607806 -3.374641 -5.797401 -6.954868 -9.272782 -11.462500 -8.631504 -5.793562 -7.197030 -3.875451 -20.113423 -8.552512 
-5.391464 -9.176881 -2.677285 -2.848804 -10.159676 -7.838589 -2.116015 -10.953587 -5.128828 -3.996280 -12.363994 -11.265789 -4.216526 -7.313678 -9.309636 -11.536387 -11.452976 -6.560873 -17.680293 -10.227504 -10.781474 -3.441278 -5.631543 -10.891853 -4.275992 -9.892781 -6.732420 -9.239738 -6.660728 -14.320578 -11.863191 -9.734364 -2.823295 -8.327211 -7.375102 -9.198042 -14.575960 -8.672817 -9.286604 -11.462500 -4.809215 -8.582218 -7.490170 -11.899077 -4.765481 -4.551823 -2.940035 -11.871828 -5.794529 -11.020764 -5.545831 -7.980507 -11.045438 -2.940264 -7.597636 -12.482238 
-8.432175 -9.892705 -2.014013 -8.650473 -12.287886 -5.077367 -6.109101 -12.819148 -5.128828 -3.996280 -9.526638 -9.280818 -4.216526 -7.313678 -8.441081 -2.468189 -11.916966 -3.892226 -17.251194 -11.893800 -11.873078 -4.962527 -8.851416 -10.886736 -8.386225 -9.892781 -6.732420 -10.964638 -10.844243 -5.158353 -5.980795 -9.620874 -5.211776 -9.704925 -13.283566 -6.024909 -22.356332 -8.672817 -17.062995 -2.199526 -6.788510 -9.032996 -5.556976 -12.409672 -4.765481 -4.551823 -3.943981 -6.859043 -5.800242 -6.427617 -2.136153 -5.211173 -13.443355 -8.687208 -7.081968 -4.906641 
-14.708943 -11.557626 -2.600685 -8.778014 -12.048549 -4.307044 -2.565260 -6.859043 -5.128828 -3.996280 -8.951857 -12.207616 -4.216526 -7.313678 -5.973185 -6.563347 -5.400585 -7.892733 -14.463341 -5.129136 -5.029535 -14.043950 -5.379027 -11.332906 -11.889799 -9.526834 -5.023971 -5.358261 -3.851920 -5.376361 -4.765861 -22.944069 -5.825939 -10.157369 -5.732977 -4.302930 -4.878656 -8.672817 -17.062995 -17.810358 -5.625209 -14.962328 -6.922081 -2.863951 -4.369995 -12.278394 -4.265617 -7.909416 -11.284770 -5.244001 -9.865701 -4.613659 -10.708482 -4.760740 -10.533826 -3.902472 -7.969177 
-4.531100 -11.867700 -3.758530 -8.778014 -10.699212 -6.866970 -3.483954 -6.859043 -5.128828 -3.868514 -5.931592 -9.948185 -4.216526 -7.313678 -7.738146 -10.433427 -5.687338 -7.534747 -15.545902 -1.963794 -5.158592 -2.669560 -1.253637 -10.048650 -12.588350 -9.515253 -4.506457 -10.829732 -8.901583 -6.174922 -11.067814 -10.457121 -6.341810 -9.396479 -5.732977 -3.507996 -8.748529 -3.937332 -16.203304 -4.757873 -4.417562 -5.100016 -6.922081 -7.539600 -4.369995 -2.770044 -4.224492 -9.265041 -5.439781 -6.637435 -1.213505 -11.201392 -5.839330 -3.093313 -9.578180 -4.000532 -6.749432 
-6.615352 -11.466893 -1.915026 -9.621084 -11.967589 -6.866970 -5.094885 -7.647748 -5.128828 -3.868514 -4.657673 -5.463549 -5.440933 -7.502244 -6.034278 -13.209513 -4.736231 -3.896824 -4.280045 -3.647086 -7.844231 -8.691764 -7.621729 -3.629234 -10.182768 -9.251986 -2.185028 -21.071469 -3.903954 -6.174922 -5.569531 -5.462910 -12.332670 -9.270963 -13.631778 -9.132091 -14.776773 -11.952032 -8.218183 -6.032517 -4.043987 -5.632585 -7.265010 -3.934404 -4.369995 -10.488342 -4.215678 -7.006549 -11.701457 -8.370987 -11.866195 -11.366481 -9.181842 -20.352334 -6.439137 -2.986779 -7.345040 -5.724819 -11.561487 -6.892772 -8.795524 
-13.150307 -11.315299 -3.197103 -14.147719 -4.602434 -7.141219 -9.323145 -7.504380 -5.234337 -3.868514 -11.467828 -7.339029 -5.134962 -9.462933 -11.356303 -13.209513 -5.942861 -11.741109 -3.932541 -2.325593 -7.660949 -5.268717 -8.466900 -10.145429 -10.354816 -8.443599 -2.185028 -4.497078 -3.468244 -5.570678 -4.834233 -15.008094 -14.907885 -6.901816 -3.026894 -8.627930 -10.371543 -8.711555 -5.793825 -12.205299 -4.723872 -4.769985 -7.265010 -12.633300 -4.369995 -3.967582 -4.046145 -9.403918 -7.154545 -15.662968 -5.482630 -4.818064 -6.268266 -13.187010 -7.856648 -9.869221 -11.437886 -7.459844 -11.571722 -7.869005 -10.108078 -5.990601 -14.852360 -5.380104 -3.388999 -5.021839 -3.887451 -11.375726 -11.010915 -5.326789 -13.891863 -5.355143 -7.977371 -8.818655 -8.446452 -9.666489 -9.655948 -9.643786 -9.072617 
-4.272786 -4.733886 -7.833171 -18.539610 -4.014498 -7.141219 -9.323145 -7.504380 -5.711455 -3.868514 -12.211285 -5.356117 -15.552471 -12.112392 -3.487582 -7.856648 -11.884101 -9.582270 -6.213279 -3.783547 -14.218756 -1.879518 -9.395241 -10.136736 -10.310108 -8.443599 -2.968991 -4.497078 -7.073654 -5.056820 -1.993782 -4.769985 -9.643786 -5.655060 -4.344910 -7.081050 -9.642925 -13.490901 -9.373920 -4.369995 -10.491001 -22.023699 -2.757138 -5.577610 
-5.871069 -6.169047 -8.493356 -2.917062 -9.700479 -7.141219 -9.323145 -6.557157 -10.885944 -3.868514 -12.733233 -5.376985 -7.170385 -5.491009 -3.487582 -8.074097 -2.013275 -7.618156 -12.048439 -10.095609 -7.193130 -5.732195 -8.046599 -8.557715 -10.523838 -7.232359 -3.365228 -4.979097 -5.553532 -3.751078 -7.471625 -4.183004 -9.352650 -13.556307 -7.923341 -7.357775 -9.357222 -10.542739 -10.987780 -4.369995 -3.861570 -7.011264 
-6.719459 -6.482414 -10.111519 -4.480358 -11.174993 -7.141219 -8.614356 -6.496719 -13.877378 -3.868514 -11.810179 -5.410234 -12.866320 -4.369995 -10.124123 -7.885805 -1.334663 -1.947034 -5.836125 -9.220143 -9.874626 -4.710490 -8.039298 -6.614574 -10.651733 -7.218089 -3.365228 -4.765922 -5.663485 -4.829505 -5.630707 -5.298790 -7.500710 -9.346189 -7.801533 -10.198869 -6.402517 -4.184625 -14.707188 -12.913125 -4.774491 
-4.884163 -6.482414 -8.829008 -11.175005 -12.644854 -10.368206 -8.772433 -7.594351 -13.877378 -3.868514 -4.501329 -6.746317 -6.868175 -4.369995 -6.442834 -7.885805 -1.334663 -2.421771 -5.083108 -9.764472 -8.106163 -7.021004 -8.649860 -12.320620 -12.704876 -7.360582 -3.420047 -4.229850 -6.696627 -19.658976 -11.266268 -7.773941 -9.463626 -10.028334 -7.514240 -11.677193 -6.318290 -11.953807 -4.171598 -6.104579 -14.472436 -3.980796 
-3.451900 -6.044551 -6.313148 -4.365953 -10.392586 -13.231511 -9.310469 -7.594351 -14.928289 -3.868514 -6.136345 -8.199340 -6.962604 -4.369995 -6.331818 -8.355458 -1.019811 -5.400391 -9.161795 -7.164509 -11.212742 -6.466110 -8.649860 -12.320620 -8.493625 -7.518979 -3.426204 -4.379382 -4.933858 -9.974466 -10.273020 -3.357463 -8.630461 -2.939193 -11.379009 -9.696247 -11.973642 -6.175657 -15.324981 -6.895090 
-8.786045 -5.665864 -7.348986 -11.460130 -4.448787 -9.402663 -8.471993 -11.376464 -14.621516 -3.868514 -11.949617 -7.583548 -10.330572 -4.369995 -6.331818 -9.517067 -1.019811 -5.355267 -12.894231 -7.200183 -13.046849 -10.314324 -9.555308 -10.725070 -7.888482 -9.205944 -3.426204 -3.831414 -7.328076 -9.484025 -8.631382 -12.347155 -13.055758 -2.939193 -7.167823 -3.710338 -7.418555 -13.579433 -13.828065 -12.806252 -13.581364 -12.520416 -12.292156 -5.637430 -6.700685 -17.542277 
-5.054909 -4.903208 -11.131330 -4.678748 -4.448787 -9.650012 -5.324477 -11.813494 -8.224225 -3.868514 -11.179268 -8.315319 -13.929186 -4.369995 -7.233515 -9.166961 -1.026234 -5.938782 -9.856822 -6.156985 -5.842677 -3.743859 -9.962054 -3.305788 -11.578325 -9.028352 -2.143707 -4.752800 -19.073526 -12.809213 -8.631382 -9.477152 -7.999011 -14.830383 -4.373141 -6.520343 -4.534851 -4.195640 -13.753628 -10.669133 -17.699687 -5.354109 -8.797162 -7.959878 -4.401222 -9.349763 -15.090916 -14.489074 -13.289010 -14.858105 -7.739914 -2.102604 
-2.931566 -4.903208 -15.324605 -12.138679 -4.049448 -10.669133 -10.870964 -10.935180 -5.506153 -3.868514 -10.937787 -6.262496 -12.077775 -4.369995 -7.233515 -10.168980 -10.783597 -9.416414 -9.349763 -10.944983 -9.659988 -17.132546 -8.800752 -3.306030 -7.496719 -9.458303 -2.535839 -3.572311 -9.831755 -3.254480 -8.779494 -5.125534 -11.024909 -15.185139 -5.250491 -8.162256 -4.996757 -3.621536 -7.817195 -9.926534 -11.564098 -4.200701 -1.968250 -10.225640 -4.084091 -11.095422 -9.816758 -13.986825 -8.120614 -9.854673 -14.268192 
-9.953831 -4.903208 -11.114642 -7.916823 -4.033466 -20.612679 -11.958322 -10.518723 -7.325774 -3.868514 -9.415522 -6.807891 -8.203403 -4.369995 -3.504179 -3.458703 -3.313287 -2.855310 -9.727593 -1.318881 -6.129686 -10.000497 -10.898756 -11.742544 -8.579319 -9.501923 -5.731293 -3.572311 -12.420711 
-9.239581 -4.641857 -11.889843 -11.511928 -4.033466 -11.393561 -18.339930 -9.599172 -7.325774 -3.868514 -7.841396 -9.549849 -7.600877 -4.369995 -4.108215 -7.643623 -3.243365 -2.113007 -9.727593 -1.318881 -11.967277 -9.980592 -7.212363 -4.304905 -8.181391 -9.501923 -5.731293 -3.698222 -12.732171 -6.700586 -11.843073 -1.368817 -12.219040 -11.027504 -9.510260 -10.557463 -10.622549 -15.258824 -4.038610 -8.850630 -10.961505 -12.612819 -4.401150 -9.134644 -2.612756 -22.190495 -10.284156 
-9.231169 -4.245895 -10.764649 -7.912772 -3.963278 -3.906651 -15.004077 -9.227057 -7.325774 -3.868514 -8.693386 -8.681073 -10.844217 -4.369995 -9.212933 -8.717133 -3.243365 -3.086236 -12.250180 -1.681467 -6.748365 -13.516044 -6.133557 -3.922158 -8.068310 -9.844745 -12.637512 -12.310503 -11.519682 -14.736731 -11.665579 -6.671736 -10.688939 -9.470420 -9.847259 -1.262141 -7.974398 -4.415236 -13.122216 -7.654582 
-11.451094 -4.828867 -11.099094 -4.297954 -3.963278 -4.279719 -17.264680 -4.261913 -6.370565 -3.868514 -9.371136 -9.529629 -8.326437 -4.369995 -9.955093 -15.435620 -4.987490 -3.037793 -13.081746 -1.151798 -14.171332 -8.432043 -10.463575 -4.511807 -8.672816 -8.859650 -11.147649 -11.908766 -11.079313 -7.048245 -13.386846 -11.235701 -10.873125 -8.294711 -9.633045 -6.784041 -13.491733 -5.379333 -2.186240 
-5.659684 -4.828867 -6.692544 -9.294751 -3.856721 -5.614600 -14.028422 -11.888130 -6.559395 -3.929345 -11.089273 -9.529629 -7.464167 -4.369995 -12.490428 -2.726228 -4.789560 -3.037793 -10.848734 -5.863120 -13.167604 -6.321448 -10.463575 -10.844010 -8.879294 -9.372797 -2.539388 -4.948402 -10.665785 -8.409455 -5.020254 -19.686782 -10.873125 -7.609858 -9.727878 -5.886040 -8.237111 -11.051973 -14.364807 -12.249195 -8.986745 -3.895288 -7.219428 -5.558074 -13.747153 -8.390731 
-6.258687 -5.202199 -9.637133 -6.941199 -3.936290 -6.933977 -3.345767 -9.002454 -7.348657 -3.929345 -13.937747 -5.790314 -7.167476 -4.369995 -12.724502 -5.233677 -2.755557 -2.627061 -10.897799 -7.512286 -11.285964 -3.411003 -4.974437 -8.196569 -8.426149 -9.372797 -2.512441 -4.623129 -11.572517 -7.986010 -6.422318 -9.788850 -11.585037 -6.533648 -5.291215 -7.016994 -8.403508 -20.294192 -10.604808 -10.838587 -4.696711 -5.743088 -4.313339 -5.386058 -5.855498 -13.786440 -3.202628 -4.334946 -6.695451 -11.639635 
-6.314933 -5.202199 -12.708474 -14.462187 -3.936290 -6.933977 -3.996978 -5.896634 -12.357373 -3.929345 -7.414949 -4.661723 -6.842825 -4.369995 -3.448072 -8.220879 -6.478706 -2.627061 -8.963289 -8.742717 -11.733174 -4.522433 -14.057867 -5.933504 -8.426149 -10.128220 -1.886021 -1.542620 -12.410390 -6.699585 -13.746613 -11.531450 -11.053166 -7.237344 -6.692903 -9.105376 -8.112518 -12.782861 -9.727816 -12.171125 -6.283784 -7.173212 -1.983042 -10.613437 -8.903396 -16.961838 -10.475672 -11.586991 -14.498528 -4.768292 
-7.761153 -5.202199 -5.400496 -9.819242 -3.936290 -6.933977 -10.815089 -17.188387 -5.548104 -3.929345 -8.536974 -6.495128 -7.629489 -4.369995 -3.590562 -1.414582 -9.299937 -2.627061 -9.686944 -4.639691 -12.166499 -3.253064 -8.080696 -12.755934 -7.818084 -9.274957 -2.169922 -11.600047 -5.038843 -4.323015 -13.285325 -10.271289 -11.322104 -6.938128 -9.938744 -10.305782 -8.112518 -9.548170 -8.291354 -12.522669 -9.349161 -9.044988 -9.329828 -4.770135 -9.073382 -8.488907 -5.951261 -12.582070 -8.066776 -12.636209 -9.038800 -7.210917 -9.013744 -3.978128 -1.071459 -12.856566 -8.097474 -11.085391 -9.499197 -8.312618 
-5.446846 -5.202199 -6.844193 -4.803408 -3.936290 -6.621719 -10.815089 -17.098954 -5.878926 -3.929345 -7.730120 -7.110747 -9.935834 -4.369995 -5.309319 -4.731632 -9.117134 -2.627061 -10.560468 -8.970375 -5.925966 -5.005680 -4.991982 -14.620717 -10.337632 -9.274957 -2.676894 -9.056610 -13.080654 -4.730185 -13.413593 -8.008862 -11.322104 -5.767474 -12.017224 -13.676333 -8.779707 -9.330815 -4.200072 -11.577367 -8.050664 -4.271506 -6.050875 -5.659871 -8.954104 -11.330470 -4.812626 -2.959025 -9.109385 -7.637966 -3.677425 -10.943556 -10.888717 -14.912615 -9.975881 -8.448936 -3.704884 -12.677801 -8.134166 -12.247053 -5.723025 -7.127327 -10.594174 -14.387730 -11.046015 -7.507873 -7.513645 -8.136150 
-4.891756 -5.202199 -7.007935 -8.831460 -3.936290 -10.533547 -3.692008 -17.098954 -7.947008 -3.929345 -7.730120 -7.117815 -11.573517 -4.369995 -7.310686 -6.957983 -3.480063 -2.934760 -10.560468 -8.970375 -7.572483 -12.004650 -12.513166 -10.415326 -3.165767 -9.148210 -2.676894 -10.793766 -7.722868 -5.910594 -4.017019 -4.633667 -11.051162 -5.205851 -12.300866 -12.180408 -7.842613 -5.685800 -9.750217 -14.257154 -8.504673 -4.115269 -12.607493 -11.007795 -8.954104 -8.530205 -7.066748 -10.213829 -5.314033 -7.064093 -4.894512 -5.368729 -9.858599 -7.495153 -4.946265 -6.538067 -6.699429 -6.427841 -9.894570 -3.780089 -5.274160 -12.001219 -7.943164 -8.497444 -8.004023 -14.266456 -14.058402 -5.972395 -5.997560 -7.605591 -4.617289 -13.734070 -12.920110 -10.253974 -6.987205 -5.745497 -7.210168 
-5.236178 -5.202199 -9.202694 -15.641272 -3.936290 -18.703641 -6.737025 -17.098954 -9.204004 -3.929345 -5.571438 -6.510938 -9.117831 -4.369995 -10.383097 -11.522433 -3.367763 -2.807688 -10.560468 -6.381125 -3.265028 -11.810896 -7.110675 -3.145023 -13.849435 -11.596541 -9.643595 -4.381703 -6.774210 -5.769245 -7.184951 -4.723316 -10.810024 -6.617123 -12.457640 -4.997320 -7.842613 -4.105070 -7.053811 -7.946654 -4.218588 -5.272780 -16.369602 -5.178612 -8.954104 -13.428157 -3.399193 -1.069154 -7.175527 -6.362656 -12.065465 -1.690704 -13.638159 -11.787797 -9.145936 -8.922240 -12.224221 -17.693021 -12.112393 -15.368187 -8.855138 -3.610225 -4.127057 -10.984641 -2.767521 
-4.852131 -5.338691 -9.893729 -2.820286 -4.052404 -7.914954 -6.303936 -9.658725 -8.992367 -3.929345 -1.876489 -7.827369 -12.727286 -4.369995 -7.751287 -5.468601 -3.367763 -4.967442 -10.604628 -7.498263 -8.298545 -8.731939 -10.628677 -2.367777 -8.045966 -7.477279 -13.615944 -16.645066 -6.774210 -4.971295 -4.764917 -4.246512 -11.607822 -3.282222 -11.842883 -9.807092 -8.104352 -3.998736 -12.530354 -12.590121 -3.585825 -3.586512 -6.696123 -4.745361 -11.212020 -22.471918 -2.769350 -6.837391 -5.291551 -14.040678 -4.592091 -8.013883 
-8.572926 -5.338691 -2.319348 -3.905355 -4.052404 -7.914954 -8.447518 -11.900379 -10.108856 -3.929345 -7.800722 -7.723061 -14.105589 -4.369995 -4.021346 -4.811206 -3.367763 -5.134905 -9.681456 -6.431184 -13.015763 -8.105581 -11.811683 -6.225648 -9.713322 -7.026121 -12.311333 -5.512407 -14.391420 -4.114609 -5.194273 -3.866822 -8.665711 -2.754831 -5.740945 -9.807092 -3.384510 -8.845983 -12.530354 -4.641878 -4.204125 -3.983617 -8.013883 -13.174929 -6.125002 -21.455696 -10.329498 -10.471821 -1.236815 -6.631070 -10.318479 -12.830076 -1.725511 -6.700615 -7.018316 -3.085612 -12.626049 -4.399722 -4.293450 -5.773774 -10.011924 -14.190015 -4.083452 -5.303045 -9.244659 -6.333054 -12.387990 -9.262032 -7.917939 -12.932177 -13.566832 -8.498327 -11.627525 -11.785386 -11.649304 
-8.704267 -5.534932 -7.374385 -4.131244 -4.052404 -7.914954 -5.691460 -11.334658 -2.969803 -3.929345 -7.800722 -7.964688 -11.371513 -4.369995 -12.194416 -9.344864 -4.152242 -12.684443 -10.307876 -7.792356 -7.618005 -9.234027 -9.210302 -4.453147 -8.776443 -9.708063 -12.073386 -6.700615 -6.771479 -10.630515 -3.530767 -2.380340 -13.589679 -2.507218 -10.616366 -3.719033 -3.069585 -8.845983 -14.892708 -6.397348 -3.254147 -3.889129 -4.885135 -3.614589 -2.467389 -14.718522 -13.320951 -4.056692 -6.249989 -3.019971 -8.225799 -15.058592 -4.018669 -11.264876 -3.941807 -5.966117 
-10.977415 -5.534932 -8.846471 -10.407703 -4.052404 -7.914954 -14.098779 -11.181449 -6.888418 -3.929345 -8.142718 -8.337655 -13.375227 -4.369995 -11.888016 -5.336825 -5.095386 -11.689972 -10.172628 -11.523316 -13.731316 -8.796970 -12.716188 -9.979380 -12.319695 -2.616577 -4.065670 -6.700615 -6.771479 -4.099095 -6.303410 -12.268255 -3.765995 -2.507218 -12.174914 -12.287512 -5.307264 -11.291788 -14.892708 -6.813757 -5.401719 -14.751477 -2.194830 -4.103733 -1.927004 -14.200084 -3.951878 -9.722931 -5.336169 -5.053583 -14.487297 -8.676693 -7.521484 -4.783437 -4.080744 -5.339032 -5.403592 -9.590241 -3.638672 -14.741147 -10.744947 
-14.352339 -5.534932 -8.828099 -1.892307 -3.348752 -7.914954 -3.891086 -11.609999 -10.846512 -3.929345 -4.704296 -8.156326 -9.541923 -4.369995 -10.683242 -6.678404 -10.690368 -11.654193 -8.097511 -10.181926 -11.065317 -8.662767 -11.098767 -6.707665 -11.947649 -3.495756 -2.813244 -6.407702 -6.771479 -10.934784 -8.153419 -11.592947 -4.313249 -2.450615 -9.018700 -14.080927 -10.601054 -10.193887 -15.057399 -6.813757 -3.998024 -2.488729 -5.440281 -5.577007 -1.927004 -12.364501 -5.485006 -9.565705 -5.990918 -12.453897 -10.631175 -2.764897 -5.208511 -6.246188 -14.848003 -13.673657 -8.130714 -13.512421 -8.388845 -7.894784 -5.496551 -7.169616 -2.890118 -5.706114 
-11.476357 -5.534932 -8.828099 -5.217923 -5.874002 -7.914954 -3.790243 -12.584284 -9.565705 -3.929345 -13.587401 -8.652656 -6.817730 -4.369995 -11.059780 -11.497732 -16.720875 -2.708325 -7.840659 -1.545270 -7.909293 -8.956809 -7.036307 -9.307486 -4.727392 -11.530417 -3.368721 -6.960103 -6.793498 -10.808429 -7.852303 -6.183177 -1.831197 -2.866675 -7.346726 -12.630774 -7.852069 -5.696059 -4.921039 -6.668377 -5.691983 -9.259780 -9.963485 -8.397235 -12.876055 -11.062987 -13.763609 -4.719785 -9.416282 -6.366395 -14.092864 -5.481440 -6.164097 
-7.397949 -5.534932 -11.965625 -10.746146 -4.016169 -7.039310 -4.041858 -10.520549 -9.202156 -3.929345 -7.182984 -13.690275 -7.669020 -4.369995 -11.711823 -10.379655 -14.062211 -13.505016 -3.890308 -2.344358 -10.475197 -10.650397 -3.214642 -11.888771 -7.228530 -22.717992 -4.425392 -12.206667 -5.947027 -7.317573 -10.489465 -7.158949 -7.426889 -8.077080 -6.948214 -5.671959 -5.062149 -7.137048 -5.195519 -9.772641 -4.960217 -9.259780 -6.744623 -7.675303 -14.031843 -7.857856 -11.662923 -3.609287 -5.548357 -8.797354 -8.815958 -9.052094 -14.257838 -3.423252 -10.328043 -2.154074 -4.744758 -10.554531 -14.543637 -5.425401 -5.475526 -7.393610 -13.734836 -4.025409 
-10.372596 -5.534932 -12.591716 -7.446383 -8.956514 -7.552561 -3.968969 -6.592910 -9.320502 -3.929345 -9.083315 -2.734475 -9.299461 -4.369995 -9.844041 -7.400973 -12.251921 -3.947836 -5.518821 -14.197949 -7.480121 -9.902748 -6.081330 -17.157292 -7.741987 -6.340776 -4.384271 -4.231390 -4.712583 -8.224847 -8.931180 -5.893061 -10.542766 -2.216159 -11.652202 -7.816809 -10.180597 -2.154074 -6.067988 -7.837654 -7.590013 -9.423572 -4.010405 -4.529317 -10.042140 -7.308038 -11.428735 -3.609287 -13.827681 -14.591971 -10.452463 -9.349788 -5.690842 -8.053512 -8.764501 -11.486548 -2.416243 -5.459343 -12.162206 -2.863645 -9.496724 -12.355399 
-12.426190 -5.534932 -10.890403 -5.499210 -4.099957 -7.552561 -3.968969 -7.542307 -7.021404 -3.929345 -5.412027 -4.866336 -10.006952 -4.369995 -11.168795 -8.493813 -7.836326 -7.475742 -10.623597 -3.889272 -10.958688 -9.902748 -13.937442 -17.065434 -4.366537 -4.491719 -5.478683 -7.948260 -2.718579 -13.023493 -9.975356 -2.965051 -10.323497 -6.962973 -8.050264 -8.809888 -8.371797 -2.269996 -5.659870 -8.599524 -9.517011 -1.912235 -8.017482 -8.882314 -8.999378 -8.159760 -4.764908 -3.764100 -4.760007 -9.144302 -8.819906 -5.686714 -10.971076 -2.176017 -4.564815 -12.419364 
-9.613761 -5.534932 -4.993821 -3.947789 -3.996081 -7.552561 -3.968969 -10.043606 -6.495673 -3.929345 -9.415593 -7.891829 -14.720156 -4.369995 -10.001526 -6.133566 -4.632880 -7.422342 -10.494344 -5.946707 -10.955464 -9.902748 -4.434485 -21.057051 -8.390514 -4.324023 -9.398832 -7.586793 -5.316417 -3.337202 -14.764962 -12.942696 -10.987145 -13.093535 -7.086390 -8.258278 -9.561791 -2.693474 -6.559913 -6.707490 -3.512165 -8.694023 -9.326275 -5.003734 -5.164759 -7.961909 -10.078159 -3.998560 -2.852027 -9.382843 -8.359242 -3.296508 -10.975912 -11.060733 -7.336504 -4.610623 -4.926015 -2.113215 -11.858450 -13.556384 -3.795709 
-2.187971 -5.534932 -8.242503 -4.233997 -5.336993 -7.552561 -4.012078 -9.107080 -6.495673 -3.929345 -3.312724 -2.812206 -8.952366 -4.369995 -7.383759 -7.582206 -9.509399 -6.376508 -9.773294 -6.454357 -11.239143 -9.031947 -9.779488 -20.171652 -7.050671 -3.933577 -3.292206 -6.241428 -5.279744 -3.248380 -10.741012 -4.985184 -11.086801 -8.129469 -10.311455 -2.756411 -13.379257 -6.991685 -11.329372 -6.762161 
-9.478707 -5.534932 -7.538070 -8.474550 -13.291363 -8.491429 -4.012078 -10.472156 -5.567908 -3.929345 -2.271213 -4.542199 -9.285882 -4.369995 -4.395123 -9.169260 -18.357402 -9.254625 -9.556725 -7.888487 -12.337854 -11.376893 -9.492776 -10.612117 -6.020197 -2.779534 -4.571793 -7.526476 -6.977766 -4.601853 -14.872435 -9.861915 -11.942447 -3.638138 -10.345020 -6.721860 -4.939625 -10.588447 -11.858401 -8.333759 
-9.590863 -5.616584 -7.538070 -8.474550 -6.876399 -9.188162 -4.012078 -3.958708 -5.020236 -3.879122 -2.188536 -6.767250 -7.829579 -4.369995 -4.284729 -5.332227 -15.575169 -10.341732 -9.413842 -9.623678 -5.039891 -11.376893 -5.900464 -5.852637 -12.759674 -2.779534 -8.705030 -7.045587 -10.835673 -3.588747 -7.809406 -12.080915 -8.768010 -11.864610 -4.101416 -4.394639 -5.917094 -12.051550 -8.393891 -12.619447 -6.453900 -4.613877 -11.295276 -8.597619 -6.807945 
-6.467614 -5.616584 -7.538070 -8.474550 -8.256222 -9.188162 -4.012078 -4.619081 -5.051851 -3.879122 -2.091363 -8.970477 -7.829579 -4.369995 -10.593402 -11.881826 -9.987335 -8.752905 -4.526544 -9.755071 -14.520884 -11.376893 -9.608552 -4.818772 -12.699726 -6.101809 -11.911983 -7.019856 -10.129143 -3.901374 -5.597942 -11.410194 -5.283437 -6.746274 -21.160997 -5.360929 -3.672132 -12.051550 -5.866832 -8.496749 -12.369199 -13.454514 -3.172905 -10.371441 -12.324877 -3.305889 -9.205353 -21.583885 -4.087640 -10.290848 -8.617789 -13.231676 -7.566761 -8.613197 -3.746822 -3.250725 -4.747671 -12.139642 -2.884846 -11.138596 -11.431539 -7.269546 -6.789431 
-2.868223 -5.616584 -11.131631 -8.474550 -9.414059 -9.188162 -4.596122 -12.407315 -5.051851 -3.879122 -2.091363 -8.294670 -7.829579 -5.877228 -13.513934 -14.935860 -11.430313 -3.652319 -9.737753 -4.665014 -6.804353 -11.376893 -8.880362 -1.605139 -12.699726 -6.231198 -12.897810 -7.130889 -9.568698 -8.660570 -13.462451 -8.068893 -3.789431 -14.594206 -8.917729 -4.379510 -9.107560 -12.356512 -10.245975 -14.207817 -10.434498 -10.154623 -2.949235 -10.790152 -12.324877 -5.685839 -8.501094 -3.919838 -9.771776 -10.290848 -9.571340 -3.296735 -7.928222 -4.286614 -5.499626 -4.437950 -10.941068 -10.666287 -13.191524 -12.213012 -10.900921 -8.973996 
-3.106312 -5.616584 -14.048392 -8.773939 -5.186989 -9.188162 -4.596122 -6.489948 -5.051851 -3.879122 -7.233656 -7.950685 -7.829579 -6.518826 -10.857734 -8.328297 -5.375739 -3.652319 -6.153776 -3.822669 -5.073071 -9.844604 -9.107225 -13.017346 -12.313365 -6.231198 -13.872000 -2.794373 -4.783392 -15.468544 -12.346812 -9.292605 -10.646515 -9.908788 -4.727769 -4.753802 -5.507724 -11.932619 -8.212757 -4.421465 -10.661692 -6.500871 -6.168125 -10.234457 -10.815133 -6.722236 -8.114658 -9.204517 -13.191238 -9.491538 -5.113275 -3.175055 -10.866139 -8.255550 -9.881448 -2.505543 -8.873695 
-7.156066 -4.676969 -8.459672 -8.873695 -7.787349 -7.743881 -1.725401 -3.784568 -2.316527 -3.879122 -7.407995 -7.862946 -8.303093 -6.085923 -12.049264 -9.122640 -5.180590 -3.886915 -12.246882 -12.299962 -5.751722 -3.679551 -9.107225 -8.119666 -4.506116 -6.844055 -13.032441 -4.350687 -4.833112 -12.091084 -11.412729 -9.580636 -11.113002 -5.841133 -9.350318 -3.487810 -6.665524 -15.016268 
-12.672185 -4.829038 -8.459672 -10.431993 -6.941424 -8.815286 -2.208909 -3.784568 -9.763590 -3.879122 -8.651411 -5.897415 -8.303093 -6.143774 -12.514592 -9.582985 -5.566131 -3.878920 -11.981970 -11.414448 -4.649702 -10.274306 -5.274176 -9.018256 -7.334889 -6.859364 -7.517819 -5.948241 -19.607198 -11.799710 -8.956564 -13.303445 -8.430310 -7.999403 -4.277925 -2.911899 -6.953438 -4.363664 -12.210248 -6.535324 -8.472127 -11.067454 -4.576475 -11.114847 -9.055112 -12.559434 -11.848024 -9.058709 -9.154722 -4.235000 -5.753613 -13.791687 -13.631799 -6.407310 -7.475205 -7.535601 -10.566426 -7.815182 -4.660233 -12.668816 
-3.656329 -10.246208 -10.769909 -10.431993 -11.102840 -8.815286 -5.661129 -3.784568 -11.734576 -3.879122 -9.345129 -7.231465 -8.855317 -13.971339 -12.514592 -10.073067 -4.978341 -3.878920 -2.571192 -9.651545 -5.462067 -14.377656 -7.033971 -14.819693 -6.950342 -3.647743 -11.236472 -4.937184 -5.842709 -7.843423 -10.691284 -9.361358 -5.756950 -22.904244 -2.799622 -10.335115 -11.563888 -9.635357 -8.796103 -7.907086 -2.400448 -4.223617 -14.440086 -13.190555 -14.087933 -19.649355 -9.225516 -9.943712 -5.988126 -12.382935 -8.426561 -5.658405 
-11.764121 -3.494639 -8.131018 -10.547008 -1.793882 -5.380673 -5.661129 -3.784568 -11.834687 -3.902607 -9.826101 -7.231465 -14.789626 -14.981386 -12.514592 -10.008765 -12.443636 -3.313362 -4.429731 -12.059640 -4.956794 -6.292941 -3.394158 -5.451292 -6.765441 -4.716538 -9.409837 -10.986530 -6.216077 -11.746873 -10.251244 -7.303972 -4.200991 -11.147029 -4.199701 -9.073108 -11.692169 -8.567875 -8.796103 -8.816417 -2.400448 -12.149326 -5.732317 -12.198629 
-4.117040 -5.768659 -13.079407 -8.823458 -8.991886 -6.337944 -6.059472 -3.784568 -11.834687 -3.902607 -8.908091 -7.231465 -4.244556 -2.400448 -12.588971 -8.233988 -8.567875 -6.616826 -8.019915 -8.193577 -5.220461 -6.231913 -7.591052 -7.697129 -7.228884 -4.716538 -9.409837 -10.330924 -8.858582 -9.489134 -22.419222 -8.140196 -4.816023 -12.756010 -11.416151 -6.115273 
-4.480957 -13.744735 -11.553311 -10.320644 -9.559890 -6.549466 -6.146531 -3.784568 -13.203114 -3.902607 -8.810971 -7.163819 -5.929340 -1.919075 -12.588971 -8.173126 -8.699501 -12.936437 -12.072802 -7.885684 -4.110324 -6.665351 -8.226310 -6.023474 -9.853048 -4.716538 -11.460389 -19.612307 -4.491304 -2.725613 -13.317734 -10.907995 -5.418697 -6.330455 
-3.299459 -12.210115 -11.333987 -11.334338 -10.188000 -7.328559 -6.873952 -3.933544 -12.319316 -3.902607 -9.753549 -9.243080 -8.380179 -1.919075 -6.791007 -6.967729 -8.617092 -12.831978 -6.807094 -5.074238 -11.097029 -6.249305 -8.182028 -8.694401 -9.303850 -4.716538 -8.655786 -6.975015 -8.577611 -2.725613 -3.463057 -14.982141 -9.324869 -4.624590 -10.959856 -8.375991 -13.067874 -14.243661 -8.858629 -12.414293 
-3.599761 -12.082063 -12.744271 -9.763905 -11.757804 -1.247874 -6.873952 -5.006324 -11.872342 -3.902607 -8.708383 -5.705597 -6.126473 -1.219877 -12.345010 -4.068144 -8.995376 -5.745504 -7.557239 -5.580888 -10.772411 -6.249305 -11.982544 -9.068156 -5.883310 -4.716538 -9.177411 -8.898549 -7.976037 -2.118279 -11.656809 -3.146113 -5.548049 -11.867565 -4.159449 -7.598659 -7.110883 -2.411061 -12.999693 -14.439107 -18.645480 -4.722253 -13.489011 -3.792208 -7.097870 -5.836789 -12.394964 -1.701017 -5.530678 -5.321823 -3.667945 -2.540328 -9.320063 -5.097196 
-3.321704 -10.061669 -10.577541 -8.762424 -13.085499 -8.278872 -6.607666 -4.910569 -15.428919 -4.012631 -8.708383 -7.599524 -6.243689 -1.674331 -6.855230 -13.732263 -7.697636 -9.265139 -10.137271 -6.193377 -5.222359 -9.069500 -12.659395 -8.173106 -5.892161 -4.199012 -7.902958 -6.337073 -8.208312 -2.312547 -6.190166 -6.820674 -7.416162 -3.517226 -6.715734 -7.188743 -8.850026 -4.244674 -3.140246 -14.439107 -7.197179 -12.540967 -7.295876 -9.314964 -7.051745 -9.225346 
-3.472063 -7.174781 -10.502266 -8.054661 -11.049425 -9.299594 -6.846324 -4.910569 -5.950112 -4.012631 -7.056284 -4.020770 -19.427230 -1.742054 -6.104561 -7.843791 -8.477288 -4.448550 -3.410404 -5.134120 -10.493025 -8.578962 -14.624063 -4.813491 -8.621088 -4.325375 -11.981880 -4.038782 -7.749564 -2.419834 -4.416934 -6.461135 -4.192399 -4.065370 -11.376190 -7.273883 -2.090825 -7.872733 -11.638585 -5.953117 -4.223978 -6.699556 -2.354319 -5.384225 -6.147536 -4.699570 -9.536499 -13.885259 -5.663863 -5.941491 -8.850517 -4.409087 -4.683962 -5.719716 -8.169034 -5.719131 -8.134126 
-3.472063 -7.023371 -9.091985 -8.054661 -10.855918 -9.299594 -7.042925 -4.500388 -4.143447 -9.474439 -4.014326 -8.142146 -19.427230 -3.165865 -7.309112 -10.182555 -8.477288 -13.605839 -6.828668 -6.428114 -10.139831 -7.861726 -5.295929 -14.678389 -8.936841 -5.204559 -8.915597 -7.193584 -6.597103 -3.036933 -21.747409 -6.461135 -4.005650 -4.216582 -7.201282 -7.038594 -8.950981 -4.709033 -4.402142 -7.374777 -12.536178 -3.822767 -3.914172 -4.479992 -12.026932 -7.376783 -7.985154 -2.221305 -4.578081 -4.538498 -8.478999 -2.664311 
-3.472063 -4.859417 -10.576256 -7.825671 -10.855918 -8.426123 -6.488048 -4.500388 -4.143447 -8.378493 -12.090668 -3.973754 -5.025756 -6.329783 -11.590581 -9.368169 -8.477288 -2.732740 -6.989154 -13.423569 -16.031725 -9.326154 -8.078937 -3.029922 -8.936841 -4.735089 -3.892343 -6.132371 -20.041487 -2.230785 -8.903041 -7.209493 -7.453024 -7.139987 -6.602873 -9.940800 -8.968389 -4.600853 -9.595732 -9.373718 -6.963835 -2.429483 -15.340483 -7.365337 -4.775263 -5.499831 -7.454993 -6.021269 -5.969608 -5.352121 -6.111072 -3.815034 -5.567533 -13.667595 -11.731548 -5.812532 -10.016814 -7.017996 -12.963922 
-2.921200 -6.638784 -10.066465 -7.761390 -10.970748 -8.426123 -6.064075 -4.500388 -4.143447 -13.184663 -14.815804 -2.704999 -1.652065 -5.014884 -7.222344 -9.933756 -4.043030 -12.802654 -8.227924 -7.325776 -17.405034 -5.607506 -10.227206 -8.356200 -6.336595 -4.735089 -6.472150 -4.502077 -9.415968 -2.230785 -4.455890 -7.951113 -9.457278 -7.355775 -7.044506 -5.801312 -9.625420 -7.455056 -3.951078 -5.499831 -7.231601 -2.897993 -10.203907 -4.812195 -8.351598 
-2.615312 -6.191637 -14.211688 -7.761390 -11.039173 -8.851495 -6.064075 -4.523017 -4.143447 -9.173545 -5.298582 -1.878193 -14.391683 -6.577675 -9.610840 -10.749591 -2.499600 -12.606321 -9.808001 -6.945463 -7.334543 -9.831019 -12.364619 -9.050359 -6.336595 -4.735089 -4.084866 -7.064922 -8.281152 -2.834152 -3.672200 -7.972045 -8.097033 -2.795768 -7.591446 -3.820150 -4.078625 -11.824526 -1.845449 -5.533105 -6.660781 -4.901989 -9.131884 -8.297552 -4.427579 -4.930027 -12.796360 -6.395717 -18.526404 -5.454956 -11.727801 -5.356063 -9.374374 -14.302523 -9.676702 -2.668045 -7.666915 -14.785794 -8.289621 -6.428094 -10.574983 
-3.360189 -12.417138 -18.526404 -7.761390 -14.935866 -8.331171 -6.064075 -4.523017 -4.143447 -6.840371 -7.829710 -9.263515 -6.012790 -5.333370 -5.605408 -6.677017 -6.605433 -11.230180 -8.544421 -7.320924 -9.520005 -5.142984 -5.000014 -9.064865 -6.336595 -4.735089 -7.404489 -7.292133 -8.281152 -6.630261 -3.451523 -4.178184 -10.659737 -9.424975 -4.788302 -8.015047 -13.394602 -10.838921 -11.162907 -6.470706 -9.379590 
