 -8.445224 -63.124999
 -6.605364 -63.825034
 -9.174498 -68.483808
-12.866601 -60.543896
 -5.752769 -62.529898
 -3.987553 -52.508602
 -6.115147 -51.361931
 -7.543376 -65.534893
 -8.532933 -61.508686
 -9.666142 -48.000117
-12.900373 -53.330954
 -7.100241 -53.140724
 -9.829643 -53.904751
 -8.620051 -69.436057
 -7.047710 -53.129502
 -8.918533 -70.448175
 -1.901978 -51.789854
 -7.145366 -75.018337
 -9.004067 -53.858750
-16.188378 -39.564438
-10.234292 -55.608143
 -4.170733 -70.548250
-11.603938 -54.186407
 -4.392699 -62.564217
-12.061573 -37.939907
-10.155403 -54.166843
-12.948392 -55.577978
-11.432140 -59.611496
 -5.668322 -48.841710
 -6.270865 -65.469263
 -5.098448 -63.463780
 -6.423323 -50.379541
 -9.446754 -62.634872
-15.305832 -62.037175
 -4.994490 -47.188453
 -6.967397 -47.106484
