-11.842951 -9.010023 -9.747946 -5.575835 -5.598459 -10.982353 -4.334093 -8.812979 -9.327592 -5.340000 -8.292492 -6.713519 -12.261773 -10.911005 -7.868444 -2.693999 -7.726147 -7.566286 -8.268257 -9.496951 -14.635134 -5.702409 -5.487184 -3.761022 -10.093183 -5.924453 -3.830188 -6.996644 -10.706545 -1.027457 -6.681646 -6.957049 -5.494701 -6.325522 -8.801078 -6.964944 -3.866129 -3.566883 
-11.294936 -8.448478 -7.402405 -4.542854 -5.636618 -11.293720 -4.860151 -12.754608 -8.193632 -5.362761 -5.110687 -6.704262 -11.531527 -13.737983 -12.362636 -6.320928 -7.674666 -8.568981 -8.515141 -7.387662 -1.854328 -8.806438 -1.481800 -7.672864 -9.959139 -10.405815 -5.715352 -5.872166 -11.550774 -10.953176 -5.664858 -9.787025 -9.305087 -10.390868 
-7.135114 -8.240468 -5.031495 -9.983520 -5.636618 -11.209641 -4.573053 -8.657540 -7.515560 -5.338380 -13.400988 -6.704262 -10.172164 -8.835767 -9.516278 -4.714434 -6.602071 -10.710939 -8.794153 -6.416313 -12.004230 -2.293937 -10.193656 -4.223850 -5.431283 -13.694846 -2.708714 -11.052582 -8.518465 -7.111116 -10.996566 -8.464105 -1.482892 
-13.023407 -8.975165 -8.697717 -6.882829 -5.636618 -11.209641 -9.640320 -4.581932 -5.315570 -5.230948 -7.058489 -6.641953 -10.309490 -8.306472 -14.407671 -12.959621 -7.674652 -8.405528 -9.047713 -7.466603 -6.996693 -11.719803 -8.419298 -13.863616 -6.748388 -2.384824 -8.695780 
-11.943098 -8.491215 -6.521330 -6.537188 -5.636618 -11.128649 -11.580099 -7.007886 -12.300192 -5.380013 -6.326465 -6.641953 -10.114764 -7.689486 -6.162226 -8.241519 -5.209510 -5.781985 -9.002828 -6.507841 -3.486384 -7.305080 -11.403234 -5.389527 -14.926459 -13.352048 -5.562997 -5.340352 -4.166152 -9.065866 -4.624402 -7.415811 
-7.554079 -8.469949 -6.687956 -8.489408 -5.507751 -11.065825 -12.442580 -12.427411 -6.639751 -5.162831 -9.992651 -6.483805 -10.125373 -14.826537 -7.138965 -3.840872 -12.425024 -6.212343 -5.873903 -13.748633 -22.798061 -11.881811 -12.182103 -10.835349 -3.615416 -21.881935 -4.030233 
-7.333748 -7.051070 -4.798159 -9.007432 -5.622612 -11.198570 -7.301432 -9.539386 -3.336695 -5.228551 -5.703014 -6.483805 -9.965482 -6.704646 -6.821578 -6.262892 -7.051493 -7.199223 -6.246144 
-8.518955 -6.935442 -6.771359 -8.627547 -5.622612 -12.233511 -4.330337 -11.451847 -12.189183 -5.095019 -6.085692 -6.414847 -9.824939 -6.159439 -8.599842 -8.694426 -11.627525 -3.174992 -4.358832 -11.674044 -4.242586 -7.130198 -10.435237 -13.311373 
-9.477918 -7.927395 -3.589590 -8.156243 -5.681455 -5.323772 -7.023448 -14.208968 -4.267707 -5.215903 -9.502447 -6.994935 -9.895541 -10.326317 -10.694393 -14.463076 -11.326721 -6.435268 -7.138198 -0.876112 -18.948336 -10.141155 -3.211462 -14.961553 -7.763519 -22.152154 -8.829482 -5.794456 -9.110263 -7.378184 -12.110825 -22.703406 -12.656159 -7.199257 -8.362196 -11.821883 -7.235261 
-12.908994 -13.169707 -5.125033 -8.273572 -5.581960 -8.892377 -10.618672 -7.918905 -4.681133 -5.281672 -7.513849 -8.232428 -9.822715 -6.450085 -8.517069 -8.679943 -11.002581 -6.125479 -8.226761 -4.789925 -4.352405 -5.923541 -5.294474 -6.753609 
-15.009621 -5.141109 -5.125498 -4.916663 -5.641861 -12.842764 -3.707481 -8.375409 -4.360082 -5.523486 -8.277580 -6.806865 -10.025307 -5.455812 -8.320710 -11.270770 -11.007722 -15.294861 -5.483028 -11.610200 -8.768508 -6.039065 -7.154729 -6.795153 -12.379943 -7.503256 -7.011428 -3.918626 
-6.065452 -8.189736 -5.824063 -7.712300 -5.936534 -14.639929 -8.774943 -9.099938 -6.513718 -5.258422 -6.444637 -4.141225 -9.905678 -6.018375 -5.047440 -8.361739 -10.872707 -8.832819 -6.576009 -9.168261 -11.442185 -14.280243 -4.239599 -0.912429 -9.497635 -5.003984 -12.745258 -15.056310 -11.224651 -4.020832 -6.631267 -3.149709 -4.039108 
-11.315994 -6.738039 -15.216137 -5.984131 -5.936534 -12.971854 -11.055981 -12.244548 -4.676124 -5.040989 -6.367608 -6.639713 -10.008317 -4.427243 -4.771917 -8.189369 -11.038464 -8.558950 -6.064775 -9.407854 -5.530938 -6.579595 -8.080550 -11.791627 -5.725818 -7.057506 -4.326394 -5.396913 -8.782671 -8.363114 -8.921392 -6.337590 -14.153954 -6.890784 -7.347773 -4.447384 -7.889044 -10.131244 
-11.327893 -13.023423 -12.259401 -8.592105 -5.768061 -10.139873 -8.740143 -6.122081 -1.363369 -5.037965 -8.134717 -9.187979 -10.109992 -15.143193 -14.484756 -8.200532 -10.671459 -7.977309 -5.212435 -6.175633 -9.565293 -10.531499 -12.266261 -8.957034 -5.396586 -10.302598 -8.217191 -5.525744 -12.567028 -3.158313 
-2.712755 -1.864059 -7.630212 -7.928493 -5.605986 -4.828049 -9.358865 -4.730064 -8.605603 -4.166296 -8.293088 -6.236456 -10.110581 -5.467279 -6.342255 -16.665682 -11.005221 -5.127948 -5.437559 -8.195965 -7.641198 -6.462670 -11.479843 -15.062619 -5.710347 -12.462636 -9.954343 -6.424268 -13.174338 -10.813806 -20.641490 -9.848038 -5.199001 -6.710419 -4.515229 -12.162524 -14.922256 -6.788357 
-7.488633 -11.206821 -5.066623 -7.586713 -5.605986 -8.450280 -4.769776 -2.967623 -4.911902 -7.058095 -7.660428 -14.947692 -9.966634 -3.879112 -9.173798 -14.597584 -10.921759 -13.448507 -5.480303 -8.940574 -7.055338 -5.672247 -14.846364 -3.668644 -14.115047 -9.236550 -10.001565 -8.165320 -5.663895 -9.767763 -6.234736 
-1.265805 -12.324880 -5.614194 -6.297972 -5.489686 -4.301371 -12.211676 -7.505341 -8.062770 -9.806375 -2.015042 -8.238900 -10.263785 -4.831618 -5.184497 -6.688540 -10.856433 -12.894332 -5.704562 -8.565815 -7.821128 -5.700349 -7.516226 -4.297709 -14.031644 -8.648623 -12.678028 -8.479947 -5.684096 -3.815987 -7.228545 -1.203020 -7.084029 -6.145420 -14.884008 -12.643819 
-10.910222 -6.285217 -12.346128 -10.397371 -5.440097 -5.197269 -1.495984 -6.520487 -11.331322 -10.709415 -8.675583 -5.640802 -10.263785 -3.685428 -6.306309 -6.101101 -10.409759 -7.580009 -11.805816 -4.249211 -22.472844 -5.716768 -5.497126 -3.855257 -6.509346 -13.064951 -12.338545 -7.913653 -3.291454 -1.982061 -6.498124 -12.555428 -3.531906 -5.495587 
-11.207181 -6.135055 -5.246566 -6.711176 -5.159325 -8.896213 -8.444774 -7.919669 -4.212193 -6.184182 -8.206028 -14.557799 -10.199879 -8.884760 -1.837565 -5.958924 -10.692690 -9.854841 -6.516506 -8.178837 -7.548165 -5.375649 -6.238481 -4.360134 -11.882025 -2.221978 -4.692587 -8.560599 -6.690196 -1.657130 -4.627290 -2.636981 -3.965840 -8.949845 -14.981738 -5.044176 -7.212650 -7.862020 
-2.414598 -3.210021 -9.801770 -8.272191 -5.129865 -4.398262 -19.195968 -10.276988 -11.007187 -11.439332 -11.772104 -2.734635 -10.135220 -9.058584 -9.779512 -6.038738 -13.342619 -5.798119 -14.873407 -4.286521 -11.793918 -5.635182 -10.992134 -3.955648 -4.749238 -6.683118 -4.453370 -8.184476 -5.693834 -14.590901 -12.663612 -6.445704 -5.238256 -10.036221 -6.518092 -4.715729 -8.418239 
-3.166071 -7.986130 -8.132071 -7.387855 -5.129865 -12.320219 -8.068398 -10.130209 -10.786309 -11.540732 -6.456593 -2.885944 -10.054818 -12.681179 -11.586206 -15.165889 -6.682031 -4.007230 -4.024034 -3.928982 -10.010380 -5.637929 -12.796889 -4.261455 -8.876307 -14.422118 -4.314612 -8.569458 -6.010642 -6.686648 -10.787681 -7.058269 -10.970556 -13.674998 -4.625362 -4.807227 -11.164056 -3.897674 -4.077850 -10.198815 
-11.080743 -7.764416 -11.533064 -10.952388 -5.129865 -4.477394 -7.147458 -6.870037 -10.782625 -10.283034 -5.560636 -5.869055 -6.011344 -12.184497 -12.497882 -5.490866 -3.875278 -6.327890 -9.790692 -9.110208 -6.917633 -5.135303 -3.836756 -4.439233 -8.881117 -5.392819 -4.853790 -7.860895 -10.915725 -10.004675 -7.831925 -5.564972 -5.118216 -5.434422 -6.232464 
-6.867288 -7.342703 -13.435877 -3.213886 -5.129865 -8.260824 -4.871176 -4.980982 -10.782625 -10.551482 -2.801343 -6.140432 -7.731039 -5.457776 -8.465417 -6.790315 -9.089922 -7.071363 -9.284418 -4.246253 -4.361528 -5.688178 -8.614043 -4.512263 -1.496437 -6.413245 -4.747432 -8.277914 -10.098511 -8.381735 -10.010567 -4.658902 -9.191431 -9.879319 -10.011153 -12.929547 -14.911884 -6.859520 -12.128838 -12.107295 -3.158392 -1.634522 -8.508485 -10.653778 
-7.597631 -4.890163 -5.171591 -10.487501 -5.129865 -6.556744 -6.245989 -3.825662 -11.577043 -10.978163 -2.887800 -14.697987 -7.150589 -4.573758 -7.542216 -7.925835 -9.129025 -10.706287 -9.772803 -22.439807 -14.101396 -5.562182 -10.545874 -4.492667 -10.503525 -3.807706 -12.595006 -8.242280 -8.626531 -8.609227 -12.600747 -7.106376 
-6.907450 -20.332244 -3.794875 -6.177253 -5.356316 -6.186072 -7.813499 -11.244273 -6.459501 -10.879467 -8.632001 -5.716418 -6.100956 -4.643385 -4.512891 -8.491062 -10.997572 -7.847393 -9.836689 -12.479908 -6.008058 -5.867359 -6.002121 
-7.725187 -5.947231 -5.697186 -6.689893 -5.290546 -6.305932 -8.147463 -17.341825 -5.732372 -9.427948 -8.477487 -5.903186 -6.102838 -12.108198 -4.628269 -9.836689 -11.002835 -8.818006 -11.428035 -7.229281 -7.114206 -7.245370 -15.045783 -11.753870 -8.033541 -5.671894 -2.449922 -12.310638 -6.846392 -10.376711 -11.004365 
-5.887927 -8.544237 -5.130194 -5.477042 -5.175841 -5.652746 -6.842801 -17.811601 -5.125861 -9.258573 -8.771329 -13.562156 -2.700793 -9.026820 -4.705180 -9.836689 -11.000135 -8.738126 -3.436009 -13.025757 -11.896149 -9.189339 -7.521777 -12.019188 -21.840732 -4.713016 -16.561523 -14.696455 -4.001726 -11.441103 -7.864289 -15.519453 
-5.941609 -5.685324 -5.855197 -6.895022 -5.158137 -6.314295 -6.203192 -7.815775 -3.094690 -12.877249 -8.171052 -15.175461 -4.478821 -8.195798 -4.902661 -9.825058 -10.391121 -7.922472 -3.835557 -3.249491 -10.298252 -17.372478 -9.454639 -10.457524 -9.617164 -6.324898 -3.299630 -4.799081 -15.544084 -11.970950 -12.716658 -6.484956 
-3.458274 -8.444330 -5.774978 -13.771107 -5.158137 -7.668294 -6.009832 -20.522911 -6.406728 -10.937890 -8.049522 -10.829759 -12.007883 -4.934983 -4.902661 -9.858157 -11.003187 -8.205066 -4.079249 -5.422796 -10.494136 -7.777635 -12.980148 -8.885783 -3.194473 -8.283281 -11.772524 -5.818023 -9.815643 -6.590856 -7.155840 -2.753440 -9.458809 -5.312416 -8.879687 
-7.766293 -4.230496 -8.162342 -1.847239 -5.158137 -6.786281 -5.193010 -10.199712 -7.996090 -5.957900 -8.289489 -6.912537 -6.257488 -7.078626 -4.902661 -9.895904 -10.895942 -7.172923 -3.600780 -10.144625 -12.641326 -3.962038 -4.911666 -8.672640 -10.077525 -8.220473 -13.143955 -10.257961 -12.455899 -9.091216 -5.052282 -8.818927 -10.638210 -7.594807 -11.822383 -10.342745 -9.214410 -11.000896 -14.847156 -10.977575 -5.450910 -14.980557 -8.853109 
-12.301180 -6.511127 -10.880176 -1.988330 -5.158137 -5.770823 -4.642734 -6.436465 -4.925955 -8.118423 -8.552166 -12.002224 -7.025688 -9.601485 -14.341378 -9.515577 -10.867962 -6.954379 -4.396784 -7.670445 -16.593471 -8.066004 -4.811518 -5.086724 -8.915411 -7.478391 -7.011803 -7.024702 -5.934425 -5.820879 -13.142901 -4.962617 -13.119081 
-8.883614 -7.610571 -11.951115 -6.261265 -5.192973 -6.194751 -12.695580 -2.627084 -3.212742 -7.833180 -8.538637 -10.248264 -5.795135 -4.461113 -5.862882 -9.811952 -10.626083 -7.139147 -7.161920 -7.879821 -5.948476 -8.978453 -3.379959 -4.965837 -3.269317 -14.209644 -8.522666 -6.502965 -3.807382 -3.924999 -6.887545 -5.680630 -3.771721 -5.622815 -5.655905 -2.052130 -6.465124 -6.362610 -7.981313 
-7.914368 -5.524021 -7.382899 -5.635331 -5.208673 -7.912954 -2.639987 -7.575429 -11.784908 -8.467468 -8.704450 -2.476299 -8.252612 -5.257470 -6.491870 -9.905923 -10.744115 -7.402000 -4.571570 -4.515972 -5.068459 -10.568246 -11.239684 -4.965837 -7.242210 -5.601495 -4.180730 -5.635464 -4.832462 -4.622212 -12.403755 -12.194253 
-7.349267 -6.462560 -9.683151 -7.461932 -5.208673 -7.251498 -7.942638 -8.435858 -12.011663 -9.613531 -8.333286 -1.964300 -11.925514 -3.261955 -7.160459 -9.895641 -10.757185 -11.535076 -6.065579 -10.084187 -22.226203 -7.242292 -3.732528 -4.555434 -2.106014 -5.504282 -5.776545 -4.982903 -4.407170 -8.011541 -3.167387 -3.794444 -14.406464 
-7.535061 -14.057273 -9.041131 -3.262377 -5.323399 -8.686613 -6.728001 -4.886567 -2.863375 -9.307233 -8.636826 -6.027876 -8.784876 -5.047079 -0.903383 -9.726178 -10.664212 -3.921868 -6.476716 -3.084052 -17.492836 -8.645740 -7.823455 -4.569784 -8.668271 -7.086377 -5.609302 -8.711416 -12.124853 -3.843418 -12.285506 -14.475807 -12.449066 -11.139352 -2.432121 -5.827626 -7.677406 
-11.201770 -7.624954 -4.793951 -9.756735 -5.071797 -20.739556 -8.328086 -8.799833 -3.297948 -4.587215 -8.687163 -8.312287 -11.043098 -10.816832 -14.098503 -9.886165 -10.567928 -4.022953 -3.783722 -8.249127 -13.373333 -11.528878 -6.709836 -6.354206 -11.660933 -5.496570 -5.590484 -12.346300 -4.390841 -6.163904 
-8.459185 -7.537371 -4.868607 -6.074176 -5.057146 -9.622741 -7.500024 -7.504840 -3.307827 -10.907667 -8.088661 -4.946748 -5.841456 -5.021124 -8.249215 -9.909073 -10.501752 -3.248114 -8.778088 -13.924287 -19.665628 -2.602048 -11.418917 -6.434549 -15.062468 -7.627833 -8.706448 -10.994777 -8.192108 -4.932267 -6.659989 -11.271488 -1.873704 -13.863028 -11.856801 -10.744076 -9.547065 -12.891453 -14.616761 
-5.467305 -12.932922 -4.585429 -4.952634 -5.011900 -14.524924 -12.744098 -7.388966 -4.303852 -14.817976 -9.679489 -5.385290 -6.097098 -3.881053 -9.035102 -7.368972 -10.266105 -14.118788 -8.187592 -5.800912 -14.325444 -4.915976 -5.585397 -11.652338 -0.808071 -10.905201 -6.543281 -10.500462 -10.221276 -6.703853 -6.651073 -6.992564 -4.722793 -10.974960 -15.154033 -8.474207 -3.648016 -6.879758 -21.117861 -2.783631 -7.037326 -9.450761 -8.014628 
-10.885389 -7.078764 -5.602754 -3.978905 -5.334058 -7.534785 -4.801821 -8.056542 -3.997483 -6.893412 -11.727017 -7.504909 -5.764391 -4.989157 -5.481767 -8.108580 -10.266105 -13.701183 -8.725066 -5.703683 -7.984315 -4.984684 -14.497553 -8.900052 -5.061133 -9.982907 -7.543309 -10.500462 -8.446480 -12.857105 -15.085450 -14.344738 -8.562122 -4.472121 -6.003174 
-10.143528 -7.412329 -11.406523 -12.148657 -5.235416 -8.376749 -4.598478 -8.229025 -8.174626 -7.675150 -9.950971 -5.570059 -8.569299 -10.644676 -14.299422 -5.896482 -10.266105 -8.552043 -3.826843 -5.357632 -4.046592 -4.613998 -6.925993 -6.085276 -15.072323 -9.515798 -5.659546 -7.608500 -13.537621 -4.993648 -2.513644 -11.462562 -11.263711 -7.797258 -13.266565 -1.301390 -6.695472 -13.070773 -11.589674 -14.779799 -9.462485 -8.859827 -7.806538 
-6.861229 -7.716134 -4.777807 -5.970925 -4.877432 -9.885243 -4.871646 -8.196978 -21.817423 -3.971159 -6.087573 -5.164307 -9.150386 -10.908599 -11.743046 -6.380818 -10.206274 -10.959153 -10.440025 -5.719545 -4.277743 -4.795802 -11.493492 -13.938031 -6.724782 -2.302048 -6.809918 -4.764998 -12.586737 -14.493540 -8.780465 -4.998248 -4.880531 -14.774115 -5.792648 -4.130367 -11.425425 -14.496494 
-8.679657 -12.704969 -10.706648 -9.701545 -4.590137 -4.571382 -6.599158 -8.971563 -10.076615 -3.088942 -10.992732 -4.045966 -9.553873 -10.664220 -5.798962 -2.370611 -9.963358 -4.327217 -17.232409 -6.759584 -3.485786 -12.517980 -18.719972 -11.380707 -9.966246 -10.993386 -4.674664 
-9.571542 -10.841672 -13.588772 -2.141172 -4.402560 -3.818455 -6.273406 -8.963575 -6.794669 -13.404015 -2.652197 -3.998050 -5.570478 -7.924854 -11.769536 -3.138820 -9.838526 -14.239411 -6.753891 -5.794563 -4.015651 -7.102949 -6.788773 -10.927534 -6.866349 -9.248011 -3.939205 -3.793549 -5.417637 -1.542113 -1.507233 -2.872392 -12.433228 
-5.139168 -14.116318 -5.973057 -2.403818 -4.599123 -8.532408 -7.359873 -8.370355 -15.166198 -6.564424 -9.056634 -4.772062 -14.046595 -7.568924 -14.279511 -6.589714 -9.871087 -3.641550 -14.283734 -12.626646 -4.048428 -7.474718 -7.359255 -4.966050 -4.087240 -8.005129 -11.518241 -11.218963 -11.797091 -9.325483 -6.301351 -7.201836 -10.646477 -7.415001 -11.844572 -4.658837 -5.931430 -5.473598 -5.810943 -15.425014 
-4.235019 -5.005099 -6.004870 -8.649705 -4.469272 -8.474508 -5.877730 -4.556025 -9.764983 -1.815610 -10.447860 -4.816464 -12.891307 -6.088938 -15.517938 -4.245359 -9.980462 -4.266598 -9.147216 -10.192146 -4.225152 -22.822076 -8.417561 -5.325576 -8.759896 -1.362040 -7.949547 -9.327033 -5.383819 -3.813518 -8.600747 -1.957108 -6.500961 -4.050240 -5.574501 -7.311416 
-4.086408 -9.473859 -22.216061 -10.207624 -4.392300 -11.038753 -5.977765 -7.100982 -2.989932 -7.521477 -10.743850 -4.577047 -6.274316 -3.165902 -12.068482 -4.036269 -3.562042 -5.635451 -8.952458 -9.239556 -3.598632 -20.776899 -5.457527 -7.444325 -8.147991 -8.302615 -8.731218 -11.713291 -13.224785 -14.187147 -10.691225 -7.085223 -6.417978 -10.623990 -5.210923 -13.109659 -1.927170 -8.922101 -3.838364 -11.216126 -12.563052 -21.651558 -11.131422 -4.332766 -1.930663 -14.732019 -14.953006 
-4.134840 -8.163472 -8.419445 -10.225687 -4.288088 -11.198284 -12.949600 -7.309043 -6.236501 -5.084065 -10.741382 -4.663148 -4.542392 -10.246061 -8.349690 -1.329899 -12.487619 -8.258975 -8.079218 -7.093102 -4.074513 -4.184136 -9.174656 -9.445300 -4.667224 -12.323147 -6.051100 -10.133745 -5.633252 -3.454945 -5.768085 -6.330714 
-2.426995 -7.654869 -7.538092 -10.225687 -4.094764 -4.322861 -3.167759 -9.254528 -5.155606 -6.903753 -10.777212 -4.263668 -4.749738 -12.769519 -7.923893 -6.660071 -7.007620 -9.881144 -4.667074 -6.791194 -4.045398 -4.141951 -8.368042 -11.652933 -7.000109 -7.977324 -4.775166 -10.386783 -11.366347 -12.324737 -4.430457 -6.277182 -3.959686 -15.122640 
-6.676084 -7.411420 -8.664431 -9.721880 -4.184274 -5.425985 -2.961783 -9.621506 -7.030095 -6.518539 -10.751686 -3.052903 -2.089804 -5.191056 -6.851155 -15.659763 -12.364408 -11.652107 -4.328845 -5.257387 -3.422270 -7.365217 -9.047022 -3.649360 -4.182307 -10.932053 -13.560152 -6.784226 -19.543613 -1.952326 -13.095792 -8.582851 -15.000997 -0.718679 -21.431428 -9.954181 -9.318007 -13.047110 
-5.197135 -7.841452 -11.147064 -9.666439 -4.012828 -8.962532 -2.966773 -9.049043 -4.810553 -4.217078 -11.452491 -22.212512 -6.554560 -15.785521 -5.504629 -4.979257 -7.598813 -9.694367 -4.618451 -7.396492 -3.692175 -13.145643 -9.485620 -5.774122 -6.344273 -20.323651 -12.473409 -8.255455 -3.978705 -4.587035 -5.430778 -6.317004 -21.060735 -17.251010 -4.183169 -6.279569 -3.991733 -5.460344 
-9.232061 -12.264035 -10.473778 -9.666439 -4.333520 -8.756988 -3.923017 -12.736784 -4.435277 -6.990363 -11.431147 -5.774879 -8.070735 -9.453634 -1.822064 -3.493847 -5.901693 -8.319797 -4.500605 -4.696821 -4.290734 -8.724335 -9.215415 -12.454433 -5.554652 -5.908958 -14.439299 -7.705002 
-6.647802 -6.555662 -21.254511 -9.530572 -4.034010 -8.813178 -2.963764 -11.472325 -8.428904 -7.754485 -11.499406 -5.077041 -6.917608 -3.408402 -8.042281 -3.493288 -9.393975 -5.952720 -4.531633 -4.519261 -3.296337 -8.045722 -9.342651 -7.078637 -13.002324 -5.417689 -5.059944 -4.865334 -12.569942 -11.066503 -7.215037 -5.163742 -8.202480 -9.585845 -11.571144 -1.590317 -7.137937 -7.249274 -8.154679 -2.758437 -9.109249 -9.425622 -10.528856 -13.967314 -10.991707 -14.703412 -5.066951 
-9.907306 -7.734744 -7.327965 -10.259439 -10.784465 -8.246236 -3.312401 -14.099370 -5.619660 -2.388858 -10.875678 -3.891996 -2.709053 -7.482220 -15.193842 -9.117978 -11.581015 -4.143396 -4.697121 -6.357077 -12.890834 -9.069906 -9.340236 -6.850604 -7.135088 -4.048965 -3.752772 -9.921504 -5.093553 -4.602677 -5.072531 -5.472764 -6.842161 -12.997897 -5.537411 -10.845983 -8.096603 -9.659773 -9.720206 -6.990954 -10.745185 -17.469086 -11.672825 -2.388831 -4.616143 -8.356231 
-3.149378 -6.338647 -1.011102 -10.383024 -5.392181 -8.886020 -9.103601 -12.923566 -9.929304 -17.018377 -11.142553 -4.128380 -19.220001 -11.141839 -15.275268 -13.229476 -9.293582 -2.541023 -4.553947 -4.723210 -2.269994 -5.277893 -10.188457 -3.799312 -14.087731 -3.386018 -4.962095 -14.595637 -3.381083 -2.365269 -3.584257 -5.117021 -7.673718 -11.459759 -7.699027 -7.033066 -9.409107 -3.711724 -10.148958 -9.188476 -6.455406 -7.119876 -7.501949 -4.465641 -0.741921 -10.924387 -5.438360 -4.948956 -4.126489 -7.261860 -12.862950 -4.909624 -3.894983 -11.431590 -11.607506 -8.151837 -8.308237 
-3.024812 -4.480233 -12.216764 -9.291051 -7.728384 -8.442370 -8.842242 -7.132451 -11.651996 -3.203608 -11.318529 -3.815464 -7.085708 -2.433070 -11.735070 -10.955228 -13.716444 -11.415592 -7.528362 -9.386692 -7.998617 -7.095251 -9.461434 -2.314241 -6.712642 -7.378519 -6.546180 -13.995322 -5.356569 -10.924518 -4.353568 -7.848373 -8.579338 -14.254653 -4.595526 -3.945827 -7.836870 -4.012797 -10.376654 -5.501660 -4.470557 -7.852716 -7.923003 -2.955650 -8.689234 -2.709163 
-4.087903 -12.058776 -6.768431 -10.086871 -3.665150 -9.214899 -4.700441 -7.666224 -6.600669 -9.876154 -10.942545 -10.760858 -8.059943 -2.558872 -3.601284 -8.380584 -4.381636 -9.045359 -2.948708 -5.660041 -11.907946 -6.753708 -5.495673 -2.915801 -5.838550 -6.928634 -6.839366 -11.088005 -4.366059 -12.513517 -7.266622 -12.618945 -4.652008 -7.849498 -15.310243 -11.776638 -8.019415 -5.434316 -4.337134 
-4.098003 -5.062435 -7.410649 -8.250248 -10.870604 -14.533780 -2.612770 -14.968134 -8.090108 -10.003620 -11.096824 -14.693531 -10.184131 -4.195332 -8.606895 -7.604152 -5.871046 -9.135354 -5.572659 -5.447381 -8.738657 -4.409105 -4.640743 -3.491702 -9.533206 -13.175256 -5.332926 -8.818615 -6.083397 -6.179247 -6.589163 -5.622698 -13.055569 -6.873990 -8.975905 
-3.850656 -5.908235 -7.069107 -8.153698 -5.207455 -9.005382 -14.178648 -4.827261 -10.867658 -9.641706 -11.496670 -8.801333 -6.217385 -4.042812 -8.306432 -11.891252 -5.980843 -8.893629 -8.925733 -5.451510 -6.370606 -3.056967 -5.025628 -3.095911 -7.871874 -7.089485 -5.400600 -10.837501 -9.298412 -20.659830 -0.923952 -7.727529 -5.877564 -9.450371 -13.960897 -8.090826 
-4.147126 -6.717233 -7.311037 -8.102645 -11.602242 -9.626596 -7.706507 -6.187238 -12.120955 -9.646338 -11.363811 -3.716855 -6.369660 -4.454222 -8.400128 -6.270040 -3.980362 -8.962814 -8.821797 -5.094436 -9.119573 -6.025372 -4.311481 -3.708110 -9.239754 -5.801150 -5.804069 -9.741793 -5.141094 -2.197929 -10.511215 -8.030050 -3.744011 -7.585654 -6.955557 -13.749894 -12.326106 
-5.186622 -6.541159 -7.915031 -10.285263 -12.256809 -9.084050 -6.412188 -6.214184 -12.173731 -9.041088 -11.704648 -7.138166 -6.409759 -4.005852 -7.694680 -10.475884 -5.374857 -11.057691 -10.734541 -5.428293 -6.588097 -10.780720 -6.218913 -2.927830 -14.545100 -12.381338 -8.580881 -4.171064 -4.719511 -4.215509 -13.231824 -8.653741 -11.368334 -12.333630 -5.571760 -7.961759 -11.511924 -14.899596 -10.328526 -5.916732 -7.499961 -5.614190 -5.901509 -6.562186 -9.096625 -11.764710 -12.342119 -6.547469 -3.670578 -12.019166 -14.811327 -6.993941 -4.542842 -4.769027 -13.394473 -16.503169 -13.613239 -12.649335 -9.138879 -11.547004 -10.866992 -4.324246 -9.314095 -11.372247 
-12.489299 -9.734552 -6.875974 -8.779098 -2.256111 -8.858531 -4.363240 -6.170345 -3.684732 -9.741542 -10.758473 -7.682337 -6.311156 -4.731805 -8.625176 -11.335695 -2.223716 -8.921242 -4.770431 -2.365343 -11.953489 -12.164741 -13.446188 -3.545830 -2.890658 -12.324512 -5.736586 -2.603854 -10.333357 -7.355267 -3.501311 -21.461131 -5.419440 -13.024343 -8.485247 
-18.860986 -15.968633 -5.570752 -6.147069 -2.047358 -10.503676 -5.981447 -5.434887 -4.811076 -9.708969 -11.106887 -7.979625 -6.967715 -1.179649 -3.373010 -12.247831 -4.551321 -5.515645 -4.358344 -13.836204 -3.685322 -7.283784 -7.770347 -5.400356 -9.010267 -11.931818 -9.446972 -3.509375 -4.517160 -11.547186 -6.074455 
-4.484802 -17.703881 -5.771438 -6.380495 -13.239447 -8.019769 -4.997806 -5.633641 -5.255421 -9.582983 -10.677462 -7.395818 -6.763131 -11.760554 -11.165127 -7.719200 -4.366550 -5.659884 -4.496773 -6.962394 -5.979701 -6.887731 -6.450679 -5.135932 -8.852087 -8.507823 -5.649741 -2.998473 -14.426045 -2.546110 -5.491512 
-6.053373 -7.160848 -12.943224 -5.468031 -3.543010 -11.243439 -6.541173 -15.235055 -8.154109 -9.616816 -10.459174 -7.392110 -7.701668 -12.538388 -7.890809 -14.322660 -4.441010 -2.242328 -7.115989 -7.676986 -9.123464 -4.656363 -8.054720 -5.135932 -7.106631 -11.200623 -4.564384 -12.466410 -5.560392 -5.216834 -14.383661 -7.824212 -8.997094 -6.134975 -4.353074 -4.634155 -6.578494 -5.814297 -3.870171 -4.899620 -7.416516 -3.802330 -8.779050 -5.761528 -8.631872 -7.374953 -6.232452 -13.973910 
-7.457812 -8.378722 -4.597668 -5.445396 -7.051859 -6.390465 -9.555234 -10.386039 -10.038907 -9.894886 -10.802885 -8.187917 -7.259452 -4.708070 -7.091251 -12.840604 -4.231959 -2.657854 -5.089719 -2.294539 -7.946931 -5.932836 -7.826970 -4.399731 -7.827803 -11.399233 -4.555162 -4.192711 -13.812352 -11.950330 -6.578576 
-7.200052 -4.899043 -6.319599 -8.215979 -10.709820 -22.691791 -6.267591 -7.274486 -13.481971 -9.570901 -10.848227 -9.153672 -7.341591 -10.656026 -7.954792 -14.583045 -4.050128 -2.997021 -10.525889 -12.897748 -7.762899 -7.337100 -12.007634 -4.399731 -9.622739 -11.325818 -6.587287 -4.977705 -8.355578 -5.677599 -4.042874 -4.961823 -11.069343 -7.667129 -21.895954 -3.862471 -7.035308 
-7.200052 -10.474348 -10.242933 -7.425771 -6.295754 -11.121256 -6.242847 -9.779033 -21.759145 -3.916414 -11.189004 -11.904062 -7.425271 -8.197385 -4.899344 -4.898014 -4.353596 -2.363130 -12.354804 -6.835276 -7.883245 -8.219673 -8.128416 -4.734780 -11.868646 -11.956365 -6.676050 -5.149991 -11.998111 -6.259637 -5.967645 -9.490768 -22.478795 -14.930410 -3.454194 -10.457945 
-7.200052 -11.445307 -6.031561 -7.885236 -7.250829 -7.887189 -6.278687 -9.383480 -22.021603 -7.573279 -8.840601 -9.732312 -8.222692 -8.915077 -4.921172 -11.676060 -4.398258 -2.551167 -11.562034 -9.816484 -6.689567 -8.664292 -7.817102 -4.465948 -7.422328 -11.375427 -12.872096 -6.690217 -9.109402 
-7.459049 -15.159228 -9.666985 -7.701446 -5.332855 -5.636764 -5.687660 -10.147884 -21.574188 -6.987290 -8.797073 -8.185639 -7.251725 -5.316938 -4.793695 -9.320002 -4.111666 -2.122197 -7.168489 -10.199421 -12.000208 -4.028270 -7.719010 -4.770306 -10.106366 -12.719422 -7.423774 -5.211662 -8.278673 -13.695856 -7.212592 -8.441707 -5.619135 -9.227899 -15.640728 -5.369321 -5.611298 -9.073469 -8.538726 -4.350615 -13.434444 -6.367688 -8.611082 
-13.709130 -6.234507 -15.293903 -8.024325 -14.689726 -6.726526 -4.912128 -9.349038 -6.832012 -6.607293 -7.238832 -10.179828 -7.934788 -7.878388 -4.916906 -10.452308 -4.254096 -2.689274 -12.194596 -4.200434 -11.915010 -4.214435 -6.214379 -4.545289 -7.354076 -7.120358 -10.656992 -9.108858 -6.869297 -1.679076 -22.406486 -5.921924 -10.767731 -7.590201 -7.026262 -4.955132 -9.526523 -11.570616 -5.113307 -4.254208 -9.431006 -7.805149 -3.921453 -6.799655 -3.403725 
-7.443604 -8.487137 -8.507559 -7.644346 -14.020492 -8.959523 -4.794623 -9.349038 -3.893770 -8.647270 -6.444376 -12.853656 -8.745572 -9.004588 -11.207253 -11.357489 -3.993057 -4.085763 -6.592605 -13.430650 -13.468197 -7.829405 -5.208018 -4.797910 -7.033704 -8.168470 -3.789686 -13.055866 -11.436627 -6.763948 -21.718045 -4.589870 -12.354691 -8.659133 -12.207320 -5.081672 -8.768728 -14.567622 -9.306614 -4.767089 -8.562945 -7.445714 -6.747361 -7.686306 -9.266993 -5.426338 -11.013216 -7.259512 -2.342026 -3.338013 -8.955354 -3.718106 -8.627159 -5.289205 -4.069920 -9.596273 -10.508805 -6.699975 -6.075586 -6.021391 -3.519178 -4.265222 -9.184261 -13.699700 -9.015875 -7.850967 
-6.266771 -10.086472 -8.098776 -7.783085 -9.219394 -6.399261 -4.326461 -10.357022 -5.155566 -9.263744 -11.984005 -8.726713 -1.494008 -11.569448 -3.580720 -10.574196 -4.777769 -3.930693 -8.094215 -2.366866 -5.659449 -3.877456 -11.223641 -4.223974 -10.732457 -5.848702 -6.836450 -5.807888 -9.313078 -13.278208 -12.708833 -4.698872 -17.618467 -14.715492 -10.877463 -4.929388 -8.388557 -12.835730 -21.428875 -8.466780 -5.713388 -8.967383 -3.442387 -5.931869 -11.319126 -9.681800 -5.553331 -6.897588 -3.979992 -11.944779 -4.471968 -7.415536 -14.416550 -11.069525 
-6.308938 -3.948404 -4.648701 -7.689829 -8.852475 -9.452978 -10.387858 -9.302463 -9.793311 -9.335613 -11.566785 -10.755552 -14.565876 -6.830637 -12.775716 -11.699568 -5.183944 -3.723429 -9.335261 -3.338198 -11.365072 -13.654912 -5.791003 -4.839097 -5.779228 -7.379431 -6.906848 -7.574838 -9.741012 -3.246065 -9.407617 -2.554521 -14.931776 -4.415620 -5.635496 -6.069702 -12.717021 -10.547084 -2.242994 -13.727425 -5.359408 -14.733903 -8.719430 -5.640716 -10.619400 -4.413865 -9.188199 -6.380507 -2.876810 -11.566040 -11.501481 -3.482142 -10.813824 -7.796495 -6.412875 -13.067522 -14.359789 -9.574079 -4.749388 
-4.503106 -7.057143 -6.110837 -6.822067 -10.332783 -5.498395 -3.353230 -6.644519 -3.785618 -10.854952 -12.575968 -7.952582 -8.675291 -6.579236 -12.824753 -3.312418 -5.183944 -14.489541 -9.221289 -8.799836 -3.284428 -11.812903 -2.776119 -7.247243 -4.746254 -9.593513 -3.674929 -6.361707 -11.151945 -10.511401 -8.084241 -12.887327 -6.051378 -8.685559 -9.404046 -6.816309 -8.690594 -2.943573 -22.625589 -11.480721 -5.308549 -3.486005 -7.666933 -11.953189 -14.705777 -9.832640 -4.823164 -6.304978 -8.312329 
-11.709688 -5.246546 -5.858714 -7.360817 -7.194307 -10.396504 -3.959105 -7.981367 -2.286792 -4.615986 -6.449199 -6.161409 -15.245415 -8.855344 -5.327623 -11.652368 -4.025239 -14.149265 -8.493578 -5.032471 -9.409274 -13.017039 -3.331626 -8.576810 -4.970222 -6.714772 -3.396782 -13.473241 -11.058810 -10.539663 -6.173539 -2.544316 -9.858271 -14.873948 -12.938619 -7.279350 -5.245494 -4.950886 -4.535271 -3.975816 -6.989360 -6.416463 -5.163789 -14.516077 
-3.905379 -14.883845 -12.775060 -7.318847 -6.797564 -1.236979 -7.570293 -7.282356 -5.086868 -6.271916 -7.072820 -10.536257 -6.215724 -8.580426 -8.680346 -12.658645 -12.070726 -6.053433 -6.690228 -3.857620 -9.076319 -12.142342 -2.952683 -8.225726 -3.406773 -7.337306 -3.456874 -5.248303 -10.826647 -10.617074 -4.475385 -2.503917 -5.612950 -3.233389 -3.261631 -7.222480 -7.954391 -6.699142 -11.776790 -7.186556 -7.922762 -5.152083 -8.160485 -9.244985 -14.646979 -8.748812 -7.931659 -4.679822 -10.071573 -6.428028 -14.441063 -9.344200 -13.471882 -4.540141 -3.714283 -7.249587 -5.300382 -6.061793 -3.714737 -6.907007 -4.843515 
-8.695103 -12.986310 -13.210871 -7.363830 -9.308018 -12.563304 -6.374749 -6.708477 -8.920564 -4.875986 -10.186700 -9.491638 -7.789830 -7.496685 -13.838812 -11.348568 -10.934927 -4.799518 -8.645531 -11.303755 -15.117392 -4.302116 -2.922731 -11.887970 -6.165866 -3.937074 -9.208846 -4.476740 -10.349712 -9.579641 -6.032142 -2.395486 -3.881844 -15.262635 -11.785771 -3.818746 -12.427100 -6.002715 
-12.312092 -8.539148 -12.608392 -7.604956 -12.058118 -7.165600 -12.239062 -21.679927 -8.488846 -5.719540 -7.060672 -22.918838 -7.398799 -8.552041 -6.084635 -5.156225 -9.421560 -5.173678 -2.799537 -4.421786 -7.020003 -3.050209 -2.659271 -7.940919 -6.922928 -4.156300 -1.849624 -5.119206 -10.527347 -11.046005 -9.789358 -2.451725 -11.918534 -15.373709 -8.153191 -12.922228 -1.318037 -4.830854 -8.248507 -5.880224 -9.160607 -8.058883 -4.317595 -13.055546 -2.585231 -8.726897 -8.227300 -11.593373 -5.359512 -6.893550 -7.677441 -6.717985 -4.671966 -8.004168 -12.816137 
-6.670307 -6.981770 -11.695381 -7.638260 -11.877348 -7.304631 -13.821456 -5.516788 -5.608078 -6.113482 -5.331249 -14.954771 -6.786600 -6.190341 -11.988245 -13.361346 -9.816241 -3.906296 -6.859375 -11.521183 -2.321450 -3.061550 -11.511938 -3.356640 -5.913304 -7.837805 -2.339593 -5.176485 -10.527347 -11.397711 -8.216621 -3.317528 -5.564511 -10.363918 -13.859958 -11.389975 -6.329266 -3.009307 -8.024830 -14.672469 -6.611797 -1.210933 -17.756475 -4.882229 -5.224935 -7.621483 -14.502384 -5.974761 -8.189495 
-8.179885 -5.567555 -11.698962 -7.854952 -12.009732 -0.702577 -7.489716 -6.565957 -8.141171 -6.906021 -3.523351 -9.159087 -7.230003 -12.344009 -5.714953 -8.529734 -12.923661 -11.336759 -8.672046 -3.568533 -5.450135 -6.782170 -7.542814 -6.915335 -6.459811 -1.691755 -5.808992 -8.767692 -10.255341 -11.455354 -4.144991 -2.448201 -18.258687 -4.044921 -4.653016 -10.515658 -4.082519 -7.339262 -3.407755 -13.508200 -4.560494 -3.471559 -11.474336 -11.999584 -1.846348 -5.072865 -5.216264 -14.613544 -2.654278 -10.417763 -13.259790 -5.784262 -6.128605 -3.968377 -12.253380 -7.091352 -6.689777 
-7.341536 -8.369278 -11.000005 -7.918155 -7.820526 -2.505690 -4.038254 -6.625618 -5.620175 -9.996783 -5.981410 -12.421948 -20.845918 -5.379050 -2.232757 -8.842300 -5.167710 -5.013721 -9.525742 -4.041353 -9.247332 -11.743958 -4.623221 -3.509873 -10.740723 -8.031970 -5.305024 -8.852602 -10.313061 -10.756424 -13.225101 -22.222640 -4.154588 -12.004027 -5.465809 -13.939533 -2.196329 
-7.513986 -4.688335 -9.633164 -6.952232 -6.591845 -8.728357 -4.010260 -7.741862 -6.050045 -9.562278 -12.503461 -8.506968 -7.087952 -6.281331 -2.448809 -7.338356 -5.417742 -2.434234 -11.622324 -7.122074 -9.419365 -13.581640 -4.717406 -2.739391 -14.139095 -3.145199 -5.195594 -3.782440 -10.043433 -10.596684 -6.559781 
-7.947036 -12.055043 -10.274718 -7.265337 -9.303754 -8.970149 -3.008081 -6.303103 -3.122396 -6.142734 -8.114545 -6.190424 -5.529217 -5.124429 -3.075381 -4.530135 -5.554036 -6.002210 -7.910877 -3.558358 -6.438208 -6.460777 -7.217437 -13.097423 -10.905203 -3.445226 -4.873010 -5.987111 -11.947154 -2.912405 -9.985014 -5.394758 -11.919707 -12.687929 -5.348038 -11.769147 -7.380804 -12.355350 -13.523597 -5.188659 -9.496298 -4.225883 
-5.755585 -4.679846 -10.243274 -8.452157 -12.718014 -4.135009 -4.121542 -8.954336 -6.143578 -6.229496 -5.119006 -8.964410 -5.014451 -4.364946 -2.598803 -3.342134 -5.349506 -8.863053 -11.259699 -10.797423 -4.155585 -8.411229 -5.315992 -7.344764 -15.617978 -2.819180 -7.126686 -12.614053 -11.197765 -1.361849 -7.273013 -13.598239 -8.893754 -12.322038 -6.495530 -5.781377 -4.187727 -11.502059 
-3.463420 -2.765846 -10.306408 -8.745063 -13.473878 -7.377012 -12.899804 -8.530552 -5.037414 -6.553677 -4.918601 -4.172329 -5.310163 -4.881847 -2.408672 -8.925921 -5.700578 -7.881576 -7.220120 -11.344435 -5.394339 -7.953827 -4.717110 -13.769294 -14.787569 -3.732622 -8.920107 -11.804203 -5.464210 -11.347435 -4.848361 -3.052861 -7.940789 -12.989158 -12.374825 -13.634248 
-6.035612 -4.282866 -10.630157 -7.393981 -4.059143 -6.029361 -8.070901 -9.683354 -4.177526 -5.967315 -4.729281 -8.656262 -4.893377 -7.624926 -3.200988 -8.347543 -5.857040 -12.202634 -5.888649 -3.081231 -13.207450 -12.393127 -3.539070 -6.515099 -15.423768 -15.105422 -9.193890 -11.877491 -10.214841 -10.733194 -5.675877 -8.870335 -5.348356 -2.838674 -7.582578 
-5.918249 -13.608105 -10.651615 -9.498212 -7.007448 -10.229711 -6.402678 -5.456606 -11.588225 -11.320754 -3.599616 -7.684109 -3.900069 -5.551094 -3.319197 -8.306746 -5.431814 -3.082842 -4.916354 -14.076079 -6.759566 -11.963190 -3.873778 -8.885503 -14.383411 -4.977911 -6.559117 -10.989253 -3.813398 -11.671670 -3.131475 -12.138403 -3.700807 -9.294484 -8.519946 -2.917646 -5.262257 -3.450514 -12.463909 -5.477877 -3.993501 -13.908253 -8.382526 -7.949543 -5.233301 -7.470485 -10.227380 -4.655916 
-4.164654 -3.682457 -10.356698 -7.766573 -6.935160 -5.138846 -7.488063 -6.562642 -12.995183 -11.348313 -3.892047 -3.221456 -7.235089 -4.672817 -3.789038 -6.739005 -4.608838 -6.194061 -14.118262 -12.679086 -6.902978 -12.503635 -6.923874 -6.391956 -11.991709 -4.140236 -8.063091 -8.685568 -4.329281 -8.946759 -2.404629 -8.984490 -10.351325 -8.787764 -10.192655 -10.541767 -5.320100 -2.448338 -11.260711 -12.669860 -12.077704 -6.193551 -7.571128 -7.228004 -4.586035 -13.343756 -12.059226 -5.646201 -8.630768 
-2.405297 -10.929424 -9.391241 -3.992978 -6.297833 -7.783343 -7.940661 -5.861840 -6.542411 -10.285534 -2.483144 -11.186732 -7.232726 -6.801725 -3.649541 -12.654581 -12.058210 -8.434048 -4.322654 -10.376112 -4.048439 -4.307782 -14.014535 -8.957327 -4.808832 -6.617314 -3.320399 -8.780779 -6.955292 -4.020306 -9.918852 -2.218965 -8.432836 -12.619814 -9.487649 -7.457291 -11.830024 -12.288003 -8.527912 
-7.971424 -7.300563 -8.524041 -5.616304 -7.886638 -9.300121 -7.450121 -6.189900 -5.685846 -10.137835 -6.608235 -9.774213 -7.127030 -3.412887 -4.125993 -6.302229 -0.957441 -9.723606 -9.046904 -4.683828 -3.708520 -7.580342 -13.199936 -4.098705 -8.796475 -1.982996 -14.759225 -3.956361 -9.958431 -3.718442 -3.153458 
-3.551666 -2.883710 -2.222439 -4.763909 -8.248163 -9.219692 -13.363905 -8.002282 -4.872065 -3.123090 -3.052908 -5.977477 -8.417553 -3.411259 -5.562741 -9.280207 -3.334631 -11.483123 -8.837097 -7.121945 -9.758795 -14.442428 -1.254648 -4.347366 -8.522617 -10.772784 -8.822787 -6.054726 -10.127311 -6.603525 -7.466340 -13.280204 -12.439469 
-3.467673 -9.954954 -6.174040 -1.908297 -7.709017 -9.196748 -5.743983 -11.084345 -11.412108 -8.611891 -1.959320 -4.415887 -12.948341 -2.103383 -4.765850 -2.669276 -8.435378 -4.295971 -12.243300 -3.822403 -7.547810 -10.164288 -9.564616 -4.484519 -12.008095 -3.027419 -8.849728 -7.819879 -7.599596 -9.329478 -7.891911 -4.011328 -10.582389 -12.064958 
-10.106310 -7.176947 -6.098958 -5.092493 -3.334874 -9.196748 -3.597109 -7.993810 -8.756969 -5.644559 -8.849728 -6.474857 -10.496280 -3.766025 -4.517709 -10.741979 -8.947008 -6.152986 -8.068151 -2.665876 -5.014999 -3.237633 -4.843701 -4.432925 -12.962639 -3.499441 -12.346171 -3.092611 -12.015508 -9.826085 -9.241957 -8.859989 -7.218073 -9.164281 -4.149647 -12.431499 -10.356347 -8.364816 
-11.041935 -15.244598 -9.305358 -10.664888 -4.086191 -10.203842 -6.289703 -3.957006 -11.066417 -5.901379 -8.319198 -20.110431 -11.231243 -3.325048 -5.038151 -0.793460 -8.621109 -5.646083 -7.489908 -3.134478 -12.419297 -10.636348 -2.965936 -11.585481 -8.519562 -10.581793 -7.246485 -4.257734 -12.231227 -4.828019 -3.974746 -10.721658 -9.537508 -3.028447 
-10.984185 -2.807934 -5.254481 -6.203208 -5.572320 -15.469017 -10.777868 -3.936797 -13.099294 -7.646068 -9.071203 -7.435140 -9.095035 -2.875375 -5.116488 -11.066433 -4.019330 -10.536788 -7.370860 -2.633752 -12.242633 -1.652837 -3.027524 -6.055177 -13.074193 -10.883940 -3.716645 -9.086339 -9.636283 -9.523383 -9.508959 -6.886819 
-10.762694 -3.127708 -6.423551 -8.794204 -6.420197 -5.368292 -1.866014 -5.171718 -2.322739 -10.447064 -9.031590 -6.400748 -11.077955 -3.017551 -4.812928 -5.076457 -4.415962 -6.139095 -7.605694 -2.287823 -12.187860 -2.344195 -6.553510 -9.406204 -4.607933 -11.611205 -4.882274 -15.097410 -13.800788 -10.259322 -6.167248 -2.432713 -7.326743 -9.205937 -11.405631 
-13.160883 -8.136451 -2.879873 -12.350655 -2.746703 -8.298367 -6.866551 -14.193833 -7.287588 -10.202166 -9.409900 -9.458363 -10.802073 -7.967992 -4.722256 -4.392406 -7.092738 -6.196729 -7.853025 -3.385439 -11.730859 -5.019047 -12.567555 -12.919472 -4.547669 -4.939624 -3.957384 -5.220630 -9.550970 -4.370462 -11.005027 -7.632781 -5.203923 -8.422965 -2.590207 -12.108931 -9.718880 -14.679533 -8.032791 -6.982384 -4.441369 -1.930308 -3.892891 -3.550120 -4.683653 -8.763759 -12.743350 -11.466593 -13.187207 -9.107966 -9.209508 -5.041401 -5.195154 -10.983686 
-14.244412 -6.566123 -7.188713 -12.016590 -7.200911 -9.423583 -7.978706 -12.006345 -5.906061 -10.241272 -9.337191 -4.903770 -10.457346 -7.550689 -5.173616 -5.597254 -1.716858 -13.845047 -8.236142 -3.278947 -11.642785 -4.079738 -10.373753 -12.850648 -4.495383 -4.445252 -9.198647 -3.007957 -13.438076 -6.339271 -4.269557 -3.740646 -3.920121 -10.969173 -11.945833 -4.497643 -9.963229 -8.038031 -7.091353 
-16.721459 -11.969984 -5.905732 -9.872248 -6.594487 -14.394814 -8.522931 -9.309441 -5.065633 -10.109624 -8.073388 -4.308821 -3.804030 -10.031901 -4.454626 -3.965774 -12.648134 -7.280015 -8.231854 -2.821925 -11.943938 -3.776058 -5.878691 -8.647081 -4.317727 -4.465388 -14.351957 -10.418302 -5.747165 -8.251785 -7.190577 -6.850866 -1.082327 -3.895525 
-17.333857 -7.666047 -2.254440 -15.703313 -8.790708 -2.669941 -8.197388 -9.309441 -5.167527 -8.396917 -8.691771 -4.076409 -18.783468 -6.649858 -4.835003 -5.230401 -1.607240 -6.028980 -8.871820 -22.899101 -11.942864 -2.203902 -14.871093 -3.118741 -3.657017 -10.087685 -11.332074 -9.655231 -5.933034 -5.747338 -7.488093 -12.979114 -22.721003 
-11.194711 -3.671144 -1.103148 -19.305585 -10.251970 -2.059015 -5.226588 -9.309441 -9.289819 -7.191749 -6.049284 -4.362906 -5.026645 -3.369971 -4.750843 -7.077367 -10.553991 -10.916518 -8.319392 -7.359990 -11.491780 -4.920129 -10.915539 -10.852194 -10.220199 -9.019983 -5.367347 -6.860764 -5.747413 -4.848541 -7.415551 -7.749871 -3.875411 -10.670875 -11.848226 -6.256477 -14.611002 -11.720029 
-11.561967 -6.631133 -10.975092 -8.521043 -2.974675 -2.378668 -12.856349 -9.752562 -4.214655 -7.892490 -5.012107 -3.533781 -15.873389 -4.917378 -4.405959 -18.149002 -1.665494 -3.679498 -8.510505 -7.443001 -11.423718 -11.508124 -7.558739 -4.493505 -10.663376 -6.085696 -12.479069 -6.124694 -5.561422 -11.004957 -8.479940 -12.981296 -11.684472 -1.928473 -8.563624 -14.794449 -3.618541 
-3.316425 -1.863724 -11.306744 -3.944418 -2.797123 -19.761231 -5.492775 -10.142889 -6.318620 -7.788205 -2.736412 -3.898975 -7.961500 -3.442867 -4.410891 -4.824327 -11.796845 -3.972675 -7.879720 -6.342830 -11.187841 -22.243133 -4.042170 -7.077074 -9.044742 -6.103462 -5.594491 -14.393724 -6.500352 -4.760158 -11.568588 -7.456245 -7.271347 -11.654222 -12.969729 -16.792660 -3.587867 -14.975121 -13.697841 
-15.033479 -10.592243 -10.809506 -7.513672 -3.129752 -6.096603 -8.595218 -8.924188 -7.177189 -2.287506 -6.352768 -8.907447 -8.514798 -1.871202 -3.677154 -6.498422 -1.831851 -5.423192 -8.703822 -11.251965 -11.881407 -7.015848 -4.140835 -4.544053 -8.297593 -3.432689 -1.869530 -6.941988 -10.251130 -9.124146 -12.246397 -3.857878 -8.838781 -4.734791 -5.567695 -11.857842 -9.034116 -13.339770 -6.259453 
-11.889399 -3.028890 -10.974619 -9.902357 -5.168749 -8.526962 -7.708987 -9.543175 -8.288260 -4.892484 -4.773408 -8.603682 -8.362745 -5.225984 -3.379846 -8.562352 -7.107275 -4.432292 -8.326108 -11.626551 -8.375229 -2.441368 -4.180322 -10.507975 -7.198209 -4.124914 -7.476894 -5.826453 -11.471550 -7.572847 -12.353339 -9.253514 -10.462293 -7.344615 -2.829396 -4.994080 -13.002774 -7.704529 -8.337354 -7.628078 -7.979972 
-1.857180 -9.530838 -11.273007 -8.694068 -5.910910 -8.921483 -8.535627 -8.072824 -3.603231 -2.868146 -6.933834 -10.199395 -11.782703 -8.196616 -3.164470 -14.403719 -7.107275 -5.744355 -8.312513 -5.125740 -11.592830 -6.115531 -8.178669 -8.063644 -7.038919 -2.936773 -7.778436 -9.698762 -6.636443 -10.702433 -8.044548 -3.518534 -8.320586 -8.384300 -2.767179 -5.869696 -3.952119 -6.240188 -2.429374 -4.545046 -10.491978 -6.471871 -9.926851 -11.032192 -2.147676 -10.067048 -10.630208 -15.196070 -4.816347 -11.732261 -5.360569 -8.659448 -12.444561 -13.045500 -14.439991 -6.647662 -3.922430 -5.447392 -5.418035 
-2.816655 -6.615528 -10.557283 -8.886588 -10.138534 -9.250611 -4.378222 -8.197517 -8.981625 -2.613703 -4.614632 -10.955819 -11.719490 -8.129057 -3.167181 -15.278944 -7.899459 -10.207992 -8.496901 -8.512651 -7.590778 -7.399260 -6.762033 -10.837176 -6.870049 -3.304700 -1.507988 -11.694113 -6.678613 -12.355440 -10.856827 -3.831218 -5.164290 -5.842021 -5.677165 -14.175726 -11.211829 -6.667251 -1.339029 -14.955713 -10.360207 -6.282271 -9.743898 -9.923163 -0.939749 -5.948402 -11.096886 -12.066640 -11.725734 -8.536308 -4.891007 -1.931387 -4.538716 -5.034362 -12.752437 -9.374471 -14.952755 -13.286747 -6.640591 -15.470169 -11.410982 -3.872226 -6.922866 -5.906105 -19.780014 -10.749001 -4.763098 -9.486929 -6.743422 -1.761493 -4.867191 
-6.802408 -1.501449 -7.485234 -10.661412 -12.419655 -7.004243 -3.774890 -9.130155 -17.221756 -3.571877 -4.473576 -7.030211 -11.982137 -9.857030 -3.736150 -10.294050 -3.344776 -5.056945 -8.560959 -8.261676 -7.565215 -1.997662 -5.393230 -11.629289 -11.773223 -5.112176 -4.417355 -5.123012 -5.244106 -18.275577 -6.175963 -8.753895 -6.797987 -9.633968 -7.374109 -10.339448 -5.165353 -14.128061 -4.269240 -10.728779 -2.072843 -4.189385 -4.492665 -10.410655 -4.675757 -3.057560 -11.190237 -8.370805 -6.453526 -13.616121 -7.104653 -6.879582 -8.392541 -13.761995 -3.412861 -11.749474 -6.264930 -13.454816 -3.946269 
-7.900097 -5.808124 -5.020571 -4.618738 -10.421129 -7.663795 -11.366554 -3.747496 -5.383880 -8.167194 -5.713937 -5.666349 -7.512378 -4.977611 -2.646828 -10.253306 -3.808372 -4.383028 -8.045040 -8.346971 -4.769307 -9.903473 -6.157386 -4.930461 -13.352958 -6.623204 -4.508203 -3.029576 -13.820804 -3.037814 -7.900116 
-5.879803 -5.549763 -4.678305 -3.544501 -7.330361 -10.540868 -12.865966 -11.621003 -6.311080 -8.168597 -3.027111 -9.676299 -5.452458 -9.008607 -2.256304 -7.090822 -4.103509 -4.393774 -8.720682 -9.061497 -11.173953 -9.903473 -5.732945 -5.695182 -4.523004 -13.226473 -10.257242 -6.961816 
-3.179204 -5.376705 -4.315863 -4.680395 -6.020723 -8.725116 -7.663819 -10.061183 -12.603809 -12.176962 -15.269998 -6.901760 -5.634674 -13.790781 -2.389827 -10.989185 -4.039118 -7.751878 -8.654801 -4.934652 -11.172883 -9.504916 -11.170798 -7.478178 -7.264228 -14.631749 -4.312986 -4.978743 -9.239222 -14.380328 -8.933319 -12.287713 -14.150144 -4.227939 -7.802258 -5.744740 
-11.654955 -5.485624 -4.569033 -4.370879 -7.493360 -5.537369 -7.750529 -7.292307 -8.496126 -11.939522 -11.493165 -4.357768 -10.638637 -5.185541 -3.574039 -4.144303 -4.004696 -11.791597 -15.744314 -5.685972 -11.257315 -9.623300 -17.318396 -11.244164 -10.109330 -8.759833 -3.326071 -15.993084 -12.641192 -9.589812 -4.546669 -7.414304 -9.207943 -4.846106 -7.174992 -12.441704 -13.615375 -9.150743 -10.153050 
-4.712283 -14.357264 -4.628474 -10.532982 -2.668867 -10.599773 -8.077869 -8.651311 -13.676989 -4.380672 -11.329335 -7.607355 -11.151150 -8.523551 -2.424722 -8.651930 -4.563921 -5.615298 -13.547756 -6.204405 -11.364085 -9.160371 -11.466553 -12.494154 -10.060024 -6.882797 -12.093138 -16.655792 -12.156454 -5.485576 -6.208323 -11.661065 -3.889242 -4.833374 -5.267827 -5.199172 -1.797667 -11.796648 -6.394346 -9.695485 -5.592111 -8.073803 
-12.817874 -4.957155 -4.090712 -9.022093 -1.811656 -5.803234 -7.335169 -8.576548 -4.004753 -11.818771 -6.729643 -7.875926 -7.500685 -7.645718 -2.042241 -11.106561 -5.787911 -3.243952 -4.721896 -6.066924 -6.774753 -8.820270 -14.925053 -3.507321 -10.458001 -7.267300 -7.691393 -12.021953 -3.823406 -5.265799 -9.041451 -7.024523 
-12.383338 -5.219600 -3.940374 -6.984670 -6.693093 -12.988759 -7.305031 -8.711388 -6.471919 -4.669324 -6.432460 -12.689749 -12.518484 -9.109668 -12.303998 -11.283483 -6.742898 -11.938053 -7.132233 -7.199243 -11.401129 -9.439316 -7.551544 -5.408339 -10.851525 -7.946243 -6.167250 -4.292018 -3.755504 -15.055390 -8.084617 -8.468392 -11.778787 -5.544475 -5.742046 -5.462036 -5.700630 -11.873070 -5.721064 -3.519209 -6.065509 -6.076097 -6.331541 
-8.486319 -4.673465 -3.313625 -3.091117 -5.624103 -6.664869 -7.070436 -8.376057 -3.669292 -5.172589 -6.595706 -9.784035 -12.397875 -5.081643 -11.469424 -11.205119 -8.105813 -11.976751 -11.693868 -4.941756 -11.207377 -9.813318 -5.035341 -6.066811 -10.287143 -11.702530 -11.655570 -10.821064 -5.249154 -6.617034 -7.671328 -14.194106 -8.522225 -6.354482 -7.795084 -12.837812 
-7.417468 -4.495601 -3.192855 -11.301533 -12.633545 -7.653976 -8.301527 -8.358881 -6.050408 -6.667998 -6.230971 -8.241705 -10.530748 -7.095418 -10.407285 -5.492634 -22.548991 -11.455172 -5.605724 -3.044253 -10.049405 -6.278925 -18.994360 -4.747484 -9.663243 -10.098782 -11.714863 -10.520164 -7.226777 -3.806898 -12.309974 -5.784866 
-8.112723 -4.064644 -3.037623 -7.483223 -8.608534 -4.868391 -13.816897 -8.169569 -6.314240 -4.659955 -11.621354 -6.898253 -1.315481 -13.649843 -10.304526 -6.367878 -21.523878 -11.792213 -6.160601 -2.901700 -5.522741 -9.107105 -13.920148 -8.495457 -9.348993 -7.136320 -3.687908 -3.834990 -4.460444 -10.040951 -11.604125 -1.258002 -3.148575 -7.615395 -13.405107 -4.180059 
-13.752188 -11.154524 -3.012508 -4.355882 -2.986486 -4.588946 -7.777261 -8.059223 -11.918812 -2.896111 -11.099500 -12.371258 -15.296823 -13.518769 -9.729112 -7.074742 -7.499285 -6.160487 -6.353877 -2.779126 -7.707311 -8.086672 -3.436820 -3.391063 -12.093184 -7.590982 -7.872530 -4.562347 -8.681939 -19.521681 -5.770774 -6.984873 -8.990856 -12.451633 -12.077178 -8.695628 -10.241606 -7.977919 -3.023469 -12.409074 
-2.068791 -8.247346 -3.065457 -10.550490 -10.063800 -6.006447 -8.216149 -7.675600 -7.401906 -9.537950 -12.111211 -7.342540 -5.775006 -5.116006 -9.814732 -5.476391 -7.377943 -8.852528 -15.517905 -2.822596 -7.539999 -8.038470 -12.787431 -7.653228 -5.535681 -5.266049 -11.832426 -4.137239 -2.995550 -6.305547 -11.744179 -5.940739 -7.006725 -14.113738 
-3.754153 -8.194163 -10.523067 -4.288302 -8.067489 -3.153726 -9.349919 -8.440266 -7.523410 -5.528032 -3.891636 -7.993666 -8.361890 -10.414880 -10.216375 -4.446989 -7.542366 -5.989999 -9.647926 -3.085679 -3.582637 -4.231628 -6.721005 -7.988340 -5.741313 -3.946551 -12.666649 -3.423902 -2.982501 -12.568321 -3.230079 -11.195831 -2.814537 -22.355173 -14.277238 -12.236254 -5.622652 -13.681030 -6.141768 -9.562905 -3.084973 -11.777512 -2.372744 -12.840945 -8.534358 -9.655764 -9.312393 -6.366350 -5.241865 -6.528982 
-12.135498 -7.976550 -8.883497 -6.100543 -8.727781 -5.157740 -7.295019 -9.293734 -9.597599 -11.340642 -11.296961 -7.958546 -10.811864 -4.167464 -3.617119 -4.924152 -7.704404 -10.074215 -11.109532 -12.118816 -2.375571 -2.972763 -3.305163 -1.509904 -5.822819 -9.895164 -5.969168 -4.110431 -8.403603 -6.026000 -0.934269 -8.768045 -12.104398 -4.295557 -14.598176 -11.754933 -11.027451 -8.056619 -10.422726 -4.751180 -9.724361 -6.990480 
-6.374124 -8.096768 -8.877240 -8.124252 -11.750114 -10.342585 -7.522173 -8.321191 -5.512352 -11.083194 -9.199694 -8.016818 -11.781271 -11.967265 -10.048762 -4.146714 -7.132008 -9.494919 -10.148705 -5.695154 -4.616465 -2.918217 -3.216752 -6.630296 -12.589294 -7.311330 -7.732107 -3.655355 -9.969143 -4.986614 -1.062803 -10.927329 -15.058519 
-5.830426 -7.560011 -3.706471 -3.729754 -10.899660 -10.609456 -5.281348 -8.351336 -8.516696 -8.625277 -7.736838 -9.919153 -10.430792 -11.158396 -5.000364 -12.923873 -9.344213 -11.437885 -5.847656 -6.537253 -3.233165 -2.953552 -3.234977 -9.509764 -7.324804 -13.985076 -10.009647 -9.910474 -8.783903 
-9.433276 -7.850079 -3.717181 -5.133871 -11.659517 -10.349151 -8.813929 -8.366014 -22.137703 -2.409016 -6.749551 -4.130376 -11.130535 -7.395509 -4.665721 -7.512257 -6.574241 -2.623176 -3.588700 -7.040721 -5.599759 -11.752491 -3.519521 -9.559974 -4.392899 -9.456339 -5.292194 -11.552965 -5.043696 -7.742421 -9.519121 -14.626891 -9.044524 -10.463540 -7.217849 -8.479610 -6.833105 -7.335379 -3.940270 -4.154730 -13.346619 
-9.557093 -7.797266 -3.572467 -10.759751 -11.659517 -10.349151 -8.012946 -5.259808 -12.370281 -4.618450 -6.976090 -4.632759 -10.106000 -6.686709 -3.915864 -8.059358 -5.867403 -2.856223 -4.818045 -6.085274 -5.234503 -10.240228 -3.488637 -6.881013 -12.427764 -4.078628 -3.708531 -4.052244 -9.876991 -12.530996 -10.278123 
-9.589384 -6.732021 -9.735423 -4.204115 -11.659517 -10.349151 -7.686288 -9.298652 -8.646902 -9.031353 -8.175653 -7.742447 -10.426596 -13.375455 -4.144993 -12.358471 -5.637133 -2.763173 -2.911697 -3.921378 -5.949802 -1.134978 -4.458475 -6.216127 -10.655773 -9.532149 -11.728550 -3.336575 -6.388315 -11.844566 -3.151632 -7.467426 -8.442584 -8.905656 -14.731776 -13.201047 -13.884704 -2.612792 -12.631015 -11.698491 -3.583595 
-9.225305 -6.794745 -9.364679 -13.931549 -11.905231 -10.256260 -8.257644 -12.693553 -8.423476 -7.993994 -7.714309 -9.049970 -4.409250 -8.991200 -3.998125 -11.915874 -9.072663 -10.136271 -7.476571 -3.771724 -3.186863 -11.928160 -4.194946 -6.273400 -3.643049 -7.880773 -4.481490 -6.340867 -10.775027 -10.523586 -10.585827 -8.104470 -5.461119 -2.835708 -12.720559 -10.568264 -2.454069 -1.600387 -11.647914 -13.995005 -13.558458 -8.074194 -9.717499 
-7.035135 -6.643765 -3.882169 -6.137761 -11.751827 -10.137370 -7.875004 -6.412812 -7.987490 -4.791087 -9.269794 -9.330196 -9.441350 -7.506312 -4.445707 -11.387651 -11.879834 -10.144938 -5.350072 -3.972944 -3.209218 -8.232448 -3.731559 -7.015922 -4.760886 -8.952836 -6.885132 -12.681409 -8.092341 -10.700389 -2.897888 -9.186906 -5.444636 -12.498275 -7.572325 -10.899687 -2.894314 -3.856598 -4.999865 -12.336851 -16.507298 -13.378294 
-8.209697 -6.529502 -10.356200 -9.098468 -11.665565 -9.961551 -7.503437 -6.359147 -15.217206 -6.083702 -8.442394 -8.214293 -4.766913 -5.073339 -10.169846 -9.306176 -11.682719 -10.789390 -5.930867 -4.092546 -3.488369 -5.965340 -5.440993 -6.548058 -3.823760 -8.121662 -4.521184 -5.791448 -3.896190 -11.605803 -5.054245 -11.740329 -12.733201 -7.943335 -13.978775 -5.248475 -4.513297 -3.627933 -5.674393 -3.771582 -11.241813 -4.420943 -4.818457 -12.701478 -5.517628 -8.603698 -22.787592 -6.410207 -3.959312 -5.311377 -6.601780 -5.725862 -3.659214 -6.096215 -22.250843 -6.853154 -5.707514 -10.125417 -2.054743 -3.453718 
-6.475383 -13.346977 -8.752264 -10.644735 -11.652333 -9.689015 -8.183991 -8.097846 -13.256658 -7.332664 -10.558805 -9.577043 -4.741774 -8.742259 -5.094305 -8.431710 -6.322374 -10.064799 -3.481728 -3.804875 -3.358114 -18.817113 -3.077300 -6.879329 -4.106796 -11.353464 -5.497142 -6.115205 -4.673438 -11.130926 -5.729439 -8.987082 -7.834265 -3.460775 -6.665224 -9.490670 -10.696789 -8.311956 -22.212919 -6.929143 -8.907713 -12.725337 -10.731818 -3.218184 -4.590550 -9.140970 -8.437732 -8.731363 
-9.280542 -6.907618 -13.104616 -2.086883 -11.414947 -9.826430 -7.883047 -9.030674 -9.026838 -6.379314 -10.119053 -5.045739 -4.222992 -6.671756 -5.651008 -8.435448 -14.276972 -8.105909 -6.257807 -3.630774 -2.961088 -8.124266 -5.912076 -10.545239 -7.897993 -4.296324 -9.618390 -2.309533 -4.233144 -10.236406 -6.216119 -10.078594 -2.313864 -9.147473 -6.494803 -13.069993 -2.368645 -11.509373 -2.816411 -11.297705 -7.894967 -6.778719 -3.607010 -4.665837 -11.583990 -4.531012 -2.434388 -13.219222 
-6.734171 -1.555561 -10.043536 -9.364473 -11.115699 -9.963344 -7.981685 -14.257224 -6.178938 -6.388849 -7.951912 -10.709247 -3.458531 -8.521647 -6.173198 -11.411432 -10.382435 -6.459338 -11.097430 -3.451501 -3.052581 -12.546484 -6.516128 -3.547362 -5.538153 -8.899545 -5.230610 -4.862117 -4.726247 -14.003554 -5.409177 -9.319173 -3.103021 -14.006711 -3.116100 -1.416061 -14.873858 -4.602007 -6.254852 -7.605547 -12.016083 -4.883986 -6.157418 -13.967317 
-19.340660 -11.781443 -15.109820 -8.917923 -10.744335 -9.729946 -8.062049 -10.115261 -2.992601 -10.072028 -14.315864 -6.780055 -4.211701 -8.420812 -6.262421 -9.876889 -10.145308 -6.530941 -12.197852 -3.423120 -8.859976 -6.489191 -3.444427 -3.029405 -3.854227 -6.484796 -5.139996 -12.616882 -4.741293 -8.795134 -5.381095 -14.918613 -1.789209 -10.484720 -3.416099 -4.950491 -7.203730 -1.967992 -6.878403 
-21.924777 -7.509043 -5.972957 -5.093420 -11.029830 -9.966801 -8.181826 -3.733889 -11.382238 -5.183611 -5.490526 -6.304128 -3.865246 -7.607357 -9.555715 -9.128259 -6.322333 -11.758997 -8.622934 -3.248614 -2.057009 -1.464637 -5.057646 -2.678977 -7.671326 -1.596577 -8.670454 -15.153075 -8.338377 -3.549341 -8.819793 -8.765353 -8.132672 -12.133438 -7.188434 -3.756775 
-3.796263 -6.336287 -7.154741 -2.559431 -11.956228 -9.799177 -8.186673 -6.745698 -2.827858 -4.758728 -9.899237 -3.808427 -4.202710 -9.262550 -8.233813 -12.965049 -22.132740 -6.821915 -8.715883 -11.754277 -13.272634 -10.863067 -4.475082 -2.745411 -3.383243 -6.709831 -13.291917 -8.754306 -12.146265 -12.413408 -10.920472 -7.156932 -1.524719 
-9.473527 -6.295658 -7.645559 -5.172733 -11.237381 -9.305944 -8.740015 -12.941721 -3.236361 -8.756662 -12.975755 -2.923923 -5.640327 -11.979725 -7.651979 -5.990589 -22.443408 -5.980084 -10.246662 -6.361328 -4.992865 -10.911669 -2.408340 -12.515356 -4.332709 -5.124557 -10.141531 -11.923215 -4.262402 
-8.537585 -4.770439 -7.751071 -7.582763 -11.390170 -8.349730 -8.102719 -8.336994 -3.294347 -6.509774 -10.625430 -2.876176 -6.412496 -14.182053 -11.568323 -7.728895 -4.120163 -5.756364 -11.115888 -11.994140 -7.752882 -9.967152 -6.781769 -22.821208 -3.721835 -4.509167 -5.229867 -11.411077 -5.284429 -7.235294 
-10.062292 -7.353544 -10.698946 -8.281702 -12.772055 -8.042789 -8.078168 -4.848882 -3.539931 -11.826497 -5.926843 -3.557234 -6.921541 -7.056585 -11.096061 -9.091463 -7.704058 -4.893357 -6.122487 -10.830402 -2.751431 -10.391431 -2.373426 -7.562483 -4.460639 -11.606236 -8.954161 -14.036736 -3.818607 -13.358529 -8.903792 -5.544926 -10.898949 -3.713470 -10.050485 -6.950750 
-9.027931 -11.006385 -12.226967 -8.186070 -8.198818 -9.179254 -8.413838 -8.885391 -2.687604 -6.665249 -2.169904 -3.339715 -7.484122 -11.906478 -5.263284 -9.238406 -8.230274 -6.310157 -9.220327 -11.769010 -3.561366 -9.828443 -4.835015 -3.352595 -3.865002 -7.427754 -8.255141 -4.504600 -2.788706 -7.519773 -9.118070 -5.446165 -4.968373 -10.535378 -14.071838 -11.341143 -7.094413 -11.616972 -15.050133 -11.097282 -14.022833 -5.732391 -1.931878 -9.807342 -14.369785 -2.080123 -7.819079 -12.016189 -1.947036 
-3.231915 -5.401005 -8.696247 -8.892870 -7.027491 -5.935394 -7.858358 -4.785747 -5.985844 -8.371711 -5.223770 -10.527663 -8.590682 -6.332911 -5.976334 -12.173264 -6.552556 -9.513092 -9.240278 -2.555315 -3.998489 -6.838940 -1.958495 -12.957260 -4.366682 -11.522464 -5.222866 -5.696418 -11.978516 -5.762681 -9.041839 -11.892922 -5.406156 -7.762442 -7.780206 -10.731504 -14.658736 -6.932389 
-3.557334 -7.752086 -11.088560 -7.491546 -11.073402 -14.072189 -7.923765 -5.157146 -11.372833 -10.780657 -12.510292 -8.083228 -1.703319 -19.604085 -4.642415 -8.470694 -9.868918 -5.512069 -8.931049 -10.045305 -3.907594 -2.396539 -11.234458 -8.767246 -3.920497 -4.345748 -13.279264 -12.431703 -3.170543 -4.658723 -9.789202 -2.444528 -7.734132 -4.978193 -11.577794 -9.548279 -11.180071 
-10.378488 -4.921619 -7.131874 -9.490212 -11.884486 -11.770460 -7.925764 -4.957380 -1.986390 -3.235524 -9.129705 -5.042160 -5.566027 -17.137569 -8.457088 -8.330098 -8.068401 -12.497125 -8.562314 -4.445908 -2.226904 -13.234666 -3.360134 -2.639441 -4.625374 -4.801109 -11.610056 -10.898345 -4.439218 -4.949609 -5.681858 -13.636247 -5.776467 -12.540297 -9.104689 -4.664565 -9.143064 
-7.064485 -2.500420 -10.700783 -9.618038 -11.836527 -10.172633 -7.852473 -5.470713 -13.652561 -4.153094 -13.701361 -4.827795 -5.296692 -5.057562 -6.072102 -11.877282 -9.583070 -12.250068 -8.481577 -8.582236 -3.073788 -7.992028 -10.891047 -4.935453 -5.007684 -4.888603 -5.447065 -5.477688 -4.431846 -5.510904 -13.448922 -7.186259 -7.156437 -2.341408 -10.883764 -9.453229 -9.904635 -14.393682 -9.822469 -6.605728 -6.585251 
-2.483896 -9.759001 -15.282274 -9.167984 -10.143052 -11.282280 -7.866798 -15.878975 -7.933964 -4.280224 -12.406367 -4.836002 -1.268959 -10.331850 -7.205343 -8.812785 -11.520293 -12.934712 -8.481577 -3.971411 -5.032426 -7.552423 -5.362087 -10.866088 -4.698993 -10.264315 -5.726172 -4.187192 -4.413548 -3.445863 -7.028617 -9.211726 -9.536956 -4.477630 -13.067431 -7.345769 -18.636107 -13.389701 -5.328426 -12.781077 -6.980065 -1.291879 -4.883384 -4.393966 -11.925103 -7.609005 -6.747049 -5.692079 -14.560440 -11.997793 -10.005606 -22.497440 -2.710320 -4.921652 -21.412375 
-8.885033 -11.782221 -4.960937 -7.287608 -9.585073 -3.618926 -7.866798 -8.575041 -14.131719 -2.842479 -13.113779 -4.549638 -1.480095 -8.466978 -3.904294 -5.391570 -11.578032 -6.741585 -8.481577 -6.451782 -6.160285 -7.023418 -5.326574 -8.757857 -3.862736 -8.908008 -6.552123 -6.188534 -4.312731 -3.499986 -1.829131 -7.989514 -5.084683 -5.925057 -1.779989 -9.791596 -17.248007 -7.068552 
-11.887562 -9.822451 -6.856507 -8.650524 -7.072693 -3.801367 -5.168979 -7.500597 -3.402532 -2.721237 -6.751028 -9.754831 -3.364372 -13.573746 -4.144049 -4.602591 -13.764636 -10.435089 -8.539215 -5.031307 -3.937593 -4.480041 -5.325358 -14.316445 -4.986024 -7.463703 -4.996329 -9.449880 -4.463466 -3.799068 -12.297599 -12.190886 -8.503885 -12.800171 -8.400359 -4.597966 -17.235436 -1.055374 -15.183856 
-15.084599 -4.738492 -8.261753 -22.647636 -5.993647 -2.741250 -7.954834 -7.447342 -3.639855 -12.466041 -6.453191 -10.533886 -2.504425 -7.754654 -4.477268 -4.837566 -9.301078 -11.557558 -9.910763 -9.662969 -3.885659 -5.119283 -5.329071 -12.592772 -4.769335 -9.441237 -12.377673 -12.734922 -4.819900 -4.269214 -10.924048 -4.417986 -9.239600 -11.923628 -13.294196 -12.056216 -5.868189 -5.980679 -11.278629 -0.832322 
-10.216822 -4.361106 -8.694966 -12.517562 -5.734266 -3.535712 -10.700694 -11.306414 -3.653100 -9.108459 -2.277086 -9.058444 -2.596291 -13.812385 -10.793080 -5.694218 -6.428841 -5.194548 -9.564079 -8.979357 -6.350181 -8.789908 -5.328804 -7.458137 -12.870417 -4.121208 -10.908838 -4.538397 -7.178720 -10.160136 -8.209137 -7.747254 -13.736513 -12.201394 -6.445605 
-6.525002 -10.903929 -4.132839 -8.931953 -7.378532 -2.662693 -6.757691 -11.107671 -4.400755 -12.874476 -8.404266 -8.939480 -5.661639 -7.485767 -11.275405 -8.813332 -6.936917 -5.260617 -9.564079 -2.875925 -1.151011 -6.233183 -6.085032 -8.716507 -11.805296 -6.399112 -5.513281 -3.954991 -4.426117 -5.038483 -9.043077 -11.831950 -10.430710 -8.277660 -13.939484 -11.881865 -14.050231 -11.268370 -10.902343 -7.133182 -12.727546 -9.308168 -10.465175 -5.220684 -3.118628 -10.951007 -12.709068 -6.746364 -11.205372 -9.812879 -3.579496 -4.266552 -7.189266 -7.101470 -9.128220 
-9.019775 -10.144844 -18.234056 -14.605188 -10.227535 -7.402161 -6.597788 -6.873063 -4.511887 -3.260314 -4.457496 -11.510229 -6.053386 -8.085054 -1.271985 -10.332374 -4.022896 -9.408107 -10.144205 -7.653708 -2.422379 -8.999967 -5.048861 -8.558663 -4.268781 -7.792912 -7.908972 -11.163530 -8.403530 -6.283073 -9.501068 -11.709060 -9.087830 -7.537090 -13.328606 -12.620285 -9.057065 -7.508884 -8.773667 -3.909577 -9.560191 -19.349476 -14.045400 -5.421150 
-6.514878 -7.739155 -4.312784 -1.885548 -10.211490 -13.118489 -4.815053 -4.257334 -4.176791 -3.636693 -10.223051 -8.412482 -6.053386 -9.550249 -6.995210 -7.970744 -13.605564 -11.334509 -9.561190 -7.695684 -3.286951 -9.122812 -21.471018 -9.312188 -8.017039 -8.861639 -7.819917 -11.473673 -2.674699 -3.736847 -6.827016 -1.043829 -7.449370 -7.772062 -6.794854 -6.293884 -12.406594 -14.684002 -8.625233 -3.141055 -1.873232 -10.733400 
-7.841439 -9.331238 -11.485016 -10.949795 -3.493114 -8.352952 -8.409034 -3.876150 -3.567863 -5.619283 -2.373598 -7.817774 -6.062299 -5.777637 -4.932580 -7.986045 -4.404212 -8.661636 -9.364489 -9.458215 -8.365865 -4.232624 -7.775387 -9.173241 -4.099516 -16.694135 -5.603735 -7.145613 -2.483580 -4.986764 -9.791548 -13.247009 -8.559168 -7.253623 -12.424961 -13.313216 -7.793561 -7.424884 -12.270212 -1.716627 -5.883880 -3.417417 -1.465150 -4.895110 -4.607735 -5.520890 -12.745143 -15.320572 -13.135606 -7.945786 
-6.025601 -10.519679 -9.805566 -10.700296 -8.885730 -10.882871 -8.506273 -6.802311 -4.308201 -8.329160 -2.487265 -4.748610 -5.136491 -12.477010 -11.919509 -3.011033 -3.165166 -2.183653 -9.365085 -3.993992 -11.563823 -11.523747 -3.499874 -8.948350 -8.197708 -17.954429 -14.548659 -14.298291 -2.609355 -6.816263 -11.377353 -8.709116 -7.848806 -13.356790 -11.996807 -3.043500 -7.635111 -6.965195 -10.347073 -9.219061 -7.332111 -3.704942 -11.814983 
-10.107833 -5.637216 -2.913253 -7.793631 -22.395023 -4.267040 -5.773708 -5.834075 -4.064021 -7.488125 -5.506970 -12.717777 -9.150638 -3.621807 -10.670483 -3.584947 -6.778419 -2.545812 -9.432190 -3.757876 -11.542636 -22.147968 -7.068294 -8.442760 -13.486230 -17.082464 -5.366912 -8.008937 -7.197899 -6.140513 -11.082154 -2.419558 -4.031283 -4.166970 -3.999891 -7.477566 
-10.648725 -7.272783 -3.025902 -9.828400 -3.685537 -3.554717 -7.795174 -9.098230 -4.907971 -6.494956 -3.807950 -3.432230 -6.409173 -10.724481 -13.426630 -8.873859 -9.156825 -2.331008 -9.526020 -7.475034 -11.402464 -12.524438 -9.413729 -8.870196 -3.117953 -7.712315 -6.349574 -5.725887 -3.494346 -7.676195 -5.858947 -13.306295 
-10.665903 -22.370581 -2.701305 -7.442334 -6.587636 -3.793785 -6.716336 -9.736444 -4.849048 -6.335131 -4.670720 -0.833155 -8.499616 -6.220767 -5.413342 -9.924953 -7.033873 -2.032494 -9.531212 -5.002076 -11.102178 -8.026973 -9.606780 -8.973361 -2.891475 -9.226582 -10.834129 -9.505913 -11.178751 -8.620099 -3.223658 -11.168856 -3.410874 -5.055758 -4.244196 -5.526621 
-6.512618 -7.910190 -14.544940 -8.690583 -4.844594 -3.448624 -7.126637 -3.757050 -9.330970 -10.421971 -5.710165 -9.442703 -8.643092 -4.033749 -6.317666 -13.528723 -7.627334 -11.692461 -3.607571 -9.314700 -11.423947 -5.352985 -9.745077 -9.128297 -10.248682 -9.550148 -14.969597 -2.617408 -4.716910 -9.257897 -7.786753 -9.587450 -5.936122 -12.198018 -7.196085 -11.690187 -11.298278 -10.133084 
-11.578476 -11.628704 -7.366150 -6.447413 -12.750475 -3.555839 -6.202364 -4.300077 -7.625654 -7.949907 -6.572641 -5.675544 -5.562449 -12.572551 -9.174734 -7.638791 -6.035089 -8.064503 -2.951250 -5.630983 -11.139873 -6.045883 -9.473239 -8.801204 -5.864387 -7.794948 -2.413754 -11.810010 -3.233140 -7.962832 -13.353643 -1.909517 -6.150600 -6.005739 -12.229795 -13.757270 -5.964690 -2.737051 
-12.115336 -9.103796 -8.182101 -4.036066 -11.981761 -3.513557 -13.691098 -4.588200 -11.979827 -9.080008 -2.647758 -8.857973 -7.936808 -11.381055 -4.828577 -5.384956 -4.715123 -10.800805 -11.381352 -10.440710 -5.475429 -5.940785 -9.521554 -9.078670 -13.135045 -7.287249 -10.346688 -4.551543 -3.615544 -8.803539 -5.836827 -9.422750 -9.656911 -5.771704 -12.514136 -5.673075 -5.167359 -3.829047 -11.552104 -7.649910 -11.015807 -7.773834 -14.171947 -7.199683 -3.288204 -10.410143 -11.790776 
-4.458981 -5.559646 -6.276204 -7.533330 -2.898602 -3.513557 -13.138198 -5.911555 -8.570920 -5.596429 -2.525225 -2.163453 -2.826783 -10.165057 -3.169278 -4.789689 -3.900540 -8.563491 -6.052750 -13.381157 -6.326986 -6.106145 -9.550969 -8.698481 -1.891314 -11.409137 -11.771741 -11.602048 -3.270510 -7.904286 -11.321008 -10.128782 -6.668394 -4.242947 
-8.631474 -9.836166 -15.209391 -4.995134 -9.867864 -3.324803 -11.232352 -4.268322 -10.500623 -5.649817 -11.522057 -6.265842 -8.102384 -15.837824 -3.510344 -2.118945 -8.511946 -7.854437 -5.058572 -3.596317 -8.578150 -6.103608 -9.379599 -3.454464 
-8.871233 -3.882608 -9.379599 -10.327324 -10.666442 -3.347298 -5.960525 -5.671636 -6.349538 -8.106268 -11.146266 -17.352688 -2.978085 -7.164691 -3.698405 -1.620012 -5.196473 -7.687048 -12.502182 -11.129167 -11.783299 -14.241364 -14.058616 -13.864642 -9.072937 -7.210906 -2.942151 -5.965217 -3.198634 -4.779773 -11.108040 -2.231081 -10.863723 -14.701312 -7.086598 -8.588475 -4.424713 -7.493822 -13.509960 -10.496169 -3.642560 -6.100225 
-8.905965 -14.504508 -9.553322 -10.502744 -7.750059 -3.573916 -7.769892 -2.336792 -8.760208 -7.759184 -11.325873 -16.249419 -3.514515 -2.915407 -4.657943 -19.716091 -11.008881 -9.247382 -4.828003 -3.044775 -5.397546 -12.063023 -3.528987 -7.500016 -7.407152 -7.518538 -1.712608 -10.806155 -2.345844 -9.503252 -5.323748 -10.408177 -10.813037 -6.641583 -14.231641 
-8.493526 -8.876385 -9.552725 -4.748362 -14.851450 -3.589986 -6.516714 -4.318368 -6.778403 -7.277266 -11.686492 -7.347833 -3.536686 -3.987697 -5.350257 -8.266262 -7.256857 -7.575504 -2.231916 -7.319086 -6.053121 -8.737501 -9.396197 -14.662703 -11.785063 -8.874337 -11.537952 -10.963941 -5.294824 -11.388610 
-8.635967 -10.918731 -9.354799 -4.862811 -10.888463 -3.003845 -2.308554 -12.344650 -5.948033 -6.055703 -11.427984 -6.660322 -5.245595 -6.124804 -4.226674 -3.854285 -14.224278 -5.862032 -5.859954 -5.461780 -22.752715 -6.187943 -8.742916 -3.054331 -4.447872 -10.552482 -3.258802 -8.398018 -6.644075 -4.363448 -21.266799 -5.065857 -6.211843 -8.960896 -3.452888 -13.638805 -7.276305 
-8.659644 -4.178877 -9.299082 -4.896749 -5.412528 -2.552301 -8.601245 -9.556956 -6.322814 -15.479709 -11.698842 -11.104113 -7.143401 -4.821156 -4.259104 -3.575183 -12.403816 -6.740115 -6.223587 -7.588066 -22.289807 -3.104076 -6.931632 -13.773897 -14.087194 -1.705742 -10.032889 -12.930777 -6.795895 -4.875897 -10.617207 -6.835586 -15.281606 
-8.367010 -5.598204 -9.557182 -4.312431 -10.777729 -2.850856 -9.526350 -10.753448 -7.033314 -10.168015 -11.117556 -13.754132 -3.797959 -4.247095 -4.170400 -3.270989 -10.157037 -7.793108 -5.364451 -9.830922 -3.288882 -4.820421 -7.522883 -7.225058 -8.824808 -6.848368 -4.678505 -11.113226 
-8.213859 -10.368495 -9.949244 -7.264509 -8.691237 -2.781855 -9.090547 -5.418953 -3.225731 -6.144231 -11.274240 -2.570707 -3.913480 -6.278539 -4.277804 -1.656276 -4.831752 -6.131634 -5.170903 -4.271623 -8.904064 -6.384840 -3.974181 -2.258661 -5.125651 -5.707184 -12.274394 -7.997740 -3.399231 -3.248523 -4.792416 
-7.715291 -11.493795 -10.116427 -21.643105 -2.045879 -3.419999 -3.970169 -4.564785 -3.932180 -10.118376 -6.797425 -5.153234 -7.161662 -1.442607 -4.130980 -3.686655 -9.325403 -5.932498 -5.865981 -10.781629 -12.655679 -2.051421 -4.272114 -5.940232 -1.212361 
-7.968087 -13.124694 -10.078747 -4.497471 -21.222987 -4.067204 -6.219330 -7.267859 -11.566235 -11.418323 -9.892866 -6.832954 -9.926551 -8.664747 -4.760082 -3.070000 -11.483404 -5.337184 -6.315053 -11.064004 -10.228384 -9.051538 -4.157140 -6.681809 -5.293323 -5.281653 -7.955637 -7.465106 -11.978621 -4.145219 -4.508002 -11.385662 -12.336318 -7.387126 -11.301614 -6.116007 -6.499533 
-8.070408 -3.415807 -9.555773 -5.705679 -5.227899 -3.626799 -2.849628 -9.358430 -5.353316 -10.441922 -6.667094 -8.643219 -22.699129 -8.650189 -4.476750 -7.086623 -8.329589 -4.786506 -12.073024 -11.262040 -9.533199 -2.505721 -4.334974 -8.418970 -14.018268 -11.902891 -8.693375 -8.987955 -4.450736 -3.572263 -6.437824 -6.186424 -5.980780 -10.430819 -2.102644 -14.308089 
-8.689942 -3.161053 -9.216924 -8.035869 -8.087683 -5.470992 -6.985603 -4.887954 -4.947312 -10.624587 -5.597994 -9.001533 -13.922331 -6.055630 -4.845851 -8.468619 -6.738935 -5.711642 -4.863937 -11.988190 -7.822030 -9.422826 -4.167790 -6.216395 -12.449759 -8.514064 -3.937526 -10.992023 -6.235728 -12.743134 -2.858310 -12.058738 -10.755149 -4.252815 -6.149939 -10.689544 
-8.685659 -5.192352 -9.259286 -8.015362 -7.221146 -6.378557 -6.763858 -4.720939 -3.283375 -3.862104 -8.414021 -8.571943 -5.751248 -12.465277 -4.783405 -14.663387 -12.478838 -12.138524 -5.688784 -10.829968 -7.794912 -14.615264 -12.609139 -6.106597 -6.162807 -8.269179 -12.421031 -7.029768 -6.452714 -5.212866 -13.533902 -22.496291 -11.481322 -11.800512 
-8.634415 -6.074907 -9.770052 -9.076078 -7.083535 -4.463370 -6.421883 -13.249870 -3.628890 -9.649873 -8.704976 -4.387296 -6.130771 -9.209027 -4.577344 -2.097152 -3.365709 -8.496197 -5.276035 -11.477188 -5.455322 -11.895005 -3.874707 -4.780211 -6.077413 -3.525925 
-8.492882 -8.623796 -9.290042 -4.571623 -6.615992 -6.895670 -4.140330 -2.257876 -4.182664 -4.172524 -8.867741 -7.004535 -8.789778 -10.595269 -14.559731 -6.802211 -6.013244 -11.386988 -4.872444 -11.886062 -7.481929 -2.965425 -3.911578 -7.440574 -8.777256 -14.274834 -4.010430 -12.988299 -6.515598 -9.999498 -4.035346 -22.910203 -7.422581 -7.899113 
-6.619789 -3.009597 -9.451611 -5.718574 -7.133040 -8.331921 -3.681349 -3.222827 -4.182664 -15.551476 -8.786163 -3.971409 -4.962783 -8.978724 -5.545672 -8.079669 -7.273473 -12.956052 -6.197166 -11.886062 -20.464483 -8.524284 -3.911578 -8.176882 -13.103239 
-8.043608 -6.731501 -9.883737 -7.295734 -6.495053 -5.526361 -5.309142 -3.168128 -4.149557 -6.299096 -4.218721 -8.079739 -3.741523 -8.519399 -6.954791 -9.335458 -5.457483 -4.857496 -3.765297 -11.326297 -13.622850 -6.987968 -3.941634 -7.110748 -20.219682 -7.990864 -9.920436 -4.480942 -10.672885 -7.362662 -6.991881 -7.659637 -8.130553 -3.998071 -7.467349 -11.152230 -3.146055 -10.015422 -6.763036 
-10.824654 -8.789399 -9.684117 -7.513341 -7.995981 -6.921156 -3.972584 -13.140622 -2.803980 -4.820830 -6.528928 -7.263445 -3.668828 -9.063904 -8.556011 -9.890899 -5.856891 -7.112822 -12.009634 -10.894333 -6.474221 -15.235099 -5.397336 -7.000650 -8.166581 -14.250657 -4.185838 -4.146815 -5.318799 -4.148031 -21.070699 -8.031926 
-7.098614 -7.380559 -10.407964 -7.307226 -8.370686 -10.526728 -11.274418 -11.755392 -5.512663 -4.812443 -2.697664 -7.192010 -1.542359 -7.863284 -9.983681 -7.443728 -10.097433 -3.433798 -8.561188 -14.894209 -15.262043 -4.436293 -11.784579 -7.796864 -6.987947 -4.226177 -4.488861 -12.333568 -4.282840 -3.510243 -11.121930 -11.795713 -2.301609 -2.948191 -10.627658 -5.266793 -7.601779 -7.707468 -5.366057 -13.826133 -14.975378 -7.657413 -13.802137 -6.450937 
-11.133790 -3.385123 -10.299266 -3.656576 -7.019474 -11.484560 -3.095926 -5.527023 -9.168616 -5.010942 -0.724732 -14.393137 -6.952725 -8.782571 -14.195417 -4.553345 -5.389420 -3.348135 -6.547078 -4.538687 -10.916445 -11.121930 -5.335245 -9.685421 -7.631785 -6.731001 -4.325412 -8.333721 -10.546489 -9.773909 
-10.565963 -7.834080 -9.937387 -14.108421 -11.110590 -6.572015 -2.761811 -3.398367 -9.411708 -4.906884 -11.425955 -3.167750 -6.924156 -8.308410 -10.408590 -5.284003 -7.937858 -3.478438 -6.493697 -19.238838 -10.260820 -11.431728 -15.405821 -10.027216 -5.936518 -4.276848 -6.145051 -13.414498 -19.442121 -10.216169 -7.142705 -4.946052 -15.004962 
-12.134808 -13.021305 -10.434647 -6.427143 -3.868091 -9.789043 -2.701029 -7.409260 -3.934960 -4.937920 -5.695449 -8.224576 -7.743016 -7.579597 -7.532802 -5.540939 -4.983154 -7.068713 -6.606254 -1.825598 -14.220893 -10.692193 -7.494653 -11.153858 -5.157009 -4.748074 -6.227230 -7.502956 -9.118615 -5.599875 -7.499980 -5.200509 -4.108458 -8.639298 -5.044499 -10.486187 -5.280702 
-11.696895 -9.545136 -10.434647 -8.807335 -4.054750 -7.944473 -5.291408 -3.462034 -6.573219 -4.981154 -8.432574 -5.913566 -8.238913 -8.236885 -3.887184 -5.554814 -9.658889 -13.561471 -7.854924 -6.093729 -1.690321 -10.682156 -4.302040 -12.428034 -5.069366 -4.667393 -7.362222 -11.496463 -5.264198 -6.074358 -14.814790 -12.641524 -5.098483 
-13.466077 -4.235111 -10.115301 -11.024427 -3.471746 -4.896543 -4.340259 -9.024431 -4.889591 -5.343388 -11.564148 -3.356976 -9.086073 -9.304729 -7.399637 -8.806500 -7.677848 -9.285913 -4.822213 -5.127491 -8.650477 -11.222737 -5.522794 -12.857241 -4.412134 -5.743071 -6.653377 -10.432263 -5.991662 -12.501710 -5.950040 -5.467684 -12.819675 -8.026916 -12.695341 -5.576995 -11.213725 -12.779613 
-6.066365 -4.602454 -10.115301 -6.512997 -3.200526 -7.706532 -11.147393 -8.557216 -4.823488 -3.347894 -9.351739 -5.191072 -12.063287 -8.748942 -3.144482 -8.037620 -6.090940 -6.028369 -5.473332 -7.527520 -11.776205 -2.059793 -4.358221 -10.622338 -15.029289 -8.422797 -13.449796 -1.352837 -4.674777 -12.429121 
-7.286777 -4.578211 -10.179722 -4.029248 -3.569816 -11.011725 -10.800598 -14.934284 -4.783125 -5.820466 -5.921157 -5.553646 -8.363789 -7.348004 -5.420871 -8.962621 
-14.646049 -4.833360 -10.375436 -8.546778 -3.400542 -10.256568 -10.897392 -7.633916 -4.731884 -1.412168 -5.351421 -5.553646 -8.563195 -5.111864 -11.154151 -14.828001 -6.510350 -6.693632 -7.087402 -7.761686 -9.733524 -3.556816 -21.385892 -8.660112 -7.433119 -8.002055 -6.859924 -12.890942 -7.983157 -10.942873 -6.511007 -4.095950 -4.534012 -7.176114 -4.379091 
-9.156210 -4.609068 -10.375436 -9.859139 -3.221948 -8.775162 -10.897392 -6.623623 -4.707244 -8.806921 -5.648012 -6.959334 -8.457122 -5.376650 -5.778543 -8.156850 -5.994620 -22.302072 -9.097670 -12.091479 -5.817435 -4.980223 -20.900276 -11.050320 -6.345279 -7.386071 -8.678824 -8.927465 -13.244254 -11.592139 -5.889597 -7.440089 
-10.289462 -4.539992 -10.375436 -8.960005 -3.943959 -10.853049 -10.897392 -13.379277 -4.707244 -8.782775 -5.656841 -8.644983 -5.587732 -9.818559 -3.624997 -8.886684 -5.174956 -11.410135 -8.579393 -7.516182 -6.191915 -6.890912 -5.844898 -5.952583 -11.387332 -10.952427 -6.129104 -8.972847 -5.861490 -7.370215 -9.201736 -4.913913 -8.471339 -11.927327 -5.468150 
-8.425776 -4.059269 -4.034460 -3.970405 -3.218096 -8.056559 -11.054140 -5.068978 -4.665048 -6.711235 -8.491236 -6.699514 -5.782652 -17.330336 -4.821659 -10.631060 -6.012796 -18.940859 -9.709440 -8.076106 -5.140684 -11.134071 -6.352672 -8.998673 -4.269665 -9.822521 -9.924939 -6.652108 -5.945667 -12.750546 -11.521063 -5.945192 -1.489123 -10.625086 -6.873034 -14.334101 -8.511179 -2.435326 -8.288834 -13.286948 -7.328157 -7.655371 -12.127715 -7.000773 -8.322253 -5.003461 -6.867942 -6.946937 -6.970907 -12.114191 -4.851076 -3.985447 
-8.087423 -6.438245 -6.383154 -9.695264 -3.008516 -7.488986 -11.433903 -6.814146 -4.665048 -4.493181 -7.318653 -13.858298 -7.980269 -16.299079 -5.581642 -5.861864 -3.973257 -4.519343 -10.195983 -9.346462 -5.597028 -4.425545 -8.483193 -11.090414 -6.523911 -9.041039 -6.700849 -12.188006 -5.968261 -2.092602 -4.762322 -5.687435 -6.879517 -2.438471 -9.529492 -10.397086 -8.083906 -3.288234 -4.490530 -14.294176 -5.610074 -10.346887 -5.909916 
-14.781340 -9.294556 -5.854810 -3.874230 -2.760216 -6.352802 -7.471302 -8.280169 -4.646486 -13.975597 -5.899438 -7.030740 -5.957472 -15.240704 -9.179663 -7.370682 -10.602176 -10.886796 -9.979264 -15.360657 -12.163842 -7.112966 -10.394324 -4.005838 -7.029499 -9.975399 -4.678486 -11.303282 -6.597507 -11.683465 -6.028693 -12.018854 -6.807645 -6.711943 -5.590758 -4.691514 -8.933387 -5.538891 -14.916540 -8.724055 -13.769595 -22.512651 -4.126857 -12.952437 -9.592299 -4.566339 -14.905410 
-5.938341 -4.650149 -6.299201 -10.183524 -3.392869 -9.182254 -3.997096 -12.738092 -14.264426 -8.886323 -10.255257 -4.812337 -19.445242 -6.568119 -7.477204 -8.224742 -3.739127 -9.851613 -10.049712 -16.519724 -14.033138 -10.511589 -10.545942 -3.735821 -5.776314 -13.699238 -6.318051 -10.476786 -6.668672 -5.169664 -12.172445 -8.380312 -6.556316 -8.711304 -8.634331 -4.761409 -10.518564 -7.529734 -12.034085 -8.081448 -12.793599 -4.139381 
-3.026778 -4.312086 -12.413590 -12.757394 -3.097857 -8.727552 -6.086709 -6.422219 -8.117286 -5.274624 -3.615032 -9.753929 -12.144433 -12.385849 -5.309808 -7.378219 -4.293845 -9.016316 -9.618446 -15.027715 -11.029952 -9.188727 -10.928341 -4.637431 -7.587150 -8.551369 -5.670814 -7.051722 -8.194241 -3.288708 -5.035402 -7.094477 -7.106640 -7.604511 
-1.439214 -4.535291 -7.669690 -12.964719 -3.318522 -9.180036 -5.131668 -4.523965 -10.593513 -4.870580 -2.678637 -11.863799 -6.701691 -12.467240 -5.313098 -7.563474 -13.834702 -2.093939 -9.598941 -11.436463 -10.362599 -12.733961 -4.290588 -4.551633 -9.609789 -8.897922 -7.323313 -13.198473 -6.508242 -11.540475 -2.296333 -6.059904 -7.980127 -7.123989 -10.829148 -4.865353 -12.229663 -7.319635 -4.172473 -6.792417 -11.605038 -9.433762 -1.839678 -5.620569 -10.268731 -3.114135 -7.544224 
-8.514884 -4.483078 -6.900188 -11.063540 -4.256150 -8.638820 -8.968499 -4.382312 -4.606596 -5.179749 -11.051175 -15.266648 -5.344772 -4.321940 -5.038349 -7.701188 -6.773682 -6.804070 -9.677864 -11.813208 -3.122288 -10.080338 -4.015598 -4.631563 -7.270926 -3.788842 -8.526455 -6.342832 -4.435999 -5.327394 -14.924419 -3.370273 -10.885380 -12.473658 -10.879016 -3.622730 -7.494549 -9.427031 -4.494019 -1.001258 -4.560522 -5.339568 -4.488043 -9.228472 -13.060772 -14.005964 -8.470554 -5.703810 
-8.965280 -4.565218 -8.520113 -12.427265 -4.234453 -8.610347 -4.036179 -4.667701 -5.338842 -11.558634 -12.891712 -22.707186 -6.121624 -6.674309 -5.667098 -11.510459 -8.244791 -5.357457 -9.553284 -5.730158 -4.870824 -5.930122 -3.955088 -7.966450 -4.062180 -12.655169 -11.380427 
-10.370881 -4.565218 -8.410810 -10.452272 -4.234453 -8.591740 -14.375893 -4.179348 -2.762363 -13.531487 -3.695390 -10.095534 -5.431934 -7.637280 -5.644559 -10.865916 -0.983869 -8.343532 -9.483124 -6.884976 -5.717042 -3.862635 -4.931997 -7.594700 -6.609602 -4.597649 -9.322252 -11.305010 -14.085150 -10.013218 -6.342822 -6.039728 -5.903353 -3.415652 -9.752467 -4.957174 -6.759118 -13.437448 -10.014851 -12.082485 
-6.589484 -4.637294 -8.377573 -12.070825 -2.241088 -8.495845 -8.449352 -4.549354 -7.480374 -2.388394 -3.994600 -7.737706 -8.183583 -4.885577 -5.388394 -11.069637 -1.786119 -6.665024 -9.648891 -10.057697 -2.164061 -7.261654 -10.501765 -9.603750 -6.609602 -13.948896 -5.983699 -11.705281 -8.824103 -3.587848 -8.918195 -14.775965 -4.265096 -5.057438 -3.678017 -6.858470 -12.096680 
