0.765192 1.050464
0.785893 0.797637
0.846956 0.841202
0.815737 1.237737
0.819597 0.531708
0.733920 1.244565
0.774326 1.292121
0.729983 1.172974
0.706934 1.219961
0.816223 1.192973
0.743179 0.733869
0.583078 1.567277
0.610418 0.820028
0.762895 1.790207
0.867993 1.396800
0.741576 0.999409
0.718842 1.284060
0.766174 0.822127
0.742640 1.742417
0.665185 1.876747
0.740092 0.708854
0.837275 0.732066
0.927692 0.598293
0.972999 1.362853
0.934427 0.691789
0.832184 0.814560
1.074894 1.022657
1.248359 0.987875
1.112417 1.055955
1.281113 0.897476
1.187280 0.994840
1.140547 0.942819
1.041754 0.724674
1.038951 0.839651
0.995794 0.663240
1.031939 0.920800
1.136407 0.666702
1.226758 0.821895
1.120649 0.843920
1.142880 0.879313
1.015522 0.771847
1.081218 1.180718
0.880074 0.998922
0.806045 0.687024
0.881480 0.834246
0.872306 1.020067
0.905211 0.879754
0.872944 0.960437
0.794659 0.782898
0.807042 0.891422
0.887612 1.120346
0.903265 0.856614
0.841289 1.115518
0.764759 0.829600
0.838393 0.806135
0.829326 1.014862
0.639193 0.700773
0.644496 1.059331
0.747679 0.898176
0.685165 1.332968
0.544966 1.478780
0.408572 1.410631
0.447734 2.000095
0.460542 0.677546
0.563990 1.275611
0.598144 1.095135
0.627888 1.133837
0.526348 1.472224
0.503225 1.681684
0.542182 0.993821
0.684943 0.951177
0.709706 0.931056
0.727224 0.967877
0.632665 0.902726
0.821316 0.948786
0.804903 0.704435
0.888466 0.958492
0.970837 0.826229
0.931369 1.196872
0.996006 0.974454
1.069963 0.735486
1.154764 0.620370
0.916669 1.062968
0.835820 1.043192
1.004516 1.036981
1.001159 1.074529
0.947479 0.687877
0.940367 0.978537
1.012592 0.570381
0.947523 1.181808
1.046542 1.109280
0.803546 0.719229
0.871055 0.742842
0.765330 0.812351
0.712070 1.305406
0.707805 0.901779
0.959700 1.067589
0.922921 1.404027
1.002406 1.522038
1.072954 0.837492
1.021609 0.985554
0.949539 0.766062
1.071245 1.037799
1.066611 0.808041
1.079658 1.197845
1.044448 0.924024
0.913535 0.918668
0.839797 0.916920
0.951820 0.864872
0.947818 1.457777
0.955395 0.842758
0.910325 1.257342
0.971060 0.879451
0.976476 1.038292
1.160576 0.735449
1.156259 1.316085
1.068701 0.699500
1.085155 0.821695
1.106104 0.978812
0.966606 0.767312
0.969081 1.124535
0.948975 0.827093
0.918565 0.658503
0.839259 0.697893
0.799159 1.645707
0.899136 1.338652
0.850977 1.052179
0.976559 1.976174
1.006720 0.808960
1.014491 1.043090
0.929192 1.109860
1.054064 0.765636
1.135293 0.832911
1.224304 0.896241
1.108665 0.971870
1.059041 1.069672
1.129944 0.920233
1.007314 1.366125
0.827579 0.879392
0.787663 1.657300
0.661448 0.924821
0.812657 0.912086
0.994195 0.662918
0.857737 1.340741
0.760511 0.858688
1.032803 1.424479
1.010077 0.974777
1.030131 1.052128
0.899007 1.195963
0.826796 0.856206
0.830633 0.863474
0.788354 0.697357
0.882425 1.037857
0.833797 0.684745
0.793842 0.853878
0.755739 0.989748
0.749074 1.365919
0.644136 1.264941
0.664304 1.176191
0.764572 1.273573
0.905766 1.135516
1.119124 0.576756
1.113788 0.706255
1.189079 0.691532
1.229189 1.160429
1.202008 1.111146
1.053148 1.700402
0.949542 1.062935
1.016193 1.385030
1.092746 0.914697
0.919398 0.933906
0.990422 0.921659
0.919751 1.534934
0.961384 0.923977
1.015538 0.637147
1.170796 1.567704
1.093271 0.803466
0.882005 0.929503
0.958924 1.439033
0.994655 0.861337
0.943392 0.810150
0.891821 1.187244
0.845220 0.641762
0.803832 1.084315
0.849423 0.657146
0.871435 2.124920
0.774091 0.727767
0.639954 2.184460
0.605271 1.221950
0.726267 1.360779
0.873110 0.814127
0.850782 0.664414
1.007225 0.629731
0.923402 2.036244
0.986606 1.172997
0.935729 0.844597
1.063116 1.100235
0.910802 0.922153
0.894542 1.307186
1.071429 1.282453
