-68.267450 -56.698769 -49.939894 -68.586897 -57.302630 -54.444008 -62.094797 -62.723290 -67.206778 -57.785375 -56.968094 -54.457319 -55.163066 -57.326556 -51.494577 -49.865283 -48.973722 -57.474275 -54.507004 -58.986729 -57.436724 -46.001306 -60.989333 -48.147332 -54.318138 -47.028006 -47.883973 -38.311401 -64.463267 -47.209245 -74.303900 -59.557547 -48.393848 -61.040004 -58.499126 -53.453029 -62.380073 -47.567004 
-66.844488 -56.918982 -63.016583 -47.143021 -57.253546 -54.705909 -47.847097 -59.232718 -61.019481 -57.747952 -60.724409 -54.441330 -62.248902 -55.597456 -38.172660 -68.057399 -47.879771 -50.863141 -53.260140 -67.461691 -50.506793 -68.592944 -47.693367 -53.169517 -53.885150 -64.831730 -49.487123 -64.212896 -56.157168 -58.061694 -59.774716 -68.636897 -67.686117 -59.498355 
-61.522193 -61.883134 -70.480248 -64.804526 -57.253546 -54.674541 -48.238755 -35.334670 -50.878453 -57.800330 -55.510482 -54.441330 -53.911256 -66.576306 -59.998272 -61.986654 -48.094813 -61.920935 -52.955182 -47.204788 -57.300430 -48.862377 -67.475058 -46.561281 -72.442423 -60.223248 -47.039556 -67.945922 -53.477614 -72.393532 -60.919134 -57.893909 -47.922698 
-59.443869 -61.172928 -52.665984 -65.283612 -57.253546 -54.674541 -49.885915 -42.171166 -46.800336 -58.044092 -69.993763 -54.273532 -53.864234 -47.437439 -58.467789 -61.990634 -48.222496 -60.363419 -52.934424 -47.568913 -47.855910 -67.265348 -68.586087 -57.909421 -48.729149 -45.800518 -67.658971 
-51.123215 -62.212010 -48.666035 -63.727023 -57.253546 -54.723138 -61.247356 -73.520510 -68.693443 -57.756328 -65.156778 -54.273532 -53.865612 -52.620731 -70.635363 -71.282716 -48.840216 -63.031110 -53.169840 -63.221437 -43.700487 -50.124856 -57.422283 -65.994073 -60.703420 -58.163337 -61.406652 -40.118322 -63.884637 -69.239995 -67.346612 -69.850385 
-54.618536 -53.471446 -48.305766 -53.525614 -57.550394 -54.112297 -63.236436 -58.489272 -38.592694 -58.067396 -65.986875 -53.462339 -53.884290 -61.678247 -51.103044 -72.962033 -57.796127 -65.563749 -47.107861 -59.415920 -42.612492 -60.951539 -57.786664 -68.931482 -59.914793 -41.750721 -65.191263 
-55.027221 -51.653192 -40.972347 -53.828110 -57.333010 -54.408573 -52.849306 -70.095108 -45.313286 -57.929482 -62.481606 -53.462339 -53.932345 -47.438426 -47.131703 -72.264972 -70.656550 -54.035600 -75.757440 
-57.192501 -52.338214 -38.106619 -53.875617 -57.333010 -55.067744 -42.400420 -57.464778 -57.902737 -58.135468 -74.625702 -53.673018 -53.614925 -49.191853 -55.629044 -68.547988 -54.805423 -46.307333 -69.486654 -65.314997 -46.225404 -66.069355 -59.527248 -59.703703 
-67.433494 -52.293438 -47.654241 -53.562878 -57.318978 -58.028760 -47.318455 -56.347059 -47.147499 -58.135830 -67.320424 -53.699260 -53.874570 -67.680403 -66.500966 -61.982255 -54.932748 -71.287507 -54.764173 -48.110482 -40.250985 -57.592721 -59.952972 -39.280655 -54.082772 -41.524138 -67.177615 -63.408483 -66.729455 -73.519001 -67.764235 -42.258456 -68.658510 -53.215478 -62.239762 -68.831176 -54.274837 
-60.091003 -55.565746 -48.202539 -54.130823 -57.226967 -67.864964 -66.586132 -61.237306 -46.040864 -57.906854 -51.854443 -65.447989 -54.193121 -54.169830 -61.652497 -68.561267 -55.099159 -57.601965 -54.655685 -59.980413 -64.452985 -60.195589 -52.925073 -75.591025 
-63.694455 -58.599892 -50.555756 -72.851813 -56.856722 -61.308082 -60.357350 -62.155579 -48.053095 -57.373137 -51.715085 -63.721372 -54.240636 -52.899597 -55.414095 -59.182587 -54.558435 -59.229767 -65.460704 -58.279566 -53.493911 -60.425825 -65.439053 -51.682805 -67.686728 -58.857751 -54.097313 -72.293202 
-71.451924 -70.117754 -47.297689 -55.426189 -56.693053 -61.781776 -68.407821 -60.440082 -52.350177 -58.140490 -58.938566 -60.735626 -54.257290 -53.206838 -46.382301 -67.322463 -55.056026 -53.895884 -52.912464 -51.059183 -57.777839 -55.902720 -65.377385 -47.511862 -68.977183 -59.943450 -59.017568 -62.579784 -67.878289 -59.648237 -58.940938 -65.987211 -71.390700 
-56.963243 -62.729806 -63.439748 -52.928150 -56.693053 -56.110246 -66.605992 -38.564620 -64.335034 -58.662619 -68.671115 -70.629740 -54.333148 -48.248539 -46.205401 -70.673963 -54.550276 -53.516762 -51.530648 -51.123337 -62.938904 -69.587628 -61.294711 -56.015408 -53.593516 -55.618655 -62.230445 -40.032324 -60.130606 -71.317475 -66.921395 -60.569134 -55.340981 -75.446553 -61.249826 -61.595162 -69.064366 -52.878484 
-58.864275 -63.477707 -61.656834 -64.788418 -55.862739 -50.717369 -68.610767 -61.730321 -50.850911 -58.607771 -55.233285 -63.770560 -54.533733 -39.066996 -60.626510 -69.717496 -54.751617 -55.347635 -47.729349 -46.389058 -49.140505 -68.847365 -62.703167 -56.689513 -53.425734 -59.422776 -55.821793 -53.086680 -60.919901 -45.214695 
-49.333365 -51.339302 -66.056356 -66.130218 -55.440247 -69.397624 -62.524230 -65.682469 -67.749420 -59.085396 -54.448209 -53.327211 -54.359781 -53.093288 -67.313769 -39.324772 -54.358493 -46.454208 -50.136598 -56.257034 -51.480854 -54.754190 -57.633662 -60.957575 -61.057973 -69.516423 -60.262057 -55.382137 -55.617123 -55.715387 -40.918638 -52.591812 -71.055285 -67.465997 -59.877407 -61.726872 -57.844734 -70.848131 
-56.589364 -68.005965 -65.329648 -66.796785 -55.440247 -51.480225 -46.586458 -49.080327 -66.669074 -61.885559 -69.718084 -59.073874 -54.288527 -48.751849 -62.457030 -63.195083 -54.478816 -54.742303 -50.086860 -56.716145 -51.394165 -54.690697 -56.823467 -58.850056 -56.796146 -62.196960 -62.520473 -53.936611 -61.978659 -58.708257 -65.524347 
-47.193379 -57.394593 -58.988841 -72.336559 -55.957235 -48.678253 -59.282869 -71.127901 -69.350241 -60.512384 -48.080822 -53.105760 -54.261423 -63.697376 -62.414630 -75.440418 -54.262887 -38.773729 -49.494511 -63.738184 -51.043911 -55.186955 -56.727870 -58.501320 -59.213016 -63.514889 -38.708784 -53.981486 -52.942281 -50.240080 -70.397954 -46.856854 -60.491485 -58.990953 -63.591859 -59.630828 
-65.705652 -74.368838 -53.375317 -68.396924 -56.103536 -48.865526 -46.996219 -39.322037 -61.965231 -50.445009 -58.628605 -62.216057 -54.261423 -48.799730 -61.875148 -50.479597 -54.270742 -52.948720 -60.135864 -49.392869 -42.262224 -54.506476 -69.727906 -58.661687 -62.308206 -60.473960 -60.075012 -53.732499 -47.390394 -51.548252 -67.739286 -57.756072 -59.751876 -67.198205 
-65.093358 -53.460611 -47.122107 -55.873161 -56.375570 -64.515662 -58.985019 -35.408903 -68.920527 -61.432351 -65.605707 -63.321473 -54.205138 -58.214029 -47.290250 -53.440156 -54.302583 -66.466130 -69.629084 -51.024728 -63.030176 -54.452664 -62.356383 -58.228371 -59.587505 -46.315500 -58.433097 -54.233574 -71.697257 -51.153138 -65.839273 -49.763682 -44.629169 -60.470778 -60.073137 -47.976605 -72.327107 -65.068704 
-50.302562 -46.452057 -56.604042 -56.113348 -56.369266 -63.611037 -39.874505 -36.438993 -54.148919 -61.018878 -59.054671 -50.586981 -54.093733 -48.527358 -62.767475 -54.248790 -62.471724 -72.178405 -63.223228 -65.885168 -68.945727 -54.367160 -64.053327 -57.977774 -64.305868 -47.238138 -45.759308 -54.992911 -50.050906 -60.720082 -55.395019 -66.991193 -59.914832 -61.488488 -63.928982 -63.780690 -50.797701 
-50.795390 -52.629215 -63.101639 -57.356602 -56.369266 -58.233608 -65.486389 -36.679102 -54.708072 -62.353581 -72.055296 -51.164344 -54.564815 -69.247947 -63.686513 -57.983044 -65.883234 -63.668266 -51.020522 -46.863346 -65.293652 -54.349014 -62.248351 -58.149729 -69.350362 -55.940227 -46.693969 -54.091922 -50.506702 -62.512742 -50.991451 -46.704898 -56.940409 -55.927584 -51.062455 -67.626939 -49.546013 -60.291627 -70.956009 -54.605275 
-59.953274 -70.642418 -58.816332 -62.469662 -56.369266 -69.829382 -54.443648 -37.153848 -54.660800 -54.176357 -50.036729 -63.226946 -75.846530 -59.970843 -58.279056 -46.691174 -61.068280 -66.931767 -56.004970 -56.795615 -53.556566 -54.396288 -47.816314 -58.069942 -51.424188 -69.445506 -46.255600 -54.272955 -62.160255 -49.595317 -60.419816 -46.249705 -68.076130 -69.047360 -69.372009 
-54.266371 -69.119089 -58.049079 -50.227032 -56.369266 -57.158066 -64.781903 -40.826991 -54.660800 -54.359848 -52.785342 -61.555689 -65.489653 -48.601445 -56.453886 -53.823794 -60.730075 -50.246776 -55.245555 -69.064184 -45.826360 -54.451709 -68.706522 -58.107955 -47.745836 -68.252215 -52.147360 -54.251705 -69.558814 -48.043661 -60.762815 -62.530682 -62.746314 -67.478193 -61.348767 -58.807303 -58.862593 -53.021154 -60.550192 -56.157980 -66.002098 -47.803454 -67.505070 -64.652002 
-59.619375 -49.797426 -61.249257 -51.916347 -56.369266 -52.782842 -65.080371 -46.471027 -53.331921 -53.095017 -67.543032 -60.149713 -37.649837 -49.442744 -55.923278 -64.458851 -57.480508 -56.742413 -54.499155 -42.830052 -60.215373 -54.126427 -55.351017 -57.838316 -68.200930 -60.611409 -68.733907 -63.159403 -54.027975 -56.348217 -60.242651 -75.313866 
-52.854876 -40.265182 -47.704328 -74.306699 -56.466581 -47.077676 -37.152525 -65.638482 -52.477113 -51.433156 -53.966930 -63.559708 -54.016140 -42.617111 -58.006955 -65.011770 -54.652812 -55.556010 -54.337586 -68.145790 -69.053734 -53.802967 -73.574648 
-53.152857 -64.369813 -53.505289 -69.605469 -56.871555 -48.876272 -36.033546 -39.879121 -47.007880 -60.955252 -53.797713 -64.232873 -54.569779 -69.383871 -58.022946 -54.337586 -54.801563 -56.854270 -59.883230 -69.074729 -70.931619 -73.215557 -58.693212 -55.964064 -53.383400 -67.222124 -45.440273 -37.930894 -72.827676 -56.405169 -37.564198 
-59.801578 -66.517502 -53.451369 -72.816477 -56.820163 -49.260081 -54.740384 -39.562874 -46.916249 -62.431966 -54.082311 -59.641577 -46.095256 -51.346649 -57.912551 -54.337586 -54.834269 -57.613801 -65.198152 -54.985362 -38.185915 -64.243920 -52.172706 -58.238527 -41.708640 -63.975769 -39.573823 -57.591979 -62.567938 -68.828673 -69.893133 -63.248950 
-59.872098 -71.161612 -54.275967 -69.365935 -56.957924 -48.340405 -54.936400 -71.562333 -45.902456 -62.633341 -54.833182 -39.137540 -62.947157 -66.478453 -57.584826 -54.311098 -53.952198 -55.453026 -52.078509 -51.334944 -36.846822 -39.906595 -59.876173 -49.299867 -51.673359 -54.044098 -46.819286 -61.591528 -62.218022 -63.838047 -56.668382 -46.278326 
-68.536003 -62.301720 -54.435801 -61.112958 -56.957924 -54.389268 -55.853049 -40.389277 -48.674536 -60.776168 -54.519068 -68.548968 -57.861758 -66.464347 -57.584826 -54.363473 -54.208892 -55.769516 -46.601281 -74.108799 -36.584177 -47.025322 -60.139895 -64.992862 -59.791285 -52.390604 -54.119648 -47.964155 -69.724672 -62.762530 -59.260126 -46.827724 -56.810365 -60.453019 -50.444715 
-64.117890 -71.242074 -54.691686 -46.841937 -56.957924 -52.807096 -64.308497 -59.801304 -63.310133 -61.893307 -54.556543 -66.562789 -60.064950 -63.873581 -57.584826 -54.445645 -54.856767 -48.046872 -44.550089 -60.015886 -38.759553 -64.116310 -52.935653 -47.441824 -57.915103 -50.020651 -54.312119 -58.827375 -60.148588 -59.983839 -65.243634 -62.470677 -63.272969 -72.154400 -69.062321 -65.770942 -55.410485 -59.493343 -61.841162 -64.105415 -68.572619 -58.982574 -58.158651 
-58.206186 -60.431904 -64.076714 -46.781811 -56.957924 -51.861879 -61.611162 -74.788072 -65.151239 -57.901851 -54.043412 -66.608577 -54.916006 -61.414396 -57.009687 -54.183656 -55.364630 -49.105710 -46.222163 -53.330062 -39.496924 -70.762478 -52.946213 -57.191878 -67.870677 -49.362988 -67.796688 -64.368351 -65.513676 -64.927381 -69.485418 -65.583910 -60.325238 
-36.029068 -49.093304 -60.646760 -62.669584 -56.988219 -73.421177 -63.022853 -66.274603 -49.363986 -53.587926 -53.741037 -66.244727 -65.261173 -66.075920 -54.600240 -54.443602 -55.117014 -48.721311 -46.788768 -52.374360 -47.228926 -60.774928 -66.120289 -57.473395 -48.288532 -59.558093 -59.973635 -68.948485 -44.137078 -50.691597 -60.684325 -49.632631 -59.801981 -66.978297 -59.626529 -46.318654 -47.227683 -59.573147 -69.978566 
-70.527135 -39.776663 -67.151094 -66.201328 -56.946282 -64.595337 -46.031070 -49.514134 -56.540555 -63.723301 -53.519324 -46.202431 -53.078241 -66.653144 -55.104308 -54.466529 -54.995974 -48.930242 -48.855842 -47.600944 -66.847451 -59.986109 -67.789767 -57.473395 -54.660597 -59.445184 -59.408217 -68.298272 -58.713994 -52.877576 -67.966121 -58.304116 
-58.012364 -39.202871 -63.604660 -69.452184 -56.946282 -46.896072 -48.271894 -50.301151 -63.229314 -63.093053 -53.684094 -46.614003 -64.278910 -45.001460 -50.306411 -54.327047 -55.175417 -68.674726 -59.761587 -59.687981 -42.643839 -53.096361 -65.353186 -57.907549 -50.845231 -56.873693 -52.844901 -70.858758 -49.245959 -72.198377 -47.359709 -65.791354 -62.139427 
-56.741477 -59.897286 -67.649529 -47.103560 -56.700459 -61.151230 -51.022718 -50.718723 -51.549531 -63.217927 -53.650380 -55.764196 -60.792529 -70.791552 -47.070914 -54.261057 -55.428928 -46.113742 -66.379651 -46.288252 -39.435108 -53.164484 -35.518528 -57.990465 -59.779566 -56.675035 -56.874840 -66.767615 -62.991469 -68.907567 -63.410606 -57.619929 -59.430313 -67.122207 -50.985763 -55.949353 -51.409075 
-37.646521 -72.886958 -57.543494 -69.533246 -56.556379 -40.723340 -53.554018 -67.328326 -52.533041 -42.048230 -54.123176 -64.382918 -61.699226 -66.045178 -62.116515 -54.370236 -54.809745 -46.452370 -47.983302 -68.399090 -61.667870 -60.884666 -56.487633 -54.925260 -66.728714 -65.589124 -74.535189 -62.958421 -72.546825 -70.030838 
-68.776281 -71.516031 -57.456860 -46.194836 -56.798087 -67.809830 -52.601795 -54.440807 -51.993001 -53.882334 -54.505981 -49.474914 -39.515880 -48.687921 -56.726630 -53.276787 -54.971681 -50.834275 -60.769980 -56.924294 -40.468207 -50.122917 -63.242539 -63.264448 -57.898143 -69.942345 -71.305109 -54.913060 -71.351458 -60.104204 -55.147220 -56.919867 -51.243744 -56.548917 -68.424152 -57.595690 -69.961222 -53.202624 -61.470940 
-70.949954 -58.503235 -57.834494 -46.190306 -56.699628 -59.685271 -63.504715 -54.693643 -50.833075 -59.070594 -59.619474 -49.787588 -39.152652 -68.115486 -57.340009 -72.556499 -55.228403 -63.359209 -60.531556 -52.585188 -61.611236 -50.879083 -67.606660 -67.468038 -47.193706 -58.199915 -74.202576 -55.232919 -56.777798 -51.982639 -54.885315 -61.663768 -52.169904 -68.517100 -39.280583 -66.827442 -72.841547 -59.880739 -41.258398 -65.794358 -68.492516 -68.282351 -56.095642 
-68.721721 -53.013797 -58.434234 -62.418521 -56.138624 -57.439514 -47.922939 -55.309149 -50.775233 -58.981691 -57.959683 -66.828605 -70.946724 -59.826727 -52.168539 -71.642594 -55.228403 -55.065575 -58.037238 -55.304726 -55.952537 -49.524018 -60.080696 -35.693124 -52.321591 -61.501684 -71.078236 -55.232919 -56.930827 -61.583557 -59.122501 -55.725410 -70.598258 -57.810356 -54.136453 
-66.871865 -52.543881 -61.442757 -56.183350 -56.125564 -55.765402 -48.023043 -55.431943 -68.641637 -72.757289 -68.563684 -54.261035 -57.999071 -55.232575 -59.149659 -71.653304 -55.228403 -65.295434 -66.021135 -55.841013 -58.301273 -48.654279 -56.974267 -39.247201 -57.097143 -60.879481 -64.234796 -60.752668 -54.010959 -60.050477 -51.090962 -59.242130 -64.685814 -72.750780 -59.581791 -47.904671 -58.642369 -58.277988 -54.456259 -56.868189 -66.752364 -69.843992 -69.139063 
-38.495641 -52.592212 -66.455938 -53.628996 -56.710380 -58.990903 -51.657918 -54.601709 -41.515590 -67.073706 -68.065238 -53.433422 -57.951282 -55.123181 -64.367622 -70.002233 -55.215067 -59.348058 -61.718596 -54.886861 -57.869690 -49.332275 -67.756518 -59.426740 -60.096693 -51.088979 -54.435522 -72.671130 -56.584416 -63.667278 -69.404112 -52.787508 -47.563370 -59.860677 -53.792259 -63.432002 -49.471816 -58.913919 
-52.225637 -59.275959 -60.870531 -62.949458 -55.925190 -50.737148 -64.453110 -53.719573 -59.745384 -47.724737 -68.735519 -53.317106 -69.152808 -56.285690 -69.040911 -55.423401 -54.088045 -47.078700 -39.722677 -54.872692 -57.562460 -63.914632 -40.151766 -58.979964 -63.948058 -55.301401 -65.299560 
-60.393053 -54.347315 -61.224839 -50.928626 -56.208696 -66.753203 -64.897218 -54.021068 -59.505759 -62.191980 -49.514547 -53.834883 -50.052044 -57.794819 -68.155604 -57.757460 -54.306205 -60.520482 -63.827601 -55.383891 -57.298526 -74.292479 -62.585948 -58.869075 -66.244304 -52.776883 -64.967852 -67.609016 -46.567234 -51.393889 -45.365993 -50.772301 -54.158887 
-47.082916 -57.500455 -62.328445 -47.534309 -55.933143 -55.808961 -54.285405 -54.362782 -62.290181 -72.667624 -71.301075 -54.084778 -56.675666 -67.631625 -59.601310 -67.205207 -54.140037 -44.474716 -58.480186 -59.056654 -57.423437 -64.087818 -62.630730 -68.157524 -63.346972 -68.153905 -57.583089 -54.184800 -53.624963 -51.588662 -52.102982 -72.789769 -59.810930 -65.193648 -59.347955 -66.094325 -64.089349 -66.003569 -66.130449 -63.532443 
-47.438372 -53.184081 -61.631778 -68.085761 -56.070132 -58.562343 -52.953554 -59.714720 -54.461146 -51.309005 -55.154141 -54.496842 -62.319874 -53.502692 -62.093810 -66.647515 -55.565011 -46.358242 -51.996743 -63.483614 -57.491187 -42.028120 -60.465470 -72.488740 -53.887163 -48.043342 -61.442241 -57.402609 -74.166044 -58.733202 -59.372483 -46.048882 -61.077741 -64.239899 -53.527655 -71.877222 
-49.435792 -68.820957 -41.723250 -54.199909 -55.526772 -66.180310 -60.374207 -59.284491 -46.236705 -67.312744 -54.151775 -54.900420 -52.379523 -46.073783 -68.371989 -71.361573 -46.183144 -60.928486 -52.061228 -63.941978 -58.145030 -40.747472 -40.884698 -53.401871 -53.680024 -56.425801 -62.069146 -60.334647 -60.843574 -56.346816 -58.516775 -53.066024 -64.836435 -66.361646 -53.232997 -55.599975 -45.987253 -57.626127 -50.108041 -54.606002 -55.968770 -41.952155 -54.456816 -67.261738 -49.717251 -58.413242 -57.799254 
-71.276203 -65.240192 -52.149352 -54.095763 -55.674871 -57.840389 -60.007308 -64.948791 -67.186854 -62.791192 -54.137839 -54.290264 -55.237802 -67.802406 -53.799230 -47.263011 -62.531787 -57.771539 -35.165715 -54.103560 -57.514768 -50.244826 -66.814746 -62.575416 -41.733012 -57.873535 -62.376676 -67.472313 -65.720764 -45.758574 -60.398264 -66.953279 
-66.425236 -65.238627 -52.802008 -54.095763 -55.606469 -59.988001 -58.058537 -63.465659 -69.917019 -65.652866 -54.035292 -54.193644 -55.134241 -62.926038 -53.834327 -68.833772 -65.026633 -56.730611 -54.170419 -67.745343 -58.487947 -50.914278 -68.227476 -58.866341 -66.324233 -58.489667 -54.878671 -69.266697 -57.411927 -59.919578 -62.925189 -52.903490 -44.753559 -63.763274 
-70.241477 -64.752518 -51.937601 -53.923920 -55.723576 -64.926143 -57.283820 -62.940553 -47.172363 -67.582606 -54.634582 -52.735663 -53.079053 -52.024398 -67.679278 -62.108416 -59.099379 -59.329464 -54.796247 -62.915690 -57.910288 -55.348511 -67.918821 -56.114535 -45.680956 -67.236186 -56.980902 -63.968477 -40.356441 -47.550209 -63.192659 -53.826310 -57.034157 -47.870749 -41.638119 -69.085429 -68.771639 -54.519907 
-70.455275 -64.550791 -63.485960 -53.958841 -55.782088 -53.946972 -57.497991 -68.855503 -63.092605 -46.903560 -54.525870 -42.607401 -52.499664 -39.353981 -40.382323 -64.874056 -68.376507 -61.576302 -54.451266 -67.406410 -58.230430 -56.322013 -68.261966 -63.033902 -65.731581 -40.672686 -64.481709 -63.180195 -67.795456 -54.604022 -64.212664 -56.578632 -41.035024 -39.243236 -52.539263 -59.618248 -50.030218 -75.828947 
-64.378024 -63.650747 -37.122891 -53.958841 -55.726441 -53.972491 -57.244481 -69.577249 -65.023902 -58.126398 -54.758206 -60.461135 -52.824007 -68.777830 -47.919435 -49.284846 -71.767950 -68.887433 -54.289696 -55.253385 -57.620859 -61.722758 -68.035554 -60.490844 -75.199629 -63.523450 -60.135407 -72.141580 
-64.232555 -58.369068 -40.993245 -54.124386 -55.859776 -54.060791 -57.941828 -59.187807 -67.783781 -59.491329 -54.642228 -56.179447 -52.967529 -68.090474 -60.920426 -49.411141 -54.135223 -74.922740 -54.855649 -55.307395 -66.578841 -61.954907 -67.257803 -71.519627 -63.271138 -68.757195 -65.375986 -57.463987 -69.476336 -58.344575 -62.914499 -59.632045 -69.921516 -63.233506 -62.832854 -48.188074 -55.353784 -57.498565 -57.649104 -45.627323 -64.462833 -57.854057 -62.895551 -60.950814 -61.830348 -58.552918 -58.095983 
-62.638759 -57.510847 -54.709247 -53.901359 -67.668840 -53.445412 -57.793764 -59.138584 -69.104388 -49.710613 -54.604340 -55.375275 -47.801786 -57.241710 -39.500710 -57.241596 -65.314996 -64.386022 -53.712484 -47.600390 -59.227883 -63.449898 -67.290902 -46.407945 -69.711558 -66.999997 -58.160612 -57.106817 -46.097995 -51.365261 -64.906532 -53.552165 -64.876199 -56.181667 -50.319994 -60.150219 -61.664977 -57.084086 -56.205746 -60.933770 -50.771905 -39.584363 -65.132982 -50.184283 -67.233641 -63.346153 
-57.744392 -54.093325 -46.860757 -53.865398 -53.495533 -54.001216 -68.735733 -58.953050 -62.020302 -39.544625 -54.599831 -55.141333 -40.366098 -60.645023 -39.099566 -55.504413 -49.995777 -56.225747 -54.207292 -65.350219 -46.960161 -51.333004 -67.567181 -66.266151 -55.802805 -48.267093 -58.975958 -63.178377 -46.289045 -47.714812 -52.836846 -54.056459 -55.935922 -56.580384 -66.183663 -73.674498 -61.770674 -60.928933 -62.874182 -54.857567 -66.156068 -52.249867 -58.118875 -64.113356 -47.305568 -65.196113 -69.958220 -47.323955 -64.687882 -67.472472 -60.712501 -60.191575 -49.637543 -69.431034 -50.606437 -66.586507 -53.638283 
-57.833885 -49.491194 -62.025839 -54.652513 -58.793227 -54.374969 -53.156295 -51.063744 -57.584587 -53.454925 -53.994936 -55.545111 -38.312249 -55.230515 -51.842635 -68.754099 -56.300059 -69.477165 -64.068075 -61.217135 -67.575023 -54.510493 -67.172807 -56.097472 -63.476601 -55.261059 -47.658499 -59.429356 -61.026266 -63.780728 -49.944130 -59.529254 -55.545750 -60.731248 -53.667941 -46.694837 -61.697867 -61.494303 -57.143143 -68.198029 -51.334601 -64.278532 -57.115528 -54.632849 -49.095163 -67.217104 
-57.834599 -53.790998 -66.193231 -54.796731 -53.864926 -55.715827 -54.942229 -51.382530 -63.694323 -53.298345 -54.546555 -59.606958 -58.236649 -54.522832 -59.904948 -68.266671 -43.411779 -55.417784 -52.411824 -63.455270 -62.630644 -46.577344 -54.325930 -57.629985 -65.264968 -65.121358 -47.254854 -61.147535 -59.866449 -53.717084 -73.373405 -62.179188 -56.074800 -54.964646 -62.881401 -62.921509 -69.649434 -59.893169 -64.232797 
-58.077611 -72.221561 -64.543320 -61.157909 -58.815504 -59.580522 -49.306917 -63.191152 -61.955911 -54.646525 -54.540237 -58.773664 -52.345614 -55.645832 -61.442946 -68.263267 -40.230957 -55.660693 -54.554364 -56.152456 -70.765762 -46.470886 -54.572198 -58.054141 -56.523444 -57.163203 -49.391684 -61.985478 -71.744198 -50.775378 -68.895475 -62.012286 -61.627318 -70.658599 -53.156080 
-57.720986 -69.730860 -64.599700 -61.052473 -67.561799 -69.006558 -62.915570 -67.335971 -59.183554 -55.162111 -54.242126 -61.224189 -50.831273 -55.898483 -61.728529 -68.913030 -40.449726 -55.063247 -71.684422 -55.707223 -54.790559 -45.844148 -54.444707 -57.573406 -57.357488 -64.222635 -49.335142 -52.807165 -62.187092 -41.064309 -47.102182 -54.854133 -64.467204 -55.510828 -58.740234 -56.994985 
-57.744100 -51.893079 -66.772739 -60.824254 -52.008816 -68.012674 -58.815919 -48.386582 -50.938958 -55.233033 -55.203269 -44.856470 -50.286182 -55.994056 -61.478595 -72.751013 -42.539019 -49.875441 -61.306982 -55.568971 -56.152722 -54.559757 -54.179295 -57.852868 -57.850439 -64.214531 -68.365958 -51.812372 -67.647235 -52.977463 -58.508382 -54.405079 -46.769845 -59.973330 -73.108017 -61.894237 -59.714398 
-58.160305 -59.254719 -66.350454 -50.014330 -53.217139 -67.312056 -75.616714 -48.948402 -50.973634 -55.027535 -54.723024 -73.801844 -49.676084 -55.363175 -68.543798 -56.911845 -41.024733 -61.428555 -60.864830 -55.610983 -57.076322 -57.314709 -52.613289 -57.753745 -59.146850 -62.042051 -68.348411 -72.064843 -54.747271 -70.808929 -60.894155 -56.143474 -59.897977 -52.385658 -61.390557 -53.600010 -54.969473 -39.044687 -52.544248 -55.065203 -61.250401 -41.247253 -66.897591 -66.206712 -71.161354 -67.391056 -64.635490 -62.258593 -60.747148 -66.396545 -63.450125 -66.463087 -64.762430 -66.292365 -58.155625 -39.392839 -59.083368 -68.591400 -61.872486 -55.606064 -56.386567 -43.054632 -58.904364 -52.517338 
-57.128864 -36.291867 -65.797812 -56.897110 -55.203553 -68.691834 -64.973816 -47.991747 -67.206007 -55.408706 -55.543534 -54.091062 -51.698812 -55.964438 -52.118560 -60.845187 -50.702077 -35.876285 -48.153607 -48.699506 -69.110248 -69.092974 -61.573190 -57.808383 -67.534961 -68.345734 -68.077439 -53.948908 -69.442808 -50.603119 -50.125764 -41.709455 -54.778798 -58.040061 -69.226666 
-40.193555 -39.518088 -55.463579 -55.100008 -55.619518 -68.536034 -65.565639 -50.185392 -51.954051 -55.780493 -55.873737 -54.872812 -65.903604 -46.261023 -58.130042 -61.554669 -58.088423 -73.608947 -47.469316 -62.582186 -65.520270 -54.729653 -51.136162 -56.469079 -56.738013 -58.596408 -56.026123 -53.159040 -67.548201 -60.619706 -50.028564 
-50.500001 -39.618697 -55.353754 -54.787426 -61.426706 -68.595470 -65.256115 -49.945353 -50.973375 -55.636881 -55.913767 -54.450868 -65.061673 -69.216717 -50.044032 -68.886491 -57.659773 -47.188716 -46.966961 -51.223939 -60.001288 -60.780178 -66.970226 -56.265425 -56.323480 -62.448366 -53.165036 -53.824225 -57.097280 -55.503446 -72.775049 
-62.262936 -74.961422 -69.263299 -55.246758 -53.460471 -60.181493 -38.937928 -62.283454 -69.756121 -55.698206 -55.983363 -54.639370 -64.067246 -60.453793 -62.756310 -56.568471 -57.622749 -56.216550 -48.025467 -48.690203 -62.060424 -58.585246 -67.590171 -56.265425 -57.042907 -67.217787 -52.290062 -55.446510 -62.249824 -50.727747 -63.641809 -50.516776 -56.312274 -71.691722 -67.441645 -65.164956 -66.710362 -67.493299 -66.520181 -62.643876 -66.920655 -67.333368 -58.273250 -66.493559 -56.917448 -50.279625 -50.276240 -55.094803 
-47.824997 -58.903079 -59.739071 -54.470172 -64.890178 -50.184634 -56.834377 -50.739252 -48.959175 -55.776945 -55.809696 -55.253473 -64.200923 -72.413332 -68.505639 -38.379680 -57.001217 -55.286276 -46.406533 -51.728095 -61.755486 -65.408759 -68.785465 -56.674787 -55.418080 -67.471571 -51.468131 -53.548686 -61.088153 -67.659328 -46.956467 
-47.957935 -65.068529 -61.098520 -54.885424 -56.230687 -42.960713 -47.703717 -60.835068 -61.816450 -55.613489 -55.907499 -51.803180 -64.204067 -68.203624 -58.087434 -39.291827 -57.557971 -57.099161 -57.515351 -61.952243 -63.281418 -55.052371 -55.457188 -56.674787 -55.681541 -67.018502 -50.558616 -53.892234 -48.585039 -63.345364 -68.947986 -63.887785 -68.206579 -51.552124 -41.471169 -61.513849 -54.938784 
-47.957935 -56.507720 -61.323106 -54.110009 -70.448984 -59.560989 -47.641911 -55.726969 -41.657623 -63.540195 -55.752984 -67.830964 -65.872871 -67.131125 -66.614515 -74.500469 -57.538757 -55.442933 -54.048987 -53.822108 -62.849196 -48.815477 -58.790825 -56.924059 -52.246578 -67.233227 -50.423494 -53.902639 -59.886235 -55.381860 -75.829957 -61.850894 -42.596083 -59.108638 -65.240108 -61.555117 
-47.957935 -57.138276 -54.465153 -53.924464 -61.744269 -52.852547 -47.687708 -55.400374 -41.526013 -68.173377 -62.198682 -57.893953 -67.013279 -67.522283 -53.902682 -67.270747 -56.966956 -55.141745 -55.048192 -52.766561 -49.399869 -48.680092 -56.351792 -56.885394 -70.088369 -61.707683 -62.358817 -50.868355 -60.923448 
-48.035981 -58.356473 -61.098381 -55.532792 -59.734384 -54.711577 -47.535454 -56.134989 -41.923371 -52.389853 -61.743044 -57.975284 -65.294378 -73.476108 -53.960975 -67.422417 -57.578117 -55.785390 -62.932157 -52.564385 -54.794074 -65.380598 -56.663366 -56.472387 -69.153194 -57.412435 -60.967807 -75.445613 -49.378510 -61.493640 -74.246956 -48.433829 -69.481565 -71.068682 -62.957512 -48.657177 -68.341895 -56.681755 -60.885555 -68.179513 -59.047696 -51.934527 -67.619726 
-61.167284 -51.829849 -62.265824 -55.247799 -59.740215 -64.185222 -46.173631 -55.735147 -51.345146 -47.317128 -65.854440 -51.703273 -65.394401 -62.070739 -54.925642 -66.873861 -57.311977 -49.342317 -59.662780 -57.106126 -55.280983 -48.442110 -59.405290 -56.047308 -48.044220 -61.511174 -57.109414 -56.070537 -50.504363 -48.113843 -42.572802 -69.631649 -57.139232 -55.618495 -64.230458 -54.725879 -69.666970 -58.671691 -59.927477 -72.050014 -56.787786 -62.437420 -49.214001 -51.647866 -65.538463 
-60.685887 -69.047557 -48.608507 -54.683101 -61.188965 -60.523114 -46.543558 -55.735147 -49.888065 -68.636604 -62.747848 -63.190820 -63.525203 -61.931964 -58.291586 -64.816278 -58.149527 -51.384508 -70.193645 -57.683025 -55.486935 -49.588573 -47.056427 -55.999426 -68.932853 -64.721637 -47.474602 -58.587337 -63.068600 -46.455302 -41.081858 -42.753622 -69.631195 -56.014738 -54.825296 -54.135902 -56.148023 -59.114194 -57.992748 -51.090422 -56.678760 -53.730309 -55.214788 -63.499123 -62.146282 -47.761751 -63.233812 -65.272082 -47.650260 -65.355424 -67.291329 -59.807556 -66.061118 -46.074895 -51.967588 -52.373190 -69.460633 -66.755983 -61.215701 -56.707400 -64.783757 -60.988573 -55.661700 -61.396103 -48.951526 -65.383230 
-39.561797 -63.556564 -51.229939 -54.555408 -65.785590 -53.068975 -49.728284 -52.820055 -61.818595 -55.634132 -54.327763 -63.146543 -46.491624 -58.996129 -57.921814 -65.609484 -58.042261 -51.661074 -55.728259 -46.602499 -50.376861 -52.434173 -59.245121 -55.849662 -62.719834 -69.009331 -67.958455 -69.103140 -66.454891 -69.555008 -61.440055 -63.954830 -39.297327 -59.926962 -55.920672 -53.805616 -57.339489 -57.696590 -41.219378 -64.315232 -56.843497 -69.332564 -65.216909 -62.021414 -53.129426 -69.303682 -48.209729 -53.230573 -43.733870 -58.858303 -52.835793 -49.499452 -61.064440 -68.466156 
-38.457525 -73.105547 -54.602834 -54.865413 -65.497798 -59.348467 -55.986578 -69.914651 -59.356674 -55.997601 -54.063318 -68.307229 -60.622587 -49.585184 -54.783463 -65.779969 -57.483063 -51.304752 -56.228453 -45.123558 -57.465264 -57.940935 -51.681345 -55.250655 -54.364825 -66.988948 -68.845194 -68.193611 -52.849924 -54.341891 -63.424735 -46.447828 -58.268891 -51.189648 -62.408733 -73.821336 -54.561149 -56.754905 -53.730742 -54.678227 -57.150586 -56.663596 -47.569879 -68.574794 -62.577711 -69.006861 -58.067633 -63.019847 -65.351686 -64.498397 -64.888562 -65.272993 -66.453626 -72.061870 -52.607370 -55.497983 -57.886186 -66.620164 -74.653155 
-67.544120 -48.226763 -53.215338 -54.647132 -49.707989 -49.332366 -53.800470 -70.126972 -71.791820 -63.939752 -68.489126 -71.042714 -64.431874 -49.646343 -60.093774 -50.470179 -57.483063 -56.511351 -56.607687 -59.829972 -52.925514 -53.892424 -49.175135 -68.681510 -53.743470 -61.130735 -48.832796 -69.636651 -52.904231 -59.774513 -71.283103 -61.429955 -75.036093 -70.958638 -59.069921 -69.014641 -65.074048 -57.132759 -42.478566 -65.214228 -57.308226 -56.308138 -47.144069 -62.839715 -56.738825 -67.203636 -46.443944 -66.423237 -51.606863 
-62.107196 -67.185151 -51.758137 -54.043269 -65.250119 -57.825451 -53.939972 -36.448842 -50.689526 -47.565871 -56.906566 -49.255679 -58.289450 -47.990920 -61.807717 -54.867893 -60.601811 -58.287638 -56.204839 -58.363048 -66.445341 -56.097331 -56.764370 -67.314376 -53.771336 -63.079613 -56.230611 -53.904010 -53.358920 -66.058014 -51.413215 -54.956854 -61.592236 -59.420739 -61.413342 -52.285588 -46.801377 -74.894947 -58.795143 -70.520556 -47.495042 -72.840168 -52.443080 -63.686809 
-64.443672 -59.201994 -57.213356 -54.667485 -47.062143 -47.417743 -52.773306 -37.806802 -74.562949 -50.335221 -56.431379 -65.809559 -68.958085 -48.202203 -62.705621 -62.952740 -56.509846 -48.922620 -56.410970 -53.232150 -65.168621 -53.566243 -57.194296 -71.088112 -54.530614 -72.056805 -56.145057 -46.797249 -53.183462 -65.388766 -47.456094 -55.246886 -41.137914 -57.288540 -66.181099 -54.373658 -49.582617 -69.012929 -54.732941 -61.196317 -56.045560 -60.965869 -69.476910 -69.654390 -56.573496 -63.861983 -51.511472 -50.313149 -57.020618 -61.890383 -59.534331 -49.323046 -62.119757 -68.582685 -61.130934 -60.779561 -62.635876 -64.166043 -48.209364 -64.567156 -41.823521 
-48.072241 -55.723379 -60.732010 -55.169749 -49.164696 -62.698715 -68.414091 -54.142086 -65.359220 -56.135375 -61.280195 -56.917675 -70.145793 -55.565570 -56.044973 -61.446960 -37.038405 -48.584786 -63.024807 -56.214179 -57.655063 -53.976883 -57.108380 -54.689995 -60.715401 -57.774833 -57.701073 -47.858171 -53.044430 -64.653606 -69.919760 -55.652911 -72.126174 -63.191750 -67.450318 -65.080136 -54.643609 -71.368186 
-56.305397 -47.361106 -64.103908 -54.020120 -55.198756 -68.418905 -68.421045 -41.672171 -66.651907 -56.163934 -64.770381 -42.004895 -53.075451 -56.450011 -53.483439 -65.491669 -36.435974 -62.651835 -57.485970 -51.649505 -61.163153 -53.792235 -56.906783 -64.151449 -36.997295 -58.426900 -46.913529 -46.999419 -52.909442 -65.474641 -57.901747 -55.729810 -68.541103 -62.695493 -64.180052 -69.303268 -46.280066 -73.708312 -62.354972 -55.968637 -68.344076 -58.833974 -70.580452 -57.727370 -66.206721 -63.731834 -48.123064 -68.757097 -51.892006 -54.479183 -69.734477 -53.794486 -64.878616 -63.982982 -38.895500 
-49.994807 -63.929293 -64.012147 -53.352497 -55.278117 -55.885094 -54.876221 -51.581211 -64.544651 -57.081937 -58.298345 -60.026708 -55.580071 -67.772378 -58.521580 -57.458410 -36.212006 -68.553253 -47.859259 -56.092829 -47.383414 -53.598182 -62.719251 -48.322135 -40.391655 -52.361798 -49.979427 -46.579159 -52.909442 -65.074039 -67.956628 -55.573185 -60.039954 -66.518397 -57.643841 -68.833993 -60.695940 -57.252221 -62.397059 -60.939202 -48.402301 -47.299065 -39.887939 -65.996840 -50.010283 -51.376907 -62.878173 -75.930196 -67.794825 
-49.211393 -49.678943 -64.856692 -52.813706 -54.071033 -47.589413 -47.895415 -57.142663 -57.149655 -57.383629 -68.943783 -58.492411 -66.404081 -57.704161 -46.150459 -65.668359 -55.938619 -62.379190 -62.486125 -53.484828 -46.254739 -46.609652 -56.578073 -64.227229 -38.907532 -51.818785 -51.211986 -62.929068 -52.829927 -65.091857 -49.709874 -53.529768 -39.866800 -66.377425 -58.258554 -59.467300 -65.618554 -52.812768 -55.454143 -62.490141 -46.994037 -66.493387 -62.429924 -61.013834 -48.683519 -73.801896 -64.581370 -62.964402 -65.684786 -67.046152 -54.509549 -67.426606 -47.204974 -62.722936 -58.282059 -46.816052 -65.082510 
-50.617016 -64.382678 -63.719140 -52.659776 -59.650628 -51.779644 -49.919576 -47.146618 -52.666704 -66.250663 -57.346923 -63.237859 -41.160640 -72.427225 -55.177411 -47.619243 -56.262317 -50.947602 -66.729930 -53.607697 -70.364921 -53.865946 -57.723420 -46.934428 -37.472152 -57.586821 -61.042972 -62.481769 -52.789204 -64.931726 -69.537278 -41.806286 -72.438582 -60.241037 -58.349606 -61.342127 -52.361735 
-50.814299 -60.894194 -59.093260 -54.071340 -65.728556 -70.709951 -65.963046 -57.666269 -55.524936 -66.547641 -54.759661 -57.247334 -74.188141 -53.316143 -54.540355 -52.650216 -56.927505 -50.255848 -63.072468 -73.631286 -61.441278 -54.406213 -58.108523 -45.845679 -59.356938 -53.654462 -48.816521 -65.781435 -52.715365 -65.493314 -58.123543 
-51.617681 -64.457636 -52.887038 -53.457102 -66.151954 -62.348163 -48.902567 -57.599613 -65.040499 -55.576611 -65.473822 -63.836441 -50.778947 -40.945372 -53.979989 -51.146492 -56.713850 -58.067057 -62.184233 -68.238795 -63.450808 -71.058804 -67.067038 -61.061492 -65.228063 -53.755905 -58.111470 -72.538679 -53.184698 -49.956890 -66.587608 -57.702344 -65.778264 -63.444021 -53.135781 -63.580883 -67.785960 -68.039177 -54.145902 -66.241584 -50.453388 -61.211776 
-63.217011 -63.301234 -52.753672 -52.523031 -56.539703 -71.335144 -46.050105 -63.710791 -66.294238 -54.932727 -57.464715 -71.571371 -48.130298 -43.262238 -54.700826 -51.510308 -56.923321 -58.197520 -66.980836 -58.968172 -58.768220 -65.269625 -71.252999 -52.808318 -62.668251 -54.114305 -63.658834 -63.281308 -53.133636 -51.334912 -71.520756 -60.381736 -51.086457 -61.774303 -71.698676 -70.086871 -43.385183 -61.812744 
-45.148220 -45.708878 -52.853715 -52.552219 -58.363867 -70.897134 -54.205776 -63.886453 -52.364447 -55.358708 -57.818684 -58.806530 -47.778883 -66.942603 -54.527768 -50.310213 -56.865002 -56.322175 -63.085722 -62.266832 -59.481124 -64.859487 -73.092663 -62.468480 -39.318355 -53.585490 -62.380573 -55.842861 -68.047776 -68.797284 -47.470606 -65.570569 -67.671985 -60.741576 -68.898043 -62.594691 
-46.505753 -72.292817 -53.008029 -52.906711 -61.420272 -67.860238 -59.385433 -64.536743 -52.559761 -55.395485 -57.982388 -66.284168 -48.839679 -68.006127 -54.714566 -50.887089 -56.565291 -59.348619 -61.275957 -50.702649 -60.973099 -53.856892 -54.228905 -61.952903 -39.318615 -57.874290 -61.088217 -54.821398 -59.093691 -68.689157 -65.069046 -71.677829 -59.020808 -66.866344 -51.501060 
-69.745029 -59.784083 -56.266755 -67.563043 -50.606182 -57.700495 -64.608183 -67.215574 -62.505911 -53.312774 -57.813628 -57.696860 -61.604906 -53.052944 -55.834265 -50.931035 -56.621133 -49.509717 -64.704302 -57.997328 -57.197465 -54.227474 -53.838033 -51.666928 -58.594078 -74.426239 -54.055676 -59.041572 -51.808836 -55.550619 -55.439704 -63.491298 -48.661586 -67.252100 -63.470928 -53.235034 -47.363154 -60.178193 -62.865632 -59.952341 -68.120803 -55.873346 -68.454616 -64.111416 -65.542484 -58.357813 -64.164557 -53.257223 
-63.683794 -54.558583 -50.356403 -65.255794 -50.358437 -70.382562 -52.575527 -46.483530 -56.174347 -53.541374 -57.856301 -55.946048 -60.382465 -47.262554 -56.066164 -60.498638 -60.105510 -63.770755 -57.357465 -58.592889 -54.583037 -54.936212 -70.553130 -57.966557 -61.359425 -46.185031 -68.907371 -58.816435 -48.044070 -59.652834 -46.583377 -61.904375 -65.350406 -59.364968 -56.558660 -58.359084 -54.220153 -66.356667 -61.326582 -53.503091 -53.145325 -57.032478 -72.066158 -51.947020 -61.961520 -58.255423 -68.218376 -62.485265 -65.082722 
-47.359171 -68.844720 -60.350677 -53.317991 -50.465780 -67.987859 -53.001146 -46.792366 -59.046600 -52.769619 -56.226659 -61.015051 -57.852470 -59.783280 -55.185091 -61.475366 -66.000339 -56.400255 -65.302636 -58.363650 -58.257748 -70.535039 -60.153937 -61.554467 -62.602344 -67.621618 -46.946245 -63.272391 -58.362596 -54.419034 -60.417325 -55.953106 -57.264615 -54.289487 -56.347097 -53.346832 -64.720586 -57.400621 -61.441004 
-70.377267 -52.720642 -57.765552 -62.590540 -69.162115 -65.595494 -53.573564 -46.798407 -49.318604 -52.393150 -67.809391 -65.231966 -68.091025 -55.221925 -55.462162 -52.803379 -47.141715 -64.518534 -56.815339 -68.065714 -46.806273 -70.842604 -54.369950 -58.546013 -61.874827 -48.669828 -58.710342 -68.312986 -58.865565 -54.709847 -54.920622 
-54.581668 -47.559163 -47.908302 -58.579456 -56.379697 -64.776189 -56.459400 -55.305465 -73.796570 -57.939663 -65.696114 -73.364087 -66.601549 -55.047225 -55.955972 -64.446008 -49.297264 -63.181306 -55.938308 -65.429517 -35.826513 -57.446860 -46.635510 -58.090274 -61.129308 -68.206126 -52.818769 -66.215308 -66.366990 -58.565417 -55.245163 -54.800363 -56.670343 
-55.215734 -65.203854 -71.352996 -49.029661 -57.550576 -56.207041 -71.187165 -68.215552 -65.950414 -66.226212 -53.025291 -68.229965 -55.903558 -53.298570 -56.300826 -57.343399 -61.141438 -48.835879 -68.164541 -44.653249 -35.960643 -65.272515 -67.955616 -57.848294 -67.614637 -55.566577 -52.712972 -55.050380 -54.286285 -57.216680 -60.409061 -72.027731 -57.982429 -59.802651 
-57.267129 -65.007324 -72.514483 -63.178965 -52.676370 -56.207041 -53.229420 -66.837620 -66.563603 -52.433011 -52.712972 -57.144128 -57.062523 -54.628383 -56.140824 -63.766062 -61.159991 -40.016556 -53.285901 -53.055278 -59.090226 -56.983356 -74.813816 -57.979180 -55.527017 -56.177683 -52.759722 -51.983758 -56.415737 -61.047223 -71.205141 -65.347199 -59.243186 -57.946289 -45.888116 -52.675664 -59.037929 -69.463891 
-56.412225 -59.122273 -66.734736 -61.733195 -46.038598 -59.212555 -62.406963 -55.440031 -64.391776 -49.771084 -52.970598 -40.807403 -49.826373 -54.803084 -55.791129 -48.135941 -62.189992 -73.998944 -54.601148 -56.157398 -55.481235 -61.309148 -56.946396 -60.036669 -57.162238 -60.315006 -51.511885 -58.045485 -66.070236 -74.475187 -60.043121 -63.984184 -66.315443 -57.359539 
-56.346410 -52.823020 -48.187573 -65.093499 -46.919540 -61.934577 -69.305724 -55.937629 -57.671500 -72.480862 -52.726908 -56.646768 -61.755712 -54.245477 -56.452666 -58.686499 -58.062832 -64.698327 -55.712406 -55.611844 -60.734252 -50.948289 -56.738421 -53.888380 -53.993961 -65.826912 -66.336831 -71.261792 -68.393594 -35.976728 -69.280045 -54.059758 
-56.605204 -57.159820 -49.981223 -65.729822 -46.496558 -60.393723 -45.479177 -55.464955 -55.065430 -36.680905 -52.719650 -57.006948 -57.171245 -53.918696 -55.962940 -74.907401 -50.222395 -65.395601 -54.787933 -55.387512 -54.356352 -50.979690 -37.767505 -61.432470 -58.118073 -63.392610 -67.528416 -57.764164 -60.745736 -62.945190 -66.680851 -53.377138 -59.559420 -61.365660 -56.585245 
-38.904894 -61.999696 -49.695124 -64.626032 -46.376609 -68.012931 -61.846385 -57.225369 -60.495300 -36.134901 -53.263202 -56.901907 -57.451581 -55.124291 -55.806278 -50.161216 -55.513218 -56.368062 -54.112275 -54.969306 -53.455583 -54.440659 -60.528266 -54.530919 -57.368694 -55.182455 -53.991554 -54.191524 -63.172856 -65.879037 -65.753461 -72.003768 -70.289397 -60.132344 -65.812463 -67.056839 -64.586711 -56.256246 -51.965730 -69.830635 -47.216857 -49.889193 -70.598020 -71.925508 -55.210955 -66.551954 -69.016899 -58.885391 -69.204015 -57.414924 -58.407035 -74.767584 -68.009190 -69.331412 
-39.442181 -52.013485 -64.142549 -69.478043 -59.248911 -63.412495 -61.178834 -59.422240 -70.077075 -36.909926 -53.521062 -66.924994 -64.098230 -55.198196 -56.607817 -73.078984 -48.872314 -56.926819 -53.945054 -54.876415 -53.466541 -54.571318 -69.449859 -60.441008 -57.868500 -68.894366 -67.633481 -47.269943 -60.498930 -74.199900 -46.513596 -66.273782 -55.788216 -65.413832 -65.177089 -47.596800 -65.475084 -62.912716 -51.775777 
-39.288201 -61.937209 -65.099437 -64.490463 -58.679296 -55.417787 -62.694887 -53.599687 -48.850462 -36.757707 -66.482664 -57.166035 -67.868404 -61.765597 -56.459894 -46.894768 -62.954986 -68.734894 -53.864642 -55.673437 -54.434743 -53.145200 -60.618566 -64.681272 -59.789239 -52.358423 -61.618882 -59.156974 -50.839959 -56.321320 -72.277792 -54.863077 -47.899652 -66.294381 
-39.541147 -57.180536 -45.872562 -39.179559 -64.204266 -56.739877 -62.176433 -53.599687 -49.770198 -35.343928 -65.246416 -57.117853 -40.294907 -59.647902 -56.345491 -72.394533 -51.695321 -53.627087 -53.670555 -42.971737 -54.398931 -52.361305 -61.111750 -49.978404 -60.732434 -68.483890 -64.662639 -58.914448 -50.907462 -64.092233 -60.767254 -38.803065 -42.466714 
-63.349078 -51.269306 -46.287403 -40.524159 -68.512469 -55.533031 -60.095347 -53.599687 -56.914809 -36.555822 -47.248739 -57.379243 -62.887154 -65.047511 -56.521498 -69.380768 -58.082721 -68.327652 -53.794013 -53.915782 -54.560384 -54.256171 -55.561487 -63.701876 -61.392759 -61.469779 -61.610412 -61.101000 -50.391697 -60.911420 -60.944784 -63.104222 -68.196955 -63.768722 -62.472447 -67.979555 -61.813441 -69.171739 
-61.555125 -60.091296 -55.545902 -56.186415 -57.710108 -54.737130 -58.528536 -53.551625 -57.630680 -37.197197 -48.875125 -53.410598 -63.334464 -67.577052 -56.515658 -39.696138 -52.371935 -42.934464 -54.297939 -52.274570 -54.399003 -62.266974 -69.507078 -61.716247 -59.732240 -54.691457 -63.944751 -70.310859 -50.472778 -55.628441 -60.399779 -56.253845 -69.367438 -52.241727 -67.100551 -60.795477 -68.975783 
-55.690056 -45.903415 -55.403415 -66.941499 -57.200736 -40.486112 -67.234372 -53.549499 -48.615162 -36.126935 -48.066652 -54.306251 -55.476037 -68.130143 -56.470434 -71.887656 -61.539624 -51.757116 -54.032434 -62.171830 -54.144541 -41.819847 -48.354085 -68.991531 -68.259845 -55.033064 -59.825398 -60.116449 -48.403411 -42.068200 -55.548600 -51.681984 -56.451937 -51.201057 -63.532928 -39.185259 -57.152779 -59.322599 -59.066436 
-61.093906 -62.016927 -53.961767 -64.924243 -57.303705 -47.764688 -60.234763 -53.856810 -49.789234 -46.611340 -61.064053 -62.518503 -56.602507 -50.931175 -55.455676 -56.466933 -48.579414 -54.481026 -53.984592 -54.547003 -53.644653 -62.800685 -54.700692 -58.310427 -54.469115 -60.142450 -45.472796 -55.802017 -68.054451 -71.258094 -59.240432 -60.502716 -51.717550 -49.445928 -60.204809 -61.163828 -35.583329 -61.512155 -67.089540 
-59.036131 -48.767346 -54.911234 -65.102550 -62.995262 -47.587777 -49.793051 -53.874571 -66.996598 -50.686543 -47.922308 -63.720890 -52.862603 -72.677965 -55.457278 -53.187451 -56.583965 -67.181891 -53.798955 -53.347090 -58.676553 -49.373114 -53.870732 -64.733792 -55.991694 -58.415848 -53.793888 -67.753240 -51.610434 -47.579356 -62.519667 -57.985108 -59.566169 -56.847914 -57.186211 -71.990447 -62.534050 -63.855802 -51.237730 -68.726095 -68.604479 
-51.997749 -56.332909 -54.934186 -66.257696 -39.149318 -50.954820 -47.665152 -53.711937 -72.911800 -56.374241 -66.932245 -64.288449 -54.185032 -68.992202 -55.720087 -58.029614 -56.583965 -70.214573 -54.601922 -47.727624 -56.977004 -47.080059 -70.458196 -69.576348 -55.596020 -57.699906 -54.080614 -58.118730 -60.847549 -59.606788 -67.431861 -53.880251 -59.566889 -68.104038 -57.372227 -67.386886 -66.003013 -59.226395 -46.967545 -51.184603 -62.949800 -51.566027 -55.236599 -53.043955 -50.807501 -56.682108 -55.210636 -61.060095 -52.699968 -58.147148 -64.164129 -61.400483 -54.392848 -58.746280 -57.873348 -70.666952 -71.358438 -75.281178 -63.309566 
-53.432929 -73.519276 -65.571888 -65.810381 -61.706433 -58.102591 -53.559980 -62.769636 -35.535164 -56.660862 -65.190560 -57.102923 -54.321226 -53.970306 -55.642026 -59.182441 -57.639671 -68.015431 -55.044597 -48.306509 -64.279561 -46.898607 -52.221048 -59.343052 -54.900892 -57.749133 -47.979126 -63.656692 -51.710368 -57.573956 -66.529227 -52.147988 -59.470072 -65.852235 -40.769309 -60.414485 -65.124777 -60.287895 -45.446679 -62.926955 -65.118055 -52.305099 -54.773186 -51.804276 -51.005544 -50.920401 -54.062570 -56.928823 -61.862186 -69.216053 -52.042055 -49.068519 -48.248342 -75.429972 -68.813976 -55.244321 -57.189368 -54.245597 -53.241009 -39.238877 -66.069567 -61.546641 -57.196999 -63.612972 -40.235573 -62.414233 -61.357979 -59.397793 -70.532405 -48.418996 -64.577836 
-61.649576 -51.207502 -54.658186 -63.188457 -60.415012 -62.029352 -59.312063 -62.297396 -39.385784 -55.177149 -66.660718 -57.170692 -54.527189 -63.609177 -55.822843 -36.389563 -57.668389 -51.455405 -54.493117 -49.822814 -66.148970 -52.077102 -71.410134 -56.931891 -63.418014 -53.333880 -46.886715 -58.340481 -50.869883 -39.733855 -63.958337 -62.563344 -47.189270 -54.586888 -53.015280 -66.992654 -41.659960 -55.397165 -51.250486 -60.505563 -52.343751 -70.037753 -53.680126 -53.472523 -59.593152 -53.452422 -54.330036 -66.107423 -67.527046 -59.765502 -71.445602 -64.509718 -56.616260 -61.273865 -49.076460 -56.360188 -52.767180 -58.616688 -58.965754 
-67.694857 -50.181186 -56.100967 -54.137336 -51.698788 -64.072981 -54.470263 -72.948926 -48.625961 -56.249168 -53.988264 -63.716520 -62.524978 -74.672681 -55.138354 -36.668507 -57.918103 -51.514623 -54.715752 -62.760918 -54.913915 -54.803115 -62.120279 -70.006090 -59.541357 -38.512812 -46.686093 -50.601844 -56.400422 -47.773337 -55.675222 
-67.337512 -50.144226 -56.578837 -53.765168 -37.744206 -58.265506 -68.944679 -57.037325 -47.605236 -56.488805 -48.734697 -61.030111 -54.699145 -48.002092 -55.731851 -64.571294 -57.365409 -72.309535 -54.774007 -61.004794 -54.814356 -54.803115 -47.798552 -61.351794 -58.418749 -62.879956 -58.981394 -67.884611 
-51.415810 -61.605751 -56.535630 -54.176042 -60.382452 -65.548052 -50.320539 -56.291090 -63.679850 -67.900438 -57.676272 -46.816309 -55.183555 -62.289782 -55.465741 -66.315977 -56.959035 -62.728921 -54.662990 -47.692274 -54.821296 -54.529652 -68.241866 -53.050382 -58.257524 -57.522493 -68.809362 -68.234273 -51.723918 -62.384555 -59.545505 -67.088745 -61.104058 -63.421270 -59.180200 -48.461250 
-57.675861 -51.051140 -56.022565 -54.833466 -61.951283 -49.437881 -50.589432 -62.407749 -57.385189 -65.093579 -66.825697 -47.072104 -58.934101 -60.659297 -55.681261 -51.440681 -57.051006 -37.623357 -62.727473 -52.687511 -54.521897 -54.522758 -39.529924 -57.074874 -55.253928 -54.411727 -49.087140 -39.319343 -59.097637 -49.792224 -62.663259 -69.927077 -61.367097 -63.771033 -52.546528 -64.369777 -60.032809 -58.781164 -62.577756 
-50.953374 -60.768676 -56.266759 -61.671913 -52.508289 -65.285030 -50.524424 -54.735674 -59.614408 -62.938123 -67.844458 -63.802172 -54.938921 -63.247523 -55.192969 -65.530004 -56.938482 -46.033231 -60.385506 -54.758434 -53.468558 -53.798074 -60.312106 -59.438649 -54.959288 -56.393242 -56.127287 -39.548132 -61.739122 -48.517599 -69.970639 -55.517537 -48.322384 -67.992633 -55.325554 -54.216047 -48.018347 -68.826739 -47.051703 -68.655028 -47.087738 -70.142508 
-55.784372 -54.194530 -55.577944 -67.690458 -51.820974 -47.192981 -50.836981 -54.623005 -49.825866 -64.396854 -60.237750 -55.791530 -61.063667 -62.055702 -55.942254 -55.100124 -67.225094 -45.556980 -46.555828 -75.031453 -62.428545 -54.145534 -60.372288 -67.992806 -54.818767 -57.079220 -54.854422 -69.152215 -57.594587 -48.661193 -64.490691 -69.104942 
-53.922029 -54.094423 -56.043207 -59.753549 -72.686230 -54.087369 -50.181740 -54.539181 -47.353471 -53.040679 -46.600823 -61.932891 -38.624382 -56.506034 -59.573088 -53.666142 -48.218260 -57.628493 -64.678041 -63.262358 -53.419939 -54.415624 -62.505687 -48.079085 -54.192495 -58.566103 -49.488077 -67.249196 -57.712214 -59.901657 -61.740002 -70.731692 -57.681869 -64.032111 -61.057871 -47.197001 -53.990889 -68.447692 -62.888865 -59.592068 -72.414983 -71.525989 -71.005549 
-50.406699 -52.811150 -55.971156 -57.726873 -49.827280 -53.732916 -64.744337 -54.467602 -45.625515 -46.854578 -61.563658 -60.566654 -68.880493 -68.655024 -61.703829 -53.842782 -47.488188 -56.823410 -52.392547 -52.223351 -59.737895 -53.674869 -72.785665 -53.497880 -54.213406 -65.445597 -56.499947 -58.236080 -75.488583 -68.988606 -61.829313 -61.246943 -56.236131 -51.098651 -36.769437 -58.800180 
-54.093434 -52.805104 -56.119961 -68.578584 -59.936430 -57.276559 -60.501654 -54.881742 -59.497690 -74.131663 -72.638079 -58.465124 -63.859693 -65.547989 -54.709066 -59.329776 -43.282623 -54.591715 -46.964252 -57.568406 -69.556770 -50.759356 -40.374893 -48.774231 -53.190782 -63.741169 -64.943802 -66.665367 -65.323076 -52.214607 -53.722940 -69.695137 
-55.899578 -53.053596 -56.342998 -54.926271 -65.017966 -71.685584 -56.553590 -55.496230 -63.401876 -60.031313 -52.927138 -75.091469 -51.239988 -59.834875 -54.974991 -59.515658 -41.735652 -53.877930 -47.006354 -57.525646 -69.544049 -49.410114 -61.103915 -59.080495 -62.645165 -59.040444 -66.615118 -49.485590 -49.166693 -63.934137 -67.701526 -50.870598 -67.541527 -55.226864 -61.469531 -71.177006 
-60.610319 -69.107342 -55.768272 -46.707810 -49.783920 -52.195621 -62.749170 -55.322056 -61.343786 -67.215385 -51.318945 -67.869169 -57.889390 -57.293539 -55.343045 -59.219555 -55.131313 -47.303587 -48.790627 -57.533131 -49.299793 -35.028761 -52.743150 -65.338811 -57.983165 -58.475312 -37.053873 -52.969299 -48.041881 -40.358105 -72.021300 -64.717987 -56.145556 -54.947679 -54.597809 -49.534092 -48.551774 -71.215798 -47.460601 -61.495677 
-52.725640 -67.228858 -56.043647 -52.738672 -36.394017 -60.943591 -62.972103 -55.170094 -47.688230 -56.383273 -68.902519 -65.109007 -48.341955 -52.398332 -56.164844 -60.275962 -55.104356 -69.403287 -39.093608 -57.168846 -36.369042 -57.118587 -61.269514 -49.803066 -67.237507 -46.362726 -54.887067 -53.364924 -47.694698 -62.299707 -58.646736 -75.354613 -67.215619 -57.105313 
-68.201284 -67.121024 -63.293526 -62.529380 -36.427358 -48.667984 -69.391500 -55.865218 -62.146537 -50.288941 -51.285445 -66.053579 -56.934772 -52.814665 -56.284365 -53.466399 -55.218292 -72.103170 -60.993637 -57.170238 -64.571414 -72.848479 -48.117145 -49.432983 -61.514646 -45.995616 -59.471875 -56.145404 -53.296760 -54.348320 -58.378762 -58.045778 -53.088287 -42.952738 -63.438878 -56.459092 -62.272996 -61.234613 -50.886770 -52.594861 -57.605474 -56.707364 -56.115441 -63.419395 -58.830918 -58.892690 -58.996516 -47.396842 -51.974392 -50.311936 
-63.817433 -66.690273 -58.443624 -62.722683 -71.074291 -59.346085 -56.770108 -55.656920 -49.284817 -52.264901 -53.979713 -66.539518 -63.951466 -60.751464 -51.983539 -53.400517 -54.650153 -56.267921 -54.887184 -67.119397 -53.566436 -56.248400 -56.296634 -46.875638 -59.579566 -58.694279 -38.884840 -55.709868 -61.493385 -51.360256 -46.936821 -52.208826 -54.345666 -70.914720 -61.038699 -53.264646 -61.312578 -57.089309 -55.179425 -46.881524 -60.707049 -60.007855 
-51.031982 -67.319555 -69.079128 -64.731802 -53.838070 -55.645992 -56.422663 -55.479742 -49.633566 -52.555467 -71.061783 -65.211710 -63.427550 -59.046268 -61.586643 -54.177739 -55.316253 -69.800214 -68.403082 -59.185347 -47.559149 -56.007055 -56.154756 -70.476860 -57.681957 -56.698157 -37.293088 -55.800369 -61.762940 -75.127703 -47.431409 -62.557056 -62.043336 
-51.908201 -56.219457 -55.613156 -68.968687 -55.553179 -55.695964 -59.435340 -55.217920 -35.672090 -53.690932 -55.333403 -66.339810 -65.052267 -57.073412 -53.801428 -57.745556 -62.383657 -62.149932 -68.606285 -61.535654 -46.128793 -56.758863 -57.030385 -63.935916 -62.395703 -55.646519 -63.017355 -63.758512 -35.203919 
-60.862835 -56.498843 -55.382821 -49.466340 -55.192250 -55.736114 -68.950250 -55.603574 -41.970837 -47.654986 -60.846452 -47.744783 -65.776311 -68.967691 -53.978983 -52.432360 -38.065789 -57.289072 -67.727801 -62.030347 -64.389000 -63.347060 -58.434798 -67.057618 -64.867004 -62.127700 -64.807777 -61.211932 -65.310286 -55.955648 -61.510158 -59.057933 -61.766654 -58.519510 -54.559865 -56.357845 -62.932511 -68.343727 -66.772490 -60.208421 -61.683957 
-66.364799 -55.881346 -55.262780 -69.021221 -55.192250 -55.736114 -55.715865 -49.253121 -63.055552 -67.405566 -72.812648 -61.877103 -64.715903 -71.261969 -54.481978 -50.461627 -39.670277 -55.478714 -74.879151 -70.970197 -65.148839 -63.709571 -58.651862 -48.323707 -58.986621 -54.258890 -47.612428 -47.959131 -56.231723 -64.390329 -65.678693 
-66.387990 -56.219702 -68.745549 -67.855580 -55.192250 -55.736114 -55.574407 -63.701774 -50.921062 -56.601140 -36.509577 -47.191962 -55.987308 -69.477285 -53.624042 -62.356749 -53.877128 -45.773520 -57.768774 -55.392982 -63.675983 -46.463088 -58.590126 -49.354624 -66.299130 -56.541945 -67.511321 -49.209274 -38.391242 -58.897235 -47.950590 -70.972099 -48.035210 -56.972870 -61.030423 -54.778208 -58.651921 -47.688854 -68.750327 -68.130692 -66.898622 
-65.657167 -55.833620 -63.181570 -61.812078 -54.578883 -56.123979 -55.739390 -54.849371 -64.363947 -56.983155 -36.972015 -47.820356 -48.358863 -69.642592 -54.452357 -64.192317 -57.610043 -52.842446 -65.972757 -55.368896 -58.001159 -54.666795 -58.354023 -49.470457 -48.929222 -68.306843 -46.316605 -68.786151 -67.153474 -64.653308 -61.224426 -59.159172 -70.984292 -45.758644 -60.356958 -55.832247 -47.525742 -47.782010 -61.829944 -63.203938 -61.666104 -59.390127 -57.972767 
-65.983215 -55.946419 -46.414269 -66.929468 -54.467119 -56.109186 -55.465671 -65.859287 -62.407057 -51.666591 -64.986802 -49.359078 -62.002278 -60.089909 -54.343962 -66.637993 -55.031843 -52.657071 -68.762571 -55.715556 -57.827335 -65.910465 -58.210009 -50.212838 -73.462863 -56.790520 -37.996194 -56.106076 -57.980998 -64.178849 -66.372068 -61.314551 -70.193966 -58.014391 -52.632372 -58.419340 -67.177418 -49.070427 -63.821647 -63.606272 -39.572085 -55.856783 
-64.851167 -56.133985 -57.175699 -63.046669 -54.432389 -55.363443 -54.745467 -74.849708 -58.420082 -54.693155 -64.648549 -47.438101 -54.485371 -72.996401 -66.630462 -47.731058 -54.632767 -53.215339 -39.891168 -55.831259 -57.787270 -40.338888 -52.381400 -50.087734 -63.799126 -64.548763 -63.511710 -71.883117 -57.869952 -65.010669 -69.050492 -62.150457 -63.968240 -58.723883 -61.993946 -67.534124 -70.087749 -45.840145 -74.035101 -64.220495 -55.430771 -57.426447 -53.904421 -58.674820 -56.289010 -58.850356 -42.708928 -56.434462 -49.568390 -40.280257 -66.414519 -53.702332 -53.131247 -58.969950 -43.088940 -56.820680 -58.961518 -66.929501 -46.123291 -46.554811 
-56.014733 -69.420308 -69.354514 -67.963703 -54.400747 -55.222868 -54.198888 -59.572524 -61.117186 -61.055335 -66.303187 -48.004407 -54.580085 -59.330943 -54.580403 -65.524894 -62.989886 -52.378635 -45.984100 -55.834090 -56.957791 -39.879695 -48.984189 -50.754465 -50.690405 -57.835345 -67.555124 -54.065319 -58.077767 -65.830793 -73.772685 -70.247769 -59.928987 -49.412611 -75.256158 -55.712030 -61.344929 -54.832396 -41.911681 -55.470866 -69.828029 -61.588840 -55.629589 -47.788810 -50.822442 -69.392382 -57.158323 -68.635525 
-64.314574 -55.400039 -59.215379 -47.757345 -54.786176 -55.123765 -54.362235 -66.987308 -50.363409 -63.060966 -65.243091 -65.334002 -54.403152 -51.622288 -54.963720 -35.755975 -63.052789 -49.481461 -62.162730 -55.790945 -56.967701 -69.791450 -46.427873 -61.878979 -64.669977 -71.391464 -50.887767 -51.746754 -58.518905 -66.965093 -62.312854 -65.404036 -50.723755 -55.937507 -60.259908 -60.036328 -48.981759 -59.991387 -53.091812 -60.213977 -57.972074 -60.677642 -71.927972 -66.279272 -63.330488 -65.869030 -47.517481 -62.695936 
-56.289649 -47.454519 -67.319545 -56.907391 -54.883338 -55.084762 -54.984373 -61.238181 -51.515582 -62.632107 -69.123132 -50.377732 -54.095337 -50.393704 -56.280238 -65.457382 -56.033608 -55.568223 -65.510346 -55.890371 -57.026480 -62.734659 -46.188501 -47.251959 -74.036498 -51.444178 -61.637362 -52.150027 -58.006079 -63.362960 -61.457786 -66.739379 -55.002497 -59.642926 -47.591516 -46.329901 -62.325485 -73.279591 -64.608544 -55.065863 -59.485480 -67.874606 -73.605465 -61.601813 
-40.201419 -67.526987 -59.698116 -58.387594 -54.774039 -54.841144 -54.572563 -68.903793 -51.732457 -62.247059 -59.314914 -66.640894 -53.589981 -50.226654 -56.818378 -52.539366 -66.309465 -56.111270 -69.369205 -56.312261 -57.602647 -67.912440 -46.984299 -56.840501 -64.661278 -63.533612 -47.288329 -68.704690 -58.043194 -71.728444 -52.997315 -61.975157 -48.113234 -60.844383 -51.698729 -67.783701 -72.011608 -48.603600 -62.795119 
-42.142939 -61.284335 -54.972763 -72.768523 -54.878323 -54.913564 -54.848031 -57.688342 -67.107127 -50.087516 -59.628200 -56.671629 -53.971072 -51.641740 -59.126406 -52.481293 -63.303610 -59.129501 -55.536445 -56.159973 -53.092090 -46.687306 -46.747687 -56.961049 -64.522495 -47.678679 -62.908919 -62.800640 -52.437971 -47.692782 -69.115014 -70.305519 -66.200559 -56.336690 -75.066072 -60.063823 
-60.869304 -62.209161 -53.967634 -54.839507 -55.085839 -54.370937 -54.281642 -55.504782 -56.178302 -48.749882 -64.190094 -58.697637 -68.468303 -51.809346 -61.852586 -69.296014 -41.186778 -60.065705 -58.496820 -59.521092 -53.888749 -54.056608 -45.913205 -56.879791 -53.076711 -56.219709 -56.738665 -66.648484 -63.621098 -60.095010 -68.251223 -63.077331 -46.711349 
-51.077722 -65.701253 -54.666460 -47.092396 -54.546557 -54.226152 -54.204268 -61.835047 -55.612478 -58.824968 -53.147190 -57.950583 -47.920003 -62.688090 -57.736714 -53.204452 -42.045410 -59.915475 -58.019517 -74.355434 -62.867258 -54.435991 -54.813468 -68.161664 -53.382315 -46.550241 -60.284251 -58.215124 -61.362886 
-51.202938 -60.564628 -55.413888 -57.941777 -53.972257 -55.651052 -54.999454 -59.391829 -55.381401 -47.681264 -64.590773 -58.036690 -48.057323 -57.810886 -57.623462 -53.592115 -45.963236 -59.560382 -69.391992 -53.108862 -71.900796 -53.968056 -73.605352 -42.273597 -53.379724 -47.626406 -49.420818 -60.344303 -47.127319 -60.765206 
-68.826056 -69.553547 -56.414932 -57.074790 -55.136237 -55.540471 -54.831285 -46.226729 -55.235619 -57.312783 -50.396446 -58.357851 -53.979985 -63.466488 -55.109558 -52.852767 -47.674328 -69.629716 -60.491804 -53.412790 -55.114298 -54.760412 -47.538859 -47.834788 -53.543689 -61.385393 -51.856664 -61.079683 -47.979005 -57.103208 -65.732142 -68.976408 -60.553994 -48.485050 -51.803897 -69.295045 
-62.566975 -62.808817 -68.081177 -57.313623 -48.100344 -56.537193 -53.879194 -52.721781 -55.476517 -72.927860 -47.162943 -58.317824 -54.609642 -63.960705 -52.156268 -57.789906 -47.447495 -53.142693 -54.985056 -54.027439 -54.643593 -52.706189 -62.370813 -67.644639 -54.110554 -65.208491 -58.929512 -71.501217 -48.630701 -60.015543 -56.594921 -65.937898 -51.793009 -58.688586 -57.960666 -69.293589 -71.243892 -67.022900 -63.864607 -64.119430 -39.302672 -52.660325 -49.100658 -48.426578 -59.458637 -46.937131 -52.965506 -62.308883 -50.342628 
-58.253977 -75.349343 -65.123715 -58.066486 -72.178595 -67.577831 -54.817882 -48.423196 -73.363662 -61.061076 -63.295974 -52.425590 -60.338804 -39.879498 -53.578542 -53.793521 -65.590961 -63.636502 -55.655248 -46.707801 -55.345844 -63.652107 -52.471556 -60.882847 -54.646293 -58.725783 -53.313218 -69.311761 -57.997127 -61.682236 -56.540958 -67.860503 -66.963635 -70.317249 -68.843324 -52.205460 -60.902723 -63.594066 
-58.157479 -70.226085 -57.177116 -53.416567 -67.306659 -58.622270 -54.475672 -73.950890 -62.764569 -55.858010 -60.133924 -56.622610 -48.337718 -40.393734 -61.358772 -55.535932 -67.864205 -46.983458 -55.318913 -63.325908 -55.589976 -45.797992 -61.657617 -60.896916 -53.448055 -49.216594 -58.560059 -55.706723 -48.256785 -50.807344 -57.402571 -55.233119 -69.203160 -65.375598 -61.604671 -57.626234 -65.434918 
-62.723587 -61.307479 -74.140735 -51.353388 -58.031448 -65.328088 -54.285108 -50.421849 -52.859608 -58.045172 -62.750119 -55.738080 -46.058083 -39.333843 -67.906207 -56.375918 -63.095574 -54.684925 -55.195076 -60.855362 -55.406621 -61.269695 -50.072107 -57.293063 -54.332856 -60.346572 -59.094584 -56.651722 -48.501901 -46.329174 -46.132006 -60.520844 -66.412717 -63.091166 -57.523985 -67.657710 -56.832308 
-71.008164 -54.795865 -68.386185 -51.487291 -59.114874 -60.353346 -53.301260 -52.134513 -56.686402 -57.667821 -61.230145 -56.001524 -45.935797 -46.789121 -65.485657 -58.330881 -63.735506 -55.500085 -55.089690 -58.151274 -55.652985 -55.624504 -64.028951 -69.767844 -53.832957 -62.409766 -63.544160 -53.698202 -48.557031 -46.415680 -61.350533 -67.752001 -53.091731 -53.836354 -64.038528 -62.929620 -36.496996 -55.419130 -62.010073 -69.213371 -64.829486 
-55.648354 -60.866179 -62.627217 -52.183930 -68.892410 -63.898207 -54.050168 -39.227328 -66.799522 -57.611229 -56.316921 -56.239770 -46.957993 -64.578440 -71.733660 -68.178531 -55.581053 -54.721332 -55.089690 -65.014326 -41.739679 -55.005710 -51.156683 -64.798966 -53.480860 -56.850207 -64.110234 -59.926140 -48.357600 -46.534751 -70.381802 -35.431368 -66.778295 -47.326184 -63.244145 -66.803886 -40.298138 -69.171529 -71.045402 -62.134050 -53.492592 -47.136522 -66.522471 -47.038100 -64.782400 -58.739201 -60.206847 -70.416042 -57.966419 -58.788015 -58.917384 -43.361313 -67.056649 -60.919733 -41.162594 
-68.734537 -37.818505 -59.718539 -74.337257 -59.729238 -57.405161 -54.050168 -69.459284 -62.670595 -54.523411 -54.500981 -56.644779 -46.354095 -52.393539 -57.348085 -60.472855 -56.178008 -53.688998 -55.089690 -68.023905 -65.558511 -54.995110 -51.190870 -52.396483 -53.790436 -57.089480 -71.395410 -71.435741 -48.374970 -46.567171 -46.259531 -55.428920 -61.338130 -72.826310 -46.522916 -66.456789 -39.253261 -72.854625 
-59.628486 -59.298731 -64.438735 -70.376991 -73.007527 -57.465966 -69.672547 -68.227275 -53.981925 -54.436451 -69.858317 -52.434279 -45.642556 -39.337115 -57.248449 -53.216574 -61.885120 -65.731706 -54.547773 -62.285719 -65.462154 -68.830522 -50.841220 -59.982321 -62.513405 -54.860970 -61.218826 -60.787303 -49.033441 -64.625371 -54.425810 -66.981713 -55.783173 -63.215240 -53.336049 -56.605804 -39.889760 -48.106783 -57.803077 
-59.910874 -69.429374 -53.540740 -43.032224 -67.480895 -57.213016 -54.362823 -66.569957 -53.835489 -58.858617 -70.933943 -62.563167 -55.109890 -55.837323 -56.947687 -52.549302 -64.405363 -64.364376 -55.020313 -53.270943 -43.694448 -56.500738 -50.662220 -57.131831 -58.847524 -69.929591 -62.405857 -61.689530 -49.564725 -64.100973 -55.047030 -56.426134 -55.513062 -61.939637 -56.526674 -65.043707 -69.516223 -47.342256 -63.022561 -47.474080 
-66.155988 -58.384278 -54.176273 -52.507439 -55.104854 -55.009723 -61.568574 -54.964412 -53.670165 -68.185491 -50.484015 -55.965861 -54.712351 -56.515436 -65.611418 -65.852756 -49.565927 -69.305978 -54.716186 -51.719706 -46.386272 -59.853856 -55.974806 -61.040440 -57.278611 -52.317671 -57.882611 -64.468824 -52.961082 -60.188305 -68.458328 -67.111807 -56.770456 -61.390663 -65.679809 
-69.183583 -63.353147 -52.662080 -62.588917 -57.021600 -55.008723 -64.766114 -54.968728 -53.509918 -56.678629 -67.577171 -57.412062 -54.991724 -71.640651 -66.225631 -57.685189 -66.767240 -58.546639 -54.716186 -49.649374 -48.025966 -70.965843 -56.097745 -54.697144 -64.989961 -50.360766 -61.040950 -63.800172 -48.148370 -74.638990 -47.739033 -54.685571 -57.624048 -66.529481 -55.922387 -37.603562 -57.268433 -66.255847 -49.883410 -56.275953 -57.641319 -58.086331 -57.294101 -67.566165 -52.198172 -52.904682 -62.745828 -73.076077 -67.242272 -55.460783 -44.312366 -45.784350 -67.264995 -63.882384 -58.735790 
-71.476736 -68.600883 -40.139101 -59.448576 -56.961633 -71.178191 -63.277292 -67.254435 -53.613498 -59.193061 -65.544825 -51.428524 -55.160651 -64.958175 -46.177084 -55.054924 -49.947807 -55.087922 -53.670079 -50.399357 -54.894209 -71.041969 -46.258379 -54.223073 -70.246113 -51.372837 -65.839107 -62.813512 -63.052268 -67.168466 -47.985780 -54.530211 -60.853192 -57.250523 -60.890851 -38.825033 -68.287574 -72.083417 -71.213174 -43.608721 -63.144955 -40.434498 -61.261732 -62.089542 
-75.682642 -66.013779 -68.514771 -45.816131 -58.772570 -68.979056 -61.394607 -62.771464 -53.967223 -59.423495 -50.335775 -48.440634 -55.160651 -68.845182 -54.958038 -63.764151 -60.679436 -61.998198 -54.145900 -49.174820 -54.666144 -66.823421 -41.101156 -54.104592 -64.151431 -58.287417 -50.923175 -54.701431 -65.933139 -46.191696 -74.764424 -48.090655 -36.472092 -67.471108 -54.764335 -55.343441 -69.583754 -63.120028 -57.937688 -47.935541 -50.034469 -60.613689 
-54.589180 -64.842616 -54.689498 -51.123325 -64.532928 -58.975589 -66.751699 -66.508229 -53.905415 -61.452263 -54.958070 -47.281740 -55.797526 -55.407447 -59.857990 -52.380742 -51.114843 -50.475639 -54.196263 -48.272806 -57.805008 -46.388678 -57.652393 -54.206739 -49.214859 -39.539843 -51.734549 -73.099285 -57.431299 -68.657979 -60.695573 -62.141510 -52.886278 -49.339756 -57.016449 -62.062316 -71.696638 -61.690606 -68.132519 -47.620958 -69.357423 -53.260767 -46.690930 -62.738776 -68.424514 -70.181787 -69.618944 -63.249426 -55.338174 -60.867339 
-48.722846 -63.279718 -50.731180 -51.232348 -61.573800 -60.489987 -67.078346 -59.866758 -54.420523 -57.149330 -55.102041 -62.603368 -56.012626 -68.667515 -63.824131 -46.050380 -50.624124 -51.510242 -54.095825 -58.016531 -54.672417 -55.797854 -58.545258 -53.901305 -57.194985 -39.889903 -57.811121 -55.535883 -57.608603 -49.943471 -59.867579 -62.121747 -55.208195 -58.786902 -65.838526 -49.300484 -65.176800 -51.055973 -50.403914 -69.199147 -58.485973 -47.522190 -64.956909 
-64.370335 -75.868777 -55.109363 -53.155632 -42.034099 -58.993140 -65.112501 -56.697925 -53.817036 -54.043490 -57.650347 -62.527389 -51.698215 -52.320122 -58.572650 -66.677878 -64.542672 -57.431230 -53.917108 -58.723370 -53.771938 -42.095898 -47.873850 -54.166815 -60.384041 -39.621119 -46.955958 -56.737851 -64.341700 -49.350425 -62.065921 -53.561540 -60.431593 -64.928309 -62.847794 -54.565359 
-64.224378 -71.291636 -55.648190 -63.937587 -59.782450 -56.316800 -55.586488 -35.695118 -53.211332 -48.334259 -57.730070 -66.471710 -50.962063 -65.271953 -59.177253 -66.437710 -48.194227 -55.905481 -54.388264 -53.402057 -54.892873 -58.568545 -50.558698 -54.406825 -57.984384 -55.724046 -46.743927 -49.178317 -51.850997 -57.311998 -71.798444 -60.318703 
-61.504113 -43.260661 -55.424644 -48.090922 -58.552156 -56.203354 -57.087560 -36.264381 -53.497995 -48.999751 -58.042296 -47.800644 -50.505462 -52.729997 -64.501038 -67.781338 -55.136636 -55.685342 -54.480815 -50.376374 -54.461394 -35.743853 -53.864311 -53.848843 -57.746022 -57.446656 -64.439002 -55.412566 -68.561604 -58.594264 -57.905182 -66.853197 -67.911067 -73.889045 -42.682245 -72.037585 
-50.004469 -66.063920 -60.205013 -48.850959 -58.897497 -55.768769 -57.161492 -54.360653 -60.919615 -50.372434 -49.204682 -65.469948 -52.295274 -69.039965 -65.205340 -55.848206 -56.607035 -69.075166 -44.141133 -67.797441 -54.325019 -40.988964 -53.890029 -53.878514 -63.150533 -59.466504 -58.230524 -57.599241 -71.106085 -68.137241 -48.146190 -67.836781 -47.574833 -64.053648 -66.000196 -56.704287 -67.461867 -57.230888 
-69.091225 -57.862530 -62.766907 -66.732333 -62.323274 -56.248997 -54.239595 -53.767957 -66.102951 -57.926056 -49.922904 -53.318769 -51.119652 -53.052989 -51.148903 -64.385858 -72.880009 -48.305958 -45.967194 -66.708371 -53.936591 -40.087084 -54.023311 -54.130254 -49.049688 -61.193489 -48.604613 -59.481242 -57.505593 -55.181489 -58.109384 -52.629020 -64.650593 -48.833187 -57.918645 -55.076898 -63.993925 -67.169335 
-58.650355 -65.360299 -63.238185 -59.463711 -65.313083 -56.450731 -57.602958 -53.013259 -57.714499 -49.216188 -55.714921 -68.330399 -53.724760 -58.420783 -60.394956 -65.079736 -68.891311 -65.892052 -56.632024 -62.850720 -40.777008 -49.935786 -54.003803 -54.097797 -53.369283 -61.476059 -59.182877 -68.272910 -57.297357 -57.389506 -64.651781 -66.632017 -63.154855 -48.607182 -60.256277 -74.758394 -74.227264 -43.646245 -54.294818 -60.445263 -56.606259 -64.520341 -58.787063 -70.688964 -56.356306 -62.958413 -56.381794 
-50.617318 -46.173505 -74.171362 -63.881911 -48.237775 -56.450731 -56.654996 -65.830375 -60.380647 -47.772625 -54.905413 -48.635875 -56.149494 -60.857242 -53.128919 -69.861738 -43.867673 -57.396315 -53.939560 -69.535498 -39.983212 -50.478797 -54.319250 -54.401704 -53.163513 -54.273565 -58.312802 -66.304613 -57.199500 -65.846236 -61.401011 -63.680494 -66.063637 -68.320677 
-54.261080 -67.713503 -63.754075 -50.334462 -68.040367 -55.918413 -59.956953 -53.012366 -51.598883 -47.566753 -55.007577 -70.476387 -67.887790 -38.913022 -53.835388 -46.466802 -68.825150 -56.738868 -65.393200 -57.841009 -66.958460 -50.483215 -54.089833 -56.241909 
-53.635113 -61.131556 -54.089833 -61.919608 -62.591457 -55.956751 -47.936578 -66.521714 -50.345858 -55.323993 -53.315796 -39.679746 -57.623696 -70.629245 -53.941652 -51.322433 -66.461898 -57.256534 -63.016474 -69.179450 -56.920566 -56.812764 -61.715883 -60.511455 -71.520745 -52.550333 -49.432009 -64.633055 -46.134018 -46.723350 -60.082811 -45.980252 -52.910444 -63.110395 -58.796027 -69.690692 -63.376785 -69.334996 -55.615283 -62.077809 -53.586303 -52.515214 
-53.929792 -62.010649 -54.131315 -59.942751 -47.066921 -56.489444 -47.342691 -50.583220 -65.991053 -47.265188 -53.643367 -39.046060 -57.530575 -46.199511 -53.389091 -39.951690 -53.211299 -63.245417 -52.014301 -52.937997 -72.154206 -56.242650 -72.091056 -57.445055 -54.228898 -51.296470 -45.944441 -67.149609 -47.882689 -56.347848 -59.507870 -59.715656 -67.873397 -65.698484 -57.827651 
-53.975486 -51.184538 -53.773051 -51.320061 -60.890413 -56.402415 -46.618865 -72.053781 -57.073719 -54.238552 -54.100040 -55.227876 -57.088172 -42.539874 -53.735808 -69.496903 -65.002730 -66.875961 -51.844424 -52.990146 -58.238843 -62.914383 -60.725669 -59.013186 -68.379420 -60.340436 -61.133757 -59.872716 -74.186366 -60.858138 
-53.585145 -67.428108 -53.669977 -51.693627 -60.171434 -56.009763 -45.400282 -51.845315 -57.503142 -72.391191 -53.429158 -55.357261 -65.224408 -40.143608 -54.443126 -55.532031 -63.195709 -62.721223 -57.774509 -49.404579 -42.787174 -69.597961 -61.470256 -49.145768 -73.159144 -65.927395 -57.121733 -69.297230 -50.405382 -65.009970 -41.656352 -53.714772 -75.559111 -60.910341 -64.940648 -60.492493 -71.531675 
-53.600212 -46.502573 -53.656795 -52.563151 -52.913832 -56.215992 -51.078606 -61.868806 -57.846780 -62.661354 -53.992033 -69.419550 -53.205262 -47.568333 -53.444064 -55.671222 -62.856142 -63.532301 -58.669885 -35.851679 -42.362754 -57.602421 -55.884379 -55.728518 -59.866719 -47.118817 -66.521187 -54.215224 -51.102192 -61.443808 -67.521213 -75.177035 -63.078946 
-53.934382 -52.346272 -53.701721 -51.316978 -60.540352 -56.982034 -50.350381 -50.617413 -56.984153 -65.566955 -53.897496 -60.301213 -48.433783 -48.079629 -53.868808 -55.599392 -49.930926 -36.088542 -59.181403 -65.273645 -50.178368 -50.011490 -55.057587 -73.963357 -64.088835 -63.357598 -72.034110 -66.955961 
-53.624803 -52.548232 -53.597367 -72.346388 -52.158638 -57.635043 -50.094334 -66.584847 -48.436352 -57.500267 -53.867058 -55.179015 -63.223894 -46.203646 -54.299555 -47.811469 -68.518180 -55.297325 -58.422524 -69.351578 -52.417151 -51.725344 -55.685139 -51.630683 -48.032795 -39.706799 -56.301916 -52.178370 -66.401820 -67.713085 -41.402339 
-53.857407 -57.839817 -53.475582 -41.202481 -47.945098 -58.167524 -62.416474 -49.146411 -65.359453 -49.353147 -56.344304 -51.146839 -53.039859 -45.380961 -54.450661 -68.296815 -67.067665 -55.353620 -58.330251 -53.543815 -57.662274 -51.085620 -55.376053 -39.674241 -46.319985 
-54.854840 -53.624395 -53.314142 -47.654963 -41.508564 -57.470557 -69.116850 -51.774037 -65.436417 -61.406000 -66.750418 -69.231638 -57.717486 -58.605923 -55.012382 -65.151328 -67.101242 -55.227013 -60.164065 -53.481758 -62.095946 -36.112398 -55.596572 -71.548198 -65.383487 -46.163157 -55.448526 -63.201272 -60.976274 -57.698461 -67.360176 -57.545833 -59.939037 -61.822700 -66.070311 -69.060512 -71.422662 
-53.734722 -59.519237 -53.399941 -46.919594 -60.093850 -58.003468 -46.722452 -50.263563 -46.274995 -57.929961 -74.595743 -57.972052 -42.104047 -68.875217 -55.055876 -52.657299 -64.147692 -55.276088 -50.570739 -53.494236 -57.710853 -46.372976 -55.763255 -53.217631 -63.582925 -61.561079 -69.480707 -65.049983 -70.450930 -51.189740 -66.688927 -72.573220 -40.589636 -69.318659 -46.163642 -56.331651 
-53.546244 -57.289389 -53.562353 -59.467276 -59.419879 -53.164364 -54.352023 -72.429484 -47.592434 -59.444110 -74.521837 -61.423307 -54.936909 -65.498396 -53.417264 -60.733950 -53.253717 -55.698603 -49.639531 -54.297199 -36.627774 -63.014136 -56.177467 -75.459325 -68.756090 -51.693898 -57.936217 -64.297285 -72.933549 -59.787682 -65.739879 -57.918337 -69.331591 -73.328988 -61.991312 -65.541796 
-53.649820 -54.793716 -53.625585 -62.049504 -56.332146 -61.211656 -54.159109 -46.478487 -55.514756 -58.355587 -62.366103 -63.076527 -66.943128 -63.257688 -54.379962 -56.258896 -59.958895 -54.878351 -50.834516 -53.526100 -64.297827 -59.249924 -38.065020 -55.026456 -65.504179 -51.569108 -67.307916 -53.724328 -69.890147 -63.269033 -58.465030 -42.708298 -61.303636 -67.524039 
-53.460853 -56.095702 -53.715489 -35.770228 -52.137174 -71.887145 -64.885867 -60.071313 -56.081527 -59.328296 -62.305353 -47.044782 -60.813876 -64.597863 -53.533466 -48.594925 -47.198080 -59.090380 -50.268744 -54.209052 -59.232269 -50.021569 -57.364232 -62.532739 -51.095021 -66.013539 
-53.595795 -56.032525 -53.542057 -70.121993 -51.598333 -52.588905 -53.701428 -55.177209 -56.589861 -64.624299 -62.313641 -60.327281 -62.442632 -52.016980 -62.944678 -73.345565 -67.820051 -57.739457 -48.586656 -54.246774 -60.601359 -66.301496 -57.512444 -65.291928 -35.403012 -55.454001 -64.224652 -55.004545 -75.023374 -58.446145 -42.368917 -42.529468 -67.889686 -68.241066 
-72.398169 -67.676798 -53.565508 -57.549446 -51.387534 -62.652017 -53.826968 -54.157117 -56.589861 -62.743652 -65.547124 -63.678754 -41.899743 -53.523171 -62.263504 -35.824544 -66.072553 -54.533647 -47.656055 -54.246774 -41.009897 -57.629749 -57.512444 -53.774796 -58.541432 
-64.898015 -61.603867 -53.673315 -57.648295 -51.121265 -49.811234 -54.965466 -53.800449 -56.593039 -73.972594 -67.868451 -68.119357 -43.244831 -53.397475 -53.122804 -35.583129 -64.896609 -58.669039 -66.921175 -53.952525 -58.095514 -75.248986 -57.368048 -55.056073 -40.596578 -64.462474 -60.618201 -52.067748 -59.760607 -68.242635 -69.662805 -63.260621 -59.005727 -62.211493 -64.188675 -64.415084 -65.726706 -61.356849 -68.391578 
-63.857055 -65.016324 -53.722293 -68.336687 -51.172394 -56.383890 -72.574998 -58.584613 -56.503545 -55.093456 -48.171448 -53.851420 -43.143372 -53.422789 -56.132535 -36.464581 -54.896719 -60.360269 -61.846777 -55.381412 -57.542052 -57.693573 -57.327619 -54.869286 -68.476812 -55.420686 -55.661724 -51.174522 -57.907286 -57.727856 -41.258229 -63.498945 
-74.489420 -51.839048 -53.565491 -73.874446 -63.876011 -57.500730 -64.467855 -68.482270 -46.156798 -54.974709 -48.093376 -62.821558 -46.985127 -54.107810 -69.039825 -36.667223 -62.895265 -56.897952 -62.574660 -57.605447 -61.455414 -67.073355 -61.529534 -54.633704 -46.663001 -67.787311 -55.841671 -62.032902 -64.647686 -51.950626 -53.851848 -65.283058 -47.609903 -55.984389 -64.052243 -59.680335 -67.216226 -57.803487 -54.756924 -55.928065 -57.229145 -57.184073 -59.943386 -60.667200 
-64.250671 -65.187065 -53.565077 -60.341227 -56.934302 -60.432828 -56.738276 -54.582403 -68.298594 -55.054422 -47.225227 -58.656456 -51.424166 -53.402600 -62.395842 -67.742068 -41.270854 -56.820888 -63.742797 -58.858507 -37.464747 -53.851848 -47.197144 -63.084343 -46.883758 -74.283672 -56.063369 -65.237173 -51.038019 -49.467986 
-62.509950 -69.720118 -53.660766 -58.843469 -64.230870 -59.186977 -57.159247 -65.902144 -68.400916 -55.119343 -67.358212 -65.995242 -51.788359 -53.666545 -67.167441 -46.325504 -64.092411 -57.354969 -68.268856 -40.568870 -36.629126 -54.471446 -63.249131 -62.547102 -46.867701 -56.135655 -53.995885 -60.695044 -40.625103 -59.777680 -57.253185 -69.500863 -60.379303 
-64.775375 -58.827239 -53.877541 -38.686247 -58.434693 -68.473505 -57.265988 -68.625148 -67.007833 -55.195113 -64.700933 -66.668134 -51.256469 -54.466840 -65.580183 -46.505342 -63.275975 -63.024603 -67.550750 -47.660141 -58.104777 -53.957145 -69.722082 -61.795187 -47.696989 -55.504395 -52.952188 -56.374554 -68.946687 -55.533592 -53.794052 -61.921807 -67.376867 -71.404081 -60.255012 -63.997724 -66.246219 
-64.407975 -69.164830 -53.877541 -35.533912 -58.018265 -64.834668 -46.003300 -66.504364 -56.965453 -55.198295 -62.245408 -54.280285 -50.870849 -53.273446 -70.279171 -57.669235 -63.696198 -62.742450 -69.770963 -59.690501 -45.698210 -54.053203 -68.908017 -63.295728 -48.372869 -55.539476 -53.943768 -55.420438 -73.500830 -56.609974 -59.064569 -62.248052 -58.790856 
-61.058378 -58.181192 -53.818490 -37.097926 -58.387536 -75.374375 -47.953585 -59.329679 -56.284065 -55.095703 -65.905027 -50.380944 -50.521173 -53.130589 -64.646834 -66.557048 -59.715730 -59.757552 -52.651452 -47.559900 -52.034334 -54.731601 -46.429191 -55.518785 -52.670089 -51.953502 -63.783508 -57.779100 -74.335214 -56.567777 -61.819482 -62.840673 -61.345611 -68.468875 -62.083141 -51.491616 -56.432796 -58.140503 
-70.909290 -57.600328 -53.818490 -54.530500 -58.321295 -69.637124 -54.727724 -65.039199 -56.365454 -45.029197 -57.645215 -52.419954 -68.635008 -53.364464 -46.542859 -68.615804 -48.857724 -52.968659 -54.769234 -50.084719 -64.096270 -49.200479 -49.538700 -59.010231 -57.363739 -68.625364 -62.248662 -47.907913 -73.465748 -55.342901 
-68.192715 -57.704554 -53.909396 -70.303651 -58.193268 -65.043973 -54.330565 -60.563109 -56.565170 -48.382134 -48.536622 -54.574720 -53.307612 -50.157967 -63.825730 -65.887247 
-60.303625 -57.394482 -54.025269 -50.087506 -58.320785 -64.069398 -54.202324 -63.583673 -56.496552 -45.564510 -46.417796 -54.574720 -53.248737 -69.341376 -56.237181 -57.406744 -48.392611 -52.878788 -70.309793 -51.585925 -69.230620 -66.460778 -41.020823 -64.601477 -59.397323 -57.732014 -52.884089 -56.719777 -52.680446 -65.118729 -53.476235 -48.282353 -69.697372 -52.833898 -67.588872 
-68.851883 -57.425008 -54.025269 -68.117647 -58.239150 -64.320038 -54.202324 -61.190844 -56.642298 -62.274712 -46.779316 -51.821077 -53.584182 -54.146102 -46.370518 -48.847974 -49.812769 -42.167895 -60.214519 -56.685935 -56.080409 -74.330636 -40.923926 -60.530973 -61.822378 -67.154132 -70.175635 -55.703613 -61.643332 -63.852241 -75.750306 -73.695617 
-61.468287 -57.513824 -54.025269 -60.118180 -57.682602 -64.860804 -54.202324 -62.483691 -56.642298 -52.952195 -47.139873 -70.775506 -52.938784 -57.871186 -64.776465 -50.267346 -49.005687 -50.337385 -60.643756 -57.613999 -55.726322 -56.275315 -70.546124 -61.260689 -51.515920 -64.521596 -50.631798 -59.415553 -55.230752 -67.690128 -68.054375 -53.322627 -57.069268 -64.802845 -60.000546 
-49.974886 -57.611431 -42.505871 -63.885446 -58.098824 -57.632914 -54.976112 -68.525279 -56.632012 -46.677440 -52.770654 -60.489222 -52.942952 -39.259110 -58.899271 -55.627451 -47.773491 -39.851628 -55.065693 -71.449301 -49.402933 -62.551130 -63.942921 -57.670545 -43.618140 -52.342707 -63.752983 -63.196370 -54.691035 -57.509620 -59.743169 -54.529013 -51.199137 -51.429208 -63.650639 -61.923515 -54.219986 -51.794613 -59.825552 -59.450496 -73.735757 -48.781377 -50.925575 -64.226650 -58.982847 -74.947527 -58.379708 -75.261053 -75.302144 -59.752282 -68.498077 -71.481442 
-51.402141 -72.905747 -58.629034 -49.574522 -57.782244 -57.324714 -53.643184 -61.021270 -56.632012 -57.554153 -53.962842 -55.032938 -68.256523 -39.393122 -73.651029 -71.849309 -49.889940 -70.134212 -54.402938 -68.398367 -75.841562 -48.222387 -53.391487 -57.360152 -62.225114 -70.423001 -66.221136 -52.035938 -55.366910 -50.466367 -41.452960 -54.571467 -60.707483 -48.013340 -60.137715 -57.662374 -54.083094 -52.184697 -61.291120 -58.379108 -62.251421 -58.321325 -65.203296 
-56.944349 -58.874195 -57.808746 -62.289890 -57.654249 -57.484640 -56.572632 -71.642501 -56.793694 -58.567840 -59.041335 -65.470693 -72.523687 -61.471804 -50.130176 -59.499705 -66.311503 -66.872090 -54.046940 -39.221817 -54.409266 -61.707623 -55.894705 -57.421884 -46.741838 -60.368467 -46.734454 -53.198759 -55.621570 -65.119026 -71.525119 -61.029687 -53.162930 -56.951057 -52.719073 -51.153835 -53.394233 -59.165392 -57.933798 -67.285743 -59.820828 -42.957573 -53.567222 -63.561822 -50.850388 -73.964675 -59.273008 
-68.821843 -56.269595 -59.873523 -63.958037 -57.614624 -53.521980 -65.046362 -63.407275 -60.730723 -66.585889 -63.605992 -59.432094 -40.645267 -48.519589 -52.149527 -65.797826 -50.565782 -49.621568 -53.973688 -39.063138 -59.519702 -64.275488 -55.669793 -57.537291 -62.669110 -58.506794 -46.425036 -53.187108 -54.511928 -54.224147 -54.601169 -53.602331 -50.413793 -55.924401 -71.433067 -60.776540 -62.232402 -57.753790 -61.859182 -65.725748 -62.560175 -59.125815 
-46.028817 -56.178862 -54.675984 -63.654238 -57.109407 -53.717702 -49.312166 -59.200193 -70.248418 -54.183679 -68.676265 -62.689042 -56.401844 -68.312755 -56.297190 -47.186489 -52.151058 -51.580777 -54.027580 -39.233751 -60.379684 -69.774255 -55.259124 -57.452209 -58.691575 -64.337718 -74.394636 -53.559163 -71.990546 -58.187505 -72.833193 -46.896040 -67.285477 -63.377466 
-45.912920 -55.904075 -53.763671 -63.486695 -57.909776 -54.178572 -48.831070 -65.067019 -57.884966 -54.216392 -66.133690 -51.818041 -68.763426 -38.421258 -56.074691 -47.187680 -39.219365 -48.254597 -54.318440 -62.738504 -67.669950 -62.905361 -47.729694 -57.513912 -58.409602 -52.471312 -68.715552 -56.117013 -49.780204 -53.614025 -52.575546 -54.621967 -62.982877 -61.611819 -55.193596 -61.029773 -61.689786 -67.585636 -48.784353 -64.835456 -63.546237 -63.312173 -47.548142 -54.824364 -62.456502 -47.112583 -61.913391 
-61.773390 -56.203326 -75.624939 -51.979581 -57.435274 -54.043470 -48.301031 -64.522234 -72.184934 -54.715782 -62.063478 -39.524414 -66.979486 -63.122631 -55.722030 -48.561762 -52.492396 -55.027381 -54.584193 -54.567967 -67.370456 -57.109506 -43.711394 -58.484580 -50.453692 -60.613264 -53.968283 -58.925955 -59.447051 -61.414021 -61.975717 -51.029400 -69.274627 -60.644025 -55.179899 -71.686780 -70.367689 -59.774808 -51.928172 -48.293440 -48.461210 -74.220388 -58.655303 -56.499860 -55.250373 -60.615413 -63.199055 -74.828782 
-52.636487 -56.308355 -56.320128 -56.324450 -57.307052 -54.710323 -49.653620 -64.581344 -54.125886 -58.521408 -61.933076 -42.600127 -63.872932 -50.866982 -54.930835 -54.071727 -65.530156 -50.329096 -54.508772 -61.132833 -69.891365 -48.179721 -43.779073 -54.195464 -64.190536 -61.724639 -57.796948 
-57.969087 -56.308355 -56.494227 -59.059542 -57.307052 -54.864654 -57.503096 -53.753959 -67.391123 -61.265276 -51.736260 -60.099704 -49.792241 -50.505325 -55.029108 -54.859913 -46.231321 -66.469712 -54.558996 -58.914600 -54.786376 -67.179076 -73.646468 -58.538284 -46.919069 -69.375275 -69.670916 -49.714251 -62.901995 -51.134180 -52.431415 -61.074827 -70.339642 -50.423243 -48.954911 -59.052896 -63.142467 -59.330269 -66.874951 -60.190625 
-73.738967 -56.248648 -57.585809 -63.685154 -54.990287 -61.879652 -54.333465 -53.813259 -61.314711 -52.109249 -57.830576 -49.234572 -58.505417 -65.454463 -54.799165 -54.965341 -46.359741 -70.811531 -53.375554 -49.150901 -49.723787 -49.305366 -67.982940 -64.323790 -46.919069 -54.805700 -73.934293 -49.968531 -55.169863 -48.559773 -65.235784 -59.179757 -63.663705 -69.259530 -51.416968 -53.067597 -68.041254 
