238.068472 3.521594 0.086502 31.949448 1.112358 10.597997 44.792483 4.100534 2.062074 110.455990 3.796707 32.477718 0.289703 123.705207 0.069678 25.247592 5.157732 0.610078 78.291939 2.668252 0.885787 207.491380 3.004301 16.628071 0.145368 21.330473 2.815914 83.188576 183.917577 6.169243 51.571083 261.037069 0.203414 11.670242 4.215183 11.029459 3.352721 17.968292 
0.162937 4.116600 9.318380 117.282074 0.913264 16.039507 17.137594 31.379925 1.460637 276.145179 32.632088 16.533733 2.870790 3.441775 76.584676 154.659672 4.720040 0.088416 173.184256 3.062774 41.511333 8.093423 0.944533 10.329611 0.155229 73.162065 0.934105 5.595863 8.809102 37.258283 20.448694 12.458874 3.234413 79.235825 
71.338456 2.696170 158.043345 189.063519 0.792200 9.513074 4.808354 76.409839 0.146649 58.315025 4.595795 20.487424 0.194992 6.606520 8.117340 3.601461 8.650831 2.452641 337.993306 0.527400 80.156303 19.909422 0.619623 134.141552 29.429601 1.446857 0.412246 2.637236 362.977035 8.521316 2.860521 4.702464 97.567372 
7.271729 0.507982 3.205151 13.560905 0.879906 11.968797 0.066429 78.134025 9.178528 58.579769 25.175934 49.561090 0.126937 35.126471 6.040622 24.396025 36.737938 15.813435 315.436670 3.640964 37.536413 1.333766 1.193489 1.757255 0.072564 107.971015 640.000170 
1.338838 1.895266 6.893391 3.058577 1.065005 12.922789 140.162983 27.879241 5.324920 182.642149 65.110093 22.765917 0.182402 0.174508 20.521286 34.321072 7.768824 1.616799 145.609609 26.527690 263.975925 0.431724 7.265190 1.866110 0.964181 3.334144 30.511646 81.333912 2.352054 29.158232 4.349056 48.139809 
9.928804 0.190955 3.152321 316.931511 0.773197 10.332693 53.243502 37.455839 55.275149 207.835967 25.090086 22.192088 0.066615 64.192618 0.191997 53.598357 1.691521 4.987474 298.198553 0.249666 0.569418 5.434052 13.958814 18.609087 214.588028 29.951399 4.992442 
7.074686 0.256976 66.063571 181.935639 0.966992 11.119778 1.912707 65.823797 313.704777 215.648640 7.317065 63.355131 0.171516 3.668282 12.211399 134.537412 5.143262 1.179899 4.889351 
2.455004 0.103663 64.346323 249.417639 1.125628 1.132046 88.904807 158.889751 23.509149 143.752621 26.399053 27.989192 0.070942 4.941679 4.941345 4.566574 15.362761 71.367985 235.717451 32.104113 121.907819 5.967024 11.264318 8.781263 
0.279030 0.070683 6.189018 305.168804 0.915105 68.685060 4.665294 2.038659 146.339927 333.374908 7.114317 61.278344 0.118828 2.347095 4.024017 8.696060 17.712274 74.356941 13.513983 70.341597 0.378098 10.536415 4.475567 60.173157 0.696632 7.843634 0.470873 21.266704 184.221747 22.295420 0.933992 14.887944 14.398928 2.724579 2.096159 1.101770 5.237198 
170.204897 0.358085 8.193178 227.047754 1.180964 0.173684 1.948869 4.889440 82.223096 230.213518 0.164583 55.668733 0.082268 79.937600 1.241130 18.668342 14.970934 1.599147 7.909707 170.756053 4.035064 64.880040 13.459948 28.268900 
14.102930 344.753557 6.845996 31.202917 0.834058 96.626357 10.286630 1.266009 71.202476 127.604615 0.112912 6.433465 0.091778 38.961486 7.358050 25.699656 12.667110 14.148681 4.479496 1.393098 299.955965 27.069492 16.806839 0.105804 1.212840 13.737480 8.109136 48.607456 
22.653356 4.946271 7.702387 5.296357 0.856783 4.087891 0.159845 5.264042 0.044989 196.077518 3.822266 2.084444 0.040882 106.952093 77.283496 36.318234 18.451745 152.920701 0.160197 0.069426 14.758722 22.580851 15.377879 17.626217 199.312919 119.582083 2.110713 0.570861 3.951286 0.540456 4.723550 19.658313 81.390976 
15.036438 4.820532 9.869499 2.620967 1.039540 0.607834 1.672326 73.096643 7.707941 73.527704 81.396734 67.809987 0.137623 8.125474 131.603440 0.243069 9.121101 43.378056 1.797510 0.648733 32.064826 0.345767 0.921535 42.759589 32.578298 8.131293 0.305762 96.804625 11.966952 6.422682 321.141493 33.845375 1.080368 47.359400 17.599239 31.131011 0.367722 0.987684 
397.591263 0.127994 3.547686 47.609644 1.550890 0.351239 4.325172 8.442040 20.937149 61.916846 299.511629 1.975795 0.072096 79.766321 44.065572 29.132825 10.747490 108.537905 7.099398 44.702409 0.090179 2.224009 19.538679 7.964284 45.331677 0.592230 0.635880 1.021661 9.209762 88.263716 
3.550156 31.556846 7.581110 227.769918 1.196034 43.388896 3.112947 15.099016 1.476035 299.478000 149.520853 1.177981 0.087284 166.416488 92.527447 64.620925 20.677742 135.469969 7.043351 10.629500 0.472004 31.402942 147.831081 0.852166 9.103612 7.267485 5.733523 0.121946 1.716454 4.835990 3.476164 0.342991 50.284643 3.978697 42.867987 7.328187 0.344422 22.736441 
3.019958 3.091801 94.252855 27.040443 0.897211 0.082307 79.392429 20.924191 1.268035 10.268049 23.323697 20.991709 0.080858 10.541124 1.493170 446.161000 15.340654 0.573630 5.429693 10.446386 0.379548 53.279082 40.763666 184.830728 13.334451 0.268621 2.585653 96.753276 10.217575 19.139064 12.804762 
3.613786 36.538432 6.085296 46.061396 0.895512 39.639247 28.565461 9.182900 5.749313 2.318415 1.374151 0.264343 0.158425 3.303565 91.042795 1.772457 6.829450 73.476482 6.460533 53.083967 0.127690 35.737266 3.014513 121.346792 4.087207 0.809993 61.584690 87.005163 3.320229 98.803919 253.887965 154.998383 6.743983 17.066461 31.036987 39.536440 
89.982574 463.208377 4.179633 4.235457 1.122189 15.351676 1.425885 68.657717 6.128901 0.371793 4.337108 1.732273 0.134322 4.667675 414.454928 0.344585 8.492647 7.722920 45.239757 1.390776 86.030421 18.877586 258.841477 473.720168 3.547582 27.302789 73.262789 147.425515 212.413551 181.068900 8.752586 83.319240 3.667420 25.458954 
295.705130 3.489319 2.340414 1.849531 0.915713 0.133276 16.693401 68.097975 5.367330 147.843570 0.983357 20.168575 0.240099 1.553194 33.383330 0.745539 11.201810 4.872452 24.571185 0.111031 4.654819 249.381424 1.814312 150.235258 71.551578 25.126060 53.010319 37.078561 77.736537 45.213319 65.629660 7.284936 276.250339 7.066723 24.472720 19.046156 62.722633 26.273584 
0.208052 30.406801 3.065124 4.305524 0.743280 3.954888 5.404069 80.067123 18.329811 0.567557 125.683715 51.915846 0.147370 0.061339 10.416774 0.430026 5.332371 195.942966 6.507853 21.331221 0.281087 115.507918 32.477725 141.172032 0.271311 20.499074 193.586592 129.542727 0.344291 0.327830 11.910045 10.419878 34.127454 22.205083 3.972262 0.873503 0.057278 
14.000442 0.308827 3.983852 3.510079 0.983328 12.737354 105.453732 76.338019 13.356534 11.836593 103.879313 196.279717 0.145501 6.432382 30.396091 0.412797 1.431156 3.866240 7.898893 10.317049 113.722295 19.904654 7.988789 250.414049 8.461807 4.552209 449.506720 130.279670 0.393039 12.107523 0.118695 11.353740 19.641111 6.093802 0.896345 5.899200 0.362071 30.814002 194.015948 2.507673 
14.028416 10.614300 14.766660 16.037787 0.759140 227.442949 7.988692 77.876701 15.907635 0.138146 0.584399 9.562529 19.549592 33.656639 6.679922 248.468274 35.540616 4.067316 1.001137 8.549311 0.744876 26.733181 77.831845 112.314357 1.187809 14.456919 153.508595 221.455875 0.097341 4.732861 3.335223 1.794217 19.389392 0.371963 5.073911 
14.808709 32.410834 1.315690 6.843471 0.808433 3.377209 1.633967 69.172013 23.126278 0.224298 16.745505 24.406992 51.711897 22.422403 7.765547 0.812548 5.019057 0.354982 0.364069 101.649127 155.267503 26.510566 2.519340 177.165667 6.792613 3.606052 6.395305 148.899687 0.407941 5.842909 163.674292 27.484543 0.161858 81.691226 7.590523 4.009915 32.853503 1.030582 29.696374 36.581363 5.312524 23.020406 11.843445 6.875796 
1.732759 2.195180 30.149580 0.182060 0.909895 0.387051 2.460126 140.758833 26.697212 0.685587 651.771908 2.581451 65.926464 40.597699 10.765803 55.892942 88.524999 0.561441 0.117554 551.025160 56.905536 28.123225 21.272458 147.747569 9.781699 770.434353 32.246970 1.585056 60.125878 0.728716 131.786155 17.949955 
0.090795 13.144623 10.618553 28.423475 0.855562 4.233437 141.371209 16.440414 0.502862 0.281276 74.430202 4.853159 11.227285 190.089570 104.765908 7.557576 16.244822 7.708582 0.193870 2.177107 34.644726 92.187032 87.783904 
0.103918 30.314906 167.815688 97.912336 0.732912 2.356346 96.543689 43.176072 40.956482 7.723677 42.349753 2.385110 7.084096 0.266467 336.724708 0.086875 12.466107 4.840114 12.019699 3.128422 415.357395 0.180779 41.024834 1.633557 0.121135 17.750030 94.673749 51.597808 44.977515 23.553613 79.545437 
192.601232 6.021850 69.818712 16.187760 0.983997 2.541044 8.072606 195.942547 123.564850 1.659098 240.073859 133.549840 98.427333 0.253516 1069.705281 0.246945 16.622083 3.680992 17.596820 2.990580 114.946306 35.888531 1.942596 138.921282 1.813053 4.943747 11.342417 0.314291 5.491754 9.983518 60.517822 7.385798 
129.463985 223.180763 590.217837 21.842653 0.822756 2.230365 5.090024 18.078300 79.201270 0.404423 629.501678 32.960847 39.259320 2.083749 60.250073 0.259298 16.763260 3.084176 13.446126 35.658411 134.394361 140.719713 7.807054 0.553748 0.377897 0.662153 3.770938 0.781515 0.240290 361.178663 8.483109 46.066712 
53.356260 1.354191 263.203497 12.528563 0.763625 1.149011 1.856212 0.154428 3.463252 2.238805 162.558528 14.778490 945.461776 7.627589 222.006529 0.173361 15.557589 9.745753 169.152040 41.758886 62.407934 0.225493 52.519873 22.140146 6.796539 0.220296 4.863540 20.147971 3.379056 3.678896 27.830558 0.984195 6.135960 495.612585 0.229049 
12.598848 120.703470 14.828021 4.394748 1.033422 1.279922 4.225511 0.410418 3.192473 46.056565 344.643642 5.189779 83.613436 1.536045 1811.135941 0.205116 18.144783 5.985603 136.028327 12.902053 68.935760 3.340202 34.343900 5.661996 72.879588 0.588176 3.358135 59.152122 0.650439 6.737806 447.019993 0.914767 47.664204 31.954193 5.093492 36.702207 4.119617 9.249079 0.425713 13.615544 3.909415 19.232901 0.537636 
42.199022 35.696110 177.437053 12.441358 0.944094 3.265442 6.891978 79.519496 4.530670 1.847679 196.576626 5.764232 11.429357 14.036578 1.891257 0.180317 8.990173 9.155177 86.057829 0.171122 69.492417 1217.695024 37.334043 543.507362 7.153746 0.416902 4.101840 3.733320 268.224903 0.226646 6.280950 1.676971 7.521592 
71.587820 0.398436 5.166935 3.927212 0.577798 165.453062 31.783466 1.199901 15.699078 9.236232 419.251920 24.223285 10.274871 13.359863 11.216783 0.164753 13.900288 7.490138 1.052897 6.060144 39.868965 5.520350 14.343746 53.623119 3.368443 4.912090 7.349028 13.639807 218.023354 113.562249 94.096418 1.699031 2.675694 10.964204 300.179435 1.218881 0.644377 3.187405 19.384749 
965.666400 68.173069 1.910267 2.222817 0.703305 450.876849 117.504922 0.278809 12.234349 0.892284 1000.927219 0.491903 0.565592 177.273068 2.967552 0.124141 12.082376 5.567876 8.261048 533.697181 0.782449 6.056138 5.314920 68.539254 12.486156 27.782776 4.130244 26.933503 63.082553 26.515789 24.748288 0.690928 
3.276008 69.677385 20.745420 5.029417 0.449552 202.067362 2.808583 0.693953 58.022100 0.646403 424.045645 1.369766 0.132110 333.783289 1.544240 0.243097 11.102587 3.406549 17.367830 9.562576 6.137575 0.991698 7.834494 416.910211 24.119053 4.779627 263.986776 214.961039 1.777903 10.666745 15.703385 30.357832 23.742159 
0.469933 6.874425 3.211406 2.114279 0.532551 17.317209 1.932933 11.757167 95.989752 3.045494 160.285988 8.130439 0.310623 73.416170 42.362416 0.100693 17.282503 214.113619 14.641105 5.923193 67.705191 1.331140 66.228603 77.662882 9.739493 2.885398 7.028828 43.299872 11.733347 2.138935 6.571344 60.595449 8.394612 2.773911 17.929507 3.934082 1.226794 
61.637551 15.243078 39.018308 16.771449 0.922269 3.309028 2.019856 272.667317 168.612886 706.056929 77.663728 7.572172 2.834008 557.083133 0.210678 0.132556 8.628562 170.892879 1.852068 10.139942 42.054747 8.138473 2.198845 17.772950 27.127275 6.146541 485.933330 11.062028 35.811632 19.121723 
2.812426 29.709467 340.440796 148.014356 1.134901 383.636435 0.274606 834.830333 676.200719 5.611623 99.598253 0.928612 74.785479 3.998993 2.383053 0.145474 0.643836 3.347444 2.822158 0.539400 45.294497 25.756167 4.941973 9.254774 10.341480 96.202252 1.361832 108.231176 0.512271 112.167381 9.164332 6.106139 41.873088 7.651701 2.302403 57.571914 3.884577 6.006699 13.509007 
12.238185 6.084236 89.883792 318.157411 0.848216 21.351940 16.696127 206.181256 13.104586 259.199702 23.439891 2.875985 73.009619 3.705478 2.767450 57.383203 0.239542 5.045833 0.880979 5.484181 194.298142 0.431930 30.762690 2.481567 14.317801 152.199159 0.578673 8.574170 7.872660 0.196323 10.573627 7.447402 1547.716729 1.649404 56.168744 13.287490 592.896613 63.133204 122.804671 3.622800 14.332927 7.431772 4.880439 
1.399942 0.168033 91.661557 4.968136 0.546745 0.318473 193.074104 126.355905 6.525462 10.427728 636.082546 43.141190 47.263096 78.013503 29.313068 14.495962 0.177589 0.813757 41.015911 10.575103 14.692507 1.539127 0.549051 59.623882 477.105472 1.132616 3.932949 15.697990 3.168077 44.918703 99.783519 16.522387 0.873355 325.964080 5.866175 
67.973924 0.153062 21.685296 48.470670 0.587316 56.581708 1148.696266 88.853199 3.714046 268.573771 15.998664 32.223453 4.087715 16.186529 4.226766 119.712045 0.140661 4.344545 27.989966 4.825720 158.214499 2.007936 1.006709 66.472021 199.569121 0.148923 10.506515 5.084644 4.513009 13.679432 17.244047 9.554605 5.938442 16.157953 1.903464 3.295473 104.648035 1.969729 21.742714 2.884370 227.469007 19.047386 1.158196 
67.715076 0.192573 18.248220 0.124417 0.773678 8.345715 2.404335 386.057997 3.529959 1.778293 2.204832 222.644707 4.202595 10.455536 63.642080 84.060253 0.254467 338.098320 0.798158 5.655516 117.980752 1.543156 2.971031 3.717448 6.729683 22.677696 16.889179 75.685355 295.732635 25.858875 17.238397 8.754851 140.230662 17.724644 11.373306 22.366249 0.573832 1.787592 
0.137346 4.317042 65.746718 0.916319 0.836374 7.134390 8.258613 62.635102 5.561564 0.281054 30.852847 144.294034 0.348442 11.063594 88.207310 3.806530 0.172727 101.052570 65.877120 7.906543 84.033255 3.822326 958.711216 20.588005 25.276979 12.172655 6.186587 
0.820905 7.629784 0.767758 6.193916 0.284395 9.478714 0.266572 279.149267 226.310253 33.631343 7.651766 28.694477 1.766964 4.149955 1.022397 2.251982 0.398574 76.480857 18.485940 2.357809 80.064540 43.974856 1.831887 528.619157 33.467206 0.154810 98.742057 2.610662 68.833638 583.327990 289.448477 31.685406 6.023936 
10.003474 5.869472 29.478357 26.339510 0.705094 4.003767 26.154752 165.116121 0.601014 48.574485 17.590666 40.320932 9.004358 2.528831 0.264811 38.700729 0.095824 80.426533 160.077627 259.730665 29.734743 31.293728 0.098766 1.263721 0.297663 26.627704 9.218089 16.035558 7.552053 0.068067 1.505471 5.140392 9.921302 22.768482 5.590809 2.269834 30.604207 1.135101 3.397296 3.604503 
8.351473 3.102932 15.994134 10.470485 0.720408 0.601532 1.916303 78.625786 0.440730 47.441969 11.815073 58.500455 17.651163 0.266183 1.215690 2.848604 1.079073 97.926939 0.344811 41.083301 39.186320 43.706085 4.720834 199.253725 304.091525 0.844105 0.710239 11.530975 7.222766 3.646709 13.604485 8.464035 25.826449 172.541041 0.593385 34.409298 
8.090246 3.228991 0.506934 0.144825 0.821151 101.155666 276.692972 8.461982 1.584265 3.404522 12.299994 172.244617 1.614964 32.541053 40.982997 32.477194 193.215631 4.825877 0.079579 15.743455 90.822519 24.385263 105.621436 1.400015 174.713740 5.965626 1.197990 1.259938 11.408737 3.368566 41.855581 2.461774 19.615256 272.614165 10.364023 20.816743 0.085512 8.117534 13.183754 32.230396 3.226150 0.199345 14.440380 31.074423 15.171628 3.500124 18.739022 
536.928639 116.594283 0.151947 0.463060 0.266934 19.026424 2.524253 19.832996 11.618562 0.798262 12.346588 156.212995 4.497415 5.637074 421.301568 356.080930 40.283931 2.991815 67.264988 7.067608 23.307597 7.999925 1.240862 1.218794 108.369346 502.361430 8.595296 1.331870 5.010330 111.177733 170.643447 52.174655 
649.762764 490.760380 0.093412 0.240782 0.218214 284.363236 9.398898 2.012667 42.115290 16.403622 8.403093 104.384019 3.786750 62.855360 254.556237 4.533938 10.756851 3.374566 17.191701 2.122665 49.479794 7.445576 0.779092 13.214940 36.804298 3.632461 33.189264 0.180969 26.857459 76.290938 9.708576 3.407442 79.434293 105.948626 
380.308472 452.037016 0.079373 0.074695 0.663223 34.379228 10.469435 1.583175 5.812723 8.069078 9.390103 68.588989 1.798063 1.203171 1.803122 85.756217 0.564347 65.116522 80.763953 13.481739 45.408428 4.653328 0.362661 0.163816 78.855396 0.988476 15.529134 2.182254 66.562457 13.512185 282.080979 96.869576 3.595078 18.182898 1.167977 2.954451 6.237294 5.231257 
24.081873 142.827287 8.720549 0.157872 0.353127 47.807369 11.334539 61.098781 5.148843 68.291986 10.589815 6.612254 0.328685 58.794666 109.396433 86.581735 3.820591 1.857392 279.485880 11.072929 69.722671 38.590780 0.489001 10.075219 137.582997 1.344069 0.259056 0.905205 0.172329 5.330883 0.699124 3.375268 605.287398 14.962649 42.697622 87.863811 7.417170 60.638848 
16.501283 20.047272 65.762788 0.095273 0.402228 32.597195 9.526745 2.611554 18.705291 2.948152 14.718229 344.971019 0.188681 684.193170 145.765745 9.723574 29.246283 27.608547 141.465172 1.429031 48.769410 3.245100 0.371737 8.448132 12.080853 3.626404 68.900669 15.022094 
54.389371 9.524463 56.799430 0.411177 0.433854 116.244929 7.534040 6.828473 1.348972 7.706374 8.997981 0.384776 0.101655 1.289982 14.876728 8.641833 0.552326 26.420600 68.771084 4.052003 2.010264 0.262671 0.563107 310.505018 20.491856 52.451126 4.689740 83.858663 0.514273 55.484023 9.425547 140.536421 1.195055 5.450012 17.712285 132.704186 12.315255 1.821025 3.108526 97.998367 756.367138 7.384158 2.209791 9.929563 1.351053 6.118524 157.524919 
4.071590 3.118445 21.951315 0.223646 3.096069 246.895334 12.259406 64.464201 513.214276 33.190476 16.204186 0.691193 4.002790 0.391935 68.667398 40.453253 175.173843 85.540320 168.499588 3.781946 0.624144 37.449329 0.541095 26.487776 7.085167 3.819619 59.184045 23.472118 149.898938 27.692555 2.787720 0.911438 11.471699 5.631160 0.364380 29.659673 1.272201 4.773897 0.224340 11.448460 0.161696 0.371074 25.084205 39.339537 5.397886 10.012316 
49.401960 25.965213 9.827359 0.174712 2.999367 270.041742 50.158344 3.530042 17.830687 51.568325 25.066536 0.764062 23.908161 0.534273 65.663534 2.388200 1.465569 1.557651 327.300115 7.946235 2.381306 0.172292 0.453810 0.102360 187.648374 54.356386 36.906925 1.036470 173.171123 0.301319 29.975433 16.450190 18.767720 21.243097 2.813634 167.178176 2.178399 0.511072 20.047554 0.225057 125.384406 0.831604 0.476415 5.476804 1.967344 39.044295 32.779777 77.595199 2.059021 0.514035 363.181502 229.246806 6.518237 3.647338 0.263343 2.588790 145.474876 
316.408824 11.236885 20.210233 0.229923 57.163359 285.486578 1.030837 0.320619 101.477398 160.640331 16.888373 1.014541 82.921067 0.620716 0.454239 1.142496 2.282394 3.840086 11.580651 1.331057 1.285895 2.059634 0.710990 5.823166 11.820445 14.288803 7.374792 1.251302 38.897822 166.462912 4.702972 2.630732 7.279740 1.697673 260.965963 251.652615 2.269782 0.117840 2.901904 81.986672 8.216137 3.486088 2.181880 0.353650 0.475432 44.420858 
65.377642 25.984322 20.079906 0.246753 19.171379 5.065529 5.537930 0.144797 5.461276 0.312548 18.909804 13.813058 3.986332 0.703249 1.917958 0.563596 87.457105 164.624629 15.158544 14.586649 3.264721 39.688724 141.775000 8.411318 8.554393 8.016521 8.229016 0.211932 14.480800 0.072981 18.968513 15.156414 0.131799 10.283036 475.249406 140.030935 181.286589 54.660143 3.850561 
74.475086 37.110870 18.997170 9.334222 212.295524 16.653016 16.853529 3.897517 1.416793 0.047657 28.876597 0.377471 0.365702 0.242629 0.168407 0.453433 69.105624 262.791969 7.393206 3.206792 6.794324 273.716381 316.637510 11.564208 1.953712 8.465601 6.665959 0.165150 14.296147 0.415813 77.202775 11.426971 34.546132 66.997091 0.120719 
71.577728 357.875649 79.942262 20.190738 9.296288 0.536750 51.498035 0.727992 54.545808 0.065036 16.586392 1.687045 0.243702 0.055794 0.590531 1.145266 64.493865 197.701824 22.923970 3.625495 4.878868 339.862527 81.454985 14.098673 5.650189 14.980451 6.529713 0.088457 0.340985 70.164848 55.202033 16.385706 20.253817 7.453060 16.741109 1.390496 
123.563307 0.105020 210.323239 25.300741 3.517257 0.557360 0.515829 19.505863 95.217347 0.062010 21.089245 467.394338 0.067062 0.561627 0.244639 28.081225 80.153830 0.211864 0.406236 3.283569 5.647203 21.696045 98.357441 8.791305 5.844011 31.492471 10.016687 0.347032 26.435949 30.997089 7.916835 55.986636 16.870354 24.949434 18.721241 14.086260 8.691652 
481.091821 8.801357 227.077915 0.069978 10.633812 0.490166 50.134928 16.155573 74.388275 0.242246 357.375426 160.660840 0.418141 0.298274 3.945264 0.088530 102.761091 1.385331 0.556771 2.399013 1.919462 62.172896 5.790358 13.622446 79.052173 311.761519 122.789931 80.022261 256.752127 161.056555 3.584111 18.019373 1.045130 6.132812 49.619268 153.262156 3.854695 62.478206 0.307182 1.359367 6.425694 75.306304 9.420142 1.715990 4.105184 0.686817 15.272039 10.220760 20.833542 0.143634 5.205466 24.541457 1.516128 59.647874 24.629602 10.169763 90.851766 0.103919 1.525077 3.166731 0.165466 75.054216 1.053275 0.717060 
31.260873 71.138410 23.886773 8.032478 1.062933 0.715513 0.940294 11.896069 5.481877 0.304873 9.770104 43.195293 4.008922 0.675424 0.216238 4.047992 18.356191 162.206598 73.331144 0.618185 97.617516 0.505020 64.250441 154.017855 84.533460 0.347483 25.846417 110.913955 0.169315 0.044143 4.898866 25.310137 14.942200 5.541416 14.416696 
2.048586 69.782545 8.824154 35.198618 1.329339 0.650998 0.657936 10.483171 0.082863 0.063195 12.389467 196.507696 23.526280 0.027100 134.309695 0.628757 151.352830 78.248827 149.558062 214.887991 2.416456 0.450573 0.033969 0.055441 5.360609 77.807721 26.872954 63.593118 80.832535 2.474794 3.403170 
14.560905 71.763074 17.065466 0.040300 13.866200 0.672074 0.705074 8.602495 0.036256 0.220516 18.292555 209.987392 115.024599 0.060245 0.048597 126.570730 140.891324 2.368558 118.887303 0.521030 83.758551 7.870435 19.063175 0.100286 6.313087 1.452692 16.533236 55.098618 0.414185 1.236453 87.062019 
22.369728 0.055664 1.260533 4.377379 25.648214 84.056674 63.976150 17.572099 2.326314 0.161549 20.175981 223.317724 240.449435 0.238384 1.153575 0.619284 30.613234 1.657529 200.580614 1.594709 1.705781 47.596444 0.778260 0.699164 0.908423 0.521095 6.609815 6.247844 1.505076 7.059623 185.838340 0.195021 10.402918 47.394210 0.588258 0.997128 7.256823 79.832859 6.941929 14.151161 15.667377 0.223613 9.359817 5.499136 2.486524 0.030249 5.559139 4.760496 
10.931267 6.685924 203.958463 10.510537 30.942483 0.085490 8.919353 0.067661 40.445315 0.068212 17.151668 107.758994 46.355594 34.955151 38.143540 60.433710 44.690900 1.215643 98.427989 31.593528 1.299201 1.395351 1.989686 0.185382 22.027492 0.386893 0.143270 199.663404 5.655980 23.431093 5.158807 
9.300097 2.038478 22.564435 123.322645 0.658660 8.401645 124.827157 1.285603 333.796138 0.078905 25.581763 0.209381 108.171751 0.840378 4.343167 68.909763 78.877215 1.506502 22.119010 44.180979 1.444557 6.789031 14.729088 1.187193 5.861931 0.361662 0.098005 84.021410 1.401756 16.442327 44.826452 2.815127 22.417946 0.124777 391.990307 44.045921 11.442452 
17.500785 45.049446 34.442555 329.472998 75.935036 58.670030 87.281142 0.099768 298.468000 26.256029 11.953426 37.276881 318.190427 0.747598 14.217236 188.748683 153.229066 1.553724 14.520243 8.858052 4.864803 0.279592 9.610054 0.324335 1.218315 0.182594 0.063099 95.664236 1.223077 8.054057 10.102215 1.988827 44.973587 84.400118 5.891476 2.439946 
17.269760 7.057882 10.406565 259.979127 13.702030 0.248139 84.956699 0.076142 125.251813 19.338579 0.168447 54.745752 132.113829 0.491812 129.587713 0.183007 115.206009 0.966341 13.217633 0.309659 0.230430 0.130225 8.896830 0.179356 29.008699 3.979184 6.992002 0.394265 0.308459 
20.336827 4.971186 0.645953 259.060770 53.269252 11.350433 77.529617 1.339221 190.041688 2.375488 0.659563 18.628555 171.239885 207.653676 39.634446 0.526504 136.542936 1.204089 7.333048 0.064466 17.606848 23.746907 1.413122 0.452748 19.122637 42.391304 6.236688 11.835712 0.113371 50.114296 0.769388 0.118178 86.317213 25.789389 8.053751 10.829180 5.107108 9.159458 8.752293 13.168850 6.463265 1.119633 1.622082 
26.815840 0.498974 15.570274 314.833988 14.853512 4.000067 96.543701 0.049636 142.905367 9.601456 5.971651 0.070592 78.853302 2.824112 9.082804 0.468331 78.460427 24.290077 2.772247 10.209428 13.977814 4.621470 0.675859 0.314905 4.558932 19.380279 60.051361 7.135984 0.102711 0.654320 63.402632 54.361853 2.657590 6.828627 12.626973 45.385040 0.964683 5.842739 77.490244 76.353865 8.822133 6.236870 11.070497 0.533731 4.243058 
49.059044 28.897952 43.891335 240.651193 16.579346 3.544907 350.380515 0.061710 5.303955 0.311618 2.507173 9.683304 65.153674 0.758224 196.175752 0.443154 128.247579 444.136045 408.174535 12.273148 0.253949 2.544429 2.218410 0.822859 2.271967 71.677399 1.337368 8.500861 1.578526 1.073685 30.157141 97.922936 5.859719 27.049765 12.268828 64.109827 57.476609 0.057754 5.505039 0.197011 6.972197 0.178470 3.673604 7.493811 17.725624 3.207940 6.518262 0.048981 92.376709 6.963719 0.451366 0.265878 64.226724 0.067136 15.138405 0.091954 17.048284 21.977942 13.518800 4.656248 19.051941 11.321152 0.203871 17.073609 264.473509 0.055707 
69.838813 0.775609 0.266275 124.683572 138.011573 0.074299 5.171231 0.093853 9.265163 0.380381 118.893125 1.214702 0.138351 39.210493 6.104071 0.382935 109.477627 144.333334 7.288395 35.150525 0.414598 6.387138 6.731421 1.069351 222.067806 1.350778 4.908502 46.950219 0.953401 6.234492 21.894452 32.332784 72.861825 0.383926 7.163034 78.549378 15.140218 3.393304 1.065821 51.968168 0.922817 63.873373 89.912487 13.771960 2.979924 5.323724 27.708602 2.326456 231.353704 116.502703 9.289454 1.762561 13.418477 1.465123 
58.193800 1.795755 194.162223 161.012474 89.975613 8.295415 2.394145 46.187008 5.359973 0.074842 41.130910 2.452857 19.465620 2.382386 66.951724 0.472866 83.950945 38.038468 13.013981 189.917178 37.493695 1.323953 0.780685 1.302702 7.222382 4.387852 22.310418 16.399883 0.108921 2.079535 0.400865 15.463652 4.609850 1.037103 36.862793 217.163272 8.990789 0.860486 13.429935 35.230225 0.282192 0.115414 17.625759 0.764469 4.666810 182.305640 11.019014 5.529743 0.307631 2.026430 0.057476 11.776410 1.026088 31.282889 1.134553 10.936510 0.148317 7.232922 32.743383 
0.763841 0.446836 0.079680 199.701050 0.059968 13.963950 191.199928 1.852236 66.614951 0.834102 0.607355 32.932615 6.704863 2.743286 10.798261 101.018780 76.781660 24.125222 3.533676 10.060382 8.839593 11.664861 10.071220 48.930387 10.887689 0.354540 0.384412 16.240430 0.302686 56.723429 393.877552 10.562944 29.393324 1.107173 8.069196 0.859916 177.098698 12.097259 174.701033 0.387096 1.176705 0.091855 63.902288 0.512945 8.869827 1.331141 74.344471 33.957178 0.807969 
17.894902 1.859994 0.194547 533.866076 77.505813 28.729810 77.595444 68.954429 12.799606 17.766342 2.977677 1.386836 255.431564 15.823557 29.716628 15.801379 111.712343 1.312601 3.222383 121.718212 63.811840 0.368841 9.955399 10.926439 13.818611 6.729723 0.116312 11.755671 0.099557 0.438149 25.921131 1.374984 1.558906 7.100389 3.313622 0.078772 329.541078 12.683351 1.621985 73.366928 1.512398 324.475645 0.222904 7.827981 
11.726423 46.355416 1.299696 103.321737 2.944442 1.508780 1.652124 73.221249 89.520359 0.366436 1.377895 36.422330 46.545087 1.523344 0.425752 35.708271 10.291679 19.616244 6.376264 44.570458 107.437135 22.162562 10.307915 15.433815 55.798348 54.016853 0.413283 505.009928 0.669619 0.376908 53.259834 0.087020 72.235316 64.517008 13.098686 0.401759 0.108845 2.493351 15.098539 4.792311 1.677763 100.026330 19.322158 0.259770 7.729338 12.147670 12.408577 6.520569 10.596343 13.648152 2.198436 0.658443 45.091568 2.082030 43.461862 6.213579 6.710031 37.233758 25.198273 21.234433 69.596192 
3.381156 1.464289 2.190751 665.281751 0.311530 38.282656 4.057476 4.383882 310.605432 1.352603 0.714411 5.900804 6.802752 1.785227 2.539238 298.265037 63.325488 4.298000 2.728246 8.294049 2.808858 48.273922 4.742193 65.180723 26.713356 56.466235 14.117773 161.746295 0.157976 0.416912 330.522369 0.921949 448.400798 4.673617 0.828520 12.035787 12.182046 16.771974 
2.695847 2.382711 518.484451 860.212276 24.081009 4.205130 8.950041 455.701560 381.896263 1.513569 31.340564 7.232741 0.381445 3.499919 5.377867 10.394225 59.807353 9.020211 11.277646 6.564089 9.599383 84.398084 14.313462 18.021186 482.013379 120.701545 14.384959 101.403186 0.561691 0.453420 53.701988 0.133891 30.451266 21.870426 0.194294 172.831915 17.019116 90.753272 0.190035 5.654420 8.465800 11.876769 15.843923 1.323577 3.386041 1.428216 2.185100 15.062400 2.774139 17.620429 74.049565 89.912000 50.840881 11.192369 62.417708 
0.254745 21.614679 2.762558 39.002656 16.761138 7.845040 37.579132 0.733770 7.103568 0.468643 105.646510 8.946670 15.577598 0.693883 53.661723 10.035332 89.160018 41.165400 23.009391 5.668615 23.494162 122.874796 426.918314 5.963032 303.061763 34.966548 63.756121 32.909542 0.122194 0.230982 9.472268 1.303108 87.310786 64.538095 2.281172 1.722867 19.534261 14.370327 0.900091 15.649272 11.788453 2.629612 47.815239 347.312287 0.994326 0.277120 233.437700 49.424372 14.381911 
0.235726 0.403351 3.299520 260.109046 12.215019 76.285572 15.188882 1.127637 2.995334 3.622708 312.780842 31.230008 3.369740 58.598058 6.139414 267.956352 2.535426 0.758244 1.629670 522.358846 167.755166 97.933863 11.354153 11.621879 93.715946 16.336546 4.405267 0.866917 0.114431 0.162028 10.429998 0.598178 37.637808 34.304537 105.140077 0.522216 40.085268 0.534552 1.760277 163.046486 22.223434 2.879377 9.106358 0.493999 5.280000 21.563171 12.553064 285.571569 6.949505 16.237226 12.173506 102.601231 28.672732 15.399629 6.759965 104.593966 10.180456 
0.195285 11.322223 2.449624 416.643643 4.670443 14.252490 8.030209 20.091799 14.595957 46.442970 1.494596 90.507852 4.449735 12.171697 1.194648 0.459020 1.178574 0.617120 58.761312 62.738661 2.283492 11.254879 166.750909 252.363095 61.095607 5.730803 14.712550 0.775333 0.133755 0.290895 9.407196 0.889542 76.714752 73.570738 54.229877 1.293350 28.605766 
0.245904 25.277699 18.377907 55.944584 9.754782 2.432120 57.438610 4.598503 9.659954 1012.940648 18.410744 5.309551 10.727528 9.648147 0.956392 3.513193 0.279969 3.408616 32.000852 94.657152 1.677212 9.368317 632.746557 109.490409 27.328620 85.715503 16.691583 19.425683 0.985068 0.584169 17.496846 
0.282742 5.326446 0.785674 112.896862 652.964649 0.112636 510.953607 4.326390 4.724417 6.308319 340.498655 2.087370 8.226089 69.705335 1.200910 0.840306 0.729124 100.212535 5.164892 7.236350 13.858036 28.687985 1.304141 310.647297 1.256111 203.457580 222.127802 42.333355 46.335995 3.771843 2.812149 83.919453 11.868961 16.202582 4.456678 13.856259 25.265058 4.758854 0.563236 2.413831 0.158605 56.184749 
8.782737 8.435734 0.081581 161.874215 12.244774 217.552947 218.688416 0.299324 3.508996 13.609378 334.129411 122.721306 8.726361 63.046602 1.787569 1.379329 0.300909 4.384086 1.787992 23.689801 274.082004 127.565174 13.216954 1.877026 0.752396 183.239643 11.292566 18.839589 10.280594 46.330324 58.617868 0.093914 0.170116 28.167549 10.446938 3.975342 154.619197 41.714439 
185.056605 16.468251 0.154402 283.326056 653.555783 22.790595 7.983260 0.890009 0.911761 21.694635 103.730264 6.527877 15.816787 3.998877 1.477897 0.142702 0.237269 4.294650 6.150285 143.369195 87.842454 145.736928 142.374948 1.266167 69.610950 66.159445 1.356008 15.028881 28.265866 0.996223 15.834641 12.278101 11.412119 0.488291 2.203540 3.119999 
119.819252 166.146755 0.326973 470.182941 10.106233 16.123665 1.963168 20.007314 0.947144 8.151791 61.620934 44.545308 15.052115 1.057173 1.540298 0.354306 0.209697 2.703504 29.877893 21.571182 40.479130 421.870429 456.975212 7.854559 67.317170 2.284858 1.881442 7.592524 32.759119 0.510705 9.584411 34.570493 137.772272 19.253523 0.151337 
40.806318 2.095972 5.481836 0.406765 1.494940 4.330617 10.097767 10.689801 3.953556 0.103663 201.125793 1.980757 2.116767 2.022938 3.250244 0.171176 1.038066 56.252061 11.165313 1.561122 5.053917 53.543719 418.981331 48.947128 205.288532 27.395932 23.644236 531.525065 6.698346 5.092015 0.472653 5.062472 2.313410 7.871537 0.822230 4.234140 81.460964 1.303859 21.245652 89.424218 62.103518 89.035072 37.734540 9.096975 34.420834 0.857429 24.055937 66.873792 
6.043934 54.389264 0.157071 21.207320 1.397406 50.490619 96.729278 71.312285 6.161006 0.158517 216.042019 1.332438 9.444416 0.529165 0.298419 84.910753 7.826589 5.202953 33.860694 6.484268 10.534496 746.603149 24.224430 99.241527 89.811094 192.324615 7.895297 3.756345 5.336140 4.248259 34.788254 1.176376 37.050936 8.023389 4.665301 42.408327 18.790006 18.447077 0.170476 26.934433 2.704258 1.532713 146.729270 4.719981 27.099508 2.967390 52.394773 12.685506 4.709723 
5.473552 32.811217 7.240385 24.301616 1.323335 0.660921 37.795836 72.820480 1.464598 0.134237 2.417751 23.303040 1.061457 10.461478 0.797215 14.864664 5.261412 11.974337 36.431173 44.377254 51.367515 57.085369 3.671354 3.518697 12.446632 8.427939 387.867647 3.089121 88.966157 133.117975 5.671171 0.942022 0.950817 24.704936 3.773020 1.099052 34.467937 5.870162 1.717922 
0.150425 0.489778 2.165679 15.466377 2.701786 565.847017 109.839463 72.548303 1.791732 0.417780 0.358643 1.387513 0.616830 2.373836 1.026575 9.238045 9.770159 15.737224 4.350555 92.150825 80.194020 97.157171 14.648505 335.961598 1.710461 16.824336 27.480261 0.141340 25.932050 71.674489 0.225392 
576.049450 187.827281 0.312088 36.801993 0.960091 105.361299 6.347318 277.685468 91.715589 7.131747 6.606822 225.001231 20.881275 0.958072 1.463842 2.943976 7.190475 19.838164 5.290445 25.347517 68.060517 0.238161 8.728398 159.020389 1.669754 1.204489 0.221998 3.288708 0.560863 61.163033 14.597942 10.405792 87.051122 
133.107549 10.339779 52.450245 14.112501 1.058184 1.843934 67.768589 1.165369 14.389952 118.652085 12.614690 2.686306 17.093210 258.488084 1.461629 10.268900 1.747228 3.567580 9.245679 251.526002 70.812999 48.112293 6.564271 86.417165 3.082145 0.081783 0.309979 127.870946 7.910937 10.154173 17.947570 111.276012 9.386344 23.558035 
17.784559 11.653267 120.219157 8.914898 2.977111 3.081809 4.709027 8.228132 3.211021 2.099316 0.169587 2.461245 7.015734 314.268790 1.016946 44.738376 1.778652 74.568470 82.707515 63.341519 118.987253 14.050588 0.294798 98.616653 10.084334 0.147442 62.064003 17.324719 3.324600 1.464019 11.504547 90.116178 9.934502 108.735377 62.398769 7.582248 3.898039 23.772001 
3.761918 28.434381 9.302622 3.074653 97.994304 63.780528 13.965825 3.350846 16.030301 3.040354 0.377219 57.925516 0.230718 100.414981 0.526265 21.102727 1.254558 82.346729 34.744944 0.324688 15.798745 11.335725 10.519977 23.184299 5.193612 0.144436 0.585088 26.292184 8.300573 13.292479 121.410623 64.334747 2.994239 10.500591 
2.601077 6.744521 1.960278 14.546532 121.956606 0.688698 10.332919 5.171357 5.540489 41.354965 0.052983 2.023205 1.381830 47.969004 0.201040 48.171909 87.629395 112.568914 327.332602 0.255425 30.017490 47.789162 8.235364 10.257450 53.638454 7.688261 8.293715 55.273696 5.860002 73.649030 25.209144 6.687001 
2.230209 5.816151 1.705489 38.964727 28.987889 55.506860 83.456903 5.979294 5.819664 65.482826 0.214572 2.461084 43.666756 75.513912 0.570079 138.690202 2.340580 6.553563 94.870904 0.427524 6.646082 37.596856 88.300701 2.629588 70.410426 19.573272 21.409728 0.868521 5.293563 6.718482 1.039907 26.705194 6.911529 1.519627 44.926846 
44.903327 1.612468 1.917237 155.958422 81.111188 5.647477 17.153607 4.171765 71.871595 190.906644 0.458566 4.773838 185.078951 4.944765 0.379616 8.145398 49.005081 0.621048 363.993265 1.024245 10.615664 127.437671 5.912761 0.226556 45.466363 4.659844 818.355060 2.842430 9.978704 7.786127 1.195297 43.600187 48.988971 0.394775 0.541378 39.456349 186.559718 24.319640 0.093570 4.468684 5.737010 17.167825 227.951460 21.765607 5.371590 15.292065 6.861770 23.242668 11.182224 2.341089 28.625305 55.445352 7.812544 2.398882 
29.986270 1.210708 18.853590 94.296790 9.765056 11.820005 1.165718 115.253063 42.647005 212.386410 0.105771 0.398485 4.108898 5.652726 0.340888 236.212558 15.593685 1.184035 430.480111 0.256224 12.567572 184.751286 55.684853 1.114585 85.046710 24.935936 0.246599 122.932683 2.968043 250.879793 44.589519 149.031480 5.101115 3.447487 36.474534 15.413981 28.022341 3.045744 0.377634 
22.463188 0.517300 15.122848 202.118116 4.368472 1.744142 0.821209 0.148371 7.572565 355.154244 0.741018 34.379693 11.363698 2.455099 0.822850 41.793845 49.069577 37.121408 462.600974 1.946784 22.776602 152.479219 13.922389 23.071864 411.443558 3.945748 1.419447 22.442628 0.483474 4.303510 22.882072 14.756804 17.968017 27.519059 
41.377841 2.423339 42.566116 15.857820 42.344654 1.419070 0.786238 0.336837 7.407407 201.564976 6.052423 78.352884 1.430966 93.117918 0.759026 81.658158 79.119513 18.192888 299.824178 5.295527 12.743024 1126.627660 7.146418 7.794841 3.758760 0.220720 91.514045 9.619576 0.139692 26.954018 4.325162 45.621553 21.241203 
1.244127 13.562811 57.485888 24.241255 3.218792 1.705171 16.454113 0.146441 4.447532 164.748121 12.529288 69.699371 8.754676 68.869735 0.620261 195.248366 59.389934 18.892037 153.799778 5.618620 9.471405 264.192801 3.853576 45.503008 9.471566 0.188415 0.281451 19.708980 0.304358 3.521096 26.569603 8.437407 13.099765 151.777013 1.719032 2.845347 0.709436 55.971147 
0.745046 49.717503 5.858320 2.147551 5.666552 0.763134 1.508255 0.221166 196.360200 202.914718 8.686456 59.356318 0.265978 15.619409 1.366074 24.148457 11.923308 55.733552 120.175353 0.217562 9.411228 0.127424 8.409738 3.216408 50.277067 12.026013 386.175113 35.480016 1.245862 48.312483 1.422260 1.148859 7.305349 279.717519 16.288704 53.381651 4.627230 
0.211752 87.312599 1.758719 107.287795 13.541114 0.770254 2.086688 0.125585 2.014038 300.207856 25.724065 742.082752 8.899518 339.354726 0.659712 57.588125 3.736779 7.553707 274.822741 3.703026 20.875151 154.793221 49.871372 46.985649 9.725750 8.714867 269.516508 15.998149 2.942061 48.973450 24.957169 0.612601 2.992212 0.146938 167.442517 38.378607 78.897159 1.634887 11.605948 
1.467221 26.302811 0.130593 24.602550 9.922867 81.093165 2.518949 0.234547 1.616231 172.452865 13.382709 0.836881 5.043979 32.017235 0.443409 0.936381 0.401562 9.292830 537.962320 11.284864 6.299966 3.697328 91.564010 97.311257 6.143586 0.697174 160.850142 22.714497 3.178452 20.917544 43.738026 10.911420 0.175112 8.893420 822.749264 116.958377 62.758951 36.647292 15.104830 
1039.866055 1.277866 4.852569 366.184689 14.715743 60.967842 1.698452 0.306448 3.212103 2.685040 216.750568 0.440653 0.151438 16.423866 0.144386 139.519351 0.919279 3.869083 139.380708 54.718734 12.713211 75.861054 124.049014 2.309026 12.066564 70.308369 0.622466 131.268427 0.336974 52.609322 30.508797 5.326779 1.386487 0.339075 9.452319 13.431273 331.381937 5.998656 0.650039 6.952404 95.623198 
154.797713 5.158569 12.008705 223.335223 68.195875 1.653016 1.848290 0.120715 663.763301 3.217242 29.079727 1.308214 18.800302 105.536118 0.240955 149.345684 0.647730 11.298475 144.339783 148.806465 12.065285 260.541123 6.800224 4.704327 13.800865 341.237362 1.626672 35.218518 11.897790 1.101709 0.777850 168.694103 4.510175 0.301286 9.059956 0.574920 12.173133 210.755004 136.258837 0.117580 4.589705 1.372698 0.245223 0.279579 9.499978 0.206289 6.024754 24.966538 36.126705 6.966922 29.917353 1.121966 13.713399 79.991403 4.920420 87.057784 13.792188 67.218883 17.863204 
0.243936 20.690113 0.174044 376.465614 3.803011 22.585292 547.479730 1.355743 107.199162 5.335125 33.842163 0.114606 129.149575 1.303813 0.600209 0.931402 3.872215 4.165085 333.958182 2.009505 56.091251 95.030676 368.808194 60.036255 9.009447 42.988593 4.351464 0.801351 0.240268 305.047135 7.865511 60.600550 69.947318 3.659036 411.900326 2.997298 70.773078 123.089625 116.258987 54.684780 0.893169 1.089115 0.107538 0.159276 0.152915 4.432100 4.591212 5.502207 0.700565 0.478784 11.532182 5.998737 4.198974 376.210353 1.550921 2.108801 27.834050 51.553517 170.084562 83.350139 22.755154 7.503658 0.755887 40.412257 7.788395 2.597699 45.429131 0.163660 65.789807 4.106362 4.877792 
8.124284 5.543487 16.476962 180.709093 0.454731 6.348775 2.642003 1.455219 578.497592 3.068941 14.094513 1.649446 270.282873 6.245364 1.541745 48.419951 576.759838 3.113894 128.848494 1.518964 30.558175 118.349476 237.748926 15.784318 0.431036 312.658148 152.606428 211.288456 3.125758 13.945947 56.818923 1.112787 61.993859 0.088666 0.106823 7.082738 328.165648 10.029747 9.038111 54.123054 0.435455 19.151905 441.118806 0.501586 15.254401 1.268506 9.589339 231.497751 1.621977 9.925400 13.697400 23.825335 3.824684 2.347770 11.271166 2.494605 0.137397 3.462881 17.610798 
1.235847 0.732746 0.354073 646.056759 0.324085 29.778493 11.203564 58.901574 7.497330 6.622411 14.257126 37.948708 2.850430 283.267992 1.223880 78.434740 196.223811 10.591825 151.739704 2.772884 6.107050 0.111742 7.801250 62.050495 570.568783 252.462748 52.858310 19.365294 63.790821 12.313759 25.120985 
1.957813 0.878182 0.174982 49.631858 68.948312 19.479749 48.773537 29.229147 14.174567 5.577544 16.140722 6.728697 14.333723 0.237985 1.648314 33.900808 153.964484 218.089695 32.615634 1.449460 22.717788 0.170795 335.823470 17.080306 49.220258 0.958190 18.778213 18.549675 
6.500900 13.414252 0.858427 34.764452 228.439189 219.401072 0.448383 3.696597 6.356321 4.143569 0.973218 76.576087 2.187115 0.502628 1.319970 5.082544 74.921325 4.203522 79.767228 238.171636 13.895186 0.205020 12.392226 19.042804 1.459524 14.488830 36.205793 4.934167 0.555060 7.233872 36.214345 65.257854 11.719590 26.989380 9.483668 11.994480 
0.527289 0.334505 1.612464 50.508203 152.931992 7.977909 0.414523 7.672102 3.767028 56.004856 4.085055 298.097200 5.988542 36.050357 0.896578 9.459223 92.998654 63.319057 44.072343 2.126290 8.177611 0.190030 57.088553 127.135514 0.288022 85.323618 12.162222 76.936034 29.556709 0.456590 1.216185 63.436431 25.632051 5.658430 0.562168 16.552607 6.499352 1.315375 8.435364 
2.179362 287.569949 0.181244 2.009540 12.539389 26.958423 0.361123 84.601637 208.168533 22.495047 15.691029 4.680659 34.986654 2.901048 0.860358 421.236275 147.158277 115.751748 28.216135 5.389517 5.153751 0.433390 312.749541 9.764198 0.319871 4.452562 2.970773 73.290778 2.334449 16.849260 26.547094 22.140272 10.768675 6.966448 5.132188 221.830809 69.470307 23.508303 39.142867 5.694597 15.136909 10.215331 
7.884717 416.791752 0.709793 70.416630 15.532402 83.200871 0.274239 152.680460 6.230420 102.138622 252.451494 10.741269 5.128900 1.237229 0.805132 20.848359 16.486264 99.033142 20.409636 22.123701 7.933176 0.114352 2.432344 0.238452 0.872009 1.585537 6.392225 27.345878 570.774879 13.756462 14.670966 35.473775 
2.501771 295.294035 1.099720 44.321140 24.506394 149.545428 0.261911 207.296900 1.056583 24.600576 414.701305 17.909620 56.678194 2.782818 12.758010 872.129578 7.499477 4.205665 245.623428 2.591281 13.479553 0.152094 8.322738 13.408533 2.801083 2.338391 2.336692 13.883952 28.927181 7.678297 1.087412 0.324330 76.692981 40.004780 9.731043 121.939584 2.546908 145.837720 12.189450 73.187469 40.987006 41.497556 19.299542 
0.221965 290.588092 1.036594 163.810075 2.023776 0.956743 38.101312 87.184430 213.390838 47.585399 9.775869 0.994446 3.669829 113.487353 3.148683 926.822286 7.470963 12.072567 3.575045 19.586497 22.135204 0.296784 34.092169 11.529339 0.787841 716.156595 0.451707 23.544606 10.596578 1.250866 1.594473 19.411693 4.779362 44.882864 70.434290 64.436810 
6.754657 641.751015 0.932446 0.857689 8.813925 2.689691 1.806719 26.035045 88.576901 22.329035 52.149304 10.823673 37.912090 7.411454 1.046655 90.953062 49.783453 25.392945 98.156787 35.513503 7.023254 1.522046 68.343586 4.044477 0.278082 2.318108 11.404176 94.574912 5.630728 65.480129 8.797962 22.443926 
6.678126 104.736435 1.435038 2.999519 16.143361 33.336330 11.912148 243.098739 6.997685 11.915339 0.133745 31.978118 7.031573 83.451808 0.933604 659.262111 60.475327 26.779849 82.097028 512.210136 25.008773 1.297501 3.732846 11.821788 0.359353 0.261704 13.786139 17.488552 0.506772 8.647398 3.392379 215.551028 22.447935 10.016271 35.279496 59.853838 
7.711894 0.635815 1.326598 422.064982 7.148749 0.253508 2.364110 169.294747 20.416485 2.615967 0.216353 0.268968 2.953886 49.977830 0.966025 69.243987 4.963913 18.882085 68.345463 44.842672 1.323049 42.267595 53.537729 23.329764 24.827292 0.458659 80.885274 462.712912 49.140807 43.806956 52.171817 28.208273 4.365231 2.838272 35.319229 1.002740 20.486677 10.722584 138.243054 9.863679 
17.970644 0.509641 1.263306 0.264434 51.138415 24.533175 1.756647 470.573089 8.570843 5.602074 11.164290 367.781225 103.190503 1.881271 0.422432 306.993374 9.991492 2.480573 81.444951 43.798167 73.530754 0.926104 21.462651 0.866056 27.712670 162.164610 21.880575 92.831890 5.030898 4.332870 65.620961 285.229426 23.903749 56.339948 
42.840779 0.307884 0.662774 6.858389 60.962514 2.386927 2.397049 109.880817 3.684307 4.927094 194.165885 105.233077 1.765841 2.499424 0.327247 69.884309 10.754103 113.190191 0.825620 134.707155 11.224389 46.287091 16.548394 0.180392 61.736529 400.341367 4.251797 0.891904 0.551763 10.801416 101.685855 241.081788 4.058992 4.095379 0.592474 70.634503 8.845372 186.486888 5.572912 0.135063 5.058755 6.369490 2.382887 155.426140 46.259021 18.734516 2.117058 23.766813 0.645179 0.854801 
21.135588 0.198462 1.361839 10.740517 11.569369 102.389234 2.009225 384.212951 2.480511 0.133451 3.823225 302.158068 0.573895 2.395278 12.359674 650.300672 8.049837 0.357593 9.487891 3.147836 1.860991 1.651545 82.072623 16.669027 41.961607 21.095774 74.498666 0.654374 1.159547 0.427999 5.652715 0.214859 53.953435 43.680502 4.322260 3.242947 2.598292 7.483587 0.232043 208.643166 33.499936 54.633610 
0.385585 7.834919 1.239507 4.812393 26.175474 0.150168 4.190187 170.340965 2.770784 0.409477 55.405114 144.543196 0.467059 195.361891 10.199520 89.085530 5.910226 6.308016 1.653157 44.359821 134.414875 1.384821 55.446642 36.553221 10.863145 2.150529 66.229812 0.566254 1.808673 345.850369 34.173502 1.700115 0.606336 
2.412029 2.353286 0.546534 27.458567 10.774724 0.148134 199.505560 175.806883 57.369640 0.098745 5.385941 47.603276 0.345001 20.398091 354.527527 3.489092 1.393128 561.274177 8.831074 33.893550 234.464240 3.989343 59.263877 25.779368 1.932117 9.390542 6.172484 1.477041 61.027532 
3.182584 1.649662 0.480273 3.412232 13.274309 0.101969 2.678253 91.020705 14.542345 4.917507 40.001911 304.168570 0.341937 82.417231 221.565314 0.122258 71.721507 3.147208 0.885027 7.027554 47.865688 1.041763 105.286084 272.700605 20.503219 2.688542 0.728764 51.001008 2.948300 4.531262 4.639261 244.994679 0.880708 21.227890 15.855858 7.506631 3.330035 5.024735 6.867095 43.542147 27.110648 
298.142222 2.500261 0.606644 2.753039 19.431917 0.113449 71.178804 1.556748 27.092700 494.725121 18.769311 25.492519 0.121086 1.849228 161.146996 0.131041 66.575084 2.445693 371.437154 29.114193 13.835128 2.044007 56.588452 5.622861 43.621122 20.412493 177.139854 26.542261 6.369911 1.226784 0.427540 
143.343503 2.898102 15.516228 4.712637 9.408675 0.324813 335.388731 0.999907 0.082962 1.305834 67.600700 12.648729 66.884996 0.879226 179.700800 153.772521 12.987661 58.961756 15.856938 0.443549 13.088364 3.112508 238.055540 0.157453 0.310752 25.162798 9.334896 12.367634 356.729987 115.239222 6.614305 28.553673 32.232374 2.458479 50.806853 5.901996 66.403603 37.893107 0.665064 2.149046 16.239953 
633.029424 2.924796 1.102706 456.704275 8.404812 0.110662 126.847968 341.953128 6.886682 2.713462 68.928147 27.119684 372.918406 0.530696 253.728224 3.049952 13.441769 0.190346 163.949405 0.441639 9.816155 622.119025 36.771226 0.386082 8.761682 3.473867 7.763564 12.287068 0.288125 0.210700 4.216533 15.171004 131.970001 503.392873 35.940810 0.153790 14.673279 109.203508 115.164935 8.728862 30.339564 7.523616 10.484929 
18.767517 4.375055 103.526414 60.297993 8.176992 0.256110 45.324661 4.088771 8.377769 8.399705 197.728789 20.050197 0.449295 10.582073 98.076338 4.149131 211.429181 0.163192 67.260519 0.206280 11.061364 6.730434 90.948892 0.902459 62.015477 8.848968 78.411177 4.396815 0.919530 0.330274 44.988543 9.339369 15.321503 0.456088 1.358566 150.965931 3.785191 7.114112 9.150311 31.991128 50.822314 35.763400 
12.807083 4.701618 34.454780 1.888376 14.341662 0.168572 53.582138 38.037671 963.976088 11.231208 726.300210 33.503739 588.921306 307.235603 13.679197 1.028090 301.463665 0.400583 76.555410 0.515702 14.492460 917.034145 3.637158 0.154825 274.242242 31.069968 16.331245 209.934219 252.918115 0.636473 12.269160 120.022418 41.040667 2.576641 3.499436 0.268752 13.590346 60.008507 33.735149 2.461130 10.933807 33.302149 44.124185 6.291149 1.194230 5.190344 0.306357 8.060042 12.940140 678.055273 8.401497 14.549548 12.578436 71.239794 1.891659 2.011811 48.144940 6.848147 31.100593 26.051942 
1.352775 54.383147 3.267801 0.914592 7.896221 0.194262 233.998725 79.043678 54.947089 4.202714 703.466943 16.901094 219.746587 1.707133 3.150737 46.596789 4.138391 0.137165 98.772391 0.544924 7.054059 66.842945 0.359464 0.210732 14.861879 42.402639 6.758545 8.294359 111.867349 5.940109 26.489398 61.500432 86.994994 3.125849 512.328873 3.068248 7.920639 43.989458 0.863949 640.279000 5.006322 11.745122 26.153976 479.292992 23.430406 24.056924 1.827929 22.642271 
13.943934 2.674853 12.034092 143.816519 9.405346 0.312151 100.674431 2.312135 8.175498 0.761639 100.524787 27.253751 177.251487 2.012423 3.944553 63.654364 19.075495 1.782838 188.138944 0.224415 5.074467 21.535021 162.294324 8.376305 57.302366 46.213163 0.293056 4.315097 387.192077 4.234380 2.266380 119.692032 105.674948 6.033828 49.121881 10.438737 1.449593 77.766608 123.632211 2.701529 3.385819 80.161229 164.770016 21.796406 12.150435 5.363341 57.698826 5.660689 
2.197263 41.445787 15.158131 6.917300 13.874800 0.264253 115.981133 0.999100 0.497661 2.368438 10.059892 0.585033 94.779796 1.531425 1.755763 24.894745 4.768964 63.160819 42.214215 0.154083 17.374228 4.699974 71.990325 120.296967 3.718752 0.220254 3.634102 12.355836 112.346211 0.322780 123.324359 0.203979 0.274044 430.066983 10.066778 42.367701 17.020671 87.056578 14.622586 2.360100 5.413085 62.382715 99.795874 15.606016 
70.057652 23.717104 19.980135 21.520830 10.440912 0.264913 253.175576 3.280707 18.242074 2.718863 77.598034 3.549324 53.449453 1.535072 1.071485 1.286213 38.442513 4.489879 192.277782 0.336060 4.715041 12.489048 85.449057 16.611178 2.518345 8.590912 121.954089 73.414080 793.295265 103.331287 2.860873 263.316760 3.799875 1.720668 2.326864 67.995325 53.186978 1.280875 4.545235 
53.284076 68.123072 13.459411 399.293821 15.331689 0.707263 226.701552 31.976003 3.360066 5.094157 86.141768 1.792347 87.623446 0.571769 0.789409 0.197759 1.416693 273.671035 7.789397 0.266406 132.189325 1.682317 102.884289 15.175976 38.362720 43.058882 4.852118 642.519030 3.012474 2.380291 5.891280 17.090678 27.123486 14.516299 47.812687 416.639918 
75.474419 2.830516 9.110033 0.457563 63.859383 0.151789 80.898638 5.062817 0.529245 3.051464 102.657089 584.247724 53.029344 0.115873 2.676331 1.758106 41.068714 203.543311 7.389662 8.357611 1.943901 5.470479 114.517190 14.089332 719.870632 1.940298 1.494305 5.290843 106.565427 205.120419 14.421353 4.729410 104.848590 
0.145823 29.075916 23.753952 21.766941 711.087799 0.171164 143.903262 1.395906 2.026367 7.881263 4.862098 95.449033 3.765186 24.189616 1.266383 0.260593 45.118031 167.645933 7.809913 431.885917 0.427908 2.889388 0.869808 0.279969 100.163075 119.075312 6.392107 11.000509 0.262116 
0.353727 8.920659 16.389941 0.132238 733.775757 3.543023 962.103405 4.477937 1.082511 40.460496 7.606577 30.887864 2.913801 0.462754 17.595312 0.161758 87.392747 522.254053 4.344021 3.413290 30.568336 0.752764 749.429176 51.617554 649.678440 11.821017 3.634344 18.611273 88.572569 9.119089 
0.161109 13.723843 2.025361 1.330223 0.725248 20.048849 204.757882 104.240370 0.712625 37.513592 1.524473 56.469418 3.899765 3.245654 66.748989 0.118466 63.870823 186.013081 114.664091 7.826318 1.454779 0.308892 18.901770 2.621705 262.824266 27.821820 0.103728 1.779338 27.849829 1.730280 24.201771 8.283333 14.198463 5.412314 0.080201 15.278056 
0.827330 75.830899 0.779651 1.990055 1.735432 4.032794 342.397902 1.557301 1.460217 11.185581 326.051762 52.497731 7.495898 1.143762 0.442102 19.226659 46.440375 0.189397 0.489353 10.030771 0.860187 0.126302 14.394818 1.590866 350.369624 57.691292 0.080423 105.558159 6.999752 22.022441 8.129866 65.983765 9.861204 53.722255 1.262796 0.081279 5.566770 13.448418 0.206862 3.925198 74.241890 0.073348 7.305568 1.949086 0.198880 89.447672 0.470885 3.462759 10.564659 
56.603854 5.024942 22.270918 0.604669 6.805823 13.829336 120.420755 5.001327 131.818444 2.938026 0.185899 0.379520 118.610065 70.682700 0.171735 10.470424 70.317246 55.744726 0.146497 200.202891 1.175855 3.834827 19.517256 0.591207 194.166206 8.269730 1.105081 66.002266 65.616892 317.013078 12.685796 12.794769 2.246028 69.733948 8.566102 0.277760 0.815880 2.624659 
39.248174 8.060999 16.040405 0.230734 10.784850 78.916609 131.903956 246.640403 78.431968 8.043053 0.549343 4.566213 39.131577 62.082038 67.403893 4.096330 6.456548 3.773383 0.215960 6.368178 1.195196 276.678061 127.247158 1.293122 75.385077 9.863258 4.768173 5.347042 5.889625 1.099569 165.245791 0.701731 29.784504 8.466854 95.987904 2.416343 10.620463 
48.670165 4.989180 76.832195 0.115342 63.132238 24.572369 61.645785 0.213788 76.572364 120.859840 2.170907 1.033505 203.164177 73.537216 0.805846 17.216244 6.446868 13.658329 0.176732 3.887053 1.492040 1.067926 11.802137 11.559392 34.473900 149.538958 8.826793 11.158731 27.515633 45.319269 5.434579 36.655083 30.973563 12.343014 1.627179 64.686195 22.205642 
31.525677 1.476509 46.632030 0.238268 3.732173 0.983293 335.347312 0.331641 81.791601 56.023592 1.875843 0.815040 227.999009 6.457569 7.168686 126.538848 68.936640 15.018534 0.127207 3.110218 1.847114 15.341671 11.348088 50.846267 185.097906 482.331556 0.381683 16.175030 13.547686 0.090476 114.557189 4.739807 0.988110 29.179698 7.220998 0.342910 78.154756 2.149803 31.364623 1.045361 33.709840 
1.441511 2.513018 5.413660 0.082199 1.747823 6.382704 112.930310 85.243015 0.204539 81.319196 0.362515 1.198140 0.315279 129.059207 33.647700 137.763995 8.165904 9.478188 0.187460 11.669225 123.756191 17.316138 0.379771 0.184727 407.955926 18.231967 0.311535 25.122935 23.178315 401.723272 1.806154 62.455919 1.232522 0.467701 5.528738 61.018783 1.986713 16.016108 67.136388 284.402957 3.191765 6.328890 9.241064 42.694885 0.070512 2.918340 233.880390 63.653704 48.317429 0.983237 83.934906 2.908905 6.662138 13.476108 1.363540 
1.161819 79.259348 466.065642 7.955205 13.198060 5.833288 246.086512 301.466615 0.216739 1.026780 6.712523 0.914919 1.162091 1.436417 130.411969 121.845384 20.274947 1.846416 0.231179 23.693168 3.803309 42.990184 0.140732 0.183035 68.537501 6.143469 11.168313 239.371800 18.355276 178.586045 9.359043 2.017551 0.569824 76.351468 220.082898 82.955016 29.174335 332.087215 
3.212949 11.344931 9.188825 0.244023 83.549316 4.989288 10.929353 16.720822 99.851986 0.335389 103.106016 0.155790 207.314998 64.514151 130.065130 2.261339 15.754303 31.324743 0.214991 14.135615 102.278080 1.201508 0.317407 4.904406 6.113473 74.740637 307.419001 1.752261 17.627671 2.937348 13.559748 0.867173 4.988898 23.772828 213.527746 1.258481 18.034730 18.411632 14.217221 
333.115321 336.425702 23.113766 49.596109 1068.792720 8.724455 89.348440 10.876321 87.010670 4.281139 86.590940 5.748937 0.271733 1.821614 85.591635 1.367322 45.327633 0.914617 0.247578 0.255634 96.116494 3.147369 0.216460 623.952955 85.554953 0.355926 53.401056 10.718086 23.281816 1.087244 9.366257 0.448929 8.272648 2.268659 2.319675 1.413660 40.202576 4.588091 172.014136 22.329471 
286.721104 52.653824 390.335494 9.192413 17.853394 3.710068 8.668000 10.219251 710.182658 1.098492 37.861116 4.254905 0.455527 8.393753 1.751027 169.352443 2.152361 24.151057 0.304334 0.094382 77.502086 13.235784 0.870795 6.915631 56.801396 0.181333 63.027423 5.328361 0.769297 1.115775 3.371941 2.341194 18.298013 6.500830 30.282509 
8.243782 8.889213 1.430743 3.302702 3.832345 2.787644 16.750211 10.604962 405.455185 7.034562 34.116639 2.465136 6.729125 2.929929 3.040244 48.608590 87.458171 25.783827 0.169929 5.512826 3.323850 150.611810 0.153488 77.894704 3.162035 1.068929 135.046013 2.357094 32.287197 12.265291 9.259045 29.674936 129.423895 208.015493 8.307712 63.749088 15.910662 0.297129 0.510824 0.816301 11.576481 60.233238 12.379077 1.853681 23.844282 0.118984 32.375043 142.014037 0.421868 1.481289 92.168130 336.875979 9.475304 5.874066 1.388769 
9.950338 3.365881 11.398382 38.481738 48.296834 12.589305 29.101415 50.586839 186.919594 93.713975 1.932627 0.093113 1.025781 0.356285 129.714116 3.385064 4.947527 0.315870 0.273795 1.581978 1.748418 18.179953 74.018891 82.929546 27.523215 0.399174 90.501487 1.597930 0.588210 1.615584 48.601425 15.156189 3.027357 5.547794 72.037095 61.832235 19.794053 108.250276 35.127598 211.423889 55.130266 20.812889 12.362698 32.493127 
0.854454 25.452997 26.821968 2.724465 37.904894 57.977934 213.722935 0.930573 133.820226 91.199754 0.092497 59.491820 0.716692 10.471612 23.550138 9.009859 17.964449 3.489208 0.104113 1.776647 1.891942 2.127572 23.214937 33.583411 144.665201 3.876747 0.346720 9.364363 283.509426 111.407300 44.225384 0.776557 66.159656 14.116583 15.672615 3.393914 10.544274 3.865098 5.240717 7.505585 18.112790 2.276715 
9.329570 58.971546 12.187646 0.124799 1.106935 16.498417 1.391881 117.921617 26.705710 17.962461 0.213680 266.463525 1.792274 2.317229 167.330423 13.261280 36.009299 1.727130 0.176560 3.870560 2.847643 114.608259 0.122553 72.035238 2.013405 75.983715 154.503187 124.025174 12.641046 23.796465 5.455305 1.575088 0.702336 1.265152 299.422539 23.797570 7.492809 3.483595 0.449269 32.163720 3.535592 220.424782 487.587733 50.421707 6.269831 60.105466 1.894413 2.539172 9.042497 9.234058 
18.688253 221.291255 3.571289 0.201440 32.930258 0.732721 2.071982 74.523145 45.083684 14.872736 0.486586 6.793161 1.197399 43.823034 4.772166 104.587789 0.636171 30.019259 0.169375 80.510972 18.542567 6.585826 2.840711 201.158791 0.645138 66.992758 14.888623 11.729956 7.196266 0.110472 14.008789 1.014696 6.392860 4.737556 7.257936 38.456122 14.123061 2.675938 5.325740 49.577201 1.766602 48.248090 13.091114 
463.145893 11.306215 0.465086 2.058491 4.052832 1.069490 2.516812 1.226443 244.372524 4.952132 124.168070 16.529427 0.069743 20.381589 12.737515 24.623787 2.116213 18.367421 0.378869 15.109729 13.641447 6.043371 9.469243 375.198771 2.615991 73.770412 88.092292 2.797712 5.716396 1.008118 2.582349 142.132379 24.557795 23.019476 5.335812 18.376443 
46.546399 7.666023 0.203452 3.872709 555.176826 0.670439 11.076955 74.156131 226.797837 1.093717 68.284106 2.647210 0.534244 0.249899 34.611669 207.254837 18.363561 67.086782 0.084852 0.839395 12.687644 41.526430 0.075213 135.222216 1.024863 10.358459 104.121488 4.866530 28.332864 1.688939 43.872489 84.327616 
5.424112 0.195471 0.059795 15.375140 228.831830 1.125180 1.462426 71.753791 84.542713 4.115909 52.797014 91.722728 0.098992 0.139628 1.841517 44.747845 24.397335 67.104447 0.248532 0.199381 12.934822 95.649966 0.057175 88.890975 4.002240 13.334858 41.245985 3.632017 3.393681 1.814804 49.368686 0.166813 67.703128 76.994054 89.473489 18.767056 
1.837665 1.256531 19.173183 92.121381 98.647100 1.307138 0.054279 22.002872 11.154102 0.285473 7.740404 79.485960 0.074211 8.775926 8.227541 0.544651 9.407565 0.327432 270.234584 6.087140 11.487558 71.302987 0.265797 47.597864 0.815332 24.931159 1.908977 109.223024 274.736632 1.301796 0.912600 9.872886 16.534610 28.530824 128.948339 20.977812 2.569635 4.684918 
15.255776 44.990410 2.265163 0.181101 11.967288 1.102286 21.077019 94.931019 43.160840 0.897944 0.787441 1.621310 0.319383 4.497748 0.052171 29.885700 107.597541 6.059273 256.990025 26.565800 11.307336 66.121108 0.231076 52.596733 11.512973 212.770416 27.275052 2.294190 79.990334 6.662731 386.308653 19.419888 2.626171 18.788489 2.509445 0.711577 0.812393 15.553696 
149.150289 184.114683 0.386821 56.012251 177.975063 1.048092 2.455921 113.471086 67.144918 0.526043 1.281313 7.568490 4.637768 33.755987 18.838100 171.358696 16.373554 0.088847 353.337103 0.158803 62.234821 0.555707 0.065660 140.595658 6.528197 96.215097 92.421584 9.450612 28.644021 5.409098 0.126422 4.171826 3.202158 17.481716 3.274071 88.259579 516.368134 322.945470 10.416417 1.187434 0.423181 30.813121 0.749590 48.139272 2.810321 1.169502 223.493108 
7.269563 11.247315 92.522916 2.926201 24.884578 0.769713 2.915987 310.240798 17.072768 24.362813 0.940997 3.512593 2.701327 2.814472 173.226997 75.770670 99.266736 3.737905 10.201472 6.863426 79.437551 0.122384 0.131089 225.887400 590.356395 15.765709 759.985779 1.981398 177.476271 1.198103 1.414260 121.834353 69.804831 60.124333 
142.630290 33.788614 4.859274 6.137451 1.626579 2.002353 11.549658 3.672421 0.686622 16.135568 17.134497 46.967003 7.322261 77.159433 108.458492 160.237319 18.129451 2.582618 6.122810 164.441266 19.590409 0.223078 0.167373 1.404332 
901.793955 672.740370 0.138937 2.477871 274.510225 1.202058 8.052346 28.907228 0.569304 7.013042 10.835852 77.505035 53.808482 17.261884 55.188862 42.583181 3.509723 2.187249 90.283559 108.906859 49.442681 3.297512 13.172094 2.041810 82.488148 14.179399 6.683286 4.313341 152.977031 304.757699 4.349520 1.512367 0.442201 1.723293 18.123986 2.173825 1.300109 18.484989 0.639749 7.920047 41.584404 3.263643 
152.658800 7.410426 0.187600 2.342927 386.820384 1.552218 5.663361 38.652927 153.801931 47.505582 11.514914 69.883560 55.361466 99.293462 48.988523 5.761983 0.184773 6.858794 4.821817 14.693487 25.747442 39.668107 85.858075 2.813184 10.820540 0.655684 4.096174 38.374960 5.234339 6.880237 63.110391 11.197563 2.247518 6.476744 0.445288 
779.523086 0.343618 0.175796 2.475034 39.251783 1.426434 15.442370 54.621956 1.055092 0.527423 12.936669 8.341543 18.460093 109.862885 701.354329 9.593706 75.801206 7.702682 25.486796 4.257650 25.991317 2.429215 0.290828 4.226995 0.692583 12.827644 88.345272 27.791805 48.083564 61.294941 
121.566900 133.225770 0.245424 0.996289 27.380075 1.610875 89.151322 0.380150 0.632898 24.209975 11.371800 11.206410 15.210478 84.507767 117.543937 0.361139 4.341181 12.326963 255.057810 105.982231 0.356668 27.416782 2.033606 10.130410 268.360046 20.023635 30.608735 3.502927 1.327676 13.138995 34.702105 0.166673 1.660414 3.880785 3.844888 291.762954 37.811460 
315.371628 253.754161 0.169208 1.241359 170.633898 8.417162 0.257837 2.690442 0.445460 621.902275 10.753362 0.494332 0.587903 338.034392 180.283370 0.157600 5.706944 21.879434 550.784182 68.644901 0.304297 25.558080 15.121127 493.270910 31.718258 10.394880 24.061192 1.000449 1.661082 1.628171 4.167896 34.205238 1.972657 
647.028631 0.425292 0.201058 2.556166 15.600452 18.609210 0.583486 0.288638 2.001646 111.910188 9.487023 0.881712 4.628981 195.977877 761.534759 0.833239 54.256197 64.087038 724.174069 14.379134 9.693382 5.619805 6.684002 132.661752 9.287329 1.745735 20.821769 10.921847 
434.322766 0.122378 0.194647 18.477677 222.343750 18.730056 0.106796 24.381496 6.689101 2.728999 9.924052 0.144724 0.809110 532.049790 193.478417 619.430047 10.186157 6.094822 299.831252 97.906106 33.397030 1.002315 0.763288 25.222979 9.639636 74.149988 8.956666 1.463927 0.799414 3.180274 85.326678 
253.538532 15.496661 0.263289 21.103668 1.455868 10.122685 1.894502 11.825850 4.425093 0.540241 1.400197 0.475691 0.557110 170.251461 145.654932 254.872355 11.172748 10.991539 55.615637 13.114318 1.512979 43.119800 0.213662 94.592520 66.495812 
80.093973 5.258373 0.414999 11.390693 0.422239 13.131928 295.143912 0.415716 87.623735 0.724823 43.030123 0.291106 6.547369 5.360636 66.177210 0.404223 1.699151 3.811062 62.009297 16.269554 2.824033 58.110305 0.337069 229.323619 8.482367 136.337345 2.072734 4.071478 27.100209 121.737857 70.063622 88.185953 14.047863 5.440716 4.551171 27.155886 93.999582 
410.502793 2.903507 0.380471 11.041723 131.924564 31.331151 8.838353 0.407633 878.093207 131.629739 0.371017 1.170419 3.520594 24.581510 212.819751 1.948912 5.871724 7.709998 5.400304 7.071153 3.385548 53.246238 0.394017 20.954614 0.302018 5.968958 2.968147 41.659760 112.275577 10.408593 3.603218 28.683973 80.914064 84.499301 0.406067 13.220492 
111.900802 7.171352 0.153390 466.975977 0.115465 2.052169 23.819605 61.860295 193.283262 17.180226 101.090922 2.050677 6.073497 12.695492 225.559732 61.000399 0.642451 4.734472 6.766930 13.815457 65.460317 2.481515 0.297073 9.000148 0.324774 0.121684 132.939068 530.385384 11.794333 7.400094 7.851165 3.736242 0.121527 98.380735 8.881894 165.522005 
344.229937 0.864753 0.203939 4.374750 3.918760 123.162144 53.216187 116.799534 1.622067 20.467204 0.688034 2.610575 8.722028 59.320267 86.084011 18.417971 224.412427 6.887988 5.050350 8.830141 13.771105 457.879445 70.285534 0.519521 4.375429 0.166050 0.704262 0.509682 50.330984 1.697187 35.016589 11.008091 14.118369 4.431237 
224.520492 2.250810 0.127549 69.181180 0.604297 23.664100 12.316671 3.578006 1.412130 46.923707 2.069806 151.005361 53.405552 8.886269 52.505053 8.801854 79.455961 2.761833 6.579908 12.084286 179.546715 0.320329 43.134878 14.569085 0.470811 7.578098 
129.633228 3.328676 0.190198 78.638005 0.177514 0.367209 57.925260 0.880002 1.893615 1.175111 6.679424 24.672533 1.162792 0.423141 14.954996 20.936991 3.712986 252.186606 8.977102 12.141089 84.523622 421.846397 416.215959 39.498896 69.084803 1.589539 1.900518 1.914720 0.600691 6.124194 210.110389 32.293086 0.912034 9.527502 
37.788667 15.133899 0.123974 4.801935 0.276277 3.505351 53.351122 0.372231 2.301064 2.954378 35.498264 7.787745 340.282847 689.226185 428.089967 103.655455 2.805836 0.865320 8.863794 11.613285 13.348136 8.169624 60.660397 9.287186 78.358480 
263.698620 25.580652 0.268487 0.892422 0.109638 4.265464 73.381603 0.946630 1.728787 34.004899 1.918913 17.526499 663.892824 223.587011 3.950650 76.758310 3.050521 689.171625 19.869593 15.898133 6.319855 0.786711 18.340316 8.734765 0.284542 7.233940 4.018753 32.871410 12.931673 6.637386 33.892663 2.650032 9.822938 1.240657 25.392953 10.915248 5.034813 1.974529 3.687464 
774.601943 3.618641 0.104308 61.895434 0.395488 1.503271 59.796877 3.570584 2.591473 490.928364 4.169367 1.751598 220.438174 158.187646 5.574613 77.272036 127.423327 43.978076 6.956212 14.384371 1.641349 1.056895 1.361949 12.944877 2.377546 24.025783 0.391510 7.694424 478.237887 206.389554 8.203873 4.506625 
3.162676 0.207310 0.431961 30.299779 13.588391 10.935281 1.622139 16.645190 147.219568 40.307977 11.762292 16.280472 15.887007 368.355285 2.103585 65.990733 2.433464 181.850483 1.364626 60.656851 26.481171 61.231938 0.778672 6.209692 9.601717 62.730554 0.442372 158.856963 2.832172 12.964430 9.151692 2.709664 1.237751 1.220712 74.290574 50.506002 5.507002 0.540030 9.938250 22.665985 21.577166 1.965890 31.142456 42.220331 
122.509217 3.470436 0.150059 54.332004 2.784217 33.432863 1.191382 4.958063 5.105948 106.948825 8.632276 5.969702 0.635943 123.707547 74.772209 113.776283 421.059733 116.826390 8.244700 73.245965 67.558594 15.975161 50.123064 1.834214 4.491984 26.855366 0.165368 0.785698 0.155906 2.701215 
26.105143 9.575504 0.095049 6.975755 38.380956 74.756287 2.406974 9.439180 3.342334 99.587645 3.906576 20.599062 0.704414 150.488387 0.374274 131.223295 6.555608 51.498169 743.954683 406.581239 54.133476 8.368998 144.271246 1.078217 9.198791 0.352871 3.001482 9.485598 2.202281 16.141614 1.965644 132.994616 16.987465 
12.722955 264.706205 0.292835 66.757941 315.879992 1.092268 3.028527 9.585949 15.869125 63.204648 9.334522 1.977752 0.529743 133.093018 34.196285 234.800147 1.930327 4.167108 0.968020 35.571710 0.621112 9.551558 50.626909 1.254055 10.060552 0.837679 1.272505 5.632773 68.504790 3.455916 0.130487 23.368143 19.438567 16.426835 357.934440 38.787471 3.852556 
16.487536 2.899341 0.192041 63.784854 10.799036 77.717038 136.839367 2.104331 3.385300 250.956325 1.848709 1.119703 0.396293 330.445893 345.833042 147.884017 0.303695 377.681647 13.528722 27.055755 7.806823 7.918852 8.726572 3.002353 14.699789 0.534422 9.470451 23.634680 317.590982 0.639673 18.545681 11.501700 39.414555 
13.467028 136.899337 0.143316 76.131945 14.684956 6.275368 1.223994 2.921100 0.287834 31.911366 29.630827 127.615055 0.393074 77.117457 9.329096 7.194968 22.423846 4.530989 0.850498 15.424155 0.381847 9.821792 155.370514 1.815215 28.292609 0.910760 2.680471 13.915294 61.965852 7.460833 17.798185 4.469729 22.601176 13.557718 19.217224 5.350811 5.102550 14.287250 
533.716932 123.726881 0.121706 9.928062 9.059952 15.345515 12.774649 6.450016 0.387392 79.637856 6.945339 13.896647 4.721337 382.523155 68.076906 200.527199 11.410549 0.192016 51.871627 0.596891 159.584966 41.813128 1.036258 7.090975 33.884215 1.249919 2.066584 171.117346 121.643479 11.835473 
27.250452 138.031758 0.261791 111.994806 14.633140 91.621453 9.347205 0.261457 0.361860 75.062150 12.980445 21.162538 148.720605 0.264646 7.173989 0.435839 
0.120246 49.980867 0.073767 0.207571 12.866611 128.571329 11.042367 2.594440 0.148474 14.806074 112.222172 18.159169 68.278214 4.957679 15.458869 0.594399 5.810688 1.781014 23.479270 2.152013 0.395888 40.257924 63.703793 18.827971 56.407510 1.449562 0.046944 0.061337 1.924270 0.744704 24.583951 9.229138 63.765118 0.252483 13.941351 
96.152783 24.908082 0.203238 0.609277 8.952676 29.954185 12.941942 85.507068 0.424411 2.444958 107.910902 0.143187 145.431893 21.094687 80.057800 0.053205 8.003623 2.116120 5.005011 6.222649 3.413003 40.460668 55.227705 22.853914 5.834365 13.720868 12.288036 8.785979 56.871139 3.793637 7.386812 4.879513 
0.167505 209.726623 0.073293 9.304999 4.503544 225.876946 11.876028 5.927777 0.378796 167.482424 90.755038 38.276745 0.572877 11.185562 34.181204 0.559159 8.477288 67.621276 11.998467 3.672070 12.034259 5.786533 16.540862 7.872331 0.306645 4.821251 0.126725 16.720562 6.612077 15.275522 0.709569 449.524978 5.952745 0.723091 159.547590 
0.340250 62.354517 101.001340 6.345647 2.627850 3.106008 20.308325 35.436530 0.093644 0.427996 1.671098 22.811154 0.293778 78.547609 213.222589 3.545714 30.531563 0.681520 0.121339 6.257079 4.343175 12.785380 40.440258 17.051562 60.561765 0.158959 29.658486 0.659575 10.206664 19.855096 0.264878 131.634583 15.450152 2.449871 4.233712 1.486467 28.807111 29.489236 8.809644 3.560119 77.556196 2.456365 2.152819 0.382093 1.517985 46.105009 45.172495 224.885572 21.653785 0.778835 13.699652 23.268226 
0.279066 8.061534 181.274366 7.788877 5.263308 0.834858 36.129819 130.352702 0.310067 110.862078 1.334689 4.177878 3.086899 62.340714 420.651263 27.419148 2.456562 56.825107 0.796790 96.810195 7.738560 21.088127 0.266385 16.339705 3.753391 0.397983 31.164793 0.136820 11.909477 5.197217 125.195991 122.230973 16.677995 41.327025 11.248792 10.808489 230.932799 25.182048 14.910363 7.617347 0.960146 3.185935 18.538105 
6.063473 30.046889 449.556836 82.947268 1.403416 0.888676 3.259777 3.859540 1.116306 4.468913 21.566902 14.458924 28.085431 22.326579 0.171444 8.259453 316.292242 0.822399 0.919109 73.655400 47.314057 6.247711 4.557706 49.005595 20.324132 6.509148 134.926999 0.251464 7.022086 5.516709 37.345982 1.397025 13.397090 0.593711 111.377932 3.389653 136.337392 11.915352 0.605165 1.813930 2.089581 1.941340 27.940630 0.395702 3.337003 10.083090 5.712926 
132.190210 1.074933 44.177154 0.572859 1.211595 344.590914 1.862683 287.198340 0.488818 2.288446 0.563804 40.433892 0.504067 2.847198 0.411006 2.334853 9.791208 0.434136 0.492256 70.404476 24.791692 240.715607 10.118877 349.426403 2.229134 4.215669 113.869590 0.301268 8.618643 119.910580 17.870891 12.095466 1.438471 5.972172 24.183119 1.955247 76.420841 1.789778 0.847800 20.840950 181.537817 62.181092 
107.775161 0.161297 18.483616 34.651321 7.565590 141.357477 0.286931 68.444622 6.004768 435.025640 49.642347 3.748595 3.474518 0.312153 3.203006 25.061981 15.861505 0.286559 0.232617 64.892008 510.367672 45.575393 11.349245 116.256135 0.303077 14.303644 27.958693 1.618057 26.312143 0.584149 83.596271 16.421037 5.065068 5.508538 
92.220217 0.594990 9.006115 361.218665 10.975516 37.436471 1.334034 0.710393 11.095616 191.582974 6.180342 0.163208 33.538391 66.680000 2.073917 20.122148 85.764507 27.828216 0.430402 70.520841 6.490597 2.052756 31.601354 238.231824 0.752578 0.101326 16.226598 18.865602 0.729566 29.067120 21.432681 20.362356 5.288734 80.268841 2.312910 1.285382 5.206760 35.641609 15.053729 11.706709 574.018654 0.145380 34.004750 10.771725 112.549721 142.541444 32.689589 
3.753448 0.721529 3.670776 0.263360 16.877535 205.362419 7.286186 0.605835 282.229420 208.532951 79.612368 67.205077 8.032125 20.631448 1.132721 4.702541 0.428294 8.292619 0.270714 40.717637 672.027196 9.503139 210.762976 103.335468 0.172943 122.474670 5.233699 1.577092 508.542640 485.243645 133.683463 59.042211 4.114193 9.535416 5.124593 29.070543 101.455468 0.626956 0.770283 2.975246 4.999295 6.218331 79.890889 5.186967 28.567371 3.485099 10.505383 16.711981 
0.198153 0.464450 2.706597 33.302087 21.961601 640.010174 11.814850 0.642824 98.382265 4.718799 43.590915 21.571671 3.315498 2.160730 9.392927 9.447079 7.421197 0.111875 0.452244 50.361538 76.399454 5.439679 115.896692 2.653391 1.928213 181.818877 8.387745 
15.541444 0.386809 2.175739 3.802642 18.054678 73.404663 27.085518 76.623070 0.273709 7.515015 12.148858 2.215385 0.338581 1.493275 11.365147 8.458579 20.345856 10.486636 0.402137 6.022248 6.720024 10.016381 235.198085 5.208446 331.596213 1.127407 59.035879 0.127697 13.506148 0.119256 4.419890 70.894642 11.710513 17.497305 7.615728 42.526856 6.256978 23.882267 20.472482 4.674087 
6.888416 0.382734 17.077284 22.441267 1.600833 2.219548 147.589947 90.922663 50.818904 30.198300 97.495267 0.595615 5.032588 3.293220 8.191920 25.121690 25.672024 182.766456 0.194295 9.430577 0.554568 5.904232 0.482139 0.131726 387.928353 0.155222 189.789611 1.159363 2.010927 84.237817 69.306800 0.629533 0.593350 29.391521 4.738883 1.359427 1.797007 
