0.103945 0.097100 0.101458 0.101185 0.112420 0.115401 0.114932 0.093526 0.113151 0.119245 0.107951 0.104872 0.115770 0.115717 0.110044 0.103785 0.116054 0.099699 0.100498 0.118580 0.116414 0.115301 0.116882 0.107953 0.109699 0.114461 0.107600 0.105500 0.102940 0.098696 0.107510 0.113410 0.110980 0.110391 0.097898 0.113749 0.097850 0.110154 0.121470
0.097100 0.082422 0.087170 0.088305 0.105167 0.101805 0.101357 0.082756 0.105609 0.105486 0.099469 0.096899 0.101411 0.101975 0.095668 0.091038 0.102030 0.086812 0.086912 0.105692 0.104974 0.104046 0.102623 0.093503 0.095904 0.100032 0.093806 0.091863 0.089162 0.085800 0.094519 0.103014 0.097222 0.097192 0.090276 0.103534 0.090093 0.096377 0.107711
0.101458 0.087170 0.090369 0.092601 0.109525 0.106086 0.105636 0.087104 0.109967 0.109801 0.103828 0.101257 0.105947 0.106288 0.100221 0.095367 0.106428 0.091170 0.091194 0.109989 0.109330 0.108382 0.107126 0.098088 0.100226 0.104366 0.097994 0.096138 0.093479 0.090096 0.098812 0.107380 0.101537 0.101477 0.094634 0.107885 0.094450 0.100694 0.112026
0.101185 0.088305 0.092601 0.088367 0.109249 0.105136 0.104626 0.086492 0.109684 0.109268 0.103585 0.100989 0.107001 0.105710 0.101202 0.094817 0.106505 0.091469 0.090215 0.107157 0.109131 0.107283 0.107816 0.099128 0.099782 0.105648 0.097747 0.095319 0.092995 0.087254 0.096189 0.107353 0.101002 0.099255 0.094349 0.107358 0.094160 0.100206 0.111493
0.112420 0.105167 0.109525 0.109249 0.119351 0.123467 0.122997 0.101585 0.120991 0.127311 0.116050 0.112963 0.123837 0.123782 0.118111 0.111850 0.124120 0.107766 0.108563 0.126643 0.124479 0.123360 0.124949 0.116020 0.117765 0.122528 0.115666 0.113566 0.111006 0.106760 0.115575 0.121490 0.119046 0.118456 0.105773 0.121800 0.105773 0.118220 0.129536
0.115401 0.101805 0.106086 0.105136 0.123467 0.114841 0.114899 0.100881 0.123905 0.120237 0.117786 0.115203 0.120517 0.116683 0.114569 0.109153 0.118349 0.105385 0.100335 0.122140 0.123307 0.121920 0.120703 0.112541 0.110804 0.119148 0.109297 0.105739 0.103972 0.102227 0.110581 0.121446 0.111971 0.112841 0.108571 0.121704 0.108385 0.111173 0.122462
0.114932 0.101357 0.105636 0.104626 0.122997 0.114899 0.113633 0.100406 0.123436 0.119946 0.117316 0.114733 0.120069 0.116394 0.114130 0.108679 0.117996 0.104924 0.100076 0.121642 0.122838 0.121440 0.120293 0.112098 0.110505 0.118699 0.108898 0.105414 0.103678 0.101726 0.110095 0.120980 0.111679 0.112282 0.108101 0.121231 0.107915 0.110879 0.122170
0.093526 0.082756 0.087104 0.086492 0.101585 0.100881 0.100406 0.077637 0.102009 0.104760 0.095983 0.093339 0.101430 0.101227 0.095695 0.089197 0.101620 0.085347 0.085975 0.103881 0.101960 0.100058 0.102508 0.093605 0.095221 0.100113 0.093128 0.090990 0.088459 0.084001 0.092840 0.100154 0.096494 0.095780 0.086669 0.099256 0.086472 0.095672 0.106984
0.113151 0.105609 0.109967 0.109684 0.120991 0.123905 0.123436 0.102009 0.120247 0.127751 0.116554 0.113470 0.124279 0.124222 0.118553 0.112287 0.124560 0.108207 0.109002 0.127079 0.124916 0.123786 0.125390 0.116462 0.118204 0.122970 0.116106 0.114005 0.111446 0.107196 0.116011 0.121955 0.119485 0.118893 0.105416 0.122208 0.105779 0.118659 0.129975
0.119245 0.105486 0.109801 0.109268 0.127311 0.120237 0.119946 0.104760 0.127751 0.104262 0.121627 0.119047 0.124194 0.113791 0.118137 0.113032 0.121079 0.109176 0.105342 0.126246 0.127144 0.125844 0.123870 0.116165 0.112456 0.122842 0.113284 0.110262 0.104481 0.106384 0.114842 0.125264 0.108361 0.117289 0.112417 0.125574 0.112231 0.111804 0.106487
0.107951 0.099469 0.103828 0.103585 0.116050 0.117786 0.117316 0.095983 0.116554 0.121627 0.108107 0.107639 0.118138 0.118098 0.112413 0.106176 0.118430 0.102071 0.102883 0.120980 0.118805 0.117750 0.119253 0.110322 0.112080 0.116830 0.109980 0.107884 0.105321 0.101096 0.109908 0.115659 0.113361 0.112784 0.101248 0.116280 0.101113 0.112535 0.123851
0.104872 0.096899 0.101257 0.100989 0.112963 0.115203 0.114733 0.093339 0.113470 0.119047 0.107639 0.103812 0.115569 0.115518 0.109843 0.103587 0.115854 0.099498 0.100300 0.118384 0.116214 0.115114 0.116682 0.107752 0.109500 0.114260 0.107401 0.105302 0.102741 0.098501 0.107314 0.113195 0.110781 0.110195 0.098169 0.113578 0.098045 0.109955 0.121271
0.115770 0.101411 0.105947 0.107001 0.123837 0.120517 0.120069 0.101430 0.124279 0.124194 0.118138 0.115569 0.119769 0.120683 0.114259 0.109721 0.120747 0.105484 0.105623 0.124390 0.123646 0.122725 0.121235 0.112193 0.114611 0.118862 0.112536 0.110576 0.107869 0.104497 0.113218 0.121680 0.115929 0.115896 0.108946 0.122207 0.108763 0.115085 0.126419
0.115717 0.101975 0.106288 0.105710 0.123782 0.116683 0.116394 0.101227 0.124222 0.113791 0.118098 0.115518 0.120683 0.096904 0.114633 0.109500 0.117636 0.105654 0.101779 0.122626 0.123616 0.122306 0.120397 0.112658 0.109087 0.119330 0.109775 0.106734 0.101243 0.102786 0.111247 0.121739 0.105382 0.113733 0.108888 0.122042 0.108702 0.108525 0.116015
0.110044 0.095668 0.100221 0.101202 0.118111 0.114569 0.114130 0.095695 0.118553 0.118137 0.112413 0.109843 0.114259 0.114633 0.105644 0.103983 0.114715 0.099770 0.099677 0.118572 0.117921 0.116979 0.113907 0.106227 0.108528 0.113132 0.106637 0.104624 0.101802 0.098679 0.107384 0.115961 0.109872 0.110045 0.103220 0.116475 0.103037 0.109019 0.120361
0.103785 0.091038 0.095367 0.094817 0.111850 0.109153 0.108679 0.089197 0.112287 0.113032 0.106176 0.103587 0.109721 0.109500 0.103983 0.087909 0.109899 0.093614 0.094248 0.112282 0.111408 0.110359 0.110785 0.101892 0.103492 0.108389 0.101380 0.099258 0.096729 0.092395 0.101211 0.109916 0.104766 0.104067 0.096952 0.110039 0.096765 0.103943 0.115256
0.116054 0.102030 0.106428 0.106505 0.124120 0.118349 0.117996 0.101620 0.124560 0.121079 0.118430 0.115854 0.120747 0.117636 0.114715 0.109899 0.101825 0.105902 0.103465 0.123679 0.123945 0.122779 0.120925 0.112416 0.111382 0.119421 0.110849 0.108338 0.104679 0.103786 0.112334 0.122034 0.112816 0.114827 0.109227 0.122422 0.109042 0.111898 0.123303
0.099699 0.086812 0.091170 0.091469 0.107766 0.105385 0.104924 0.085347 0.108207 0.109176 0.102071 0.099498 0.105484 0.105654 0.099770 0.093614 0.105902 0.085865 0.090486 0.108886 0.107192 0.106754 0.106644 0.097674 0.099617 0.104171 0.097498 0.095467 0.092863 0.088996 0.097765 0.105690 0.100911 0.100536 0.092874 0.106124 0.092690 0.100077 0.111400
0.100498 0.086912 0.091194 0.090215 0.108563 0.100335 0.100076 0.085975 0.109002 0.105342 0.102883 0.100300 0.105623 0.101779 0.099677 0.094248 0.103465 0.090486 0.084102 0.107189 0.108404 0.107010 0.105811 0.097648 0.095920 0.104255 0.094446 0.090931 0.089085 0.087273 0.095543 0.106545 0.097075 0.097921 0.093668 0.106799 0.093481 0.096286 0.107566
0.118580 0.105692 0.109989 0.107157 0.126643 0.122140 0.121642 0.103881 0.127079 0.126246 0.120980 0.118384 0.124390 0.122626 0.118572 0.112282 0.123679 0.108886 0.107189 0.114769 0.126534 0.124650 0.125122 0.116504 0.116843 0.123036 0.114910 0.112359 0.110034 0.101289 0.110917 0.124751 0.117978 0.116420 0.111743 0.124748 0.111555 0.117245 0.128471
0.116414 0.104974 0.109330 0.109131 0.124479 0.123307 0.122838 0.101960 0.124916 0.127144 0.118805 0.116214 0.123646 0.123616 0.117921 0.111408 0.123945 0.107192 0.108404 0.126534 0.120280 0.123598 0.124762 0.115829 0.117596 0.122334 0.115493 0.113403 0.110838 0.106650 0.115456 0.122665 0.118879 0.118319 0.109581 0.122746 0.109395 0.118052 0.129369
0.115301 0.104046 0.108382 0.107283 0.123360 0.121920 0.121440 0.100058 0.123786 0.125844 0.117750 0.115114 0.122725 0.122306 0.116979 0.110359 0.122779 0.106754 0.107010 0.124650 0.123598 0.113013 0.123748 0.114892 0.116316 0.121400 0.114234 0.112043 0.109550 0.104775 0.113646 0.121836 0.117579 0.116687 0.108445 0.121047 0.108248 0.116762 0.128069
0.116882 0.102623 0.107126 0.107816 0.124949 0.120703 0.120293 0.102508 0.125390 0.123870 0.119253 0.116682 0.121235 0.120397 0.113907 0.110785 0.120925 0.106644 0.105811 0.125122 0.124762 0.123748 0.104694 0.113209 0.114189 0.120064 0.112950 0.110747 0.107492 0.105230 0.113876 0.122817 0.115607 0.116496 0.110057 0.123294 0.109873 0.114722 0.126095
0.107953 0.093503 0.098088 0.099128 0.116020 0.112541 0.112098 0.093605 0.116462 0.116165 0.110322 0.107752 0.112193 0.112658 0.106227 0.101892 0.112416 0.097674 0.097648 0.116504 0.115829 0.114892 0.113209 0.102362 0.106572 0.110985 0.104575 0.102596 0.099836 0.096611 0.105321 0.113869 0.107901 0.107985 0.101129 0.114385 0.100945 0.107052 0.118390
0.109699 0.095904 0.100226 0.099782 0.117765 0.110804 0.110505 0.095221 0.118204 0.112456 0.112080 0.109500 0.114611 0.109087 0.108528 0.103492 0.111382 0.099617 0.095920 0.116843 0.117596 0.116316 0.114189 0.106572 0.101935 0.113263 0.103763 0.100792 0.095954 0.096954 0.105412 0.115712 0.104196 0.107818 0.102871 0.116033 0.102685 0.103200 0.114680
0.114461 0.100032 0.104366 0.105648 0.122528 0.119148 0.118699 0.100113 0.122970 0.122842 0.116830 0.114260 0.118862 0.119330 0.113132 0.108389 0.119421 0.104171 0.104255 0.123036 0.122334 0.121400 0.120064 0.110985 0.113263 0.116982 0.111120 0.109203 0.106519 0.103144 0.111862 0.120377 0.114578 0.114533 0.107637 0.120892 0.107453 0.113734 0.125067
0.107600 0.093806 0.097994 0.097747 0.115666 0.109297 0.108898 0.093128 0.116106 0.113284 0.109980 0.107401 0.112536 0.109775 0.106637 0.101380 0.110849 0.097498 0.094446 0.114910 0.115493 0.114234 0.112950 0.104575 0.103763 0.111120 0.094893 0.099054 0.096969 0.095006 0.103511 0.113609 0.105019 0.105877 0.100772 0.113939 0.100587 0.104175 0.115509
0.105500 0.091863 0.096138 0.095319 0.113566 0.105739 0.105414 0.090990 0.114005 0.110262 0.107884 0.105302 0.110576 0.106734 0.104624 0.099258 0.108338 0.095467 0.090931 0.112359 0.113403 0.112043 0.110747 0.102596 0.100792 0.109203 0.099054 0.094548 0.093972 0.092450 0.100845 0.111538 0.101996 0.103111 0.098671 0.111811 0.098485 0.101174 0.112487
0.102940 0.089162 0.093479 0.092995 0.111006 0.103972 0.103678 0.088459 0.111446 0.104481 0.105321 0.102741 0.107869 0.101243 0.101802 0.096729 0.104679 0.092863 0.089085 0.110034 0.110838 0.109550 0.107492 0.099836 0.095954 0.106519 0.096969 0.093972 0.086741 0.090151 0.098606 0.108956 0.096243 0.101017 0.096112 0.109272 0.095926 0.095529 0.106705
0.098696 0.085800 0.090096 0.087254 0.106760 0.102227 0.101726 0.084001 0.107196 0.106384 0.101096 0.098501 0.104497 0.102786 0.098679 0.092395 0.103786 0.088996 0.087273 0.101289 0.106650 0.104775 0.105230 0.096611 0.096954 0.103144 0.095006 0.092450 0.090151 0.079830 0.090414 0.104866 0.098117 0.096466 0.091860 0.104867 0.091671 0.097361 0.108609
0.107510 0.094519 0.098812 0.096189 0.115575 0.110581 0.110095 0.092840 0.116011 0.114842 0.109908 0.107314 0.113218 0.111247 0.107384 0.101211 0.112334 0.097765 0.095543 0.110917 0.115456 0.113646 0.113876 0.105321 0.105412 0.111862 0.103511 0.100845 0.098606 0.090414 0.084353 0.113662 0.106575 0.105123 0.100675 0.113700 0.100487 0.105815 0.117067
0.113410 0.103014 0.107380 0.107353 0.121490 0.121446 0.120980 0.100154 0.121955 0.125264 0.115659 0.113195 0.121680 0.121739 0.115961 0.109916 0.122034 0.105690 0.106545 0.124751 0.122665 0.121836 0.122817 0.113869 0.115712 0.120377 0.113609 0.111538 0.108956 0.104866 0.113662 0.114829 0.116999 0.116504 0.106633 0.120672 0.106468 0.116170 0.127489
0.110980 0.097222 0.101537 0.101002 0.119046 0.111971 0.111679 0.096494 0.119485 0.108361 0.113361 0.110781 0.115929 0.105382 0.109872 0.104766 0.112816 0.100911 0.097075 0.117978 0.118879 0.117579 0.115607 0.107901 0.104196 0.114578 0.105019 0.101996 0.096243 0.098117 0.106575 0.116999 0.098417 0.109022 0.104151 0.117308 0.103966 0.103546 0.110585
0.110391 0.097192 0.101477 0.099255 0.118456 0.112841 0.112282 0.095780 0.118893 0.117289 0.112784 0.110195 0.115896 0.113733 0.110045 0.104067 0.114827 0.100536 0.097921 0.116420 0.118319 0.116687 0.116496 0.107985 0.107818 0.114533 0.105877 0.103111 0.101017 0.096466 0.105123 0.116504 0.109022 0.103979 0.103558 0.116627 0.103371 0.108224 0.119513
0.097898 0.090276 0.094634 0.094349 0.105773 0.108571 0.108101 0.086669 0.105416 0.112417 0.101248 0.098169 0.108946 0.108888 0.103220 0.096952 0.109227 0.092874 0.093668 0.111743 0.109581 0.108445 0.110057 0.101129 0.102871 0.107637 0.100772 0.098671 0.096112 0.091860 0.100675 0.106633 0.104151 0.103558 0.088633 0.106860 0.090204 0.103325 0.114641
0.113749 0.103534 0.107885 0.107358 0.121800 0.121704 0.121231 0.099256 0.122208 0.125574 0.116280 0.113578 0.122207 0.122042 0.116475 0.110039 0.122422 0.106124 0.106799 0.124748 0.122746 0.121047 0.123294 0.114385 0.116033 0.120892 0.113939 0.111811 0.109272 0.104867 0.113700 0.120672 0.117308 0.116627 0.106860 0.110340 0.106647 0.116485 0.127798
0.097850 0.090093 0.094450 0.094160 0.105773 0.108385 0.107915 0.086472 0.105779 0.112231 0.101113 0.098045 0.108763 0.108702 0.103037 0.096765 0.109042 0.092690 0.093481 0.111555 0.109395 0.108248 0.109873 0.100945 0.102685 0.107453 0.100587 0.098485 0.095926 0.091671 0.100487 0.106468 0.103966 0.103371 0.090204 0.106647 0.088851 0.103140 0.114456
0.110154 0.096377 0.100694 0.100206 0.118220 0.111173 0.110879 0.095672 0.118659 0.111804 0.112535 0.109955 0.115085 0.108525 0.109019 0.103943 0.111898 0.100077 0.096286 0.117245 0.118052 0.116762 0.114722 0.107052 0.103200 0.113734 0.104175 0.101174 0.095529 0.097361 0.105815 0.116170 0.103546 0.108224 0.103325 0.116485 0.103140 0.100657 0.114029
0.121470 0.107711 0.112026 0.111493 0.129536 0.122462 0.122170 0.106984 0.129975 0.106487 0.123851 0.121271 0.126419 0.116015 0.120361 0.115256 0.123303 0.111400 0.107566 0.128471 0.129369 0.128069 0.126095 0.118390 0.114680 0.125067 0.115509 0.112487 0.106705 0.108609 0.117067 0.127489 0.110585 0.119513 0.114641 0.127798 0.114456 0.114029 0.093098
