-3.360189 -11.796005 -17.101498 -7.947178 -2.881838 -5.998062 -6.064075 -4.523017 -4.136425 -3.055065 -7.207686 -5.035714 -10.861767 -1.828876 -6.459177 -8.416329 -4.679809 -10.244289 -10.436559 -14.075841 -7.894835 -9.122508 -11.345734 -5.997440 -7.378366 -4.735089 -7.973800 -6.910704 -6.220234 -14.615547 -4.284319 -1.818394 -4.098897 -10.138813 -14.341897 -4.114484 -5.088190 -13.478311 -12.090042 -11.079312 -5.484277 -7.023656 
-3.113496 -5.121111 -10.280954 -7.947178 -4.359302 -7.090528 -6.064075 -4.523017 -4.136425 -8.993162 -10.361818 -4.355239 -5.361212 -5.734689 -9.937245 -7.571986 -5.596208 -11.326921 -12.411946 -2.331128 -15.145664 -11.711341 -12.149779 -10.499453 -7.830857 -4.735089 -6.266917 -6.911839 -5.081993 -4.860568 -5.205740 -4.674664 -6.996418 -14.817572 -5.834358 -13.861242 -18.644715 -11.188145 -5.086919 -10.331640 -8.891568 -10.134320 -7.190749 -3.860813 -8.115890 
-2.237246 -11.772830 -12.007793 -8.736706 -13.060514 -7.071672 -7.033075 -4.523017 -4.136425 -6.030827 -12.192489 -7.237917 -4.524881 -20.942422 -8.275000 -7.571986 -5.211030 -4.021139 -9.731174 -13.519101 -13.221075 -2.899279 -12.139100 -7.572564 -9.562338 -5.255830 -6.618622 -6.911839 -8.856701 -3.411765 -13.609387 -11.093459 -5.772119 -11.414713 -14.266333 -15.082899 -9.341654 
-11.440226 -6.847736 -12.430014 -7.572085 -11.495009 -6.881244 -7.033075 -4.523017 -4.136425 -13.182934 -1.715672 -6.763092 -10.042937 -20.018816 -8.275000 -8.725819 -8.587922 -3.569505 -3.814543 -10.130248 -12.648297 -3.673958 -8.036778 -7.618684 -9.562338 -5.255830 -6.771827 -7.005725 -10.319492 -5.528173 -6.435825 -10.983291 -4.434695 -8.052655 -10.252890 -7.716450 -6.513715 -9.358496 -13.532025 
-5.328209 -5.204652 -12.016312 -7.372261 -5.714641 -8.142407 -7.033075 -4.523017 -4.136425 -4.288468 -15.055683 -7.634787 -3.896421 -20.221340 -4.806927 -9.374211 -9.333903 -12.566132 -2.574072 -6.012467 -10.197342 -3.467901 -8.340747 -7.116847 -9.562338 -12.406242 -6.982650 -10.144333 -11.537753 -7.677867 -4.383913 -10.983291 -11.206585 -3.007307 -5.110696 -8.218772 -9.128334 -6.011773 -5.667140 -8.432014 -5.165640 
-2.637912 -6.151607 -12.109368 -7.704348 -5.180182 -7.642025 -7.033075 -12.265783 -4.136425 -1.388667 -5.143038 -11.796126 -3.896421 -20.086941 -4.806927 -8.703055 -5.313111 -7.914870 -2.176191 -6.009077 -6.839841 -14.367813 -8.340747 -12.131240 -9.608759 -11.648584 -5.573751 -4.555116 -11.537753 -12.331488 -5.307758 -10.360707 -15.088238 -11.643759 -3.853851 -7.678653 -7.909615 -6.648658 -10.362313 -6.764436 -4.417313 -10.240022 -6.941662 -2.492273 -5.239120 -4.895254 -8.664283 -11.091573 -11.206221 -11.276340 -4.685464 -1.831790 -9.108756 -2.076313 -7.886380 -5.373193 
-5.991046 -7.513508 -11.791553 -7.704348 -4.478491 -7.874094 -7.219971 -9.926950 -4.136425 -3.002747 -19.831712 -9.179716 -3.779543 -17.761607 -4.806927 -8.236129 -3.978194 -8.200415 -6.569241 -14.414606 -10.362172 -7.116438 -8.340747 -5.673223 -4.332785 -7.683671 -5.395111 -4.555116 -11.574355 -3.166365 -8.599678 -10.861062 -9.526903 -12.436913 -15.066889 -9.379898 -10.571010 -6.648658 -14.113454 -6.869585 -4.125452 -14.531370 -3.696875 -7.372881 -9.345642 -9.103913 -12.270984 -7.805094 -10.201630 -7.401141 -7.037324 -7.995114 -8.558580 
-4.404486 -6.944823 -12.504490 -7.704348 -9.280775 -7.874094 -7.219971 -9.532548 -3.841554 -9.075718 -21.954983 -12.102776 -3.779543 -19.481102 -4.806927 -7.860842 -7.364999 -9.239919 -3.546372 -5.080771 -2.763034 -5.038691 -8.203114 -13.993404 -6.844299 -8.766764 -8.307232 -4.555116 -11.644051 -13.511088 -1.369634 -7.607366 -11.786776 -9.715606 -10.493764 -9.379898 -6.993190 -6.648658 -8.952067 -6.970921 -4.726847 -7.705330 -4.316576 -5.102323 -8.273640 -5.044408 -3.610119 -5.684691 -3.721841 -4.309826 -7.676699 -12.277733 -3.143752 -5.720663 -7.512011 -4.171805 -4.799509 -9.695127 -3.324721 -9.954212 -7.536368 
-2.032228 -6.460201 -4.670056 -7.704348 -11.055463 -8.226859 -4.604962 -9.532548 -3.841554 -6.772328 -11.895074 -6.214703 -11.409308 -17.624953 -4.806927 -7.508029 -5.984225 -12.436852 -5.979225 -10.828698 -4.779161 -2.999266 -8.203114 -9.522493 -5.097676 -8.766764 -8.266189 -2.693602 -11.101799 -6.277721 -5.043077 -9.481107 -10.962528 -8.710629 -3.924748 -9.278217 -6.590192 -6.648658 -10.988832 -4.350624 -2.494676 -10.228372 -10.425088 -5.996315 -7.546786 -12.191880 -5.914975 -11.841075 -3.570789 -3.148659 -5.916801 -5.562576 -5.642805 
-2.033509 -6.231575 -6.798309 -7.704348 -5.654893 -2.494676 -10.485866 -21.484073 -3.686623 -8.562187 -9.918510 -5.324398 -4.849878 -13.329937 -4.806927 -8.081709 -6.431640 -12.560687 -6.263117 -10.449433 -10.009719 -6.025660 -8.203114 -9.941175 -11.419546 -6.305591 -7.027239 -14.194774 -7.149738 -3.559367 -1.817070 -7.869270 -4.527965 -6.767039 -3.924748 -10.819707 -2.764330 -2.280911 -15.133075 -4.526427 -12.249077 -4.509557 
-2.131977 -6.376415 -9.117060 -7.704348 -5.165828 -2.494676 -7.244825 -21.265970 -3.686623 -3.924748 -10.317624 -8.442851 -6.662098 -5.811368 -4.806927 -8.251270 -6.431640 -6.721889 -10.008936 -4.143756 -10.022567 -9.677655 -8.497069 -9.791571 -8.350260 -7.565727 -3.837017 -3.898979 -4.551384 -10.883821 -12.057016 -10.934835 -4.878607 -10.416347 -12.456029 -6.023759 -7.930534 -11.944620 -8.123363 
-2.131977 -6.376415 -6.519948 -9.578287 -4.175357 -2.494676 -7.244825 -21.014277 -3.686623 -3.924748 -13.700957 -8.070164 -4.509400 -6.891404 -4.806927 -8.357688 -10.093630 -10.745354 -11.707698 -8.810449 -5.632769 -9.653688 -7.274867 -12.344524 -8.417211 -7.823373 -10.106155 -3.601165 -9.677843 -11.749388 -6.429699 -13.302123 
-8.907003 -6.030753 -14.456199 -10.293276 -5.178051 -2.716136 -7.157650 -9.628875 -3.686623 -3.659505 -9.636635 -7.416829 -13.307309 -14.410273 -4.806927 -8.357688 -6.031774 -9.330982 -6.595307 -14.062020 -8.971219 -9.823782 -7.424018 -6.262677 -8.851683 -10.980680 -11.652611 -5.351636 -9.840572 -12.801846 -5.168287 -11.341244 -12.653200 -7.942216 -3.198146 -7.065278 -3.850722 -7.641543 -5.641389 -2.848174 -10.582871 -6.738788 -10.679412 -10.686174 -4.759131 -4.056489 -9.376847 
-8.191949 -6.030753 -13.158181 -10.557031 -1.571184 -2.716136 -7.157650 -4.356807 -3.686623 -3.659505 -11.744253 -5.928868 -3.750750 -10.280625 -4.806927 -8.075956 -22.345311 -9.513118 -10.054161 -5.641389 -5.341682 -7.942216 -7.424018 -2.415265 -7.412605 -6.738788 -6.517459 -12.578576 -7.995750 -10.555133 -6.615006 -3.396053 -10.999143 -11.583006 -9.458127 -7.605056 -13.975568 -14.022998 -9.748357 -12.248986 -3.473975 -6.726312 -10.366420 
-6.386284 -5.947459 -15.465831 -11.266117 -3.671260 -2.716136 -7.336124 -13.437234 -3.686623 -3.659505 -12.560075 -6.836714 -5.881592 -5.269598 -4.806927 -9.057758 -12.896253 -13.101438 -3.706834 -5.810292 -7.649475 -8.275686 -9.046678 -7.411060 -5.012368 -7.523215 -10.170130 -4.335263 -6.342581 -12.176436 -5.577087 -2.892544 -15.164439 -6.052697 -7.283810 -1.620896 -12.658941 -11.249411 -3.535849 -5.715477 -2.158452 
-9.695475 -7.105497 -6.623980 -3.255966 -11.473792 -2.716136 -7.336124 -10.981790 -3.686623 -3.659505 -5.818178 -6.836714 -5.774922 -5.926045 -4.806927 -9.057758 -11.059174 -3.187065 -3.760894 -3.456997 -5.308102 -8.275686 -9.061082 -1.482189 -7.573522 -8.997372 -9.266157 -8.892912 -15.200732 -11.874461 -6.402483 -8.254212 -1.597257 -11.587437 -5.997226 -14.158062 -7.565008 -4.810089 -4.466855 
-6.352805 -7.105497 -9.210706 -13.946924 -10.632748 -2.329128 -7.001799 -7.868395 -3.686623 -3.659505 -8.133333 -9.123733 -9.929002 -9.189462 -4.806927 -5.040304 -11.593207 -9.420476 -2.471334 -3.098313 -8.142383 -8.275686 -6.922477 -2.248505 -14.884405 -8.997372 -9.544380 -11.233519 -11.217777 -11.748079 -0.946599 -2.792430 -5.106262 -11.101112 -3.575033 -7.590911 -12.197198 -4.294594 -8.760394 -14.447319 -4.811726 -11.533582 -5.862160 -4.698279 
-9.466832 -7.041370 -8.149557 -6.781442 -11.134278 -2.329128 -7.001799 -7.868395 -3.686623 -3.659505 -7.949727 -6.882126 -8.945319 -13.497584 -4.806927 -5.677565 -11.225965 -11.081548 -3.791787 -3.613059 -10.774931 -8.621680 -11.236519 -14.889424 -1.805074 -9.587136 -10.361620 -11.635046 -10.373209 -11.306214 -2.070380 -12.045598 -7.115249 -4.817040 -3.093047 -5.503753 -7.967640 -9.738525 -13.078727 -10.727495 
-9.938521 -7.041370 -7.142880 -6.634623 -3.130120 -2.024680 -7.124998 -9.211796 -3.686623 -4.115626 -13.094780 -8.203544 -12.189780 -3.562986 -4.806927 -7.286122 -12.462631 -3.385238 -3.791787 -5.564307 -11.051983 -7.956317 -8.581672 -5.548322 -2.592767 -10.183551 -9.392817 -7.047242 -6.267708 -12.312316 -12.697536 -11.139897 -8.611022 -4.939533 -10.339547 -14.981738 -12.530397 -8.147047 -3.171543 
-8.090637 -5.893669 -9.913810 -4.695924 -2.782399 -2.733989 -7.124998 -9.211796 -3.686623 -3.556629 -13.675037 -7.138893 -3.328916 -3.562986 -4.724440 -14.374408 -8.917754 -21.045660 -4.464109 -13.480920 -10.602878 -7.443011 -9.401669 -9.358791 -2.970766 -14.992294 -5.027001 -11.986986 -10.382014 -7.622420 -9.846514 -10.345965 -9.358247 -2.911016 -11.449106 -5.798946 -2.443797 
-3.959299 -7.340297 -7.422589 -11.294971 -3.981331 -3.683657 -7.124998 -9.211796 -3.686623 -3.556629 -11.345676 -7.058867 -11.824493 -5.915108 -4.724440 -9.348388 -5.353232 -4.052032 -5.383960 -7.502737 -10.481322 -7.315344 -9.401669 -13.049123 -2.527409 -7.659806 -8.652443 -12.350272 -6.799344 -10.740937 -2.829942 -4.604799 -2.993897 
-2.971025 -6.850380 -5.195357 -3.827679 -4.146554 -7.416461 -6.188862 -9.248111 -3.686623 -3.556629 -11.388053 -7.058867 -13.568576 -10.211429 -4.724440 -10.225897 -13.806145 -4.173588 -6.000314 -8.337533 -11.124284 -7.085084 -7.223216 -6.584703 -1.843696 -7.908456 -3.452414 -10.244061 -7.912249 -4.024573 -9.255754 -8.096126 -8.187632 -8.604802 -10.892730 -6.103180 -9.796513 -8.946766 -10.307903 -13.875797 -5.990837 -6.187161 -6.452710 -3.505592 -13.240494 
-3.891696 -6.850380 -11.775276 -4.695157 -4.146554 -9.939777 -6.188862 -8.327090 -3.686623 -3.556629 -9.012937 -8.807448 -11.208010 -6.438056 -4.724440 -9.000080 -6.530582 -11.515895 -6.853936 -11.345207 -9.646279 -7.085084 -11.930069 -9.374856 -2.363764 -7.824038 -2.787924 -3.461771 -14.056610 -6.187161 -9.738190 -6.012680 
-6.966177 -6.914514 -11.077056 -6.780604 -4.146554 -10.481640 -7.694046 -8.916042 -3.686623 -3.556629 -7.086859 -12.930642 -11.772669 -10.256327 -4.724440 -6.816959 -22.125340 -8.197520 -7.219080 -6.508519 -12.631122 -6.855900 -12.604918 -12.163896 -1.360422 -11.752100 -2.787924 -5.252080 -8.042205 -6.187161 -9.254873 -12.474016 -10.459229 -4.466195 
-5.821802 -3.921204 -10.969125 -6.413649 -4.412231 -12.618092 -6.395124 -8.916042 -3.686623 -12.904418 -7.086859 -3.063927 -10.145227 -7.936874 -4.724440 -10.188696 -20.238215 -12.570838 -5.823098 -10.028357 -11.294212 -6.855900 -3.524952 -5.439863 -12.720376 -12.391596 -7.122154 -4.678784 -7.872888 -10.966459 -10.155035 -5.860881 -13.042324 -12.538858 -6.314600 -12.917304 -9.528156 -5.719242 -12.835676 
-11.361894 -3.725209 -7.694937 -6.105491 -4.412231 -7.475026 -6.131726 -8.916042 -3.686623 -12.042923 -7.292871 -2.435467 -5.860881 -7.872888 -4.724440 -14.371440 -19.567997 -6.462860 -5.286294 -9.154157 -10.718420 -6.855900 -6.758590 -3.883659 -5.602970 -13.558751 -6.614647 -9.492264 
-14.385579 -3.070450 -6.501358 -6.105491 -4.470754 -4.882080 -6.131726 -9.322026 -3.686623 -12.159371 -8.271794 -7.692858 -5.860881 -7.856690 -4.724440 -14.363696 -8.467274 -13.411376 -3.168988 -5.307083 -10.076511 -7.240741 -7.482555 -4.408376 -22.390731 -12.978677 -4.121919 -13.032494 -1.659457 -5.864060 -13.132241 -14.843337 
-5.642013 -3.070450 -7.093216 -15.275753 -4.577028 -3.371190 -6.131726 -9.322026 -3.791619 -11.046163 -6.496476 -7.554965 -5.461208 -8.176016 -4.724440 -9.855073 -5.235101 -2.063908 -4.717902 -6.498605 -14.312917 -8.043442 -7.888149 -12.073685 -21.420089 -10.450260 -10.447016 -12.425433 -4.802543 -7.850856 -11.166892 -3.752408 -7.986308 -8.369282 -11.906105 
-7.504009 -3.525169 -6.393303 -7.845512 -3.937437 -9.504046 -6.131726 -9.322026 -3.791619 -22.698356 -7.667556 -4.705142 -10.942664 -12.195291 -4.724440 -12.261864 -12.359749 -1.362267 -11.525426 -5.775395 -8.130506 -7.088992 -6.903601 -4.103424 -9.675897 -3.997844 
-4.687116 -21.742156 -6.170646 -4.483281 -3.937437 -9.229383 -6.131726 -8.533282 -3.752507 -6.546146 -8.460949 -4.705142 -8.563251 -12.901862 -4.294728 -11.885347 -14.200638 -2.325922 -11.419334 -8.882389 -8.583775 -10.182463 -5.359870 -14.166539 -7.634931 -6.677991 -13.918820 -5.790560 -4.880129 
-14.227723 -20.820555 -5.919709 -4.451748 -3.823552 -10.043235 -6.131726 -8.533282 -3.899695 -15.138763 -8.630500 -5.290903 -8.563251 -11.724201 -4.294728 -10.355294 -9.262459 -1.155867 -11.254186 -5.949266 -9.993472 -10.866430 -5.473474 -14.331570 -7.812029 -10.599972 -13.256641 -9.249746 -10.665236 -11.461290 -3.744795 -7.972949 -5.427305 -11.843313 -13.768012 -4.128970 -11.530213 -7.792651 
-6.817646 -18.371368 -20.367995 -3.972677 -3.823552 -10.944163 -7.563755 -8.533282 -3.899695 -4.438271 -10.775372 -7.591748 -9.159110 -11.982284 -4.294728 -9.788214 -9.992271 -2.970322 -13.108232 -6.643843 -8.069428 -10.427725 -5.687825 -8.869282 -9.249701 -3.043573 -13.698774 -12.923313 -10.330160 -10.293494 -6.096066 -12.224144 -4.366469 -11.416085 -15.147578 -13.923405 -7.410741 -9.635477 -2.053398 -10.869732 -1.968422 -6.178467 -14.813004 -4.747840 -4.149330 -20.158780 -11.950068 -13.571807 
-4.423060 -12.561367 -2.910767 -3.235887 -3.823552 -12.076169 -7.563755 -8.166544 -3.899695 -13.090906 -10.127767 -10.402695 -8.901784 -11.134537 -4.294728 -11.033466 -13.373814 -2.021191 -18.889786 -7.726440 -14.012667 -12.303814 -6.939557 -9.594126 -9.249701 -8.836303 -13.756398 -3.935940 -5.631852 -11.913561 -13.984585 -2.059147 -20.068627 -5.077528 -8.915555 -9.467003 -9.249247 -5.860203 -4.291834 -8.539459 -7.950732 -4.172173 -12.239225 -8.843159 
-5.008731 -12.561367 -2.383166 -2.933390 -3.823552 -12.076169 -6.956869 -8.166544 -3.899695 -8.973078 -9.751270 -11.843100 -8.452769 -9.691600 -4.294728 -10.891723 -1.779078 -2.897827 -7.959049 -2.229318 -10.448096 -6.918041 -9.233597 -2.843955 -9.597428 -7.430986 -14.374246 -5.696376 -6.888237 -10.167043 -11.165559 -1.581327 -12.259775 -3.735745 -6.804923 -7.525234 -6.330796 -12.344622 -11.027806 -8.539459 -3.656510 -11.215368 -3.847631 -9.586612 -9.674716 -5.470627 -5.027594 -12.975620 -13.273330 -3.765037 -8.749472 -5.544729 -8.394164 -6.027457 -9.014738 -8.330059 -4.583105 -17.872918 -7.236628 -10.281514 -13.538974 -9.554371 -10.734616 
-6.209100 -15.125292 -2.798467 -3.848337 -3.823552 -9.780561 -9.104213 -8.166544 -3.899695 -4.452383 -6.133029 -9.241468 -8.028680 -10.020495 -4.294728 -10.379906 -6.788218 -5.669942 -2.582652 -4.090225 -8.869440 -11.262629 -6.736908 -6.668708 -9.597428 -21.292727 -2.119600 -3.975059 -4.216771 -10.747866 -9.446226 -6.778990 -11.899978 -4.345173 -2.654745 -10.135341 -7.977961 -5.470627 -9.423520 -7.031395 
-9.494299 -15.125292 -3.157403 -3.848337 -3.823552 -11.329754 -10.327852 -9.166763 -3.899695 -10.298747 -7.551719 -9.545357 -8.028680 -7.859717 -4.294728 -2.654745 -9.097014 -7.892282 -9.275925 -14.579410 -5.863720 -11.774895 -6.736908 -10.549790 -8.433950 -14.936955 -10.689660 -5.900524 -5.988146 -3.874940 -11.678523 -4.650631 -10.254392 -8.345324 -12.596572 -7.355959 -6.199647 -6.168135 -8.514456 -8.726100 -15.323180 -5.890914 -19.299940 -8.254427 
-8.410272 -13.627015 -2.855310 -5.623571 -3.823552 -9.510743 -4.654326 -12.645251 -3.899695 -8.704983 -11.445484 -8.850059 -8.028680 -9.017665 -4.294728 -2.233057 -9.097014 -8.399542 -9.275925 -8.895486 -7.932482 -9.880938 -6.913759 -7.363211 -2.638739 -8.372290 -11.643527 -5.146894 -5.983608 -1.509039 -8.266332 -6.596249 -4.401461 
-3.823242 -13.274662 -2.469550 -4.324317 -3.823552 -10.578068 -5.005576 -14.394790 -12.935779 -8.930715 -9.999254 -12.457086 -8.356761 -8.505991 -4.294728 -1.177516 -9.097014 -8.607029 -9.275925 -3.802758 -7.932482 -9.213627 -6.913759 -11.458806 -11.909283 -11.372595 -5.685251 -9.432223 -5.983608 -7.519935 -10.786634 -5.810692 -7.846441 -3.700598 -8.880649 -13.194389 -9.628084 
-5.386503 -11.272628 -3.477926 -11.927324 -3.823552 -10.652421 -5.283571 -10.417699 -6.877816 -12.346664 -8.607112 -12.000654 -8.767023 -8.431789 -4.294728 -1.177516 -8.706733 -7.915936 -11.021941 -3.802758 -7.834891 -5.016110 -6.359832 -8.927263 -4.153548 -12.131510 -6.374801 -4.836566 -3.763607 -11.577021 -13.383834 -9.461820 -7.780335 -8.301915 -12.011956 -10.646338 -10.672260 -3.882681 -3.270431 -6.285704 -10.299536 -5.946862 -10.066797 -9.700883 -13.985278 -6.482010 -2.238702 -11.418358 -5.534367 
-3.727791 -12.232765 -3.432087 -13.009223 -3.458645 -10.102958 -11.398170 -13.787482 -9.299810 -6.230857 -5.544497 -10.760927 -4.033982 -8.575556 -4.294728 -2.183001 -8.706733 -8.745178 -13.747205 -3.802758 -6.541049 -4.196049 -8.912920 -3.863389 -8.806692 -16.571115 -6.374801 -5.083553 -3.914199 -9.745371 -6.966799 -11.920472 -14.848359 -9.106594 -9.027501 -12.717912 -10.153113 -6.861863 -12.570878 -7.425286 -10.755435 -8.649697 -11.756398 -6.317784 -14.086362 -6.185596 -10.223744 -5.902143 -3.984596 
-4.542764 -10.393963 -3.350550 -4.033283 -3.795529 -10.813272 -11.730446 -14.236258 -8.010889 -4.174369 -5.110213 -3.979774 -10.523469 -8.559555 -4.294728 -2.328602 -9.041435 -10.716801 -11.159532 -3.802758 -10.162358 -1.907351 -8.686697 -10.393101 -7.906659 -14.611104 -6.374801 -9.783294 -9.915998 -11.456213 -3.481047 -14.015625 -7.204698 -9.106594 -8.093981 -11.370070 -4.174586 -5.786313 -14.083541 -14.777911 -9.463039 -2.642521 -16.206322 -2.854836 -5.093814 -4.708612 -3.585479 -13.086552 -10.818111 -3.518984 -11.103453 -12.236368 -11.997692 
-5.145102 -10.393963 -3.350550 -11.895846 -3.795529 -9.578039 -9.234087 -3.859694 -3.505054 -3.896533 -12.933949 -7.468460 -9.204233 -8.690938 -4.294728 -8.590382 -1.857547 -4.905276 -11.346603 -3.802758 -8.872732 -13.168047 -12.745093 -11.501786 -7.906659 -14.611104 -6.976832 -6.591827 -12.922180 -11.796686 -8.977051 -6.385945 -12.169528 -7.941455 -5.943376 -10.334822 -6.514469 -4.787753 -2.921663 -14.223788 -6.868311 -5.532197 -9.164155 -11.887543 -7.743344 -14.339563 -3.675882 -5.894412 -9.684227 -15.061718 -7.773306 -12.111807 -4.226723 -2.625549 -4.924762 -6.333609 -3.698958 -2.795841 -8.351847 -4.521426 -4.878607 -3.670856 
-11.367800 -9.180287 -4.361479 -11.433115 -3.795529 -10.538418 -6.624167 -13.427699 -6.897943 -6.492166 -8.178935 -3.754386 -8.441234 -7.829125 -4.294728 -3.438328 -3.398147 -3.133339 -12.054372 -3.802758 -8.872732 -5.396272 -4.017423 -3.704265 -7.906659 -14.611104 -6.740671 -9.868499 -9.781627 -6.190813 -11.970075 -5.839325 -7.727407 -7.941455 -5.049507 -10.334822 -4.733543 -13.719023 -3.927377 -10.618039 -4.938092 -6.797895 -9.164155 -4.306826 -3.178532 -12.298053 -7.558558 -13.600275 -10.448837 -3.816498 -5.969414 -11.809103 -12.812379 -8.323092 -12.797383 -8.475682 -1.814633 
-9.883426 -7.440186 -3.891603 -22.318343 -3.795529 -14.330707 -11.793754 -8.314114 -8.708510 -10.960617 -9.674935 -4.286203 -19.680006 -11.471761 -4.294728 -20.071252 -8.971883 -7.289241 -12.229054 -3.802758 -8.724414 -6.250675 -9.404392 -2.387703 -7.674107 -16.385084 -6.740671 -8.482890 -8.327206 -6.190813 -7.021849 -4.885547 -12.334380 -9.670576 -2.324914 -11.261628 -8.144433 -11.433273 -9.096844 -10.843713 -19.009215 -6.090498 -11.607678 -1.798271 -3.752408 -6.967778 -11.799145 -14.784559 
-10.093481 -5.617945 -6.176265 -2.399373 -3.795529 -11.783143 -12.057192 -3.921262 -8.708510 -2.947643 -9.341128 -3.845971 -10.092279 -12.205641 -4.294728 -19.916563 -8.986030 -11.771512 -12.207905 -3.802758 -9.000131 -7.182820 -9.598440 -9.492713 -9.865441 -17.738659 -6.740671 -7.429447 -11.600812 -11.975222 -7.324872 -14.362885 -10.610051 -6.010480 -15.148259 -9.652884 -8.033196 -9.242591 -5.157510 -18.412307 -10.362247 -11.510894 -10.056831 -7.312006 -4.669730 -3.296527 -8.212873 -9.618256 -4.577872 -5.628803 -9.098395 -6.807593 -8.045921 -7.794984 -2.787359 -14.796425 -8.673280 -13.600274 -4.517873 -4.093264 -12.568692 -9.123737 -12.292708 -3.925994 -9.764625 
-10.093481 -9.119014 -14.658279 -8.257315 -3.795529 -6.153345 -3.156311 -9.102934 -8.344149 -10.170323 -9.911546 -3.782461 -12.190172 -11.878737 -3.878589 -10.612825 -9.464092 -7.127000 -8.316710 -3.802758 -12.615743 -7.189660 -8.879173 -2.642011 -6.500962 -5.774951 -7.295016 -11.108103 -12.046343 -6.480273 -8.169349 -12.709895 -10.202322 -6.598888 -12.782715 -9.216518 -8.417606 -14.793097 -3.755647 -8.330664 -8.014526 -12.183523 -3.337649 -8.080517 -2.519074 -3.291614 -12.666465 -5.722719 -5.467235 -12.326385 -9.387989 -11.454239 -14.823693 -11.510451 -11.810604 -14.401256 -10.758842 -7.005613 -14.501192 -14.825796 -10.889308 -14.836734 -13.315536 -9.697876 -6.388133 
-9.954908 -8.742809 -4.324767 -3.653981 -3.593176 -7.651442 -15.306323 -9.102934 -7.119584 -12.666465 -9.911546 -5.969197 -9.869015 -12.563156 -4.148657 -10.300848 -9.464092 -9.341789 -5.396587 -3.802758 -3.297646 -7.156056 -9.468819 -1.965579 -2.268101 -4.807537 -6.989787 -6.375784 -12.176549 -10.267668 -7.640074 -13.383873 -8.596680 -10.995626 -12.263769 -10.170114 -8.417606 -4.244185 -4.096591 -10.226693 -14.409502 -1.917549 -3.337649 -8.573415 -11.580652 -5.424643 -3.823688 -11.134138 -10.411041 
-9.813975 -7.608896 -4.699137 -5.979565 -3.593176 -8.164078 -17.800273 -9.583419 -8.598576 -12.401062 -9.133347 -8.843586 -7.969335 -10.920010 -4.148657 -5.970840 -10.795791 -8.310895 -5.503337 -3.802758 -4.393822 -6.860254 -9.707455 -1.905140 -3.198652 -10.300916 -6.989787 -6.375784 -6.691980 -3.752221 -4.818952 -11.657586 -5.991852 -3.645934 -11.834301 -10.670700 -12.895887 -13.329015 
-9.041753 -6.341169 -3.615547 -7.652318 -3.593176 -8.370124 -12.487485 -3.364032 -8.598576 -12.472261 -8.188952 -11.006783 -8.444405 -12.148897 -4.148657 -11.870808 -4.770731 -8.878293 -5.647685 -3.802758 -6.752488 -6.666711 -8.759028 -1.710578 -11.093722 -11.162893 -6.989787 -12.345007 -6.691980 -10.760815 -4.623215 -10.403717 -8.021483 -11.827598 
-9.237659 -7.842050 -6.451481 -7.224957 -3.621774 -7.868600 -7.055237 -6.424865 -8.471797 -12.472261 -12.998770 -9.695283 -12.322808 -10.513043 -4.148657 -13.734171 -3.876557 -10.054298 -6.799222 -3.802758 -22.338139 -6.534255 -10.068760 -1.579548 -11.911553 -11.243162 -6.989787 -3.531803 -7.602391 -12.144403 -4.655158 -9.493537 
-8.838092 -7.842050 -7.474629 -5.286960 -3.698073 -14.889762 -9.413481 -13.215960 -8.471797 -3.993592 -3.157429 -18.316594 -15.457246 -9.251230 -4.148657 -12.191887 -10.659409 -9.024492 -4.281751 -3.802758 -9.815449 -4.278213 -8.523661 -2.056177 -6.148543 -11.998835 -6.989787 -5.588653 -10.620326 -8.092638 -5.159470 -3.810826 -10.708858 -3.616914 -12.618879 -8.618009 -13.045544 -10.666226 -12.204043 -6.039781 -8.068233 -10.413448 -3.227037 -11.288363 -8.741025 
-8.734321 -21.985430 -12.438824 -16.819392 -3.796665 -7.145699 -11.202519 -10.404831 -9.188898 -7.432512 -9.380540 -11.173478 -4.820317 -8.628224 -4.148657 -10.277921 -8.120063 -7.844516 -4.568833 -3.802758 -9.056186 -2.535257 -8.180148 -8.925467 -14.173884 -3.930036 -5.819879 -3.756893 -5.811878 -6.971949 -12.967305 -7.538220 -6.200144 -12.866297 -9.663874 -4.080549 -7.051811 -7.222176 -4.570907 -6.751795 -11.463012 -0.964433 -9.063942 -8.509599 -4.433059 
-14.473023 -13.491755 -8.838437 -16.819392 -3.796665 -7.095001 -10.925555 -14.448422 -8.579505 -7.739148 -6.794880 -2.914658 -5.773702 -8.626021 -4.148657 -12.619134 -8.959366 -13.371425 -4.749938 -3.802758 -8.934527 -0.898509 -11.244352 -6.834553 -13.487378 -9.268612 -9.289990 -5.585809 -5.456437 -6.585229 -14.411403 -4.277312 -7.556136 -8.609003 -8.002762 -12.481529 -11.398958 -10.497489 -13.823713 
-5.153613 -11.772113 -9.175715 -16.819392 -6.298249 -9.124434 -11.101836 -9.387346 -7.669624 -15.163473 -6.337886 -4.040384 -5.773702 -8.867474 -4.148657 -8.727416 -8.959366 -5.464159 -11.929079 -3.802758 -12.565464 -3.880821 -12.676913 -6.834553 -14.523693 -8.896339 -8.066549 -6.059677 -4.206331 -5.694070 -10.644616 -7.173949 -10.008212 -9.124653 -11.788507 -12.294434 -6.291714 -11.630978 -8.253626 -6.144541 -9.353761 -15.319925 -6.770417 -4.633417 -11.739035 -1.460783 -14.719718 -7.551431 -8.336903 -14.990251 
-15.093808 -14.948951 -9.244658 -13.097425 -3.665201 -11.923172 -2.937983 -7.525557 -8.449516 -7.305141 -6.000030 -20.743678 -6.560092 -8.274897 -4.081463 -8.052873 -4.564647 -4.039810 -8.189824 -3.802758 -12.468985 -3.880821 -5.316830 -3.465670 -5.090240 -8.896339 -8.066549 -15.059731 -4.539318 -7.295881 -7.637139 -12.223625 -2.632943 -10.857422 -7.221458 -21.231463 
-7.093222 -10.700314 -9.893207 -2.458616 -7.283308 -12.472981 -3.130702 -7.149936 -2.468465 -11.325113 -6.540824 -8.828480 -6.706606 -10.487299 -4.081463 -14.948401 -13.203982 -5.052821 -7.709081 -3.802758 -4.189955 -4.050837 -15.293501 -5.205659 -9.381042 -8.896339 -6.324815 -15.059731 -6.178805 -6.992517 -5.601921 -12.227354 -11.271954 -20.010501 -8.303564 
-9.680477 -9.674721 -11.419594 -8.573807 -1.952265 -7.764889 -3.130702 -6.038094 -9.221856 -3.894069 -6.355319 -5.012809 -6.084952 -10.355547 -4.081463 -4.089539 -9.532730 -9.227175 -7.709081 -3.802758 -2.364902 -4.050837 -11.423195 -5.065927 -10.247994 -12.988529 -14.738818 -7.925919 -17.110262 -10.891285 -9.964200 -6.089928 -10.407941 -4.992645 -10.871305 -5.986474 -6.351014 -10.432427 -8.872779 -4.173296 
-3.754884 -12.362820 -12.005818 -1.123628 -2.948776 -5.710953 -2.002994 -6.142304 -9.946794 -9.145504 -7.153115 -5.006609 -5.898265 -10.304870 -4.081463 -10.861118 -9.001617 -11.104920 -7.709081 -3.802758 -2.364902 -3.971119 -4.360246 -8.158041 -6.601898 -11.066129 -0.774332 -12.443951 -17.110262 -7.623685 -4.529685 -14.927799 -1.897690 -10.465709 -9.517628 -6.548110 -14.398607 -6.734824 -20.715080 -19.737716 -7.541717 
-3.967650 -11.723486 -9.386184 -8.132989 -5.497459 -14.806577 -19.686253 -6.142304 -11.825855 -12.508456 -4.092493 -4.099719 -6.540247 -11.568873 -4.081463 -9.361908 -4.740258 -11.889789 -9.272742 -3.802758 -2.892832 -3.992038 -4.431879 -3.826411 -6.354849 -1.747848 -5.655791 -12.876505 -18.291189 -13.210445 -12.254339 -5.442666 -5.348919 -6.511898 -11.112914 -7.801096 -6.267558 -4.607013 -6.402541 -11.274309 -4.894236 -3.343183 -8.998829 
-3.478602 -10.954448 -9.847111 -8.548825 -11.515952 -14.556756 -10.671823 -6.209312 -9.542604 -10.056521 -2.939926 -3.313479 -5.886139 -3.726031 -4.081463 -9.361908 -9.416518 -12.237146 -9.272742 -3.802758 -2.114156 -3.490312 -4.825187 -9.229743 -12.764912 -3.669166 -12.005598 -4.849155 -2.603853 -12.447010 -7.189536 -9.506340 -3.014421 -5.468464 -2.961960 -9.184937 -10.829066 -10.879939 -9.787531 -15.565317 -4.120266 -4.938250 -4.617380 -10.134980 -18.209083 -3.448666 -12.943895 
-3.192923 -5.368093 -9.424360 -11.149308 -9.898843 -15.859101 -11.982811 -8.741540 -11.877690 -9.923700 -13.397176 -5.632306 -5.886139 -16.312075 -4.255621 -8.956638 -10.433056 -14.528142 -9.272742 -3.802758 -1.998456 -3.490312 -5.377801 -12.143959 -9.640634 -9.154318 -2.577973 -6.004941 -12.579703 -13.651708 -7.736956 -10.387460 -7.284105 -3.703031 -3.656533 -0.845458 -6.358410 -5.578021 -4.021650 -12.833162 -11.197976 -9.946176 -6.594577 -8.734922 -5.299906 -2.920163 -2.664876 
-3.158489 -9.581906 -9.734930 -10.732380 -14.897803 -15.859101 -3.462420 -14.561984 -8.504317 -7.700858 -10.650407 -4.550412 -5.886139 -19.805003 -4.255621 -7.738663 -9.767160 -7.187910 -9.272742 -3.802758 -8.683586 -3.490312 -6.304289 -9.968279 -3.258761 -2.135447 -6.484662 -6.016374 -10.033081 -3.474902 -7.173544 -9.357981 -3.222764 -6.270175 -12.833162 -11.955212 -7.364817 -3.569903 -10.716317 -9.985010 -7.965782 -12.135642 -9.703671 -3.116199 -9.320651 -5.014995 -9.935480 
-4.902748 -10.288152 -11.316498 -10.377078 -5.815721 -16.747678 -7.262680 -5.240321 -5.237761 -7.881927 -11.553805 -10.136393 -5.886139 -11.244577 -4.255621 -8.847654 -9.426525 -5.178614 -7.682944 -3.802758 -10.230766 -14.931002 -5.899153 -7.613705 -3.791214 -10.578709 -5.510324 -11.859328 -5.319226 -4.409841 -7.129438 -10.342232 -3.426098 -7.667994 -5.023907 -9.073466 -12.977297 -6.288131 
-4.985364 -5.584313 -3.315642 -12.379271 -7.866125 -16.747678 -8.238251 -12.323411 -12.528785 -5.670269 -12.393139 -3.894662 -5.886139 -10.231842 -4.255621 -8.847654 -11.249222 -11.142478 -7.788691 -3.802758 -10.659446 -5.785627 -4.671509 -1.032671 -1.794135 -7.354983 -8.527492 -22.812095 -11.562118 -13.668827 -7.129438 -9.182863 -3.881547 -5.358460 -3.329382 -10.876024 -4.724861 -11.754956 -7.855948 -9.907427 -7.878799 -10.067317 -6.687574 -3.927039 -2.868731 -6.740096 -7.571695 -13.323339 -4.052305 -7.354002 
-4.604250 -4.735633 -8.828010 -8.579491 -9.570449 -17.048563 -7.940980 -3.931349 -12.298792 -7.470433 -9.574392 -13.415616 -6.411035 -5.174634 -4.255621 -8.395733 -12.184733 -12.078904 -7.788691 -3.802758 -14.105877 -9.775570 -9.030599 -3.867556 -2.883710 -6.514492 -7.791651 -9.307217 -11.574712 -6.339381 -7.129438 -4.471945 -3.881547 -10.812840 -9.803526 -2.868731 -10.044997 -6.721110 -6.345493 -6.929516 -10.276602 -5.453032 -22.657048 -13.418931 -6.282053 -7.334174 -12.022817 -21.669242 -9.537462 -3.483213 
-5.290987 -5.109640 -3.429263 -13.744305 -6.013640 -15.080835 -4.674168 -7.522232 -10.999600 -6.122991 -9.743924 -4.456796 -6.411035 -13.233446 -4.255621 -11.285604 -9.631960 -4.186667 -7.788691 -3.802758 -11.729943 -9.775570 -12.088136 -6.948288 -1.868427 -12.872257 -9.555978 -9.095924 -4.548284 -14.112181 -7.129438 -6.226107 -3.881547 -11.721438 -4.206577 -2.868731 -6.300820 -4.088458 -4.563367 -13.015811 -14.583513 -9.172905 -6.945952 -1.956612 -12.113007 -10.392092 -8.139912 -13.163867 -5.312672 -4.777235 -2.257060 -9.727956 -4.565919 -16.763626 -13.322547 -1.610671 -10.857557 
-12.660191 -9.808013 -5.247774 -10.024237 -12.000186 -10.621012 -5.312672 -14.156524 -14.201110 -7.661749 -10.361255 -11.850197 -5.614710 -6.738527 -4.255621 -11.447324 -12.034201 -2.393731 -8.986805 -3.802758 -3.871172 -14.864093 -3.807217 -6.652599 -11.169918 -10.486400 -9.615324 -9.095924 -3.433622 -10.191270 -7.129438 -11.819369 -3.881547 -11.669318 -1.133912 -2.868731 -6.471076 -5.705354 -8.574273 -4.512100 -4.906337 -16.763626 -4.928449 -4.547507 -10.901276 -8.409249 
-11.501557 -9.719345 -4.061012 -13.495694 -14.811803 -8.450526 -5.407126 -7.951744 -3.525411 -7.788629 -7.331334 -13.524138 -5.614710 -8.629298 -4.255621 -10.851762 -10.029922 -13.786618 -17.734208 -3.802758 -10.842919 -4.380424 -3.541018 -6.753722 -4.905101 -10.486400 -8.030240 -8.032978 -6.011842 -9.127283 -6.600961 -7.629128 -4.014862 -9.471286 -5.084246 -2.886719 -8.780734 -5.864468 -6.524782 -6.652434 -3.947075 -2.099584 -4.970468 -12.982046 -1.809460 -4.773341 -9.435450 -6.108815 -5.556300 -4.815031 -9.731436 -1.615197 
-1.017914 -9.582356 -8.383983 -18.445973 -13.488634 -10.010790 -5.841296 -5.748149 -11.928030 -6.102465 -4.963706 -9.761169 -5.614710 -11.730249 -4.255621 -10.328659 -10.012586 -10.708692 -3.142794 -3.802758 -9.887018 -5.385277 -3.444568 -2.752139 -6.875573 -10.486400 -6.721921 -7.701755 -12.763742 -2.769274 -6.600961 -7.883457 -4.014862 -8.691524 -7.883727 -2.886719 -9.187358 -11.230762 -4.941949 -9.211087 -15.139323 -10.517241 -5.221685 -2.584134 -9.938657 -8.138421 -7.930338 -10.642210 -12.063621 -5.605915 -6.659503 -5.269065 
-6.614461 -9.163080 -20.293427 -19.284502 -10.291363 -5.662644 -5.875609 -3.937613 -9.306572 -6.213064 -9.618005 -9.736183 -5.614710 -10.653882 -4.255621 -4.613101 -9.938040 -11.543607 -20.483303 -3.802758 -5.410059 -17.440672 -1.491195 -7.184494 -8.181919 -10.187750 -6.868755 -3.082270 -6.251433 -6.606766 -6.166996 -7.794015 -4.014862 -11.560238 -10.889369 -2.414128 -4.913630 -10.913498 -6.308887 -4.308636 -10.160547 -3.297016 -1.660467 -6.082970 -5.671462 -15.110491 
-6.614461 -12.510874 -20.691708 -4.066823 -4.534163 -4.848820 -4.384443 -12.516667 -7.137638 -6.273822 -15.146327 -9.580993 -5.614710 -11.027529 -4.255621 -6.024822 -9.938040 -3.790209 -21.609649 -3.802758 -6.679338 -17.297801 -9.730434 -2.044248 -7.142874 -10.187750 -6.868755 -10.449582 -11.662088 -3.865535 -6.518843 -8.051243 -4.014862 -3.046912 -13.190491 -2.651037 -3.641543 -10.944774 -6.447084 -4.105374 -6.292537 -8.214069 -2.280516 -20.178910 -3.856036 -4.274191 -3.733164 -10.257088 -8.905769 -5.025107 -3.802831 -11.196580 -10.057847 -3.842091 
-4.553232 -13.148818 -14.149043 -6.816423 -6.471066 -5.370829 -7.665112 -12.814867 -9.424194 -5.416049 -4.951307 -3.816055 -5.614710 -11.027529 -4.255621 -9.337597 -9.881859 -4.538282 -10.680584 -3.802758 -12.545579 -4.932388 -8.406457 -10.930478 -12.424525 -11.661108 -7.033589 -10.565405 -9.086991 -11.031606 -6.822130 -8.051243 -4.014862 -4.160478 -4.060372 -2.348185 -9.675332 -7.053604 -4.883655 -5.301805 -7.003256 -8.964394 -1.907020 -3.146218 -14.903291 -8.162390 -3.795330 -3.783900 -8.660072 -5.570828 -15.679571 -2.060767 
-12.688662 -8.350577 -4.689625 -12.830496 -14.831546 -6.735901 -12.394652 -6.673618 -9.612093 -10.964993 -2.520066 -5.840469 -5.614710 -14.873908 -4.131247 -12.919104 -9.881859 -4.538282 -11.595975 -3.802758 -13.154007 -10.871257 -10.184449 -13.527467 -10.441517 -11.502004 -9.799668 -7.158666 -6.883573 -12.333172 -12.086063 -7.496023 -4.014862 -4.141521 -8.803068 -2.004609 -8.077385 -7.961267 -6.864624 -13.226360 -7.003256 -9.773019 -2.362129 -4.831561 -12.366769 -5.698915 -3.883055 -1.995749 
-12.070603 -14.630671 -3.104830 -7.155118 -6.553272 -6.812002 -5.080191 -4.821408 -7.823020 -12.937856 -2.924056 -4.991693 -5.614710 -8.894536 -4.131247 -6.265705 -8.988084 -4.099237 -10.225804 -3.802758 -12.287297 -10.164765 -6.987934 -7.657605 -9.676412 -10.960476 -10.201029 -7.158666 -6.459821 -10.348469 -9.872578 -8.694419 -3.477678 -13.883958 -9.037597 -3.040251 -4.760711 -12.353017 -12.383964 -6.602930 -12.236699 -5.087599 -5.688336 -20.218104 
-11.568520 -5.194152 -3.568032 -8.424451 -9.992875 -6.812002 -6.374263 -6.275289 -10.788937 -2.931635 -2.417392 -9.305646 -6.249623 -9.179020 -4.131247 -7.738591 -10.838688 -10.642552 -10.062767 -3.802758 -9.021039 -6.382526 -6.847490 -13.234544 -9.526771 -2.377865 -6.607368 -7.379865 -5.733540 -3.467007 -15.337366 -8.952961 -3.370092 -8.264528 -8.927775 -3.090639 -10.589222 -11.119333 -5.353079 -15.837417 -8.736168 -6.387910 -5.011520 -4.541071 -12.053802 -7.917031 -7.315299 -4.907893 
-14.841650 -9.428538 -2.549516 -10.896745 -4.366556 -3.057888 -8.770422 -7.716877 -4.424083 -8.636786 -12.620557 -9.202383 -7.007616 -7.762969 -4.131247 -7.527192 -8.415080 -4.659119 -16.547376 -2.333623 -8.955656 -10.611484 -7.369589 -11.992709 -10.004722 -7.371289 -13.058105 -7.379865 -5.064461 -3.768482 -8.066258 -8.951332 -5.025406 -12.185485 -7.917031 -2.972631 -11.777459 -7.510769 -3.960142 -6.933472 -9.185620 -11.452477 -8.299873 -8.616658 -3.863901 -11.565184 -5.773000 -6.370990 
-7.095364 -13.492227 -3.863901 -7.151813 -9.638599 -5.523402 -5.334792 -4.536821 -14.513259 -7.126148 -9.134372 -9.624649 -6.434654 -6.089794 -4.131247 -5.636675 -10.313520 -4.660557 -17.770103 -1.774905 -3.896288 -5.154724 -8.370319 -11.481804 -10.740183 -13.856627 -3.023893 -7.709220 -4.381345 -3.580701 -12.663140 -8.951332 -10.453289 -10.725877 -8.745134 -3.555405 -6.842339 -14.500414 -3.470476 -6.964917 -6.686660 -9.379122 -6.950303 -15.138665 -13.263205 -13.513154 -11.433403 -7.375069 -12.769819 -6.749160 -12.445584 -8.710859 -11.669490 
-11.696808 -9.033398 -3.863901 -10.294222 -5.411589 -6.686998 -5.189549 -4.137747 -11.529883 -6.796202 -3.966493 -8.690459 -2.984244 -8.879950 -4.131247 -9.567893 -10.498879 -3.044314 -17.918233 -1.774905 -5.680309 -6.049588 -8.440930 -7.958528 -10.478452 -14.264115 -12.689289 -7.323270 -11.116827 -3.580701 -9.363925 -8.951332 -10.453289 -7.066372 -8.767031 -3.555405 -7.978555 -3.592725 -3.470476 -6.971996 -12.110185 -12.590735 -4.030509 
-4.079972 -9.775353 -3.863901 -10.039465 -9.495046 -6.659304 -5.574477 -4.137747 -11.321051 -3.136373 -20.559263 -3.043131 -8.416476 -5.373504 -4.131247 -7.058066 -10.498879 -3.601851 -17.918233 -2.839006 -6.192300 -5.336155 -10.840044 -13.449576 -19.621841 -11.968295 -9.786619 -7.735030 -5.873453 -3.580701 -8.840527 -9.067889 -11.329589 -6.852478 -8.767031 -3.555405 -12.492283 -9.851720 -3.470476 -6.387407 -14.704960 -6.895738 -8.224398 -13.344586 
-12.313573 -10.430062 -3.863901 -10.114177 -9.013871 -7.494684 -13.516629 -3.864194 -9.836957 -7.056942 -4.822218 -5.509435 -3.053397 -5.135188 -4.131247 -9.311676 -9.403521 -8.939133 -10.029327 -3.188506 -7.236080 -7.313850 -12.129261 -6.971583 -4.823888 -16.628546 -9.125924 -9.379370 -8.297723 -3.489395 -5.577222 -9.734026 -12.037099 -6.852478 -8.792932 -3.555405 -8.370508 -3.148889 -3.470476 -9.690540 -14.198130 
-12.485152 -11.076937 -3.863901 -7.505225 -9.013871 -4.166895 -14.558447 -9.281014 -7.840393 -7.122859 -6.743449 -9.549370 -6.202847 -5.947847 -4.131247 -8.836487 -7.469842 -10.187363 -6.777071 -2.417539 -7.056826 -5.046028 -10.748930 -7.712779 -4.823888 -16.628546 -13.376051 -8.084521 -8.297723 -3.489395 -22.039971 -8.832884 -13.132217 -6.259431 -8.792932 -3.555405 -12.023381 -3.544185 -3.470476 -11.102310 -4.504252 -10.916008 -11.761770 -3.938525 -5.964722 -5.810973 -13.070654 -9.729456 -7.949093 -22.396557 -6.050963 -5.584733 -4.295019 -8.060205 -7.667788 -13.877558 -9.167120 -6.991886 -21.290321 
-5.224558 -4.889103 -3.863901 -8.419251 -9.017701 -6.671022 -9.688234 -11.902303 -5.532641 -7.122859 -1.122392 -12.729545 -11.163192 -10.697673 -4.131247 -4.561174 -12.170301 -9.651683 -7.794327 -2.380808 -6.999942 -5.206269 -10.748930 -14.309043 -15.159948 -8.581844 -5.131133 -7.684330 -8.638224 -3.489395 -3.387755 -12.249374 -10.036688 -6.447289 -8.792932 -3.555405 -8.520082 -8.881693 -3.470476 -7.876549 -7.705411 -19.858851 -8.753872 -3.642595 -10.676187 -5.891916 -13.187040 -7.369511 -4.008809 -6.656113 -9.091488 -6.380012 -10.916530 -6.970670 -12.251961 
-10.664847 -2.908550 -3.863901 -9.502440 -10.831036 -4.402404 -12.772618 -4.973588 -12.676780 -7.122859 -4.892959 -10.580821 -2.728029 -4.691988 -4.158288 -6.013711 -5.477962 -9.651683 -4.045052 -1.946372 -5.004280 -5.195926 -11.630662 -6.507807 -1.991904 -6.092379 -10.701158 -7.684330 -8.288101 -3.489395 -11.890985 -10.942063 -10.036688 -10.282303 -8.792932 -3.555405 -8.881911 -4.240118 -3.470476 -5.606589 -8.855233 -7.029806 -5.785550 -5.301194 -10.295141 -11.522933 -8.329993 -8.918221 -9.041266 -10.359076 -4.470314 -10.027374 -5.267676 -5.553994 -3.492904 -5.040137 -8.395852 -9.122805 -1.395032 -9.947962 -5.512523 -11.898975 -20.703397 
-10.768648 -7.324655 -3.880731 -7.934786 -3.599088 -6.364572 -10.429115 -4.715892 -14.535368 -7.122859 -9.099078 -7.867564 -3.003907 -5.303883 -4.158288 -3.677889 -11.997774 -8.606111 -5.380646 -12.083352 -8.111709 -7.661080 -10.459461 -6.507807 -4.075395 -12.139335 -6.769343 -7.684330 -9.329421 -3.892876 -6.898162 -3.927088 -11.917572 -14.258774 -8.792932 -3.555405 -5.931809 -5.539158 -3.470476 -3.136663 -2.699812 -8.038775 -9.470637 -8.894240 -12.146874 -4.934961 -6.727160 -6.535695 -12.084696 -10.663735 -4.470314 -7.819427 -22.125364 -2.801460 -5.900480 -5.585132 -7.716902 -7.381325 -7.266127 -8.436877 -11.772588 -6.423178 -15.120973 -7.523650 -10.043529 -4.059857 -8.581414 -9.871506 -7.462853 -3.952690 -3.728242 
-8.323000 -6.080048 -3.880731 -5.575794 -12.722448 -4.946609 -6.402136 -4.710784 -5.064641 -7.122859 -13.407263 -7.536892 -6.361998 -4.575160 -4.158288 -4.729011 -6.488995 -4.650699 -10.885737 -8.919793 -10.056410 -5.099012 -10.462642 -6.507807 -6.913029 -12.320621 -3.385547 -6.763990 -6.471274 -9.146728 -6.423891 -3.464425 -7.358145 -10.470653 -8.792932 -3.589078 -11.547245 -1.887214 -3.545675 -7.342120 -2.585649 -11.935144 -3.349854 -13.745293 -12.146874 -14.377953 -10.227165 -4.923077 -8.112817 -7.486378 -3.662204 
-3.746361 -6.299501 -3.880731 -14.685687 -9.593648 -11.715269 -3.576184 -9.713776 -6.262644 -7.122859 -12.305369 -8.253581 -4.011325 -5.343753 -4.158288 -5.857140 -6.558266 -13.419503 -6.416265 -7.713903 -9.977098 -7.161251 -11.839977 -6.702432 -8.863918 -5.125054 -3.395408 -4.439743 -12.431216 -9.662567 -9.443616 -18.384924 -3.973675 -3.274350 -8.252338 -5.327637 -15.018044 -6.376814 -3.545675 -21.656386 -2.716897 -14.029040 -5.941510 -4.282443 -13.637443 -14.385006 -11.015068 -4.927545 -5.462157 
-6.079245 -4.902351 -3.880731 -4.857568 -15.087102 -9.757024 -4.099397 -8.491282 -13.382340 -7.122859 -13.080923 -8.322656 -3.587792 -1.452864 -4.158288 -3.678216 -7.233291 -5.411445 -4.380537 -7.269058 -9.606373 -5.324916 -10.121866 -6.853611 -8.891006 -22.555954 -8.867404 -22.368776 -14.838515 -8.595746 -8.888447 -4.908536 -11.711620 -6.087080 -8.252338 -5.327637 -8.011997 -11.560520 -2.734316 -10.664557 -0.729350 -14.096836 -9.717658 -4.185569 
-5.869461 -8.851777 -3.880731 -4.584634 -6.181387 -9.757024 -11.839680 -8.491282 -5.247509 -5.238687 -13.225503 -8.443078 -7.101378 -5.794377 -4.158288 -3.678216 -6.481894 -10.469166 -7.108952 -7.269058 -5.372059 -6.309922 -12.533744 -6.853611 -9.203249 -7.358946 -12.716704 -8.524858 -7.302901 -7.366258 -6.080074 -14.938344 -4.615602 -5.740476 -8.252338 -5.218944 -8.361869 -2.768824 -3.561919 -4.191776 -3.672348 -10.205253 -9.442983 -8.265537 -4.682604 -6.051380 -8.017236 -11.564105 -3.667869 
-4.321566 -8.925015 -3.880731 -3.873835 -7.987956 -14.772989 -12.610179 -8.918817 -7.163852 -12.212930 -22.174630 -7.747936 -8.449482 -5.101435 -4.158288 -5.592792 -4.939778 -3.916849 -11.134802 -3.294844 -6.760045 -9.566071 -11.917240 -6.809517 -6.336209 -5.037400 -8.424937 -8.572130 -7.429892 -9.443151 -4.938810 -14.696111 -4.826865 -8.975885 -21.220730 -4.854089 -5.347480 -2.768824 -3.231347 -7.448580 -4.548042 -7.328083 -3.032863 -6.769663 -7.748344 -4.295084 -4.332805 -6.985202 -8.563175 -8.498753 -6.043156 -12.810901 -5.393548 -19.186446 -6.263815 -7.064022 -10.213819 -10.022359 -8.981998 -11.793328 -4.755971 
-5.499413 -5.030326 -3.880731 -3.770436 -7.320914 -10.713014 -11.494902 -10.018327 -12.699363 -5.556135 -7.064022 -7.747936 -7.442694 -4.887609 -4.158288 -7.251782 -4.299040 -9.135550 -10.509021 -14.566909 -2.958019 -6.274534 -9.106208 -6.809517 -13.075480 -6.983980 -12.017207 -10.857150 -2.829417 -9.076892 -12.157003 -4.320228 -10.573814 -9.653386 -13.190823 -3.982898 -5.268396 -14.013342 -3.553710 -7.818916 -11.120164 -21.967609 -12.452297 -6.778200 
-7.474197 -4.964374 -14.747438 -2.916259 -6.803115 -10.188210 -10.087620 -6.249538 -8.503545 -11.753009 -7.064022 -7.747936 -7.932156 -6.889041 -4.158288 -7.293284 -4.579765 -14.954859 -10.724206 -21.967609 -2.062926 -3.763001 -10.310811 -6.307299 -13.905171 -7.053392 -8.219628 -5.137540 -8.496102 -4.322148 -5.056994 -10.554685 -10.229479 -9.050521 -5.213824 -3.982898 -7.779057 -11.034244 -3.865953 -8.691801 -6.349093 -11.762691 -13.523973 -9.213068 -7.516956 -4.018430 -9.782877 -10.536467 -15.286618 -1.831896 -4.932080 -10.770600 
-11.611761 -5.888588 -8.549739 -3.164338 -6.301437 -4.018430 -19.258791 -10.749752 -4.289837 -17.887281 -7.492770 -7.747936 -7.845318 -4.417660 -4.158288 -14.745259 -4.579765 -4.583191 -11.582712 -5.027530 -3.280135 -4.134322 -9.871145 -6.674994 -21.227612 -8.506372 -8.101551 -6.198751 -8.126223 -2.885720 -4.816554 -9.302768 -10.704900 -12.051624 -6.365768 -2.832786 -9.415601 -9.081084 -5.143833 -13.741621 -10.031884 -12.038606 -12.116341 -13.991365 -11.930515 -15.406987 -2.874855 -7.293342 -15.711244 -11.165608 -10.246680 
-7.037747 -7.563967 -8.202387 -5.471190 -7.674301 -4.018430 -5.622346 -7.551526 -6.996802 -6.541646 -6.675205 -7.747936 -7.845318 -2.761905 -4.807831 -11.297219 -3.835606 -4.583191 -4.580239 -10.291275 -3.421332 -5.060908 -9.871145 -6.674994 -8.510422 -10.378468 -7.535402 -7.005880 -9.031390 -21.463768 -11.449985 -4.240006 -10.353634 -5.975419 -12.588106 -2.706494 -8.458122 -11.473411 -3.683093 -5.864458 -9.860571 -5.090698 -12.289939 -3.593687 -9.282990 -8.741997 -5.720928 -4.471391 -5.191534 -11.995453 -6.439075 -12.814888 -5.486651 -13.650810 -11.742948 -8.289448 -11.561650 -4.692020 -6.957971 -4.652948 -7.299509 -14.440038 -11.915688 -6.603022 -12.396359 
-11.044603 -8.683265 -5.383432 -8.548554 -13.011175 -4.018430 -3.591229 -8.897655 -5.196266 -2.876079 -7.161551 -12.721277 -7.845318 -5.410654 -4.807831 -10.986270 -6.195280 -4.583191 -4.580239 -8.622045 -2.744920 -5.297486 -9.871145 -6.439405 -9.783592 -9.324444 -6.655533 -5.661802 -6.707025 -6.449722 -14.985955 -1.800183 -9.938812 -7.041176 -18.719700 -2.706494 -5.757430 -11.851863 -7.503821 -3.288757 -8.536610 -4.424503 -12.375395 -7.989488 -9.282990 -22.837542 -7.631155 -8.322778 -5.500634 -6.339300 -9.307330 -7.907182 -8.448152 -14.869225 -3.812189 -9.098894 -3.213106 -4.678570 -6.136565 -5.477217 
-9.050408 -13.929547 -6.517427 -9.000005 -9.759300 -4.018430 -6.636596 -4.223354 -7.826662 -1.014526 -11.340204 -14.073594 -7.845318 -10.894829 -4.089045 -16.881552 -3.067180 -4.128342 -5.596699 -6.377534 -2.630752 -4.535055 -11.638100 -6.652290 -4.487212 -9.324444 -2.467081 -8.807765 -7.017265 -8.322778 -4.631949 -6.323321 -10.480313 -2.741708 -6.859646 -11.878531 -2.628773 -11.602044 -6.943110 -4.156388 -13.070960 -9.215843 -4.530859 -9.546314 -10.634883 -10.532745 -6.980774 -7.044672 -13.627869 -10.694185 -7.731365 
-3.646909 -17.015907 -10.936603 -12.143066 -8.613128 -4.018430 -2.725395 -12.160824 -8.173269 -7.387619 -9.813355 -7.262263 -8.491853 -7.192561 -4.089045 -15.089421 -7.169347 -4.128342 -5.596699 -15.492503 -2.673221 -4.404492 -11.638100 -6.855403 -10.337449 -7.519501 -2.467081 -12.416436 -7.915429 -8.322778 -2.069003 -6.354842 -7.204880 -22.473106 -2.742959 -4.967538 -13.807677 -9.943695 -11.718587 -3.140343 -11.968877 -5.181254 -5.067729 -10.086149 -14.100998 -12.537015 -6.260021 -11.929389 -7.677052 -7.348791 -9.276995 -6.276149 -3.430935 -8.408927 -9.949637 
-14.185095 -4.146260 -7.892197 -12.143066 -7.144464 -4.018430 -4.254302 -8.331127 -9.858289 -6.530634 -9.390281 -7.730203 -8.491853 -7.933115 -4.089045 -7.813514 -6.718634 -4.128342 -4.932903 -8.786983 -5.311351 -3.869182 -9.154395 -6.690366 -9.557987 -9.886495 -2.912267 -10.913258 -6.385092 -8.322778 -4.416841 -9.317207 -4.410355 -6.273509 -4.078061 -7.155422 -14.124892 -10.022016 -7.747110 -13.069075 -12.090691 -7.470300 -1.728612 -10.153596 -9.949637 -8.208137 -10.616510 -4.105357 -12.673563 -7.571572 -20.199707 -8.547542 -3.928015 -2.854362 -13.904834 -9.148703 -9.247718 -6.922369 -14.097909 -7.850464 -5.610012 -16.660365 -3.932407 
-8.133445 -5.321166 -11.648878 -6.456430 -7.909292 -4.018430 -5.280002 -1.973063 -21.113873 -6.101394 -10.462579 -4.037545 -8.491853 -11.262708 -4.783558 -6.930857 -7.287582 -3.932407 -8.001325 -3.716589 -6.757344 -11.134951 -11.600536 -6.014644 -9.557987 -7.340352 -3.184556 -14.276550 -9.455716 -8.322778 -4.165956 -9.140484 -11.759966 -4.199981 -11.227720 -9.416793 -11.362499 -10.017907 -8.812398 -4.093967 -15.150929 -3.270099 
-9.164844 -14.170016 -12.277201 -11.463214 -9.181815 -3.831899 -10.810032 -3.954792 -21.113873 -4.078704 -11.112685 -4.363316 -8.491853 -11.129902 -4.783558 -12.623118 -7.287582 -3.932407 -2.014104 -3.863295 -10.530579 -10.265748 -7.443797 -6.212384 -4.349047 -10.146171 -2.864995 -11.928108 -8.929826 -8.322778 -5.476561 -9.899350 -11.656026 -5.962130 -5.208492 -4.392153 -10.825846 -13.239930 -10.643231 -1.597022 -2.728109 
-7.818078 -4.314084 -9.328297 -10.982791 -11.147365 -3.831899 -14.804779 -12.134919 -21.826684 -3.905023 -10.111383 -5.437996 -8.871472 -11.773035 -4.783558 -1.581809 -7.287582 -3.932407 -5.916285 -9.795228 -9.905215 -14.320219 -6.929704 -2.447849 -4.235621 -10.146171 -9.179953 -10.762982 -2.341260 -7.966258 -4.257159 -9.645468 -9.378534 -5.054020 -2.219605 -4.699187 -12.529534 -8.847084 -8.276640 -9.718746 -5.606333 
-7.411992 -5.223621 -10.080832 -11.876914 -12.563465 -3.831899 -14.988424 -7.523237 -21.378633 -6.480467 -11.167529 -6.797012 -9.106743 -4.484150 -4.421402 -4.354223 -7.287582 -3.932407 -6.086364 -8.374521 -12.087763 -11.039698 -11.900843 -8.804885 -9.450776 -4.544706 -2.256201 -9.654943 -1.537737 -10.633442 -10.203958 -10.113251 -9.076839 -9.385190 -9.176577 -2.807561 -14.181065 -11.089408 -12.790982 -7.590382 -10.185013 -5.872214 -12.306631 -10.424374 -5.701056 -7.067859 -8.621697 -8.895206 -4.555040 -12.882357 
-7.193335 -3.534266 -10.074019 -7.138106 -6.076942 -3.831899 -13.203842 -10.253722 -20.162339 -4.424077 -11.167529 -4.526361 -9.106743 -1.722288 -4.421402 -8.837171 -7.287582 -3.932407 -6.141300 -8.374521 -3.977114 -11.867006 -11.288922 -10.576283 -7.312969 -4.482514 -3.193195 -9.159864 -1.537737 -11.366254 -13.165634 -12.862391 -6.773114 -12.204717 -8.170024 -5.532051 -14.216922 -8.385383 -6.258210 -5.538707 -7.464038 -4.380442 -4.981720 -4.550864 -6.923190 -12.296690 -2.691627 
-5.767148 -5.182131 -9.483752 -11.448295 -8.177404 -3.831899 -7.383635 -12.926465 -4.456872 -7.051565 -11.440326 -9.347448 -8.597766 -5.299210 -4.421402 -3.516102 -6.838681 -3.932407 -6.141300 -8.466917 -9.998691 -11.381867 -12.984998 -8.251507 -8.170024 -2.017472 -5.595737 -9.794712 -7.245630 -7.373264 -5.487793 -13.004062 -12.355234 -11.730316 -8.466055 -2.764444 
-3.516175 -7.376618 -10.247215 -12.762067 -8.536267 -3.831899 -12.372071 -8.353876 -6.284821 -9.203343 -11.421671 -7.686768 -9.037711 -4.579605 -4.421402 -4.155260 -7.234080 -3.932407 -6.679994 -6.471052 -11.794760 -10.414285 -8.617941 -14.297621 -3.400993 -2.017472 -8.424039 -2.867043 -4.222540 -6.304795 -12.649129 
-2.864725 -8.319036 -12.125695 -11.373560 -8.141804 -3.831899 -6.080514 -8.251526 -6.284821 -8.609092 -9.600038 -6.789415 -9.037711 -2.992552 -4.421402 -4.063812 -12.446829 -3.932407 -5.778082 -9.070955 -13.499995 -2.687795 -6.574039 -6.095208 -3.822390 -1.818062 -6.359624 -14.039410 -7.231096 -12.083740 -3.701428 -5.470847 
-2.302520 -8.346297 -10.549256 -11.473874 -2.020333 -3.831899 -5.583601 -8.880765 -6.284821 -9.724859 -5.826272 -11.589071 -9.011443 -7.593244 -4.325708 -2.860241 -5.109904 -4.865137 -12.531571 -9.070955 -12.375429 -2.610118 -6.574039 -5.579429 -5.494781 -4.021320 -4.038541 -10.701845 -8.214449 -10.561622 -3.748811 -12.560885 -3.559678 -2.443958 -12.296510 -5.536047 -13.478406 
-10.101223 -9.203685 -12.782644 -11.473874 -6.620008 -3.831899 -6.827596 -8.093942 -5.653396 -6.835617 -6.308837 -9.045932 -8.087115 -6.271559 -4.325708 -7.239057 -11.002963 -11.794739 -10.704954 -9.070955 -12.395137 -4.848382 -6.531935 -6.075641 -6.341229 -4.021320 -10.105799 -3.323299 -8.214449 -10.279961 -3.748811 -11.108614 -4.226929 -8.561291 -2.178660 -20.936227 -4.954419 -7.816972 -14.742492 -4.565446 
-5.059128 -4.011193 -4.982068 -10.728647 -6.608502 -3.831899 -4.289963 -8.675410 -3.546144 -11.079409 -6.308837 -12.962159 -8.087115 -3.266635 -4.325708 -21.161535 -11.430139 -14.579514 -11.016007 -10.245871 -10.082097 -10.924568 -3.623815 -6.888955 -11.801791 -4.010065 -4.024656 -3.323299 -8.023770 -10.673579 -4.465068 -4.769930 -4.330646 -9.532738 -11.436127 
-5.441362 -3.942746 -4.982068 -10.675821 -2.276723 -3.840298 -9.828307 -8.419872 -5.819132 -7.442732 -6.207845 -8.966915 -9.278914 -5.296420 -4.325708 -4.802107 -6.622599 -7.766116 -3.695902 -9.596966 -20.579775 -12.069025 -2.814985 -6.308506 -1.851921 -4.010065 -7.785430 -3.237383 -5.271969 -10.033533 -7.886730 -6.513941 -12.610281 -7.152939 -4.254149 -8.555982 -7.676947 -4.385578 -4.443251 -4.238935 -4.654972 -11.031313 -5.551442 -10.202516 -4.875738 -2.457059 -4.362145 
-9.714828 -13.808578 -6.026908 -11.568546 -4.665414 -3.840298 -10.384444 -9.748430 -5.889633 -5.573630 -6.318087 -5.013154 -2.892794 -11.336643 -4.325708 -4.724202 -13.169817 -8.761976 -14.843622 -10.188923 -20.310311 -11.380439 -5.321106 -5.919077 -3.718310 -3.545234 -2.677625 -14.565930 -7.743051 -10.417140 -5.953428 -6.517579 -6.013336 -6.991610 -5.318034 -8.555982 -7.373447 -2.644923 -13.045532 
-10.370812 -13.398673 -7.003333 -11.535943 -5.307407 -3.724402 -10.274906 -7.430423 -2.152066 -7.908046 -5.879881 -12.778398 -12.278670 -11.008704 -4.325708 -4.226114 -5.997509 -7.869809 -9.590252 -10.202429 -20.310311 -13.474475 -12.643744 -5.291437 -12.435665 -3.784793 -7.440587 -4.433522 -6.291182 -10.417140 -3.026598 -5.650551 -4.528931 -8.126945 -3.828644 -8.555982 -4.265400 -9.386770 -5.811335 -1.426664 -10.589026 -11.078159 -6.069708 -10.293757 -8.711706 -11.269827 -4.120234 -8.848734 -8.522824 
-13.423640 -11.214611 -7.003333 -9.432445 -5.349526 -3.724402 -12.915587 -5.618828 -6.613586 -12.067597 -5.888290 -12.211355 -10.270083 -12.025414 -4.325708 -11.995093 -5.157934 -7.869809 -5.959299 -10.884145 -14.746949 -10.182244 -4.046026 -5.291437 -12.109227 -3.010464 -6.535551 -3.107082 -14.984847 -10.417140 -1.562298 -7.044995 -5.830914 -4.628790 -12.268447 -8.555982 -6.282466 -6.990112 -12.167596 -2.561587 -10.520158 -9.253854 -3.467746 -8.755741 -13.037616 -14.932767 -5.438393 -10.241212 -14.193347 -5.099865 -6.748897 -14.333822 -4.387148 -11.000104 -2.113342 -14.215382 -3.944530 -4.403551 -12.610272 -5.199702 
-12.021044 -11.214611 -6.946257 -7.918369 -4.810590 -3.724402 -10.927622 -13.272275 -6.613586 -9.450617 -5.084851 -6.545792 -10.029443 -11.008115 -4.325708 -13.599142 -17.117087 -7.869809 -1.710331 -10.884145 -1.890192 -8.210842 -5.608992 -5.600443 -18.922579 -4.059335 -6.977482 -3.107082 -9.033793 -3.846049 -14.202620 -8.191324 -6.763803 -4.628790 -12.242391 -8.305616 -3.429489 -5.014408 -11.429667 -2.561587 -9.111946 -6.932124 -12.727080 -9.289783 -13.988831 -8.528011 -9.786002 -7.638483 -13.674550 -1.800997 -14.327721 -13.348326 -5.888377 -14.581637 -12.114619 -4.730700 -13.576561 -2.825347 
-5.492267 -11.599245 -9.320805 -7.560653 -7.379944 -3.868391 -1.590457 -7.235369 -6.613586 -9.673614 -4.614561 -5.847323 -9.306601 -20.054606 -4.325708 -13.599142 -9.999495 -3.780178 -17.689819 -10.340873 -10.511302 -8.210842 -5.608992 -5.110974 -11.639946 -4.142414 -6.345795 -9.849271 -3.878149 -7.491077 -12.898277 -8.191324 -9.790439 -3.201400 -10.408245 -14.942120 -5.905706 -6.927263 -11.512060 -2.140530 -9.111946 -3.947676 -4.114262 -8.218332 -3.001280 -8.623702 -7.161416 
-5.929367 -10.662107 -5.390991 -12.300174 -7.919025 -3.868391 -11.446500 -4.091485 -7.084779 -9.501674 -6.843866 -8.092674 -10.228054 -4.511503 -4.325708 -15.954689 -2.388659 -6.636382 -3.542143 -10.097939 -5.062653 -8.210842 -2.663477 -5.365896 -9.488207 -4.102011 -6.345795 -9.822662 -7.530618 -5.433228 -13.237377 -8.191324 -8.381052 -8.564127 -10.389985 -5.204845 -9.111946 -8.239453 -11.333961 -4.158265 -10.547926 -3.715798 -5.224612 -8.586288 -10.217672 -10.106100 -9.215568 -8.798661 
-2.119490 -10.662107 -3.570518 -6.671381 -8.657285 -3.868391 -12.854340 -6.076179 -6.411098 -12.434676 -6.843866 -8.092674 -8.723421 -4.511503 -4.325708 -9.118176 -13.411341 -7.090026 -10.162191 -10.265311 -6.487779 -7.374560 -10.163505 -10.354008 -8.569594 -4.049397 -6.345795 -4.553413 -5.479533 -7.882778 -6.263416 -8.318073 -9.989401 -14.208091 -10.976131 -6.010718 -12.732977 -1.798891 -11.597990 -13.125553 -8.763460 -8.061714 
-6.306223 -10.610001 -2.551703 -7.032015 -9.873559 -3.868391 -19.301716 -5.561217 -6.761665 -4.891306 -7.741476 -7.950814 -4.451381 -11.308379 -4.325708 -5.207775 -5.531526 -2.927404 -11.140866 -11.627466 -6.027874 -6.524983 -10.569796 -10.033719 -8.198097 -12.469719 -6.593813 -7.859151 -4.601828 -11.190293 -12.033486 -5.708138 -12.384517 -9.281646 -10.086217 -3.059933 -7.563668 -8.260629 -10.123826 -12.640359 -6.184778 -8.723313 -10.147737 
-10.029876 -9.286175 -3.553303 -7.027734 -7.352190 -3.868391 -20.458164 -5.879718 -6.189101 -11.159737 -2.268668 -7.950814 -4.417918 -11.308379 -4.126613 -12.015603 -1.907394 -8.004502 -12.784052 -12.320860 -3.305853 -5.769358 -7.955948 -10.179816 -8.069521 -5.412155 -6.619915 -4.396132 -4.597605 -9.194443 -10.452996 -5.708138 -10.354965 -6.346304 -10.934001 -4.463322 -10.659902 -12.840915 -1.034680 -12.171781 -10.450056 -5.027254 -7.523564 -11.436033 
-6.406755 -8.578320 -12.084881 -7.357816 -7.352190 -3.868391 -21.378261 -8.902540 -8.205152 -15.164704 -2.268668 -8.304655 -9.858320 -11.747861 -4.336539 -4.244412 -1.271099 -11.316603 -12.628712 -10.745858 -3.409092 -3.998845 -10.209197 -9.989991 -8.330511 -9.367912 -6.619915 -3.809305 -5.860106 -3.641411 -11.726688 -6.727848 -11.652863 -3.833798 -9.788721 -4.463322 -7.615823 -8.453150 -9.095676 -12.093101 -12.747420 -10.585651 -8.186757 -12.869704 -3.435380 
-5.919872 -13.458807 -4.680424 -6.116425 -7.094110 -3.868391 -21.775248 -13.992389 -9.048027 -15.026066 -9.388490 -7.774239 -7.983906 -9.678191 -4.336539 -3.406295 -10.657646 -3.833798 -12.628712 -7.494759 -7.990005 -1.798686 -8.522130 -9.107835 -8.330511 -8.616194 -6.619915 -3.454986 -12.167258 -12.254504 -11.164905 -6.416051 -3.876001 -9.049279 -5.412381 -6.478705 -10.139736 -9.295806 -6.252071 -5.145982 -20.338985 -11.031291 -5.059298 -9.102732 -6.023441 -13.246046 -10.516945 -11.724342 -5.422625 -5.976980 -3.872726 -10.624941 -5.438990 -8.990754 -5.468780 
-7.215268 -12.535911 -5.123750 -8.232881 -7.094110 -3.868391 -10.321757 -9.851082 -9.481574 -8.897855 -6.314331 -10.304615 -5.633357 -9.753416 -4.336539 -11.827894 -9.711583 -3.833798 -13.947097 -4.745213 -9.587230 -2.131522 -6.699732 -8.950847 -4.210237 -10.313728 -6.868220 -3.454986 -13.572146 -4.185251 -11.164905 -11.344741 -3.880599 -6.377087 -5.044528 -5.968735 -5.361358 -9.399653 -6.289916 -6.303591 -18.787456 
-7.634734 -9.432679 -5.847464 -8.662144 -6.156295 -3.868391 -9.729705 -6.971464 -6.406415 -16.457074 -6.924545 -9.095119 -7.850326 -10.332980 -4.336539 -6.927620 -2.048371 -2.816364 -8.661017 -4.249860 -4.136339 -1.568697 -13.334028 -5.222068 -5.919582 -9.979001 -6.876241 -1.961273 -11.700378 -7.326573 -9.776859 -11.344741 -4.007892 -8.374701 -4.321964 -5.810157 -6.464011 -6.074985 -10.494464 -10.823885 -8.988438 -14.140987 -6.623823 -11.506471 -5.943903 -6.428353 -5.456756 -3.841917 -7.745398 
-3.546147 -7.537373 -7.630985 -8.662144 -7.470304 -3.868391 -22.646724 -9.667690 -8.233402 -15.694722 -6.972089 -9.095119 -7.547440 -10.470276 -4.336539 -5.591432 -2.664310 -4.507261 -8.661017 -10.487694 -12.882691 -1.568697 -8.966094 -5.034418 -5.830646 -11.384975 -7.222272 -14.444068 -9.777777 -5.793671 -10.204092 -11.344741 -4.007892 -6.752574 -4.570463 -3.500836 -4.556538 -1.744523 -14.400993 -6.887366 -6.062433 -3.709742 -4.176352 -7.937181 -14.819802 -13.951676 -11.317671 -15.116653 
-2.709723 -12.251776 -15.139238 -9.542738 -14.353892 -3.868391 -8.614917 -9.818313 -8.343062 -6.021974 -5.573910 -9.095119 -12.479321 -6.203164 -4.336539 -6.966429 -10.402213 -9.464217 -7.778351 -7.140245 -11.310563 -3.825171 -3.473760 -5.281075 -13.204674 -9.178482 -7.222272 -6.373414 -10.539922 -10.986127 -9.817956 -11.636216 -4.007892 -7.505358 -6.055177 -5.524974 -3.909341 -5.895896 -6.287348 -9.413763 -7.064052 
-2.053028 -11.133270 -6.137706 -9.056363 -14.790116 -3.868391 -1.144563 -7.250780 -4.487379 -1.140908 -7.129400 -11.520978 -11.752897 -4.874028 -4.336539 -4.014396 -6.006071 -10.561475 -7.792233 -7.648493 -8.259143 -7.034080 -11.254296 -4.007892 -4.233743 -7.684880 -7.222272 -5.585974 -10.539922 -11.026290 -9.994702 -14.563391 -5.057251 -9.168339 -5.562100 -12.610814 -10.476778 -10.999287 -5.060038 -12.677462 -6.126294 -6.312803 -9.462077 
-2.053028 -3.216043 -7.780360 -8.620575 -5.876896 -3.868391 -2.174224 -14.125797 -9.996348 -11.944571 -7.129400 -10.898811 -11.969163 -13.093661 -4.336539 -6.301083 -6.006071 -9.746618 -13.635017 -8.987713 -4.301478 -14.991789 -8.523199 -4.007892 -4.202560 -5.371586 -7.222272 -10.585560 -9.059214 -11.354164 -9.783080 -4.101732 -5.246370 -5.255551 -2.448973 -11.774975 -4.526166 -10.964202 -6.817367 -12.504718 -4.891531 -5.611415 -9.723889 -3.956053 -1.849145 -5.608947 -7.620097 -5.133505 -12.534433 -9.612297 -13.467297 -12.222859 -2.249757 -7.515282 
-3.395646 -10.883629 -7.011509 -9.285190 -3.628359 -3.868391 -2.048187 -12.159864 -12.667196 -5.272403 -6.830942 -9.978865 -12.349561 -2.823755 -4.336539 -6.119359 -6.006071 -10.124330 -10.644109 -6.765550 -4.170260 -3.645474 -8.523199 -4.007892 -14.728830 -5.660920 -7.222272 -8.773544 -8.718222 -8.858071 -9.783080 -9.323383 -11.008746 -4.290253 -5.528470 -3.166027 -11.050126 -10.721464 -10.448082 -11.801097 -8.678673 -10.280107 -12.701164 -3.877076 -10.740220 -5.063686 -7.495637 -10.290453 -6.285268 -19.963486 -5.815324 -12.787631 -10.204354 -2.801328 -7.566970 
-5.725200 -6.387745 -5.932866 -9.285190 -3.234991 -3.868391 -2.194221 -13.988168 -11.415860 -6.949346 -6.933452 -9.588965 -11.243342 -2.965388 -4.261403 -9.901727 -6.052171 -5.856054 -19.404520 -6.425375 -5.634459 -9.253830 -8.523199 -4.007892 -8.415667 -5.687258 -7.222272 -10.556794 -9.263512 -10.329122 -5.246510 -5.756975 -3.779401 -12.251173 -5.874088 -7.059686 -7.142961 -12.128057 -11.168548 -11.232013 -9.317659 -5.811372 -10.824100 -4.617297 -2.184900 -6.298211 -9.113320 -13.675853 -5.951073 -10.839401 -8.465068 -10.983469 -9.404588 -9.696011 -1.931530 -10.786922 -10.596990 -2.869062 -12.657566 -4.693481 -2.418860 -8.386070 -5.508183 -7.945897 -13.957311 -12.030671 
-6.063377 -9.120065 -6.838142 -10.167559 -3.289429 -3.868391 -2.546553 -8.074953 -3.948221 -5.667713 -6.933452 -4.144766 -11.243472 -2.965388 -4.261403 -11.664503 -7.774148 -7.356144 -19.499541 -3.463257 -8.386905 -1.223288 -8.523199 -4.007892 -6.248476 -2.522603 -7.222272 -11.717256 -9.425528 -7.622594 -7.025206 -7.312447 -9.852070 -6.417525 -9.676170 -10.101240 -6.205189 -11.006742 -9.844360 -13.497811 -6.852548 -2.182122 -7.654491 -14.580037 -4.610305 -8.764545 -9.113320 -5.869429 -8.209383 -5.549428 -9.250345 
-6.697955 -5.243622 -7.472218 -10.992714 -7.088991 -3.868391 -4.288642 -5.206267 -2.742675 -9.794920 -6.933452 -4.612722 -12.063246 -2.488292 -4.261403 -8.695546 -6.942939 -5.344625 -18.401398 -7.848934 -2.802613 -13.202613 -8.523199 -4.026396 -6.248476 -2.210997 -7.222272 -9.475111 -9.425528 -9.107306 -10.370008 -6.509342 -10.752994 -9.318912 -7.210285 -10.003571 -9.297991 -8.421725 -11.181757 -13.954407 -10.356688 -10.130232 -9.038730 -5.420149 -7.658660 -12.883364 -9.772383 -6.950463 -5.230944 -10.617686 -13.507273 -12.722459 -8.344625 -13.221768 -4.168107 -11.339120 -22.562569 -9.266385 -10.102756 -8.160736 -7.150136 -8.867696 -9.828704 -2.975534 -8.314232 -4.660147 
-7.811696 -4.961980 -7.616976 -9.226300 -7.883954 -3.868391 -12.859354 -6.904864 -5.342626 -5.405083 -5.970109 -3.837463 -13.128127 -2.488292 -4.261403 -10.979327 -10.997426 -2.402676 -18.401398 -6.127719 -4.121393 -6.801078 -8.523199 -4.340168 -11.191986 -11.186244 -7.222272 -11.211186 -10.301288 -8.297532 -10.769916 -6.316576 -4.805122 -3.627955 -12.293043 -10.003571 -9.958468 -3.741420 -11.860722 -9.499212 -9.858514 -10.473969 -13.123577 -8.735782 -3.730653 -9.401235 -3.186636 -12.982141 -11.227578 -6.002338 -13.054542 -10.460695 -7.785068 
-1.965549 -9.377439 -6.958463 -5.394621 -9.492693 -3.868391 -6.637694 -6.904864 -10.580788 -4.780804 -6.693525 -8.590305 -5.172581 -2.488292 -4.261403 -9.099718 -11.035675 -8.726836 -18.126259 -3.421598 -6.517756 -3.050933 -8.523199 -4.200412 -1.938326 -7.396516 -6.604354 -10.290240 -9.123697 -4.137435 -11.516673 -11.266633 -7.265250 -3.977845 -12.423880 -14.989707 -9.958468 -6.185389 -10.335911 -13.698475 -12.356445 -10.709469 -5.059672 -9.463949 -5.122113 -8.485487 -4.413887 -5.858792 -10.146198 -11.326066 -10.801187 
-2.278739 -7.828115 -6.761724 -11.099540 -2.463453 -3.868391 -6.006403 -7.294810 -6.754190 -11.535682 -6.693525 -2.634343 -7.954307 -11.715434 -4.261403 -7.477633 -22.947979 -12.294725 -7.746903 -8.684263 -8.853946 -5.235504 -8.296102 -5.016357 -3.749127 -8.799799 -11.305800 -3.849175 -10.018245 -9.958468 -9.750025 -3.731287 -0.983007 -4.917444 
-9.428028 -12.019634 -6.761724 -6.750093 -10.086232 -3.868391 -10.410167 -7.294810 -8.162310 -1.620242 -6.076567 -6.073732 -9.653582 -11.715434 -4.261403 -6.845017 -18.868132 -10.897126 -10.245630 -9.439451 -7.037807 -3.053506 -8.296102 -3.533871 -6.714575 -22.175763 -13.984332 -4.678160 -10.612267 -10.429485 -9.855372 -8.686820 -8.427211 -6.891792 -8.519528 -14.416691 -3.984022 -5.458033 -6.653745 -5.165651 -15.341983 -3.834149 
-7.844426 -11.780419 -6.761724 -9.576468 -3.035156 -3.868391 -11.909545 -7.294810 -5.812107 -2.053022 -6.528582 -11.280900 -10.929154 -11.715434 -4.079204 -6.161773 -12.912612 -4.248818 -11.120566 -8.334169 -10.562462 -9.108601 -8.296102 -3.839409 -6.698996 -7.922092 -11.897479 -3.913442 -10.612267 -8.751629 -14.584626 -7.888850 -18.719581 -6.639835 -2.660719 -5.411566 -3.735264 -15.171116 -5.444862 -10.999220 -7.103329 -9.493363 -4.958245 -9.519465 -7.653973 
-8.613393 -12.014544 -3.045153 -20.302034 -3.419552 -3.868391 -2.223485 -7.294810 -3.195908 -2.287594 -3.698793 -11.223167 -8.412737 -11.715434 -4.079204 -5.998150 -7.124812 -6.403091 -9.648393 -8.436217 -11.411669 -5.116654 -8.296102 -3.687109 -14.304189 -7.355196 -13.243009 -3.013204 -10.612267 -8.751629 -14.666998 -8.339724 -11.249825 -7.549996 -11.444025 -8.600027 -5.616519 -13.307054 -11.962910 -13.972046 
-8.528711 -12.044373 -9.431136 -20.302034 -6.909108 -3.868391 -4.906964 -7.392828 -2.926840 -1.425099 -14.027960 -10.253290 -8.662100 -11.626544 -4.079204 -4.168689 -6.482530 -7.013037 -11.151005 -8.436217 -10.672946 -5.478188 -8.296102 -3.687109 -8.755656 -6.056591 -6.130027 -7.418819 -9.717087 -4.871487 -12.175278 -5.489430 -1.486410 -6.907832 -7.709007 -6.859760 -9.737292 -7.533228 -14.485965 -15.364781 -6.030396 -22.795790 -5.830604 -8.175814 
-9.111526 -7.112194 -9.691852 -8.451870 -7.325001 -3.868391 -3.521372 -7.146785 -4.654124 -4.975877 -8.948542 -6.412362 -8.214564 -10.744204 -4.079204 -18.237737 -7.848884 -7.917125 -11.033875 -11.003302 -6.282295 -21.142781 -8.296102 -3.687109 -5.943603 -9.062696 -5.877605 -8.021595 -9.348885 -5.171046 -9.439940 -5.641843 -1.440286 -6.157984 -4.178903 -2.332354 -5.931255 -9.695207 -3.030647 -6.869927 -3.584991 -4.555094 -7.232846 
-1.729539 -3.826003 -12.170974 -8.237719 -8.006032 -3.868391 -8.273692 -6.918397 -3.968357 -7.873135 -13.412032 -7.684041 -8.214564 -10.744204 -4.079204 -20.871148 -7.216458 -8.684179 -9.189834 -10.846816 -13.373603 -8.651693 -8.296102 -3.687109 -8.093673 -8.691463 -4.427960 -9.365419 -10.725884 -5.538129 -9.253812 -11.102839 -1.440286 -4.006570 -8.859756 -12.377698 -11.864277 -10.528768 -8.039266 -3.984038 -3.821182 -10.951673 -11.342570 -11.313103 -9.925754 -4.104013 -8.818727 -13.827355 -4.383659 -1.434870 
-5.778643 -7.523644 -3.627918 -5.935470 -10.701678 -3.868391 -9.340991 -6.918397 -8.845485 -10.900299 -2.720309 -10.242409 -8.412731 -11.090992 -4.079204 -14.948959 -6.622463 -7.523535 -6.658699 -11.762413 -11.363150 -7.667033 -8.296102 -3.687109 -5.587413 -8.691463 -5.105152 -10.797004 -10.068611 -5.862357 -4.126063 -8.665561 -2.558601 -5.815107 -7.804369 -12.162759 -4.129949 -4.961049 -4.134049 -4.479883 -3.136435 -8.993352 -8.790409 -5.183851 -5.946003 -10.736484 -9.488106 -7.259529 -9.956702 
-6.338056 -14.686493 -7.233314 -6.064318 -8.270346 -3.868391 -7.280522 -6.690980 -4.422488 -10.819703 -7.480854 -13.480509 -8.412731 -10.874452 -4.079204 -16.088807 -6.931424 -6.979590 -9.929792 -9.287568 -9.632779 -4.226516 -8.840661 -4.006089 -3.042629 -5.288056 -2.506462 -9.024266 -10.555827 -11.624612 -8.239978 -14.183197 -5.100861 -9.239188 -4.231469 -12.696739 -10.832675 -9.362286 -8.129070 -3.450799 -10.951435 -9.233504 -12.559497 -8.628139 -5.430831 -8.790287 -8.871487 -2.708569 -6.882089 -8.005570 -14.560074 -6.671563 -4.003547 
-10.111788 -5.139019 -5.648780 -4.993555 -7.717051 -3.868391 -7.079693 -6.690980 -7.901713 -9.216923 -7.480854 -12.211041 -10.358039 -11.721513 -4.079204 -3.819740 -7.650851 -8.501324 -8.198681 -8.364886 -4.753393 -11.140953 -8.840661 -3.641997 -16.108169 -12.870101 -4.085195 -5.172553 -9.676429 -1.581626 -11.305156 -9.369616 -5.609061 -8.041434 -5.045208 -12.696739 -4.353375 -10.967656 -3.823764 -4.129490 -13.631320 -8.999329 -3.324473 -8.741149 -3.443706 -11.723302 -8.535791 -7.601257 -10.004255 -3.611777 -5.295370 -12.117649 -6.817716 -5.056991 -14.844814 -4.593989 -6.678207 -6.817364 -7.927257 -10.982421 -14.316644 -7.093405 -5.393158 
-18.518772 -11.570137 -12.253437 -6.425141 -6.723911 -3.868391 -7.079693 -5.033020 -9.625546 -8.664634 -4.334440 -6.863697 -2.513276 -11.489625 -4.079204 -3.278134 -6.663827 -7.719715 -10.554835 -3.501222 -6.552833 -5.070428 -8.840661 -3.804839 -10.923353 -12.067704 -4.378796 -4.014528 -9.719089 -1.766226 -11.495941 -11.581160 -13.370210 -8.041434 -3.200676 -4.708005 -6.397900 -10.557881 -7.167414 -3.574672 -2.959787 -5.973812 -7.196026 -12.341354 -2.371521 -12.147840 
-9.213247 -9.366895 -10.762570 -7.234416 -6.836831 -3.868391 -14.586274 -4.088321 -1.544238 -13.221008 -9.950900 -7.442687 -5.626324 -11.690344 -4.079204 -12.602311 -3.686616 -8.948668 -9.746110 -13.939395 -7.348356 -5.731736 -8.211024 -3.749364 -4.759957 -9.175444 -13.696638 -8.264260 -6.496910 -4.423538 -11.495941 -11.581160 -0.922208 -8.929022 -3.208433 -5.253994 -5.445152 -12.064080 -14.303815 -8.060288 -3.051525 -8.501261 -7.197592 -12.737291 -12.729493 -3.992928 -11.302190 -6.280510 -22.567748 -0.791840 -5.078592 -7.753974 
-8.956103 -6.568461 -13.721137 -8.764068 -7.113503 -3.868391 -10.087860 -7.436961 -2.527234 -9.485219 -10.973061 -5.765400 -5.453215 -12.439543 -4.079204 -9.049517 -6.838519 -8.948668 -10.184331 -11.285506 -6.626779 -8.538478 -8.211024 -3.749364 -7.432102 -6.849825 -13.804664 -11.674706 -6.436134 -14.733920 -11.502373 -12.322392 -2.028561 -10.727400 -3.974908 -5.659352 -6.435130 -8.349963 -5.810295 -4.462983 -0.950758 -3.170627 -7.918203 -1.768715 -10.579444 -22.061651 -3.992706 -8.763880 -3.924908 -9.930479 -7.702239 -13.456449 -4.690194 -4.560311 -6.161776 
-8.919694 -6.568461 -18.110123 -10.273808 -6.549812 -3.868391 -5.551978 -2.699383 -3.392920 -11.541875 -5.115903 -8.770286 -8.157872 -8.505613 -4.079204 -8.304812 -7.084736 -8.892095 -10.184331 -10.751739 -7.299427 -10.903823 -8.211024 -3.749364 -7.432102 -5.522043 -13.639808 -9.303969 -1.659416 -6.731352 -11.247926 -11.626478 -8.688368 -5.419641 -3.558873 -13.005002 -5.293319 -8.453516 -5.498523 -7.702239 -10.986051 -8.165679 -11.886862 -3.607611 -4.427593 -12.320916 -5.628308 -13.527441 -4.055296 -12.048989 -9.683200 -16.033358 -7.225851 -11.128974 -7.940713 -8.090247 -8.291620 -4.961750 -12.542129 -7.173682 
-8.919694 -4.518883 -10.445132 -9.250873 -10.918338 -4.068878 -5.001991 -6.089760 -0.890142 -11.910121 -13.698689 -8.540168 -2.433434 -7.109364 -4.079204 -4.348729 -6.667021 -7.600899 -10.184331 -6.206192 -6.696849 -9.589082 -5.384499 -3.702322 -8.735253 -6.841043 -6.534692 -10.652625 -1.659416 -3.924594 -7.846120 -12.185505 -4.654367 -5.812684 -5.244049 -12.441611 -4.447495 -9.962492 -4.761532 -6.531388 -6.173566 -9.446558 -6.652855 -14.079002 -3.290406 -7.309608 -7.280154 -17.921062 -7.799585 -10.804383 -1.527523 -9.089108 -7.530653 -9.797400 -12.704857 -5.162763 -6.277667 -4.440743 -5.049724 -12.877931 -4.102190 -1.999677 -3.980690 
-8.822859 -3.998603 -14.301682 -11.317836 -11.823438 -7.076935 -6.531388 -3.919711 -14.154351 -14.082591 -7.645541 -10.181049 -2.433434 -8.141818 -4.079204 -8.261000 -17.921062 -6.773065 -10.318758 -6.206192 -6.696849 -11.613130 -5.643716 -2.785104 -7.209937 -3.793346 -3.397025 -6.450001 -4.909390 -3.924594 -5.060476 -12.753975 -14.857291 -7.566530 -10.352590 -9.939050 -5.187195 
-9.436284 -10.332545 -11.985176 -8.517249 -8.073675 -9.626549 -7.926217 -7.342619 -4.743708 -5.846036 -7.350152 -12.014630 -1.919868 -8.364688 -4.079204 -5.142271 -18.495152 -4.758187 -9.716137 -6.206192 -11.311581 -11.157448 -7.702409 -3.129793 -7.274330 -6.791211 -3.749215 -8.150390 -5.761458 -3.924594 -13.026181 -13.214309 -7.171576 -7.159389 -11.355393 -6.001636 -11.703985 -14.194701 -8.076223 -13.821379 -8.358309 -11.555192 -11.643015 -7.177859 -13.906326 
-10.248378 -9.134551 -12.389883 -4.099422 -6.575549 -15.120929 -12.405008 -10.600104 -9.228054 -4.769288 -7.277379 -7.163403 -4.080619 -8.364688 -4.079204 -11.770628 -14.951343 -6.107191 -10.131425 -6.067322 -4.578513 -5.584007 -8.416672 -3.572620 -6.965344 -7.287873 -3.749215 -6.587556 -14.494375 -3.924594 -4.922767 -7.888289 -9.490756 -11.992071 -10.346609 -8.533374 -3.538682 -9.464951 -11.099605 
-10.248378 -3.132051 -10.579233 -5.126941 -11.127919 -3.288068 -1.795368 -10.600104 -10.359211 -7.114726 -12.772543 -3.565516 -3.956524 -8.364688 -4.228463 -12.302986 -13.425031 -6.107191 -9.567723 -6.659236 -4.137790 -3.694517 -3.727894 -7.756189 -8.222249 -7.287873 -4.310435 -8.479690 -12.514313 -3.924594 -12.647637 -8.517124 -8.546007 -8.989381 -10.833310 -12.039283 -8.628236 -11.646007 -8.331355 -9.790216 
-10.248378 -7.043182 -8.426868 -4.266596 -10.764353 -8.985864 -11.995473 -12.217659 -9.528698 -13.970728 -7.520844 -8.112499 -5.288415 -8.887632 -4.228463 -9.399809 -5.045343 -7.333400 -9.567723 -7.501224 -13.031360 -11.710234 -3.085103 -11.774983 -11.243039 -7.287873 -3.499516 -10.701382 -11.239946 -3.924594 -8.174633 -9.435178 -9.563490 -8.249177 -8.742371 -8.793087 -9.621220 -6.684077 -9.657772 -7.838109 -11.288282 -7.571409 -2.604368 
-10.591284 -4.649149 -4.414933 -2.480757 -11.382857 -2.372008 -11.156958 -13.292240 -8.836613 -8.214706 -5.705770 -7.958684 -4.759445 -7.951052 -4.228463 -1.307952 -8.154778 -8.160594 -9.567723 -7.501224 -5.501997 -8.836119 -7.474944 -11.598788 -9.420917 -7.287873 -3.208095 -1.494605 -8.369528 -3.924594 -5.111255 -5.122624 -7.723186 -4.977889 -10.743341 -14.098822 -10.067589 -4.048869 -9.830053 -3.959121 
-9.210188 -8.763802 -5.329211 -3.220186 -10.779567 -10.540244 -11.318848 -12.324313 -4.923005 -3.406025 -5.558268 -8.216933 -4.660898 -8.121038 -4.228463 -9.081354 -8.154778 -8.623554 -10.188098 -7.063827 -7.896049 -5.060822 -8.274631 -10.457393 -10.738099 -7.287873 -4.419063 -4.745995 -8.527689 -3.924594 -10.547398 -12.606848 -11.177524 -9.835343 -4.792218 -4.575388 -11.861732 -13.454521 -3.898659 -12.578217 -13.596056 -8.000041 -14.924273 -0.836078 -2.751758 -12.123156 -6.012677 -3.722456 
-9.196298 -15.163146 -2.589912 -7.792364 -12.258597 -9.721870 -19.718608 -10.595423 -4.923005 -6.383335 -10.732155 -8.764468 -3.002864 -8.121038 -4.228463 -10.309934 -6.003540 -7.041689 -4.762253 -7.163739 -4.634919 -4.715846 -15.536165 -7.762379 -10.738099 -7.287873 -4.419063 -2.968461 -8.159594 -3.924594 -1.419400 -2.220899 -5.481301 -8.496258 -3.486742 -5.349483 -7.602530 -5.121176 -7.027354 -7.812317 -4.174228 -6.842334 -10.475684 -10.236557 -5.421375 -4.589824 -11.080315 -6.422091 
-9.382164 -3.947166 -9.051308 -9.713001 -15.586085 -11.127976 -14.278888 -11.656283 -4.923005 -4.144977 -10.553703 -9.997674 -4.319209 -8.121038 -4.228463 -8.979642 -6.608022 -7.455002 -8.565349 -10.381246 -6.118843 -5.665856 -14.597770 -8.968188 -14.989621 -7.287873 -4.332934 -11.296753 -6.938030 -3.924594 -5.147233 -7.365941 -1.964240 -10.087981 -3.486742 -2.292697 -7.916982 -9.417682 -4.375608 -4.139625 -8.505906 -6.122789 -8.006772 -4.613872 -11.712984 -8.571965 -6.091153 -12.735372 -8.308720 -7.427254 -8.976328 -8.225132 -1.348045 -22.338326 -2.703200 -9.007811 -6.200521 -6.259718 -3.323046 -12.690192 -12.146320 -5.661219 -20.186397 
-9.856407 -6.948945 -14.767913 -4.170260 -11.842777 -12.104319 -6.652254 -9.381148 -6.724019 -7.860414 -7.587286 -5.952981 -10.811975 -8.121038 -4.228463 -9.289254 -5.535085 -11.273926 -8.565349 -11.247535 -11.971152 -5.868146 -5.661277 -10.431505 -14.619965 -7.473826 -4.332934 -22.622432 -6.226620 -3.924594 -4.252578 -3.469905 -10.861520 -8.301723 -6.467693 -0.909762 -7.450818 -10.973762 -12.047143 -4.619288 -8.267660 -7.613894 -1.666616 -3.632000 -7.967468 -12.918634 -10.743555 -3.927358 -7.156891 -12.895169 -6.564187 -4.303648 -6.103426 -6.463821 -3.657440 -12.506653 -7.123177 
-11.454662 -7.281204 -11.877293 -5.506629 -22.777440 -10.390661 -4.830857 -6.287248 -11.691707 -9.623760 -9.868858 -5.590428 -1.666616 -8.296818 -4.228463 -9.314750 -6.964823 -10.853431 -8.565349 -11.425550 -9.362096 -7.793099 -3.277832 -9.100649 -11.765186 -6.608451 -4.332934 -14.328540 -6.226620 -3.924594 -7.684551 -9.880112 -3.791303 -5.591966 -11.373279 -8.012733 -7.316671 -13.908824 -5.934846 -11.004812 -5.356890 -5.272089 -9.127654 -2.429410 
-11.454662 -7.088290 -11.877293 -4.415831 -6.286822 -11.657903 -5.543071 -3.951058 -18.220961 -9.671490 -6.250171 -9.807978 -12.119727 -8.296818 -4.228463 -10.205996 -2.870925 -6.910334 -6.888795 -11.772908 -9.634457 -7.793099 -8.336744 -11.517011 -9.190523 -6.608451 -3.707166 -9.775559 -7.344737 -3.924594 -12.386336 -3.537759 -1.080248 -4.936983 
-10.775747 -7.083328 -11.877293 -6.253261 -3.924594 -7.493990 -5.642327 -3.951058 -11.467709 -9.335918 -6.642607 -3.822989 -22.218111 -8.296818 -4.228463 -9.347385 -2.466044 -7.163554 -7.229117 -11.008158 -9.282388 -6.731227 -6.526255 -11.754922 -8.342027 -2.685054 -11.536276 -9.615543 -18.920908 -1.705927 -9.534682 -21.095784 -8.461485 -13.712449 -6.662320 -7.040798 
-10.775747 -7.083328 -11.877293 -3.068431 -3.924594 -8.046437 -9.384300 -3.951058 -10.787134 -4.738706 -8.171303 -4.575867 -10.242587 -8.296818 -4.228463 -9.955788 -2.466044 -14.842828 -6.942165 -11.167083 -3.524038 -6.194883 -14.356469 -13.074870 -10.267911 -15.004987 -8.363093 -5.170576 -14.025418 -7.242982 -7.098322 -14.638033 -6.305465 -6.155100 -3.527418 -8.828306 -12.601735 -9.707237 -13.000307 -3.354055 
-10.775747 -7.083328 -11.877293 -3.036420 -3.924594 -9.961964 -9.665882 -3.951058 -9.176447 -5.943004 -12.541465 -4.062756 -4.113033 -8.296818 -4.228463 -9.604671 -2.466044 -9.122787 -5.369942 -11.877007 -3.583865 -5.653518 -9.165998 -13.227418 -14.698471 -8.720503 -5.874077 -11.234586 -6.546847 -7.335247 -7.002308 -5.403606 -8.480842 -9.754576 -10.367457 -6.768881 -11.385491 -18.871673 -8.779988 -9.451564 -12.428385 
-9.627779 -7.377159 -11.877293 -9.264849 -3.924594 -8.164154 -18.278985 -3.233978 -7.971585 -4.222577 -9.580349 -3.936513 -7.767404 -8.296818 -4.228463 -11.629472 -2.887267 -12.674952 -5.160927 -11.604515 -10.288149 -7.731802 -4.371826 -12.029041 -8.481590 -7.072121 -5.874077 -10.693190 -6.080659 -7.335247 -5.937536 -10.599964 -8.478191 -10.028052 -12.073205 -7.128646 -21.300404 -14.578639 -8.902754 -5.637276 -6.118665 -4.758821 -9.712159 -5.006185 
-8.233792 -7.377159 -9.712159 -8.172194 -3.924594 -11.961194 -19.370425 -4.323579 -11.232120 -6.099814 -10.185863 -3.553653 -9.457944 -7.701984 -4.228463 -9.911496 -15.184210 -11.764909 -6.177424 -3.520260 -7.218666 -4.970084 -1.968718 -3.083021 -15.095019 -4.864768 -15.928999 -5.160529 -7.445868 -7.465431 -5.928757 -9.655809 -8.353817 -12.710588 
-8.157603 -7.465431 -9.712159 -8.172194 -3.924594 -13.959771 -16.873971 -3.304198 -6.753590 -5.635160 -10.388008 -3.608610 -9.152831 -8.222554 -4.228463 -9.430471 -9.262871 -4.059119 -9.662570 -10.566579 -11.694976 -13.795637 -3.133016 -10.317814 -6.468521 -7.993010 -9.124334 -8.399434 -4.352581 -6.731165 -8.678191 -6.182528 -6.609313 -5.279067 -4.442182 -13.792476 -8.405772 -3.898743 -5.381042 -5.038390 -3.386490 -5.065209 -4.174152 
-8.157603 -6.499380 -10.251814 -7.317085 -3.924594 -4.505104 -18.518055 -3.414712 -6.456121 -11.336586 -12.748574 -4.558079 -8.309497 -8.222554 -4.228463 -9.430471 -10.118011 -3.988786 -7.958298 -11.150864 -6.064800 -5.892639 -4.084572 -9.401617 -8.101811 -6.306011 -7.783345 -10.788280 -4.352581 -14.315476 -12.839249 -2.162709 -5.647921 -5.066884 -4.424976 -4.975831 -12.077786 -13.208789 -7.034378 -2.416636 -4.391373 -4.882293 
-7.628291 -7.158662 -9.232073 -7.549155 -3.924594 -4.634090 -12.747540 -7.227583 -3.022296 -11.336586 -7.356044 -3.882472 -6.421959 -9.462660 -4.228463 -9.430471 -7.421650 -6.233904 -4.997872 -8.328427 -4.233838 -8.142489 -4.634553 -2.982672 -6.761171 -5.412228 -6.554014 -7.000189 -2.852571 -5.658203 -3.649953 -2.002928 -22.608414 -11.738970 -12.220669 -10.915085 -4.581079 -8.127713 -2.103845 -11.119652 -7.836153 -15.789006 
-8.168495 -9.003840 -8.971962 -3.455490 -3.924594 -4.634090 -6.443237 -14.481503 -10.268831 -12.984441 -9.738279 -3.835196 -6.913990 -6.076059 -4.228463 -11.933168 -8.358692 -10.276391 -8.969101 -8.328427 -6.851107 -7.784315 -2.939303 -6.375040 -6.761171 -7.035971 -6.733263 -9.955085 -3.149929 -6.041419 -11.321136 -5.900655 -21.190991 -10.597240 -4.674791 -5.761578 -7.991088 -7.974344 -2.770100 -11.641163 -6.230179 -9.160026 -12.346156 -4.538007 -2.321711 
-8.426544 -12.823756 -8.971962 -4.129863 -3.924594 -12.050897 -7.137276 -14.373855 -9.751664 -11.272076 -12.342197 -2.903952 -7.008306 -10.266363 -4.228463 -13.171557 -6.405873 -5.195745 -4.676443 -8.328427 -6.310902 -10.414862 -3.350202 -5.456321 -6.761171 -7.924701 -7.673984 -7.452450 -3.946798 -5.711086 -11.968326 -6.415059 -11.611549 -8.193281 -8.527600 -10.162612 -5.429599 -8.106619 -2.394505 -8.227589 -8.208780 -2.965942 -2.811914 -5.457275 -3.919043 -2.161903 -11.641107 -10.522103 
-8.011236 -8.363332 -10.693668 -14.825365 -3.924594 -6.587627 -5.080082 -6.965069 -7.739555 -10.165534 -3.177413 -13.093826 -7.008306 -10.520874 -4.003345 -8.106619 -18.208999 -14.787904 -10.617508 -8.333286 -6.000940 -10.762826 -1.978953 -7.536064 -6.761171 -6.591560 -7.432119 -4.449108 -3.514181 -9.932363 -14.411041 -4.486168 -12.110684 
-8.570762 -7.925269 -6.182076 -6.721332 -3.924594 -6.280615 -5.206502 -14.220674 -9.564450 -10.383350 -12.339824 -3.946456 -6.667693 -10.934343 -4.003345 -7.226580 -2.123622 -4.593093 -9.541939 -8.496869 -6.000940 -8.313688 -2.207282 -9.319698 -7.031259 -10.414683 -11.104384 -2.569540 -3.514181 -9.468884 -3.220237 -4.386972 -10.908659 -11.998637 -4.624252 -8.293517 -3.287062 -8.656117 -9.114295 -8.135180 -4.074276 -9.931311 -4.178264 -11.989731 -11.586429 -18.749862 -4.666783 -4.925768 -3.460645 -22.830526 -5.581939 -9.498800 -2.454502 -6.347637 
-13.835820 -9.772178 -3.223180 -10.976032 -3.924594 -11.332321 -9.615175 -11.255146 -5.041901 -10.383350 -8.494255 -4.505225 -6.731105 -10.218482 -4.003345 -8.238260 -10.830483 -4.510135 -10.004772 -8.251689 -3.638396 -11.139659 -4.034896 -5.263969 -7.031259 -9.428323 -5.922563 -4.689448 -2.634972 -11.265204 -3.309745 -9.132132 -6.392028 -4.126289 -5.087358 -8.870434 -8.782716 -5.675711 -20.912187 -12.331187 -5.458722 -7.250384 -5.033146 -9.215169 -7.881378 -13.370498 
-2.526921 -10.264654 -8.216876 -9.858109 -3.924594 -7.058910 -9.828273 -13.477456 -7.170191 -6.759402 -4.079969 -8.421271 -8.870434 -9.395869 -4.003345 -8.238260 -10.176337 -13.005105 -10.231607 -8.937530 -12.898141 -8.025204 -8.259633 -5.263969 -7.667063 -11.739249 -6.277128 -1.697897 -4.160903 -9.764847 -1.705608 -5.795516 -2.680915 -4.189789 -14.262045 -5.387105 
-8.698523 -10.160836 -9.715243 -2.617854 -3.924594 -12.522160 -9.828273 -4.402743 -7.170191 -8.392890 -2.620971 -10.616930 -9.005822 -9.956414 -4.003345 -8.238260 -9.440703 -8.064222 -12.783842 -8.937530 -8.485624 -3.026565 -6.998561 -5.263969 -7.216225 -11.447378 -13.876590 -3.179939 -3.381098 -9.162450 -6.634937 -12.259457 -4.583755 -3.272845 -4.524838 -7.500107 -12.863748 -8.979346 -9.344644 -7.554667 -8.251738 -2.379897 -10.641383 -11.277913 -10.354488 -13.194083 -10.458393 -14.030265 -8.108853 
-9.742670 -11.075252 -0.959058 -2.059555 -3.924594 -7.076134 -3.791415 -3.713216 -6.508824 -11.707019 -7.445069 -9.242955 -3.292335 -11.309602 -4.003345 -8.238260 -9.925508 -11.518131 -11.780784 -8.937530 -9.847163 -14.544521 -13.379031 -5.263969 -7.166999 -4.523517 -14.832128 -10.697085 -3.381098 -9.882387 -9.480040 -6.490209 -5.247221 -7.393045 -11.267104 -6.856974 -9.212547 -5.038022 -2.024380 -9.494948 
-8.217602 -4.357896 -11.722126 -11.522515 -3.924594 -1.294945 -4.387335 -8.214443 -6.812971 -13.184380 -9.109983 -4.002630 -20.472098 -3.679814 -4.003345 -8.238260 -9.284374 -9.519321 -11.093143 -9.035332 -1.084453 -11.500359 -6.570978 -8.230983 -7.182266 -6.302048 -6.902359 -10.954867 -4.059201 -11.403708 -4.536651 -4.524025 -6.224108 -6.791359 -12.281336 -10.138365 -14.498710 -5.272247 -11.557150 -12.477306 -4.816401 -5.490986 -9.438043 -12.608958 -6.315557 -2.773466 -9.386789 -13.679573 -9.495686 
-6.387033 -4.357896 -3.422545 -14.661758 -3.924594 -2.802573 -3.836166 -7.466863 -6.812971 -2.694982 -12.690774 -11.751841 -20.472098 -10.092059 -4.003345 -11.710262 -9.602236 -6.159688 -7.862923 -1.866099 -5.149666 -5.724752 -6.712479 -5.379968 -7.182266 -4.527940 -4.272666 -8.535306 -4.059201 -11.913373 -10.194852 -9.376176 -5.999256 -4.653758 -11.508567 -13.755472 -9.158941 -13.747834 -8.858452 -5.316809 -6.243654 -3.816662 
-10.820446 -5.708824 -3.422545 -4.218416 -3.955038 -3.069381 -9.388592 -12.223395 -7.337520 -8.546551 -12.569590 -12.193858 -9.158941 -11.076658 -4.003345 -9.883749 -9.352916 -9.220914 -7.558625 -3.194782 -11.564609 -4.933814 -11.360499 -13.001798 -7.182266 -7.050894 -3.356547 -8.579553 -8.419749 -11.361650 -8.608452 -9.441536 -5.120323 -4.653758 -10.810214 -3.961869 -3.940470 -6.137459 -19.966624 -6.155878 
-10.177865 -5.708824 -22.190202 -11.674507 -3.955038 -5.468167 -2.937613 -4.640102 -7.208175 -13.198456 -11.490269 -12.002208 -9.158941 -9.487879 -4.003345 -11.669323 -9.484244 -9.844739 -12.591788 -8.430806 -14.082805 -14.842819 -12.493695 -7.275574 -6.638973 -5.642477 -3.534932 -8.067445 -11.513141 -4.633038 -3.416820 -7.410799 -5.384143 -4.653758 -5.359103 -4.996030 -3.543422 -11.119556 -12.263765 -2.057487 -6.145488 -3.420455 -3.714535 -4.196311 -9.893152 -13.673642 -4.215861 -2.548155 -3.827902 -10.156770 -8.103325 -3.138175 -12.163634 
-10.115025 -5.421169 -6.920197 -10.510736 -3.955038 -8.854493 -2.875362 -3.418240 -6.964337 -3.963057 -3.159897 -10.634120 -10.315493 -8.697121 -4.003345 -3.163942 -9.484244 -8.144748 -12.850619 -5.760921 -3.911983 -18.858124 -9.011605 -9.965138 -6.860468 -3.381029 -11.584594 -8.067445 -13.052611 -5.447423 -7.845106 -6.146395 -5.732659 -4.849134 -11.190737 -2.168028 -3.831765 -4.074148 -5.941691 -1.914652 -10.899888 -5.052343 -7.475595 -6.060874 -2.469614 -14.224227 
-10.115025 -5.421169 -6.924275 -11.861808 -3.955038 -7.350284 -3.525608 -10.330309 -6.769835 -2.634849 -8.171008 -10.014136 -6.594880 -8.897168 -4.003345 -6.737978 -11.148852 -13.679454 -12.850619 -5.760921 -8.884820 -6.655718 -9.011605 -9.500261 -6.843249 -19.354623 -14.274844 -8.067445 -7.524577 -3.130906 -7.003284 -6.146395 -6.278746 -7.014780 -3.943232 -7.120893 -3.350669 
-10.115025 -5.421169 -13.334600 -11.861808 -3.955038 -4.830703 -4.143448 -10.929167 -6.718334 -1.484558 -12.112898 -14.453886 -7.373309 -8.897168 -4.003345 -8.111852 -10.595430 -14.669295 -9.880687 -5.760921 -11.386135 -13.727752 -7.812584 -7.594943 -6.843249 -20.211339 -3.350669 -8.624989 -6.063035 -12.209352 -4.174593 -6.885140 -4.796059 -10.799348 -12.824094 -4.897662 -7.549378 -1.357638 -8.890134 -8.118100 
-10.115025 -5.218257 -9.234794 -11.231584 -3.955038 -15.026039 -3.065194 -10.620731 -6.745417 -1.484558 -10.191614 -11.249001 -2.272753 -8.897168 -4.003345 -8.172204 -4.661402 -7.351397 -10.760612 -5.305482 -10.044936 -9.698206 -7.806036 -10.200636 -3.895059 -6.921074 -3.683737 -6.407579 -7.097588 -13.260563 -8.418152 -5.630361 -8.055091 -6.487270 -15.162267 -9.979758 -5.222739 -8.624278 -4.517466 
-10.115025 -5.218257 -9.538145 -13.778138 -3.955038 -15.026039 -3.498461 -8.068279 -6.752486 -4.278790 -7.775589 -10.987820 -9.168522 -8.897168 -4.003345 -8.654401 -6.131279 -6.132310 -10.099456 -4.075122 -11.636730 -14.374529 -7.778498 -10.315058 -6.989249 -14.589836 -12.234850 -11.111338 -2.089128 -10.689073 -8.377225 -5.630361 -9.567791 -11.704285 -3.880508 -14.264862 -3.322186 -5.111509 -9.478400 -12.951900 -6.382024 
-10.115025 -5.218257 -9.500921 -11.143294 -3.955038 -14.330715 -3.498461 -13.891163 -7.222351 -4.278790 -10.006096 -7.457947 -10.228278 -8.897168 -4.003345 -8.654401 -2.801103 -9.050143 -8.340718 -4.840466 -9.973364 -9.390741 -12.802395 -4.731834 -7.212966 -10.882867 -7.446383 -4.197452 -1.694590 -8.835384 -9.294927 -7.258261 -8.193779 -8.989288 -7.253791 
-10.115025 -7.470071 -8.334171 -7.906833 -3.955038 -14.282983 -3.477341 -1.733610 -12.705281 -14.097758 -7.772190 -9.278721 -12.636028 -8.897168 -4.116844 -8.425096 -6.605607 -7.012173 -9.739693 -4.027545 -10.814477 -4.101760 -8.130355 -10.357322 -7.309791 -9.697858 -9.630055 -22.122637 -12.348330 -8.632300 -5.879007 -3.015871 -9.820210 -3.544772 -4.253254 -8.303479 
-10.115025 -7.470071 -12.021723 -3.940645 -2.215827 -14.282983 -3.483987 -12.597990 -11.898516 -11.362697 -5.376552 -3.865377 -10.382757 -8.330290 -4.116844 -8.425096 -6.219102 -3.910087 -9.245603 -5.644285 -12.442780 -3.693985 -7.649572 -11.074948 -4.654482 -11.793464 -8.291251 -4.169926 -5.782472 -5.133288 -3.944726 -8.141710 -11.317202 -6.108122 -12.696822 -12.326522 -5.125402 -2.964720 -17.806169 -6.799101 -3.281061 -13.927115 -1.034378 -14.526918 -8.490195 -12.818741 
-5.361010 -6.932778 -14.733180 -3.662679 -4.906277 -4.852360 -10.779765 -12.969479 -6.995491 -4.633061 -8.895000 -12.215126 -10.378806 -8.290094 -4.116844 -8.425096 -7.447331 -5.696466 -11.488685 -9.603553 -4.574991 -8.226159 -7.840378 -7.483117 -8.114187 -2.646944 -5.010276 -7.931374 -10.267604 -12.569566 -3.944726 -11.010355 -3.226900 -10.901170 -13.899893 -9.310963 -10.056396 
-7.769475 -7.200434 -6.141243 -3.662679 -10.442259 -4.121215 -9.529630 -12.230097 -9.135349 -10.026067 -11.298292 -6.681951 -11.197525 -8.290094 -4.116844 -8.421172 -7.447331 -9.379329 -9.990832 -8.984976 -8.708788 -8.236268 -5.024259 -7.483117 -7.176569 -1.919299 -21.482615 -4.141692 -10.202766 -3.213270 -3.944726 -5.451037 -5.935128 -7.956876 -16.666962 -11.298033 -6.275051 -5.148974 -2.934726 -9.193767 -4.145245 -6.685561 -7.766294 -8.223089 
-9.949110 -7.200434 -2.400063 -3.662679 -4.588539 -3.553022 -11.223938 -12.230097 -4.736602 -9.511329 -9.787324 -7.940444 -9.263952 -7.631975 -4.116844 -8.421172 -4.054173 -14.121437 -2.043269 -8.984976 -15.565532 -9.954114 -14.798967 -8.778758 -7.090935 -1.919299 -9.465350 -4.860845 -6.836519 -2.095322 -3.944726 -8.991180 -7.986936 -10.640674 -16.666962 -6.789703 -9.657845 -9.654662 -3.631156 -10.839138 -5.905003 -5.465196 -6.507635 -4.706273 -10.942669 -11.651724 -6.949586 -7.474886 -5.414372 -7.764451 -6.529474 -9.989022 -3.102944 -10.223468 -4.839615 -13.994208 -11.245814 -4.320289 -13.811208 -6.607038 -20.895500 -6.222236 
-9.353636 -7.357637 -6.967270 -3.662679 -4.787670 -3.958463 -3.441267 -0.970814 -2.096584 -6.339338 -22.112668 -20.036208 -7.890529 -7.631975 -4.116844 -7.892937 -12.373584 -5.801039 -4.950322 -9.228705 -12.807390 -3.597966 -8.460319 -9.532150 -5.866047 -2.506238 -4.047378 -4.721382 -6.836519 -13.821473 -3.944726 -8.685598 -14.144228 -12.443303 -16.666962 -13.881526 -10.902210 -3.977184 -4.027276 -12.553852 -7.960524 -4.781882 -4.196110 -7.716058 -6.833047 -9.651669 -3.733416 -4.238284 -3.193637 -11.033363 -5.112629 -6.857894 -9.420373 -11.849595 -11.074710 -12.317366 -2.990046 -1.796474 -12.557740 -4.683104 -5.944043 -9.730250 -7.921705 
-9.860192 -7.357637 -9.539439 -3.662679 -3.872083 -4.806165 -6.106086 -12.339817 -8.259954 -8.517982 -4.581604 -5.407547 -5.022841 -7.631975 -4.116844 -7.892937 -11.907091 -7.138224 -13.480953 -9.936810 -7.016202 -9.720036 -6.985759 -4.674976 -11.849595 -1.507881 -4.863393 -3.663012 -6.836519 -14.327254 -3.944726 -9.365386 -13.518371 -9.590677 -16.666962 -14.279122 -10.432829 -2.225179 -10.633602 -7.694050 -8.617598 -5.194252 -9.472488 -5.600788 -14.588438 -9.684310 -12.161314 -4.009273 -11.324924 -8.055541 -3.347670 -3.635698 -4.532153 -9.046236 -6.972075 
-4.248698 -7.357637 -8.232122 -3.662679 -3.381337 -12.230949 -6.799264 -7.196578 -2.041162 -8.196715 -5.214056 -8.121396 -14.464062 -7.631975 -4.116844 -7.892937 -7.090112 -5.120632 -2.961048 -9.936810 -9.858641 -9.430602 -14.026182 -8.668932 -11.349759 -1.540302 -13.257510 -7.553867 -6.836519 -15.258067 -3.944726 -9.735889 -6.247657 -9.458320 -16.666962 -5.866139 -11.843336 -2.225179 -12.551519 -5.322501 -15.268764 -7.665891 -6.263710 -2.204649 -15.323688 -14.823854 -3.309403 
-3.792239 -7.808891 -6.224735 -3.662679 -9.164404 -5.699662 -5.652414 -11.673245 -9.305391 -8.307266 -2.021362 -8.433782 -5.589650 -7.631975 -4.116844 -7.892937 -7.922458 -9.211557 -4.487249 -9.701147 -9.040785 -6.769273 -14.195739 -9.493463 -13.856596 -15.048338 -6.573412 -7.673360 -6.836519 -5.715662 -3.944726 -10.015222 -9.059052 -9.521142 -17.430993 -3.073361 -8.557009 -11.651771 -22.589542 -8.091884 -11.256754 -8.178205 -9.393986 -3.964816 -6.378701 
-11.720612 -7.808891 -8.919754 -3.952015 -4.807948 -13.547835 -5.596503 -6.983446 -8.456207 -8.307266 -2.872868 -4.654530 -2.924746 -7.580780 -4.251857 -7.892937 -5.886090 -8.315971 -6.395277 -12.513756 -11.875080 -10.826497 -4.553687 -12.442525 -12.359854 -7.435643 -13.321699 -4.034227 -6.577584 -6.676599 -3.944726 -9.388188 -5.618855 -12.842338 -16.452820 -1.883190 -11.734053 -9.698003 -6.169489 -7.524269 -9.264682 -9.320028 -4.734561 -13.039938 -2.986930 -3.792452 -5.333668 -9.647061 
-12.646052 -7.572244 -8.047303 -3.952015 -7.225828 -6.624443 -14.918513 -10.980352 -8.889899 -10.140036 -10.665380 -13.230736 -10.954424 -10.482398 -4.251857 -7.892937 -8.115468 -2.055078 -4.984363 -4.510194 -7.614913 -8.379741 -1.862071 -8.517116 -6.850304 -7.098908 -2.942820 -9.981770 -6.577584 -6.520046 -3.944726 -8.959210 -3.655590 -9.396068 -15.066366 -11.483925 -11.425185 -10.728548 -9.374089 -8.454822 -11.786368 -1.655112 -5.827399 -9.967220 -5.069688 -4.649751 -5.484764 
-13.591577 -6.793476 -5.436429 -3.708731 -7.350607 -10.643897 -12.107176 -2.312843 -8.785203 -6.313636 -5.701861 -13.537471 -10.954424 -10.482398 -4.251857 -7.876322 -8.706164 -4.076210 -4.984363 -1.951894 -14.082032 -6.755469 -11.401062 -11.211814 -7.765157 -8.655617 -6.053763 -5.434814 -6.149412 -4.029026 -3.944726 -5.815903 -11.764331 -10.415150 -19.293827 -9.904109 -14.856620 -5.154174 -9.824272 -4.148902 -6.777003 -6.833250 -13.336747 -9.338364 -12.078544 -22.728923 -3.046672 -13.885667 -4.084350 -8.933799 
-19.874187 -11.826118 -9.808024 -4.586661 -10.034287 -10.686137 -12.585861 -10.100757 -9.224879 -7.540540 -5.604568 -12.996325 -11.024469 -10.482398 -4.251857 -8.625434 -8.706164 -11.370469 -2.696878 -2.099080 -4.408168 -9.578296 -10.621638 -10.673745 -3.944726 -7.811213 -5.500360 -6.498423 -6.451566 -6.251564 -2.626771 -5.126114 -6.749539 -8.090630 -10.857847 -4.449603 
-9.302452 -2.597473 -6.813220 -4.586661 -8.646826 -2.443309 -4.864763 -14.019222 -6.832907 -14.521812 -5.668219 -14.725923 -11.024469 -10.482398 -4.251857 -8.999038 -8.534953 -7.003906 -3.720106 -11.050234 -4.970903 -1.475944 -10.679978 -10.895906 -3.944726 -8.731920 -12.546363 -8.514476 -6.977857 -7.672378 -12.164185 -6.756786 -3.259192 -8.965265 -13.865335 -15.211631 -1.706975 -10.114405 -1.986634 -4.562162 -3.822790 -7.716742 
-9.131074 -4.954882 -11.682437 -3.963870 -8.351554 -6.925556 -13.781815 -10.743409 -13.999655 -14.008734 -5.816167 -7.781107 -11.024469 -10.482398 -4.251857 -8.999038 -11.746968 -12.876220 -7.167940 -3.701158 -6.299783 -7.380044 -8.191448 -11.164944 -3.944726 -8.731920 -14.600153 -7.585990 -7.308002 -10.060652 -4.119857 -8.857888 -13.213620 -4.017267 -12.219581 
