0.000000 0.018098
0.000000 0.018084
0.000000 0.018419
0.000000 0.016190
0.000000 0.023725
0.000000 0.009373
0.000000 0.011880
0.000000 0.012317
0.000000 0.012751
0.000000 0.020814
0.000000 0.021677
0.000000 0.020478
0.000000 0.017329
0.000000 0.014019
0.000000 0.016586
0.000000 0.016415
0.000000 0.014870
0.000000 0.026540
0.000000 0.014631
0.000000 0.034863
0.000000 0.025767
0.000000 0.014199
0.000000 0.028157
0.000000 0.014299
0.000000 0.024292
0.000000 0.034671
0.000000 0.021841
0.000000 0.023185
0.000000 0.022007
0.000000 0.025234
0.000000 0.021248
0.000000 0.016736
0.000000 0.016348
0.000000 0.012649
0.000000 0.014728
0.000000 0.016643
0.000000 0.013821
0.000000 0.013331
0.000000 0.014847
0.000000 0.011724
0.000000 0.013491
0.000000 0.015198
0.000000 0.012866
0.000000 0.016683
0.000000 0.011524
0.000000 0.010220
0.000000 0.014238
0.000000 0.009666
0.000000 0.021135
0.000000 0.015462
0.000000 0.011090
0.000000 0.016589
0.000000 0.012899
0.000000 0.013944
0.000000 0.018230
0.000000 0.013743
0.000000 0.014236
0.000000 0.015626
0.000000 0.017056
0.000000 0.010757
0.000000 0.012126
0.000000 0.013928
0.000000 0.012934
0.000000 0.011144
0.000000 0.017846
0.000000 0.011706
0.000000 0.011908
0.000000 0.012768
0.000000 0.009193
0.000000 0.015018
0.000000 0.014187
0.000000 0.017330
0.000000 0.016748
0.000000 0.011246
0.000000 0.013179
0.000000 0.021625
0.000000 0.015468
0.000000 0.019053
0.000000 0.015160
0.000000 0.025467
0.000000 0.008396
0.000000 0.014659
0.000000 0.011219
0.000000 0.008841
0.000000 0.010743
0.000000 0.016133
0.000000 0.019877
0.000000 0.012633
0.000000 0.010045
0.000000 0.011818
0.000000 0.012123
0.000000 0.013755
0.000000 0.009889
0.000000 0.016643
0.000000 0.013452
0.000000 0.010947
0.000000 0.011038
0.000000 0.018546
0.000000 0.011203
0.000000 0.019679
0.000000 0.016324
0.000000 0.013407
0.000000 0.017436
0.000000 0.016451
0.000000 0.025932
0.000000 0.020722
0.000000 0.019401
0.000000 0.018965
0.000000 0.016954
0.000000 0.017704
0.000000 0.014419
0.000000 0.010098
0.000000 0.012036
0.000000 0.016062
0.000000 0.016941
0.000000 0.015077
0.000000 0.011950
0.000000 0.011565
0.000000 0.014032
0.000000 0.013973
0.000000 0.026559
0.000000 0.015364
0.000000 0.015004
0.000000 0.011784
0.000000 0.014881
0.000000 0.008638
0.000000 0.014617
0.000000 0.008730
0.000000 0.018652
0.000000 0.009335
0.000000 0.010268
0.000000 0.013820
0.000000 0.019677
0.000000 0.014952
0.000000 0.011048
0.000000 0.009678
0.000000 0.016063
0.000000 0.017483
0.000000 0.018054
0.000000 0.011517
0.000000 0.012485
0.000000 0.011762
0.000000 0.013464
0.000000 0.012682
0.000000 0.012205
0.000000 0.009324
0.000000 0.010382
0.000000 0.021333
0.000000 0.013546
0.000000 0.020171
0.000000 0.013290
0.000000 0.017992
0.000000 0.023958
0.000000 0.017898
0.000000 0.021750
0.000000 0.009766
0.000000 0.013796
0.000000 0.011020
0.000000 0.016392
0.000000 0.014704
0.000000 0.027918
0.000000 0.011862
0.000000 0.012413
0.000000 0.015924
0.000000 0.011060
0.000000 0.014641
0.000000 0.017057
0.000000 0.014007
0.000000 0.011875
0.000000 0.021145
0.000000 0.011459
0.000000 0.019753
0.000000 0.011627
0.000000 0.020251
0.000000 0.020850
0.000000 0.011175
0.000000 0.021381
0.000000 0.017438
0.000000 0.011729
0.000000 0.015959
0.000000 0.016277
0.000000 0.018663
0.000000 0.013084
0.000000 0.016439
0.000000 0.011781
0.000000 0.021771
0.000000 0.013800
0.000000 0.015374
0.000000 0.011170
0.000000 0.013211
0.000000 0.012056
0.000000 0.011506
0.000000 0.012832
0.000000 0.020887
0.000000 0.013197
0.000000 0.009793
0.000000 0.008808
0.000000 0.015115
0.000000 0.015079
0.000000 0.022665
