-56.068959 -52.498058 -58.523585 -56.112690 -62.804189 -55.913970 -61.055770 -58.608772 -46.834015 -60.082918 -60.454635 -60.882349 -55.482716 -67.565956 -68.160100 -54.961516 -54.096831 -66.439074 -36.609888 -65.161464 -50.566088 -46.808551 -63.015007 -63.259393 -58.882636 -60.266340 -73.047815 -68.282565 -65.917540 -57.079355 -47.934719 -55.400030 -35.259396 -57.474275 -47.567004 
-56.014865 -50.600302 -59.821726 -56.062842 -68.226294 -71.980853 -56.501292 -58.628413 -47.063373 -66.124906 -55.337196 -51.425089 -55.612364 -56.561664 -63.273229 -35.581437 -54.715255 -47.401709 -54.258005 -59.542870 -51.260975 
-56.014865 -47.245983 -69.815105 -55.847852 -39.120305 -68.627264 -49.127798 -58.665915 -45.152457 -62.225719 -51.376054 -63.458822 -55.671728 -56.225219 -61.044229 -65.546096 -54.783763 -46.866202 -53.267765 -56.720413 -46.768428 -68.743270 -65.910907 -47.976930 -56.055901 -61.277437 -59.210487 -60.521177 -59.227234 -69.148137 
-56.248847 -46.860452 -56.832963 -58.873419 -37.226260 -52.638920 -47.873933 -56.900103 -45.903614 -46.062305 -63.910606 -69.345468 -55.671728 -64.195885 -47.097390 -63.834477 -55.226323 -68.129540 -53.876022 -64.744809 -69.777105 -57.549066 -47.804709 -47.722632 -55.579363 -55.987638 -53.459696 -63.027149 -62.562954 -64.854021 -61.162156 -59.912771 
-56.685557 -49.480740 -57.390482 -58.973617 -70.801710 -52.850814 -65.052293 -59.987986 -45.337561 -57.375748 -61.794775 -41.520267 -55.845453 -64.264532 -49.064024 -40.403624 -55.782193 -49.526047 -55.366612 -50.300071 -66.947074 -54.231492 -64.799196 -48.132701 -55.899990 -62.785017 -53.763043 -68.387896 -70.411264 -49.783026 -65.972532 -61.403876 -61.728062 -66.750045 -74.636319 
-56.812407 -58.640588 -47.629464 -49.289068 -66.544380 -53.583452 -63.153618 -60.215856 -57.113741 -71.457328 -39.415560 -46.144090 -55.275707 -67.205852 -58.503537 -61.814360 -55.626094 -68.246534 -70.385614 -63.663447 -41.968351 -54.340681 -68.421691 -54.120992 -55.665011 -56.845031 -57.520155 -67.060182 -61.073996 -42.300770 -48.622645 -58.371902 -51.943876 -59.904310 -68.492879 
-56.566319 -58.245631 -51.215384 -60.295785 -62.396882 -55.646517 -57.819654 -64.016381 -48.145065 -63.142922 -64.600858 -45.508967 -55.186324 -52.092310 -56.153681 -35.103095 -66.099461 -57.458274 -62.641526 -69.066911 -59.371141 -53.810673 -57.739637 -54.693475 -54.071044 -52.496412 -67.615535 -72.466951 -70.337196 
-56.950686 -68.274509 -55.956260 -56.297888 -59.287989 -54.867680 -58.393475 -62.625156 -47.262467 -60.848969 -63.445834 -45.912532 -55.102385 -52.278024 -67.200399 -39.333033 -66.908444 -56.321239 -59.427496 -53.605721 -60.222758 -53.810673 -51.104293 -54.779360 -64.170440 -64.728926 -70.489402 -65.196446 -47.553570 -65.394619 -59.631534 -65.734580 -57.735543 -65.035633 -66.466218 
-57.611913 -53.844391 -64.509434 -56.653350 -63.107898 -53.015652 -65.569391 -66.567258 -48.293468 -55.309186 -62.437699 -46.720696 -57.147430 -52.786378 -45.601574 -38.934210 -66.836385 -62.742794 -58.266214 -52.999046 -56.730913 -71.347610 -52.370316 -57.673897 -63.944507 -69.220542 -67.558067 -57.515523 -55.740936 -48.968476 -56.673468 -61.407174 -66.573402 -58.708830 -65.999743 
-65.885295 -54.266725 -55.329062 -56.030286 -63.696883 -67.821905 -60.316755 -46.275580 -48.415893 -55.304907 -64.025352 -48.452031 -56.475818 -52.625298 -71.864610 -56.092745 -53.749670 -65.414135 -59.119764 -65.995996 -55.657815 -62.094929 -52.231493 -51.530361 -63.871787 -60.517451 -39.367485 -57.372222 -54.847869 -63.046594 -74.093916 -63.392018 -70.731070 -64.029288 -56.860608 -66.025651 -54.060721 -68.021215 -67.021279 -69.738246 
-72.737233 -55.641069 -54.963147 -55.900955 -65.901465 -62.346628 -60.329481 -46.084341 -69.194561 -55.694845 -66.574674 -57.048460 -56.949385 -52.524620 -72.008881 -62.651946 -52.813248 -65.593999 -58.498181 -58.853019 -63.073177 -54.626199 -52.284872 -61.788479 -68.950841 -57.753243 -39.528656 -58.763360 -62.170107 -57.268432 -61.086588 -47.802787 -64.872017 -60.727755 -61.721267 -35.873828 -56.596059 -49.061464 -61.604149 -47.267868 
-63.422367 -56.018939 -55.276229 -56.124213 -68.913018 -39.389545 -61.377258 -46.075226 -56.047586 -55.907432 -66.381836 -71.803762 -62.808944 -47.045052 -56.074984 -56.621957 -53.245004 -56.757941 -59.047699 -68.127018 -57.446062 -58.339196 -52.414360 -65.954766 -61.490408 -57.516334 -68.980941 
-55.201620 -55.748356 -55.725089 -55.943810 -61.377959 -39.641260 -45.955502 -45.617891 -74.338019 -55.907432 -52.362595 -64.757905 -58.870636 -46.892108 -56.255975 -54.976062 -64.602086 -56.326317 -59.203762 -65.704028 
-55.349820 -62.072862 -55.725089 -56.109498 -62.723789 -61.099440 -62.745172 -58.799713 -74.250673 -55.907432 -52.328453 -58.260492 -42.477146 -46.725740 -57.911043 -55.738828 -61.196278 -72.691890 -58.838186 -46.070649 -68.687826 -66.706283 -58.900636 -65.690763 -54.243113 -56.054136 -56.795632 -38.872781 -63.132617 -71.866153 -39.640899 -57.891721 -69.337550 -55.890655 -40.396179 -66.271153 -66.525279 -61.317511 -36.600617 -40.518048 
-39.513342 -69.990843 -55.213370 -56.145520 -56.745620 -70.848131 -46.697074 -59.541641 -57.593192 -55.971433 -52.149768 -59.316890 -62.935064 -45.957856 -54.592151 -69.528543 -56.305898 -67.828585 -59.086954 -45.655494 -35.314222 -65.925777 -63.849525 -66.032661 -55.322384 -64.887861 -66.233191 -55.022107 -62.879202 -62.198421 -67.213868 -58.942088 -42.335115 -46.048437 
-60.618516 -36.135330 -55.358695 -56.126053 -57.676224 -71.195585 -56.052652 -46.652859 -55.925275 -55.971433 -51.749267 -59.489785 -59.159509 -58.350735 -54.743989 -53.907115 -56.289031 -65.207840 -58.347334 -45.702470 -38.686568 -69.123653 -69.326517 -59.923063 -35.599183 -72.300453 -62.430714 -63.717653 -40.214949 -59.792101 -59.720773 -64.505731 -69.391382 -62.158551 -75.495970 
-67.828262 -53.406250 -55.216540 -56.126053 -56.453062 -35.714342 -55.763712 -47.047544 -50.469342 -55.696708 -55.186286 -56.520655 -67.589940 -59.283356 -64.049051 -60.133560 -56.255567 -63.679145 -59.147184 -67.501314 -42.806198 -63.623696 -70.308505 -56.175674 -72.968224 -56.171966 
-69.016918 -64.456871 -55.119443 -55.927403 -68.970354 -67.416323 -56.125112 -58.087812 -46.431908 -55.696708 -54.541699 -57.603518 -59.912029 -55.279355 -65.328329 -63.481904 -56.255567 -45.393220 -59.088433 -61.426626 -50.748124 -68.784805 -71.381297 -48.451638 -52.726246 -37.778649 -72.930294 -55.640080 -75.547140 -62.506636 -69.514998 -46.775584 -46.949163 -52.543594 -69.247182 
-71.963109 -52.546693 -55.119443 -55.887706 -64.602434 -44.744343 -68.349888 -69.318678 -71.493840 -55.771541 -54.468456 -59.341432 -55.422393 -66.710772 -58.181487 -66.477737 -56.082076 -57.568590 -58.847153 -57.394321 -67.762862 -59.311679 -39.811984 -49.200688 -53.220206 -59.716109 -63.795129 -59.349313 -62.354908 -67.791356 -41.961386 -66.712812 -56.501013 -48.004402 
-59.653630 -52.795593 -55.119443 -55.934061 -66.844366 -45.932126 -55.534902 -64.584245 -66.836423 -55.771541 -38.989717 -69.856793 -55.708151 -58.967867 -51.495644 -60.823093 -56.145007 -57.360219 -60.246124 -65.450277 -71.046340 -72.217331 -48.742832 -48.222274 -66.800954 -58.338013 -62.691468 -61.281469 -70.007213 -64.515731 -61.758805 -59.153393 -51.013646 -60.244191 -67.905333 
-66.011773 -51.173295 -54.859966 -55.831428 -64.314077 -47.628788 -73.808376 -65.085627 -52.120806 -55.841310 -58.743778 -59.227685 -55.714522 -65.686244 -51.585659 -61.191379 -56.252951 -56.527797 -58.194938 -66.431338 -67.724115 -54.527717 -56.266262 -50.602185 -62.525919 -68.499834 -68.635692 -58.459100 -57.784897 -63.448575 -56.558302 -60.602038 -68.282459 -63.766391 -64.727012 -71.203541 -56.315533 -62.892653 -64.450576 -60.291627 -72.186887 -49.354769 -70.992622 -54.575774 -69.900438 
-54.315669 -68.463277 -54.846379 -55.956641 -66.244802 -65.831726 -64.048714 -67.622915 -51.944224 -55.908446 -45.830625 -59.016653 -61.619120 -69.374623 -51.693798 -59.445387 -56.163929 -68.274364 -56.928079 -55.512922 -68.514092 -54.149093 -55.650644 -50.597479 -65.025351 -44.150080 -57.457333 -71.196429 -54.972341 -56.937815 -67.687890 -67.549650 -46.693922 -56.563163 
-53.842497 -68.848791 -53.953140 -55.991754 -63.535985 -70.402075 -54.911600 -55.858955 -57.500663 -56.013860 -45.905967 -57.149404 -66.579456 -58.102202 -51.190927 -67.491936 -55.826660 -62.558078 -65.906066 -62.912677 -57.315892 -66.254514 -56.064419 -50.301912 -59.140568 -61.918923 -53.415306 -52.150881 -56.653677 -62.536413 
-49.627131 -56.913386 -54.753513 -55.861776 -70.433532 -53.357665 -68.779189 -51.027884 -47.482563 -56.223518 -61.932827 -57.372006 -67.309612 -62.711823 -50.896509 -57.806735 -56.086566 -58.617936 -46.744628 -52.878337 -35.866145 -61.712718 -55.258617 -49.245787 -62.713351 -64.262930 -59.738562 -68.405685 -54.035814 -65.858512 -73.726101 -56.034359 -54.238752 -51.440621 -67.210005 -67.472614 
-47.695905 -55.832367 -45.602496 -55.734633 -46.324336 -67.515616 -55.497313 -48.799057 -64.637445 -56.099095 -65.859691 -46.600915 -74.253820 -57.212112 -50.830173 -60.135587 -56.044715 -64.185708 -35.950147 -58.029276 -48.537093 -65.418313 -55.328478 -63.394953 -68.585661 -54.754824 -74.013413 -50.873877 -56.595230 -67.143186 -51.554739 -57.311731 -60.397160 -62.457582 -66.533569 -62.906091 -71.661043 -62.293327 -66.143524 -74.858486 -71.418266 -60.493165 -62.902896 
-47.188765 -69.040783 -66.106798 -55.682021 -47.871348 -51.442152 -55.321416 -54.568164 -56.765990 -56.161849 -38.397655 -49.049043 -65.436512 -57.964327 -51.228459 -59.230983 -55.787802 -60.676494 -53.755021 -61.911861 -48.722941 -53.349946 -72.331889 -70.931619 -58.968125 -62.086911 
-67.246336 -59.887439 -54.136616 -55.522918 -51.581393 -50.400428 -60.518607 -54.185886 -52.863735 -55.735890 -64.054854 -58.439536 -69.210587 -58.210862 -56.981385 -67.290743 -55.684232 -65.164817 -59.592491 -68.104725 -55.286735 -74.199059 -53.050745 -48.538140 -58.837500 -63.494536 -63.270247 -68.216543 -57.591979 -69.930554 
-62.849420 -52.306600 -54.711897 -54.768344 -37.237929 -50.355205 -61.569822 -59.888301 -39.452948 -55.960003 -63.971286 -47.391930 -54.731461 -58.035371 -56.365723 -55.170753 -55.831518 -61.675789 -50.566169 -61.126434 -47.253403 -65.460650 -54.215160 -59.049701 -70.962647 -64.549543 -65.462647 -47.645828 -58.109583 -68.958196 -42.521103 -64.974254 
-55.416445 -50.812571 -54.898572 -68.513059 -68.322356 -48.814683 -52.686350 -55.293141 -68.806203 -55.893815 -51.187320 -67.066809 -62.915692 -57.680898 -51.804257 -55.028069 -55.685781 -61.582190 -57.142585 -53.936925 -48.844659 -65.692011 -54.135032 -69.264292 -62.165313 -71.918488 -47.220376 -47.783795 -62.158946 -61.417520 -63.250185 -68.609017 -48.265057 -62.510287 -56.559789 -65.868968 -39.045516 -53.487289 -67.074785 -46.126729 -56.963230 -57.342424 -59.560082 -56.562437 -59.219559 -47.805088 -67.704296 -62.861555 -65.105955 -51.958103 -65.809388 -64.269198 -61.222240 
-65.352481 -49.267320 -53.875191 -47.075095 -53.681057 -46.236936 -69.165912 -55.856517 -51.108307 -62.597434 -63.671474 -60.603688 -56.246176 -57.314722 -45.920867 -55.028069 -55.174321 -56.000321 -55.836563 -62.283601 -69.540333 -48.343638 -54.761411 -55.080351 -66.392138 -57.793036 -64.232040 -65.517423 -46.355244 -65.440157 -58.103238 -62.320619 -48.207458 -48.596371 -55.404221 -57.105793 -70.446769 -63.305756 -52.873995 -66.258226 -53.284698 -59.675007 -48.466810 -57.722318 -59.483860 -61.798313 -62.236733 -64.602699 -66.987959 -67.821410 -65.291085 -62.123830 -48.625052 -66.130969 
-62.483784 -67.802240 -54.957739 -71.452374 -50.786493 -62.238258 -62.521588 -59.298605 -59.068725 -54.247517 -51.045469 -50.608533 -55.792268 -57.367648 -55.175685 -55.297717 -54.835293 -62.528783 -56.712309 -66.847538 -53.215654 -47.408043 -53.484754 -49.509112 -63.330959 -45.943388 -65.677735 -64.891154 -46.638207 -65.676942 -52.423853 -59.362761 -47.886480 -48.570514 -54.860203 -51.076547 -56.418398 -61.089830 -55.144072 -58.046126 -59.478189 -50.525419 -66.151602 
-63.625461 -71.715254 -53.093667 -57.915587 -62.936668 -53.957529 -57.900171 -62.730066 -63.766289 -59.821384 -61.108481 -67.121201 -55.998733 -57.298139 -54.758328 -55.045496 -54.848601 -62.309714 -54.707106 -61.628951 -53.050882 -54.454371 -54.045749 -60.621621 -48.541182 -48.417206 -65.428595 -50.987588 -47.253721 -66.752551 -57.109519 -69.716581 -53.001053 -57.896558 -65.472611 -51.406129 
-53.020215 -54.400254 -67.170370 -57.478564 -61.808456 -50.686481 -58.612907 -56.108570 -67.908099 -70.089672 -54.899652 -60.138938 -55.815225 -40.538463 -54.927580 -62.230113 -55.252495 -65.567381 -55.647617 -51.175423 -52.870450 -54.609652 -55.088915 -48.297409 -47.000759 -61.066437 -64.581924 -62.993065 -62.395595 
-53.221399 -48.768593 -66.026175 -54.776640 -62.968198 -50.371401 -58.087096 -63.030800 -47.910250 -52.960793 -54.976122 -59.961541 -55.262883 -42.516808 -54.917620 -64.524707 -54.928291 -65.849220 -67.181327 -51.361979 -63.447880 -54.314828 -60.221616 -52.327123 -46.969266 -56.003768 -64.893524 -54.818956 -60.921262 -55.723708 -70.609639 -64.910188 -52.173992 -66.765426 -70.480912 -53.195032 -62.265372 -52.299906 -70.344246 -39.762203 -63.600660 -69.372274 -64.538437 
-55.297140 -68.902977 -68.092424 -54.091977 -57.222683 -49.306184 -58.897504 -55.573472 -52.642935 -53.822242 -48.119245 -39.070938 -72.808037 -62.761124 -55.244213 -59.232700 -55.767626 -64.212890 -47.466182 -51.693586 -51.286997 -63.263045 -55.248134 -68.839599 -61.941796 -62.887410 -64.621707 -54.646888 -49.948530 -69.481104 
-55.413801 -74.913527 -56.917929 -54.243479 -71.616712 -68.262513 -58.627227 -46.084566 -65.808184 -53.283752 -70.791924 -37.536253 -61.687093 -54.309811 -54.006582 -62.079495 -55.673314 -68.028202 -52.573461 -50.535989 -71.780245 -57.000638 -50.685474 -72.655983 -64.860477 -56.106699 -65.429494 -55.484000 -60.949774 -51.241638 -63.603475 -66.829765 -62.507264 -50.207450 -57.916645 
-55.334854 -63.034905 -56.961578 -40.561680 -69.743476 -68.951894 -58.341541 -66.235081 -65.793869 -52.908108 -65.098519 -65.712435 -46.038209 -55.182324 -53.926712 -52.157583 -55.125317 -56.497160 -69.215861 -51.244530 -54.188974 -75.382642 -52.860620 -52.244791 -59.827913 -56.760199 -65.975667 -40.068201 -75.572053 -54.806825 -62.567238 -67.865481 -61.078735 -58.714090 
-55.365182 -56.174756 -56.826833 -57.420992 -72.004696 -68.465784 -58.271482 -53.775063 -65.882709 -53.397761 -64.362336 -66.683078 -62.848839 -54.807427 -54.077349 -52.069010 -55.459951 -46.639659 -61.078332 -50.673789 -66.347011 -67.618962 -40.598043 -65.799172 -61.000385 -56.962589 -55.740590 -51.043185 -73.481665 -62.899409 -65.061155 -41.982622 -67.048663 -66.710559 -59.810680 -63.480932 -68.935651 -40.698318 -50.282834 -62.485952 -57.392481 -69.890626 -68.255031 -56.628028 -68.862682 -42.160660 -55.577748 -62.675326 -62.593342 
-55.311250 -52.785928 -67.717142 -39.911642 -71.175701 -42.604551 -63.845612 -59.710460 -58.599478 -53.033470 -65.588637 -66.439228 -66.187421 -54.383108 -53.788497 -54.563122 -69.064868 -55.260554 -66.811648 -51.099043 -56.672323 -67.065514 -57.377588 -58.810575 -69.019105 -56.673115 -66.595324 -51.759640 -73.453824 -66.768397 -57.072768 -74.558426 -74.457049 -68.140863 
-55.336985 -52.862598 -66.577942 -63.810532 -52.233719 -70.647580 -63.869446 -59.490555 -66.978435 -53.211784 -65.055548 -52.719093 -58.020348 -61.129666 -54.214423 -59.380831 -74.749004 -58.022516 -63.357831 -68.246019 -56.779787 -50.948240 -53.642099 -59.748245 -46.717937 -55.699555 -54.954635 -68.735437 -69.401576 -36.958942 -57.931522 -59.611749 -56.671572 -40.204626 -62.592504 
-55.206423 -55.015034 -64.507914 -55.594854 -53.872111 -64.764015 -64.160469 -62.954128 -61.498919 -53.454780 -65.396136 -52.682292 -47.204217 -64.527397 -61.231341 -58.963338 -65.058076 -64.552993 -56.916065 -55.010042 -55.141673 -50.540187 -61.798993 -38.482685 -48.689286 -62.253540 -72.225103 -69.050718 -53.762986 -49.459679 -57.540555 -54.667305 -68.460501 
-49.963111 -55.056835 -64.357165 -56.028102 -53.730612 -57.784612 -64.441717 -55.044793 -66.913969 -52.766373 -65.230745 -53.416641 -46.695970 -69.289831 -67.561350 -58.785478 -53.846589 -63.827674 -56.291964 -62.271292 -56.145486 -51.651213 -68.098499 -63.578413 -61.916294 -61.802093 -55.284179 -66.109577 -70.129008 -60.330119 -64.170305 -67.554070 -63.081846 -71.501987 
-63.471700 -55.096423 -66.975887 -56.148074 -53.907717 -62.505268 -46.337972 -61.201290 -67.199059 -66.675005 -65.513797 -51.680675 -58.947207 -58.610973 -55.063926 -58.835009 -55.871431 -52.722616 -62.345546 -63.844314 -66.601271 -63.414684 -48.167691 -48.830936 -50.886087 -46.074477 -55.206222 -47.655630 -61.632137 -63.246297 -60.424553 -62.981820 -58.213398 -56.714391 -59.660915 -72.086914 -49.358099 -62.411901 -58.581206 
-58.197336 -55.137530 -65.252237 -69.327300 -52.886801 -47.531544 -46.475396 -52.225679 -57.265282 -45.918688 -71.485464 -58.810286 -49.987551 -69.930758 -55.983030 -61.523400 -55.804104 -52.514737 -59.428677 -60.853044 -51.768695 -48.238968 -63.532443 -47.729248 -59.831133 -61.400797 -55.354065 -54.499866 -52.495230 -62.985950 -67.627319 -64.729937 -63.815471 -62.132758 -56.236768 -64.880354 -63.597773 -56.334480 -58.974502 -52.338878 -63.080684 -55.020362 -58.087316 -51.220482 
-66.748439 -61.456176 -66.811877 -59.283528 -52.772373 -63.145010 -47.053837 -51.858922 -55.700765 -61.726186 -68.640636 -58.938203 -58.141492 -59.260440 -48.320612 -39.784307 -55.199520 -51.060724 -59.618974 -59.391730 -52.652390 -55.347273 -51.979485 -57.098647 -64.889821 -50.301986 -55.368195 -67.837300 -66.071058 -47.333658 -51.595413 -59.853403 -54.082057 -70.798527 -47.524582 -58.269267 -59.966957 -61.327456 -65.347472 -50.660282 -61.465432 -59.077370 -68.341339 -61.146600 -51.846053 -52.435984 -59.306042 -48.107431 -54.094269 -67.161499 -71.813491 -51.550039 -47.568476 -63.244525 -47.725684 -71.896252 
-49.924937 -71.581557 -67.319657 -51.709850 -52.784384 -56.256507 -50.442149 -38.262225 -55.700765 -67.368217 -67.106532 -59.269570 -67.943183 -47.162699 -53.183682 -60.820607 -55.260723 -52.140768 -59.645385 -65.742743 -61.774316 -55.347273 -52.603277 -58.504954 -63.298963 -55.095230 -55.193210 -64.212217 -61.027694 -55.809309 -61.673011 -58.416887 -53.948182 -53.801332 -61.006531 -49.737680 -63.525434 -50.571582 -39.992085 -58.565903 -69.270343 -58.792655 -67.891328 
-50.239490 -65.211975 -67.172961 -59.189308 -52.894707 -64.637113 -55.230472 -41.427940 -55.860891 -54.916758 -65.459349 -59.269570 -69.152442 -47.096867 -63.235817 -54.226187 -55.027662 -61.323779 -61.163069 -65.417152 -56.707932 -55.464722 -52.222483 -52.929590 -63.049361 -48.315201 -55.116816 -65.928145 -48.401757 -62.405608 -49.409491 -47.321499 -54.705885 -67.723913 -51.360200 -47.134950 -48.881217 -60.812675 -57.829795 -68.509806 -63.209121 -60.063180 -46.505450 -69.317280 -52.109646 -70.056922 -57.218225 -65.855140 -71.091622 -62.513537 -69.058765 -54.895770 -63.586463 -53.842321 -67.202926 -47.952907 
-50.057928 -53.593470 -49.870393 -54.870563 -53.238705 -59.257204 -69.888088 -40.709211 -55.892320 -69.046156 -41.999709 -54.502398 -59.236992 -59.780079 -57.283856 -46.619933 -51.947374 -58.267614 -67.442876 -51.686645 -72.943291 -50.398562 -52.675632 -47.159992 -47.681315 -52.443978 -54.919228 -66.282255 -47.601017 -71.090849 -66.015743 -71.457862 -71.395272 
-50.356347 -54.694610 -61.203452 -54.910418 -53.326858 -68.200923 -65.631814 -46.351688 -56.725042 -48.179574 -62.067106 -55.171367 -58.929193 -47.962412 -62.565675 -37.154501 -51.480855 -54.919228 -66.070920 -67.544691 -55.602916 -66.705454 -53.147848 -65.484061 -41.763852 -47.460551 -70.071047 -51.894925 -50.753508 -48.263219 -60.983141 -41.657518 -56.841596 -40.663233 -57.034157 -58.890074 -58.730354 -48.698045 -66.820256 -58.155002 -50.457542 
-66.411502 -51.021142 -38.196418 -54.934312 -53.326858 -59.488567 -59.976137 -62.979191 -57.338924 -66.984790 -70.150477 -54.643902 -58.829195 -67.967639 -59.244343 -52.606283 -67.799035 -54.824116 -65.747353 -52.686810 -56.440862 -58.390158 -43.139301 -65.561547 -47.458296 -68.092900 -46.596799 -65.577567 -53.113587 -39.781358 -58.243476 -46.074187 -68.697325 -58.672760 -55.417669 -41.274345 -46.071109 -51.170399 -51.931053 -49.804704 
-51.831791 -37.444023 -67.525869 -54.849437 -52.870169 -63.630526 -60.397573 -69.035809 -57.591712 -60.560958 -67.031482 -60.905152 -59.187251 -63.474114 -49.490002 -50.679521 -52.048376 -54.840369 -59.936370 -56.062177 -54.378151 -48.534579 -64.069802 -64.220843 -49.809110 -68.892529 -65.796331 -38.722136 -46.574709 -68.101989 -68.462663 -66.401161 -74.990979 -47.342308 -69.520767 -49.893810 -59.359163 -61.642003 -41.679300 -53.970738 
-65.835247 -35.434572 -60.727276 -55.812857 -53.120098 -55.849555 -48.733449 -49.786224 -56.732656 -62.410374 -48.447912 -54.997250 -59.578290 -60.909211 -61.272197 -62.689374 -52.225247 -55.389382 -63.119558 -69.952416 -52.928489 -68.519932 -64.698286 -65.285540 -48.586127 -52.720663 -68.853018 -49.594260 -63.119604 -53.008911 -52.363892 -62.218019 -71.827590 -63.620878 -61.667965 -63.318582 
-62.618167 -37.581094 -56.819192 -67.763227 -53.120098 -66.231932 -68.333589 -71.519349 -57.103590 -51.942318 -48.187539 -54.406595 -58.897393 -59.351312 -61.991818 -65.039268 -52.366885 -54.931240 -63.189410 -49.571701 -72.873961 -66.922674 -65.165363 -54.496998 -50.142793 -45.907210 -67.929612 -51.159581 -46.484901 -45.146490 -57.210408 -52.595263 -51.218999 -71.284687 
-75.462983 -35.386020 -55.786551 -65.054904 -52.996278 -47.013173 -49.702958 -53.866030 -56.832440 -56.305798 -58.218923 -54.225184 -59.525733 -52.654551 -61.197734 -59.669435 -66.329598 -54.789473 -49.148368 -63.584404 -64.975835 -47.313376 -68.980013 -54.321741 -64.288927 -52.755331 -47.141105 -70.880768 -67.675629 -45.789267 -63.503678 -53.775948 -70.781369 -53.417559 -67.798623 -70.495150 -63.192893 -57.402643 -62.956016 -47.655599 -72.122811 -61.762721 -59.001312 -71.453919 -60.600658 -70.142182 
-55.777607 -47.928482 -57.081032 -46.853849 -53.224197 -68.541662 -49.893835 -61.678339 -56.385794 -56.547325 -58.102651 -54.393753 -59.092042 -69.894027 -69.398966 -52.754849 -56.462237 -54.828528 -48.778575 -70.711395 -65.109087 -59.926223 -56.098423 -53.806090 -41.311312 -53.162325 -69.144223 -71.071885 -63.051615 -37.404846 -71.474430 -54.587790 -61.995900 -69.493059 -69.047106 -48.888896 -65.417484 -59.481254 -58.122400 -67.376247 -51.167385 -62.404441 -65.079916 -72.933480 -64.140671 -47.137723 -65.328765 -52.423731 -60.669889 -63.997171 -67.326388 -68.941852 -74.704804 -63.293405 -61.507408 -68.262621 -63.070662 -56.264892 -68.416467 -49.978819 -56.496616 -62.489506 -60.433954 -60.295700 -47.420107 -68.906091 -47.276137 
-56.279990 -49.474518 -65.774637 -70.910589 -53.224197 -55.266330 -50.062401 -65.069393 -56.385794 -54.481243 -60.976805 -54.523885 -49.204089 -54.716269 -66.987494 -52.754849 -67.694376 -72.191698 -64.923450 -56.011871 -61.357477 -59.285686 -57.678995 -55.068673 -61.771092 -52.341733 -47.845741 -71.697763 -38.301386 -52.605032 -42.905241 -62.926237 -67.437378 -53.473222 -63.597097 -47.748163 -62.462695 -59.330888 -51.794629 -72.366213 -54.443510 -63.424141 -65.023195 -73.220852 -66.226189 -52.668541 
-56.279990 -48.987189 -49.192806 -69.716026 -53.224197 -57.210715 -50.099441 -62.847498 -56.385794 -54.967268 -48.376473 -54.523885 -72.788241 -62.014261 -62.752256 -52.561906 -60.789824 -68.610072 -58.415225 -65.449397 -49.248617 -64.766020 -52.454898 -67.968166 -62.129564 -68.352233 -47.522338 -58.470850 -37.725679 -54.505523 -58.184812 -48.846694 -66.855248 -52.678801 -64.406485 -61.728225 -66.583195 -59.167759 -54.519596 -66.900647 -69.199947 -59.757506 -53.156080 -73.057945 -61.275294 -68.453052 -68.450643 
-56.279990 -65.700327 -46.508891 -59.570283 -52.875877 -56.924236 -61.347473 -48.523330 -56.938359 -64.685465 -48.726382 -54.523885 -63.762451 -58.937796 -54.574995 -52.717550 -53.646306 -65.486115 -50.180838 -48.934686 -48.702933 -65.054115 -55.183077 -62.565419 -61.012569 -74.016639 -57.154875 -62.164816 -67.082880 -48.763721 -66.616438 -61.211961 -42.051892 -62.020512 -54.386489 -60.958751 
-54.917470 -62.700733 -61.772398 -67.482561 -53.736077 -71.949290 -60.224861 -49.227070 -57.232597 -41.589482 -55.991320 -54.406994 -54.008984 -58.397888 -53.903913 -62.892759 -52.407434 -61.572784 -65.944763 -49.375790 -49.877584 -63.880365 -68.482825 -66.919412 -54.198950 -55.199470 -48.309816 -52.752972 -62.305467 -64.852276 -46.672473 -66.694841 -52.547043 -57.286477 -63.093459 -60.569581 -61.802960 -74.369678 -47.623932 -58.992883 -70.262581 -68.548800 -64.187994 -62.327257 -60.406626 -48.881049 
-55.560887 -54.865417 -62.010148 -66.165663 -53.403537 -61.208512 -69.756005 -54.554228 -57.298948 -41.534339 -51.043029 -55.037760 -53.968462 -59.093264 -53.967275 -53.256904 -60.213093 -62.369790 -66.039932 -59.720059 -72.089721 -64.404367 -56.058582 -49.367662 -70.160671 -55.370344 -47.665385 -53.122872 -69.789467 -59.245665 -54.675717 -59.952301 -57.508534 -73.460376 -52.860154 -50.600200 -62.623438 -61.258457 -46.715489 -64.466041 -67.462198 -59.122271 -51.870034 -53.919487 -52.729755 -74.875892 -47.912160 -50.255114 -46.061050 -54.082819 -65.213278 -67.879160 -61.618058 -51.582637 -70.718178 
-74.370581 -62.076510 -57.246596 -68.190572 -53.632957 -67.087771 -50.857041 -44.684053 -60.687443 -55.746022 -65.205371 -55.136264 -55.981171 -59.101761 -53.230205 -53.060127 -68.729277 -60.365893 -66.006553 -52.968355 -52.321181 -65.401238 -50.731402 -49.163987 -67.537152 -55.904809 -37.600107 -55.436050 -61.045881 -55.090774 -48.942055 -49.776570 -59.710148 -67.126436 -73.574361 -71.745777 -47.005992 -71.786505 -68.016327 -56.794028 -66.358995 
-67.936946 -66.962799 -61.336208 -54.440438 -53.796683 -61.738415 -41.841064 -68.767486 -47.916580 -64.455203 -54.049613 -54.756194 -55.402177 -58.852813 -53.444522 -53.454502 -75.412729 -57.740265 -63.752868 -61.092798 -56.889543 -64.620313 -52.501338 -51.112946 -46.062136 -57.413442 -37.346665 -54.855816 -62.629092 -61.819298 -62.915734 -45.388049 
-49.437385 -64.936577 -71.224543 -53.928623 -61.943664 -48.028530 -62.850520 -68.600282 -48.933383 -68.498255 -57.537124 -54.637355 -55.224343 -58.409581 -55.210351 -54.179449 -57.600015 -62.497185 -58.004525 -61.090956 -51.951329 -64.363774 -54.204007 -49.682149 -58.255970 -57.357338 -46.643854 -54.107712 -62.607060 -51.533921 -58.079072 -63.348834 -57.079104 -36.328626 -72.146191 -53.996721 -58.055015 -60.268001 -61.808021 -59.755105 -52.105357 -72.158007 -60.050706 -71.937994 
-51.465449 -64.327431 -61.391596 -53.854211 -67.365179 -50.545489 -57.794831 -60.444669 -66.689331 -63.127542 -67.888184 -54.295149 -55.554162 -65.382357 -54.979246 -54.064432 -46.521440 -37.006524 -54.037478 -53.243585 -54.322594 -64.020694 -47.504848 -53.273857 -65.391326 -60.929544 -47.419240 -54.388427 -63.351057 -60.363636 -65.940209 -71.392493 -62.600223 -71.664938 -55.466002 -60.133413 -69.528799 -39.351573 -68.481696 -49.065178 -48.101078 -65.808722 -55.094803 -55.364260 -54.606370 -50.136438 -47.386156 -65.378545 -55.943577 -61.825989 -68.587189 -46.739809 -72.178476 -64.243440 -48.327887 -57.294136 -52.537697 -71.749899 
-62.914891 -55.499544 -62.968862 -55.311119 -49.565380 -48.498503 -58.539767 -54.949998 -60.030934 -56.346350 -69.475625 -54.176036 -73.694525 -72.736535 -67.424984 -65.172869 -68.727773 -37.565823 -54.075114 -54.512014 -54.130702 -64.055214 -68.884933 -54.004758 -52.137284 -67.339630 -68.912722 -54.435806 -62.062467 -39.847292 -67.044584 -42.149050 -58.823287 -67.362626 -59.289035 -45.901829 -67.626491 -51.610529 -63.829996 -69.510591 -62.849985 -65.446667 -51.895097 -65.664206 -48.305602 -72.013947 -71.306541 -68.492159 -62.229015 -59.667897 -72.290134 -37.197749 -50.293706 -75.228973 
-54.792351 -55.513367 -69.324556 -61.425459 -60.843107 -48.891703 -58.160712 -48.609199 -59.408093 -56.776247 -56.474614 -54.325928 -54.394556 -69.395385 -53.313931 -65.384774 -57.097030 -35.866402 -61.184913 -54.477942 -52.432171 -65.243456 -51.510567 -63.201474 -72.725674 -61.446103 -48.220000 -59.983619 -66.075374 -56.113461 -54.403824 -65.983940 -51.568248 -68.874633 -54.379879 
-54.681622 -54.985210 -57.998568 -56.458801 -38.676367 -69.380045 -58.369666 -51.010529 -63.682192 -55.312513 -69.517571 -63.111768 -54.394556 -53.574624 -75.858139 -65.988383 -55.531025 -56.209678 -48.477685 -54.583798 -68.565003 -64.468867 -50.511751 -52.686666 -54.089332 -40.326050 -52.059789 -48.573278 -59.764309 -61.539091 -59.223477 -47.148667 -72.427710 -48.522417 -38.068541 -66.968671 -59.066949 -59.835594 -53.778755 -51.702269 -48.261020 -62.440281 -60.830077 
-62.118199 -54.904217 -54.999024 -56.528628 -63.335795 -63.204184 -58.107517 -51.789813 -59.625797 -55.999006 -68.805288 -47.323330 -54.607678 -51.638620 -46.894389 -58.668057 -48.181221 -54.572443 -75.187263 -54.583798 -65.659637 -63.840483 -64.841777 -72.101160 -49.411474 -53.090851 -51.557112 -36.447083 -66.954300 
-65.731914 -55.782888 -53.979227 -56.663440 -62.726596 -59.297865 -57.706728 -47.556321 -47.612324 -56.200933 -69.184626 -53.443287 -54.607678 -44.970772 -46.231605 -54.367347 -51.323008 -54.674269 -49.171519 -54.635322 -60.980859 -62.408326 -65.354296 -47.018510 -62.286666 -70.352704 -48.779257 -60.498144 -62.826685 -53.568335 -54.245803 -57.278125 -50.661369 -62.224948 -60.195110 -66.695297 -47.579625 -59.664757 -71.630308 -59.243603 -51.004711 
-65.555726 -56.574296 -55.238449 -61.321950 -58.287793 -62.408137 -57.826373 -48.039343 -60.119699 -56.535355 -53.649321 -65.892192 -54.485526 -62.363290 -52.500889 -55.046714 -54.475121 -54.361082 -65.631477 -71.581607 -64.647395 -51.784248 -66.211550 -75.182608 -67.540848 -66.729628 -69.965346 -47.030622 -62.730808 -53.428630 -69.032502 -68.356978 -62.685845 -71.877398 -74.062606 -57.791652 -55.480222 -72.316132 -66.394779 -58.519927 -74.126308 
-64.312647 -56.291304 -55.092831 -47.311596 -54.141967 -59.451545 -58.053119 -48.445005 -61.415413 -57.783680 -59.269759 -54.919409 -54.585932 -46.658033 -72.217312 -66.063252 -64.177417 -54.398164 -63.157093 -58.519084 -60.232505 -51.715497 -64.586950 -68.833483 -64.204872 -72.560733 -62.269774 -58.642776 -53.444048 -56.691660 -53.641219 
-65.724743 -55.910280 -54.960676 -44.949585 -52.741418 -68.182548 -59.362026 -52.922576 -75.035360 -62.776641 -58.356277 -67.686883 -54.402895 -46.773697 -60.194044 -66.889877 -63.372873 -54.305929 -63.060895 -54.896004 -59.335363 -61.552059 -65.294716 -52.439193 -46.289917 -64.343829 -72.992846 -58.187951 -50.868643 -59.229343 -68.353631 -59.638139 -53.716301 -58.203019 -67.508657 -38.106726 -67.536932 -56.454258 -71.069229 -68.960342 -48.694955 -63.087913 -62.557764 -66.283003 -68.938737 -73.169848 -56.693663 -54.202139 -74.983520 
-66.269117 -56.090009 -55.158571 -65.298391 -55.187980 -46.942413 -40.328057 -54.406423 -50.289294 -52.412011 -71.957584 -53.869599 -54.402895 -53.297334 -57.126948 -73.000121 -50.831551 -62.744393 -46.581601 -54.032284 -65.371525 -55.846846 -66.186379 -48.293646 -65.672241 -74.835694 -46.022334 -66.332826 -49.681143 -65.795637 -56.605710 -58.313742 -71.666030 -72.612459 -54.664579 -69.534965 -57.847178 -66.431033 -66.260680 
-67.089805 -56.090009 -52.742598 -64.951969 -47.981081 -67.494206 -58.201871 -54.614114 -60.231825 -71.404930 -66.890179 -49.581298 -54.723927 -52.027480 -56.765710 -69.757426 -65.698923 -51.760841 -53.057819 -47.327515 -46.607217 -57.559217 -48.664582 -60.441329 -54.135501 -75.147649 -47.583836 -63.283042 -54.392163 -54.055694 
-66.892812 -56.090009 -54.996490 -63.959003 -63.623880 -45.703341 -58.150244 -54.978172 -50.222335 -58.543551 -66.294953 -66.657362 -55.135122 -69.030698 -57.513758 -51.038127 -68.618246 -67.151664 -59.925702 -54.945427 -46.625643 -59.700244 -50.024317 -49.514284 -69.629758 -54.846605 -57.044590 -55.917111 -63.459205 -61.968736 
-67.004618 -62.613795 -54.359559 -54.208693 -47.128858 -56.111805 -57.820112 -54.172136 -61.775846 -47.820741 -67.510551 -68.184653 -61.158633 -59.357567 -47.880399 -48.791836 -57.730721 -68.352759 -59.722728 -55.019125 -46.114504 -62.412425 -51.511260 -48.989796 -63.689374 -57.218895 -58.908543 -63.723688 -69.632963 -58.074532 -51.503656 -62.094321 -66.322442 -67.033731 -56.844225 -63.417973 -55.882867 -66.372113 -61.469769 -62.480542 -54.948585 -62.209450 -61.817217 -61.913650 
-65.137899 -62.068778 -56.417268 -54.756625 -58.125328 -56.105275 -66.306036 -53.830942 -64.055861 -63.221718 -66.011032 -53.778942 -60.590434 -73.902989 -47.909830 -53.839193 -66.284590 -60.852757 -63.369681 -54.825768 -59.789784 -54.930294 -51.629122 -50.308898 -60.187117 -67.459841 -57.079956 -53.084502 -63.113814 -58.714193 
-64.605742 -60.772743 -63.526900 -53.970086 -57.883426 -56.298903 -63.629645 -53.064712 -66.356589 -52.393861 -64.783706 -52.609145 -60.389185 -54.817128 -69.474325 -61.982579 -71.045711 -57.831234 -63.894925 -55.119841 -41.007827 -38.473563 -52.423536 -65.425352 -65.334033 -68.780728 -37.050453 -66.219489 -48.391655 -61.223525 -72.465801 -59.901781 -57.115040 -49.209710 -58.950818 -55.189825 -59.978524 -49.646847 -58.945778 -38.847209 -62.627753 
-63.511808 -47.275147 -61.985470 -53.643434 -57.394134 -56.288640 -36.265666 -53.300611 -69.251927 -62.026246 -54.103018 -50.938385 -56.527496 -48.403288 -47.278895 -55.442164 -66.546377 -62.942816 -73.163801 -55.167517 -60.776532 -54.832346 -53.911920 -56.446813 -64.117170 -68.164086 -61.734380 -58.885796 -58.939287 -69.468827 -58.558496 -51.372944 -61.817435 -49.954154 -57.112196 -37.285552 -61.927486 -69.934455 -64.921666 -52.584505 -59.139166 
-64.611085 -51.603674 -62.011973 -54.042677 -57.568815 -56.125309 -49.342116 -53.466725 -66.228658 -67.598994 -54.780536 -38.045737 -55.803504 -48.429358 -51.178480 -54.895789 -67.275250 -70.007475 -68.401958 -55.016450 -65.938481 -61.728829 -53.998018 -55.498936 -71.151693 -64.909947 -35.862186 -68.295548 -46.776563 -67.316052 -59.590445 -52.096147 -55.359369 -63.752997 -52.038850 -47.349375 -58.724172 -62.353764 
-61.908092 -52.764257 -63.176450 -53.970158 -58.084844 -56.290975 -50.831389 -53.698074 -63.810496 -53.129671 -54.785162 -66.741523 -54.655921 -35.898225 -51.045734 -54.518612 -69.586458 -64.698279 -46.396297 -55.876082 -51.559133 -66.744223 -52.718781 -68.839496 -57.454406 -53.853099 -70.544655 -57.454327 -53.998487 
-42.454116 -56.996040 -51.985915 -54.516986 -57.664252 -56.290975 -51.500039 -54.190964 -60.680944 -61.657354 -53.992685 -64.531136 -67.701151 -71.529260 -49.462856 -53.943666 -64.463769 -64.603080 -58.396973 -55.121058 -53.470483 -55.891137 -71.345133 -47.220040 -45.954920 -68.940455 -55.106473 -53.446018 -63.068102 -57.015481 -57.862887 -63.672686 -54.856437 -60.615708 
-46.272838 -56.518604 -50.308874 -70.871921 -58.106567 -56.290975 -51.162757 -54.507207 -60.595024 -60.157822 -54.429140 -53.273929 -58.731843 -66.976106 -54.111508 -59.495007 -53.640385 -65.085784 -57.853685 -55.505765 -57.628822 -41.582307 -47.611730 -61.141119 -46.696109 -66.154160 -58.058134 -69.458903 -52.280690 -47.879580 -63.081159 -53.310938 -66.625361 -50.836356 -56.262818 -57.569270 -55.214469 
-46.388940 -63.596354 -50.663511 -53.756501 -67.808997 -55.926607 -61.847892 -54.634612 -75.748140 -50.571254 -54.003004 -49.314047 -56.837433 -66.558870 -50.003153 -50.897260 -55.279742 -65.962865 -58.259436 -55.505765 -56.977408 -46.624199 -74.736655 -54.170163 -68.132690 -56.204012 -66.862816 -47.711241 -61.357209 -71.859367 
-49.190402 -63.869900 -54.651335 -63.587121 -52.549793 -55.915015 -54.794334 -69.704248 -49.414445 -52.672512 -54.493589 -64.778490 -47.008931 -66.318182 -54.212063 -69.268314 -57.938547 -65.660680 -58.092996 -55.353403 -61.229671 -73.688832 -56.052228 -53.294099 -50.836998 -61.038840 -70.014388 -60.741576 -64.898551 -62.463629 
-58.296974 -64.311407 -57.760722 -70.787413 -57.271447 -56.539600 -54.980088 -66.399039 -55.357205 -36.205529 -54.227509 -68.876431 -47.514510 -67.928026 -54.223967 -58.189219 -62.091649 -65.508901 -57.916353 -55.560318 -73.148813 -60.422868 -48.793521 -57.442752 -48.239834 -61.694441 -67.823811 -57.972156 -55.388062 -61.024325 -63.891255 -68.094807 -53.007657 -54.074715 -50.015125 -70.120015 -62.868482 -59.858548 -72.220788 -68.513175 -58.854045 
-41.642010 -63.739091 -51.855121 -54.138766 -50.645863 -56.663487 -52.818382 -56.815334 -52.815238 -37.491529 -66.262814 -60.826514 -42.764862 -66.465687 -55.477949 -58.276806 -57.391439 -65.044134 -57.935415 -54.701781 -67.512897 -59.637964 -56.115301 -47.078365 -69.204763 -58.323433 -64.330537 -62.382749 -49.364655 -59.389134 -68.251813 -59.442057 -52.186811 -55.401093 -62.585031 -68.275209 -55.512337 -59.047292 -68.941304 -68.477220 -62.484750 -72.478488 -62.434069 -36.479280 
-41.461051 -66.532352 -64.922188 -71.485635 -69.900072 -56.588685 -63.876482 -56.085085 -63.038141 -55.553815 -54.810490 -40.994365 -48.061974 -59.774076 -55.429056 -60.752856 -56.895762 -65.000628 -57.935415 -54.744447 -62.824154 -55.504492 -48.268584 -66.209794 -60.597633 -39.935270 -52.476826 -59.046472 -71.320365 -49.630168 -71.843518 -64.447178 -55.819121 -74.525829 -53.470638 -51.114087 -65.882417 -56.688604 -61.201010 -61.432495 -49.778011 -68.712893 -54.945888 -48.330660 -64.410669 -59.988661 -62.892513 -58.749363 
-41.313842 -60.930989 -72.102921 -65.476540 -57.084884 -56.494472 -54.938793 -51.482456 -62.290110 -55.626711 -66.761556 -47.789854 -51.058902 -48.670705 -55.533299 -60.397790 -56.570806 -62.857096 -57.502202 -53.367789 -63.093922 -56.275305 -47.908085 -57.350661 -68.585354 -40.342692 -63.401266 -64.487896 -50.361145 -50.202164 -70.512105 -53.461433 -57.007692 -54.499122 -60.573145 -66.080724 -53.095916 -73.646741 -56.655410 
-41.466731 -56.517803 -58.909574 -68.231539 -68.729653 -56.479709 -54.850081 -62.547338 -56.232551 -56.198055 -53.306702 -71.463698 -58.461017 -75.801410 -54.307629 -65.521579 -51.267651 -71.507146 -57.254423 -64.826244 -38.411227 -52.062612 -62.678192 -61.703314 -65.899334 -47.032260 -47.021521 -51.458819 -50.138096 -64.367085 -61.175426 -52.172248 -56.166724 -55.966607 
-41.288980 -56.991097 -50.281836 -59.527452 -74.060031 -56.479709 -55.290946 -66.601734 -68.896411 -56.010888 -53.556001 -54.893783 -68.990309 -59.887983 -53.683349 -65.879922 -67.661993 -68.709716 -57.918592 -52.279246 -37.029739 -55.940501 -55.333199 -65.899942 -65.448601 -58.281799 -47.792525 -59.863067 -62.875181 -49.805713 -45.766136 -64.465819 -63.013002 -59.847306 -71.067058 -75.526495 
-41.154898 -56.962358 -52.299895 -60.371720 -47.006771 -56.190146 -51.920871 -66.539105 -46.994914 -56.010888 -52.921491 -60.202470 -51.263101 -60.934083 -53.463278 -65.834238 -61.358714 -70.820305 -57.948474 -52.561283 -36.532158 -55.689729 -55.911846 -49.582082 -65.498526 -52.697940 -65.500030 -53.067691 -53.971433 -68.738048 -61.150770 -65.952316 -62.801291 -68.147204 -59.287596 -60.476530 -52.659584 -51.684403 -60.981460 
-40.975183 -56.657449 -52.370139 -63.503330 -46.929683 -56.039583 -63.148293 -66.139828 -61.589662 -56.036566 -53.315869 -48.276982 -52.657257 -37.479371 -54.818569 -64.231331 -64.347362 -48.885125 -57.723882 -51.211350 -37.316091 -63.731048 -72.534688 -69.943800 -47.218753 -47.580073 -67.331221 -60.943888 -55.899969 -57.326300 -68.233348 -54.899166 -47.129965 -54.761357 -64.500829 -51.932688 -48.794893 -62.016247 -53.005419 -52.177234 -49.517618 -51.287369 -39.760847 -68.728205 -54.470148 -53.594895 -58.259612 
-41.220934 -57.703930 -52.648783 -51.436193 -46.953297 -56.422934 -68.568357 -50.852574 -70.947303 -55.842733 -65.682276 -49.876000 -57.995978 -38.419589 -54.186903 -64.298728 -51.850171 -73.681714 -57.215310 -59.793310 -56.331669 -65.041903 -73.610982 -59.712194 -62.850774 -49.657268 -49.763372 -65.547160 -52.314106 -46.828323 -52.229130 -56.004973 -54.190413 -68.877602 -63.526544 -74.074371 -64.712959 -61.449224 -54.372601 -61.050865 -66.013268 -52.153403 -60.641172 -59.195802 -70.295075 -42.624940 -42.841169 -39.952451 -62.734510 -63.677012 -63.440615 -47.547916 -57.972110 -47.918078 -62.623278 -62.054323 -60.442389 -63.855156 -60.058891 -69.184527 -64.631842 -51.567764 -67.297607 -55.696408 -66.551132 -41.051563 -48.734693 
-66.609551 -68.994859 -55.871622 -62.334082 -46.742652 -56.422934 -68.173494 -68.954228 -71.905924 -55.451555 -66.149992 -50.938668 -56.953132 -37.642686 -54.494019 -55.511834 -53.487208 -57.888002 -65.331378 -61.277200 -49.520464 -55.624302 -53.925865 -58.213919 -54.432278 -67.051423 -50.455772 -64.533556 -72.737397 -51.996068 -71.263145 -56.014439 -46.215447 -67.961108 -57.855312 -67.448930 -65.171493 -65.015728 -69.134692 
-64.477321 -54.504569 -69.346541 -74.702811 -47.072348 -56.450250 -65.337109 -71.713306 -39.408349 -62.772101 -48.786633 -54.617588 -50.301166 -48.148384 -54.618623 -55.151969 -53.770808 -57.209956 -58.288816 -57.860743 -49.167113 -59.533035 -54.217788 -57.859073 -60.011884 -70.176454 -58.016338 -64.650597 -59.611563 -52.243275 -47.766842 -57.119695 -54.564031 -69.012157 -50.430273 -60.572536 -62.020844 
-63.709198 -55.522595 -62.896252 -69.717613 -47.103041 -56.741914 -64.912292 -61.198957 -71.329492 -47.118885 -53.441319 -49.825929 -47.042299 -56.639513 -54.833533 -63.254867 -62.800379 -57.209956 -61.979131 -67.411767 -62.424208 -64.979536 -63.225354 -58.138539 -58.054219 -36.320710 -59.076932 -66.273181 -60.995273 -52.391830 -55.395797 -56.672559 -59.564314 -64.566453 -64.404931 -47.698529 -41.250620 -54.682346 -50.915006 -69.536376 -48.824087 -62.124667 
-65.698137 -55.545451 -62.463072 -73.489599 -46.888792 -56.811642 -64.748226 -64.266004 -49.058186 -45.651480 -60.210135 -48.319510 -64.569248 -48.706317 -55.358763 -62.021193 -61.041490 -57.365003 -56.264632 -57.528458 -64.151283 -64.592938 -66.916052 -58.150914 -62.896789 -38.105759 -47.270935 -62.308172 -56.166964 -52.435835 -55.106739 -72.197379 -50.984738 -58.586706 -69.666885 -60.215524 -57.424412 -68.386357 -49.866244 -68.297591 -64.728958 -68.454116 -52.932911 -70.137034 -75.661145 -69.587924 -51.196044 -73.889639 -68.396440 
-67.768210 -55.545451 -61.711690 -63.126620 -47.437615 -56.286067 -56.592177 -71.007286 -62.394326 -60.924873 -60.106373 -45.916724 -67.649211 -64.302879 -55.370217 -53.492580 -47.143490 -57.480605 -56.322033 -38.230666 -65.168099 -64.317747 -55.712253 -58.357927 -59.575709 -67.903356 -52.616125 -35.936070 -60.201676 -53.514157 -60.608579 -68.135365 -43.624105 -61.935715 -59.588438 -55.881302 -61.004504 -68.108331 -42.299991 -60.354809 
-53.136115 -55.611227 -62.878599 -67.444904 -36.197941 -55.996578 -56.733355 -69.947504 -59.162441 -43.698032 -56.670971 -64.848851 -46.530015 -59.950844 -55.451337 -53.598797 -36.380667 -57.886108 -56.430544 -63.463897 -63.950342 -64.510749 -54.580742 -58.045791 -64.621632 -63.087928 
-52.926059 -55.611227 -57.210212 -66.132233 -58.219254 -56.337021 -74.443547 -56.063548 -56.603888 -45.678430 -53.514268 -66.558522 -47.176539 -64.014141 -55.539069 -39.749598 -69.148907 -61.859808 -56.430544 -64.516194 -65.169097 -64.363221 -62.322726 -61.169735 -57.143948 -61.439258 -54.086564 -69.182158 -66.819104 -54.333836 -58.131377 -39.000247 -59.075594 -57.732654 -57.546729 -69.485554 -66.336807 -63.051726 -62.541440 -70.765202 -60.427320 -60.681065 
-53.592188 -55.611227 -65.238758 -67.767477 -67.041896 -56.176064 -57.230200 -56.345647 -56.449515 -63.213104 -43.168548 -45.494528 -47.405532 -60.241062 -55.539069 -67.414556 -60.267748 -59.005423 -56.226036 -43.224797 -56.953684 -63.920484 -57.446448 -62.854230 -64.817265 -65.710216 -54.431280 -63.191651 -59.448026 -67.190328 -67.504585 -52.799436 -48.573299 -59.854018 -65.368540 -62.963749 -68.715180 
-52.384691 -55.611227 -64.120757 -58.042968 -66.769675 -55.710745 -57.488357 -57.313957 -55.132974 -72.049530 -46.666171 -65.964227 -42.787309 -62.804465 -55.539069 -62.825960 -52.059988 -55.810356 -56.228781 -43.187582 -55.953131 -64.696916 -61.771067 -74.320572 -67.884010 -65.328414 -54.329894 -48.986800 -67.313011 -55.620367 -68.181448 -56.923012 
-51.475290 -55.611227 -67.955145 -58.205342 -35.103012 -55.410204 -48.613952 -56.683049 -55.468391 -51.581588 -47.284464 -62.854224 -66.025236 -60.942379 -55.539069 -58.463508 -53.824741 -66.996058 -56.153789 -45.300010 -57.547458 -65.540525 -60.758977 -47.318238 -61.480553 -58.513317 -63.759893 -47.550619 -68.391927 -70.161604 -68.738319 -66.365023 -57.783374 -57.522376 -50.145514 -59.043202 
-59.126690 -55.687072 -56.887835 -59.741257 -35.400439 -55.121930 -62.640241 -58.265014 -55.554314 -51.610888 -47.210370 -73.547339 -57.575280 -65.607202 -55.538236 -60.183698 -54.090140 -63.919047 -56.402639 -64.845189 -57.786223 -65.381634 -69.811137 -57.427976 -65.303612 -59.872871 -66.803637 -59.785057 -57.090276 -63.727123 -45.481518 -67.556255 -39.343821 -51.085751 -62.117069 -58.877700 -39.715125 
-60.171902 -55.687072 -54.340680 -63.158327 -52.765439 -55.789254 -60.815704 -57.492819 -55.407896 -51.760099 -48.965840 -56.469515 -49.741692 -66.151542 -55.551829 -56.309838 -52.653198 -68.109801 -51.224472 -70.412865 -56.843482 -65.721067 -61.762074 -55.972458 -63.764836 -69.308732 -62.446411 -54.480834 -53.934314 -57.691140 -52.814244 -70.141890 -38.463869 -53.848458 -51.473302 -44.396499 -39.377514 -60.263412 -63.720625 -63.895926 -46.898270 -66.985961 -69.992310 -65.837234 -63.578131 -56.802449 -61.454497 -54.520538 -55.275973 -63.430657 -52.752754 -58.859741 -66.620706 -47.641233 -43.197559 -55.718964 
-69.066194 -55.632347 -53.476527 -58.269010 -56.541010 -62.517831 -58.354716 -57.980785 -46.153114 -51.387841 -49.044146 -56.010672 -55.533404 -64.323370 -55.355414 -56.317137 -52.554334 -54.000338 -46.792079 -63.933515 -57.362195 -65.686187 -42.115637 -69.502778 -65.370607 -66.227441 -57.615353 -68.436237 -71.189393 -64.146567 -58.596043 -58.933613 -71.606886 -54.536561 -51.358785 -37.323044 -61.992886 -51.332853 -65.089132 -75.560591 -68.103023 -58.324018 -57.374233 -65.807387 -69.058787 -55.056641 -64.306380 -68.073221 -66.109650 
-38.135377 -55.632347 -55.269614 -51.061720 -68.226653 -59.861987 -43.692526 -49.999800 -63.793892 -51.049242 -55.903604 -55.578754 -68.732662 -55.322844 -54.954973 -56.207603 -65.767796 -67.006332 -57.268311 -64.902586 -57.522023 -65.571606 -48.164800 -50.068181 -68.526917 -41.525226 -66.174052 -69.593996 -57.410749 -63.640283 -60.061314 -56.401936 -59.700406 -45.192172 -62.596135 -63.394479 -59.609394 -58.220489 -61.593401 
-59.453967 -55.726001 -54.931803 -50.040288 -66.467784 -62.636527 -66.032551 -68.513059 -45.951770 -47.534413 -68.008698 -55.578754 -57.946083 -54.927134 -55.050147 -56.099739 -52.497825 -55.770354 -57.777137 -45.961591 -57.586941 -66.901202 -61.146388 -58.384283 -62.379128 -57.584505 -36.133404 -56.536373 -59.562331 
-64.283861 -55.498938 -54.756197 -49.512282 -62.395722 -62.422128 -58.206099 -38.869956 -58.017681 -66.244034 -52.009016 -55.426988 -55.192863 -57.594043 -55.050147 -56.060357 -51.601118 -67.522724 -57.611800 -58.222495 -43.266051 -64.832873 -62.111492 -58.288224 -56.254648 -69.012534 -58.280468 -60.534397 -69.780822 -68.898913 -59.982273 -62.701300 -73.901465 -60.522986 -66.970581 -60.772179 -63.253587 -71.496751 -68.229013 -69.327523 
-66.407047 -55.498938 -55.081464 -46.488738 -61.280911 -72.286054 -60.541270 -39.178972 -62.080723 -66.563681 -59.921457 -55.478445 -55.236063 -57.437064 -55.195793 -70.993049 -51.579701 -59.117166 -57.040224 -55.540812 -71.921367 -65.599511 -50.236871 -58.184008 -55.260889 -44.377873 -62.696404 -67.373143 -62.546150 -58.620282 -39.498311 -41.052684 -66.817634 -65.938793 -46.472332 -51.293347 -49.867793 -55.841964 -63.856358 -58.712503 -68.228754 -51.053485 -62.353869 -48.172237 -69.090708 -61.996706 -55.855090 
-49.233472 -55.455829 -68.017010 -46.028403 -57.136480 -57.191786 -61.187670 -70.833345 -65.213318 -67.757781 -51.943842 -55.692892 -59.449345 -57.608325 -55.349553 -73.178857 -50.821785 -47.313008 -56.731265 -55.464442 -37.895959 -65.328145 -49.292978 -58.269239 -64.943825 -57.217878 -55.362307 -65.595821 -65.726403 -57.703302 -53.735091 -57.140972 -46.872821 -51.605581 -57.065088 -52.733762 -56.486815 -52.562582 -68.063437 -62.129295 -63.047460 -75.577048 -63.034825 
-59.534111 -55.430699 -62.525369 -64.610178 -49.601069 -62.387158 -63.455221 -38.197263 -65.433302 -63.047054 -54.527563 -55.541211 -65.767012 -60.340004 -54.700543 -48.951150 -62.911123 -53.275963 -58.169360 -52.269547 -46.288929 -64.926806 -59.894932 -58.204770 -57.569894 -67.715519 -68.031555 -67.496850 -66.472603 -57.846691 -54.472927 -56.900627 -54.836736 -69.190432 -39.294566 -46.921786 -54.522288 -66.899566 -73.393572 -61.111124 -66.157118 -55.263613 -61.300512 -75.178887 
-62.440310 -55.353985 -63.086952 -52.121939 -75.050064 -70.018273 -36.570531 -65.521315 -65.892605 -47.534702 -67.569341 -55.405707 -72.941080 -54.424150 -54.538998 -52.531633 -51.985897 -53.793088 -60.355924 -54.538719 -46.711409 -64.444409 -69.256492 -58.763803 -67.861184 -65.367804 -53.354429 -56.249149 -50.435167 -47.133866 -50.753581 -56.776513 -57.651539 -53.267604 -54.038239 -53.676101 -53.637697 -46.263858 -68.038593 -69.612320 -52.639964 -47.266113 -59.701879 -69.690477 -70.549682 -49.586413 
-56.886376 -52.143114 -61.184384 -51.960087 -67.709088 -57.772504 -36.500193 -72.435159 -52.960799 -53.141085 -52.623519 -55.301893 -54.769302 -54.374851 -54.569515 -62.713472 -53.936654 -54.609712 -67.465053 -61.223211 -46.416092 -64.660504 -45.897324 -60.936616 -51.155822 -65.040675 -58.768299 -69.586635 -52.671776 -50.967091 -58.079907 -52.636938 -61.412996 -58.209537 -62.627722 -51.458089 -49.076149 -58.164958 -53.955467 -53.186363 -68.763979 -52.070692 -58.045203 -58.066701 -52.322009 
-66.268077 -69.421022 -57.636965 -71.671246 -51.375046 -69.668571 -66.621103 -69.464481 -53.622173 -51.569132 -57.577137 -55.686847 -54.488946 -60.531642 -54.451982 -60.741154 -65.503504 -54.767136 -53.656545 -51.092726 -55.691520 -64.885247 -60.623345 -54.096997 -36.193384 -53.770705 -62.883035 -68.632035 -63.817638 -73.268696 -50.670739 -71.205842 -46.888838 -47.862280 -64.573824 -51.298010 -74.763261 -69.129314 -56.863605 -75.714974 -61.745451 
-65.796727 -71.822401 -67.815373 -71.034901 -52.164106 -67.750327 -62.785412 -54.155256 -63.281975 -55.588631 -57.531777 -56.076877 -67.085791 -46.283155 -54.230066 -57.929807 -52.008286 -54.642924 -75.527806 -71.436630 -56.329430 -64.135771 -47.411208 -54.099268 -67.791910 -69.648572 -45.441067 -47.935274 -54.638904 -65.186102 -56.660615 -61.004955 -52.914181 -50.177025 -56.982759 -59.618541 -63.511514 -69.722940 -63.405481 
-66.385141 -60.753785 -51.197074 -58.222898 -49.316749 -56.338527 -70.866316 -54.301625 -72.567567 -37.657321 -51.018779 -56.076877 -63.908564 -55.041442 -54.964904 -57.498015 -59.791354 -54.852327 -62.097983 -62.559527 -60.655077 -64.850748 -51.495477 -52.242339 -63.295203 -68.651239 -50.165160 -66.881555 -46.576756 -53.489122 -45.954886 -61.208502 -72.117399 -56.886336 -53.728788 -61.940045 -42.005711 -66.041439 -67.644020 -65.391155 -53.891254 
-60.314859 -59.970374 -61.218360 -50.430891 -48.930246 -55.099591 -59.309081 -47.601366 -65.188382 -35.147038 -61.626604 -56.076877 -53.808571 -55.257481 -54.797397 -57.512425 -70.675163 -50.290908 -56.764825 -65.287525 -60.833455 -64.783047 -51.912867 -45.708090 -71.103614 -70.350004 -62.681925 -53.519056 -54.687518 -54.495742 -37.057264 -63.257732 -58.144600 -62.979796 -61.478266 -56.014353 -60.809381 
-35.484351 -48.587546 -57.589277 -52.955407 -58.646548 -54.969135 -55.592911 -60.647330 -65.329291 -59.795568 -68.223385 -55.631433 -54.083778 -54.649292 -55.143352 -69.136840 -52.441646 -66.729906 -68.165189 -68.196673 -57.879438 -64.770712 -64.778602 -45.873849 -54.772758 -65.340152 -59.471344 -55.391600 -42.354578 -64.570680 -65.801023 -60.186287 -43.419093 -53.128252 -67.047870 
-62.909304 -64.085990 -57.244284 -52.797235 -43.792737 -55.242371 -55.617870 -49.681437 -59.075933 -59.787595 -57.124343 -55.369355 -53.702015 -55.468968 -55.270446 -45.435850 -58.023289 -68.715199 -65.788042 -59.561100 -37.924749 -64.861867 -59.431635 -64.158075 -47.893037 -71.988971 -57.840280 -57.339983 -67.808695 -63.388114 -58.467186 -47.661443 -65.923002 -49.409316 -58.003642 -59.147216 -60.870894 
-45.941257 -58.948374 -56.670196 -53.783107 -70.457985 -55.249059 -55.599381 -50.136061 -57.695410 -65.772178 -46.750597 -56.268584 -53.442621 -53.912909 -55.270446 -47.789137 -64.095261 -65.533794 -63.811245 -55.178957 -36.120166 -56.923268 -65.239216 -48.905788 -62.739012 -63.406210 -61.211242 -62.584073 -59.358621 -68.455487 -61.972582 -53.304459 
-52.638300 -54.585945 -56.946513 -72.903482 -46.275194 -55.309727 -55.965847 -63.347605 -56.810172 -49.080588 -59.236253 -55.991042 -53.782827 -54.054138 -54.453571 -52.499915 -67.832513 -61.045846 -58.991352 -55.457440 -68.126640 -46.358338 -61.762869 -63.607637 -53.271509 -68.033044 -53.072836 -60.010656 -60.712675 -58.268786 -38.051470 -55.377584 -71.800376 -60.337729 -74.638394 -68.605270 -66.088911 -57.008863 -69.733724 -72.409614 -59.670567 -63.341406 -51.982130 
-70.000087 -40.678035 -57.092716 -63.323382 -46.164545 -54.287750 -59.639254 -48.907149 -57.302219 -56.897966 -61.333504 -55.991042 -54.083925 -56.420498 -53.817636 -54.122826 -68.776492 -60.173171 -61.876627 -50.776576 -59.370898 -46.040744 -53.977257 -59.129903 -59.657036 -65.498596 -72.252903 -64.170544 -52.231337 -65.898016 -38.382946 -70.018947 -68.379913 -63.661842 -45.656311 -50.433226 -61.305008 -68.568652 -73.273868 
-67.650860 -59.071610 -56.777211 -56.553509 -46.792959 -54.570371 -64.783863 -66.357055 -57.639125 -54.907350 -47.302349 -56.419613 -53.758766 -63.707974 -54.055912 -61.266091 -53.570737 -51.790907 -63.160838 -69.719370 -58.691584 -50.465808 -54.248048 -59.989163 -67.217234 -66.838186 -65.191248 -47.382673 -66.969289 -63.190296 -68.212905 -62.680584 
-62.313970 -72.672006 -56.671021 -65.269503 -74.248118 -54.703994 -65.332022 -66.349549 -60.897255 -61.770961 -62.465145 -56.419613 -53.144636 -57.620601 -54.212894 -47.272618 -51.932524 -51.684247 -59.775371 -62.415244 -52.918518 -49.724943 -54.372935 -59.878371 -60.880719 -68.583409 -60.359356 -54.356758 -62.552364 -63.092178 -55.774550 -59.396164 -75.070897 -68.215106 -58.693597 
-63.749042 -68.831310 -56.671021 -66.398408 -46.132132 -54.964277 -64.703397 -55.296753 -60.131456 -55.080059 -57.402681 -56.419613 -53.760060 -65.165293 -54.619070 -68.716393 -62.819127 -62.948326 -60.610595 -56.149145 -74.201516 -48.999766 -54.561841 -66.265514 -51.919713 -67.114838 -75.393578 -70.418608 -72.055607 -63.979459 -57.324467 -62.442712 -61.158601 -62.429251 -72.804335 -70.202829 -68.426152 -70.959533 
-54.645318 -52.490711 -56.514917 -46.009109 -52.396583 -54.964277 -61.511950 -55.101375 -52.022245 -60.004935 -61.837601 -55.863244 -52.987243 -65.149559 -54.958829 -63.582558 -59.631508 -63.186028 -63.764581 -56.974716 -52.173061 -68.401713 -60.369018 -56.838571 -48.285047 -66.508718 -57.072787 -68.927170 -65.742759 -68.282744 -62.633358 -57.973348 -55.952308 -42.780763 -48.645412 -72.135480 -58.104555 -44.138504 -66.932931 -69.763298 -46.493533 
-53.741562 -37.277559 -56.799167 -46.398665 -63.140168 -54.815092 -52.151444 -55.607029 -51.472719 -66.402216 -57.924092 -56.247999 -53.047324 -66.343689 -54.992627 -40.483270 -73.063575 -69.873973 -61.600539 -66.778111 -68.811835 -59.639130 -62.975857 -48.281683 -63.952328 -62.905810 -67.200228 -66.721918 -42.560856 -55.372004 -58.050921 -68.822330 -60.148717 -58.131116 -58.647876 -38.963121 
-47.246429 -64.458145 -56.581590 -57.490037 -59.610889 -55.129186 -60.220213 -55.086812 -51.924396 -64.392563 -52.535316 -55.953376 -53.740598 -66.701034 -54.764357 -46.309546 -35.937632 -55.251000 -46.794509 -57.786784 -61.728482 -59.280791 -61.578536 -51.674439 -68.998184 -65.552092 -40.757965 -55.973643 -56.629569 -67.809096 -70.478668 -54.672211 -74.658357 -69.847027 -59.026745 -61.656323 -70.123630 -55.693507 -68.380135 -59.526769 
-52.479570 -64.237958 -56.942874 -55.894845 -70.829531 -55.049768 -61.572609 -66.243144 -48.122389 -54.090823 -52.203332 -55.959357 -63.803492 -68.540770 -55.258736 -66.796324 -39.193370 -55.654295 -48.245069 -59.904037 -55.424935 -46.409397 -50.077315 -54.211619 -56.567284 -63.021146 -40.680387 -56.276861 -50.140947 -48.251980 -65.868191 -58.949151 -46.904639 -59.004420 -55.784099 -63.654374 -47.818360 -55.095978 -67.185972 
-55.160625 -52.802385 -56.403151 -49.127590 -61.315227 -63.478826 -68.699677 -57.205264 -57.258843 -55.768815 -52.103514 -55.879607 -60.222133 -66.084522 -54.415701 -63.796048 -36.730038 -55.662726 -53.122606 -58.833031 -53.464963 -70.949671 -59.119096 -57.181056 -57.179581 -63.099399 -40.468569 -67.402578 -47.707556 -66.917175 -68.241613 -45.420057 -66.960310 -59.536376 
-55.719619 -64.237266 -40.581451 -47.879515 -54.488479 -56.540730 -57.299048 -40.911946 -43.365909 -65.400709 -60.433098 -55.813098 -51.064670 -73.188915 -55.377519 -63.577775 -53.979015 -55.425506 -52.343397 -58.192688 -53.767534 -63.814798 -57.108689 -65.306557 -56.720702 -68.282447 -68.255724 -66.260786 -59.717288 -71.637614 -69.910902 -67.064559 -65.622778 -64.011239 
-48.824240 -43.654117 -63.981507 -66.693029 -54.780815 -61.264780 -47.093194 -55.017250 -68.296111 -55.131644 -45.915164 -55.669937 -52.804885 -61.855532 -55.403745 -63.378124 -57.999943 -55.320004 -52.041708 -58.336152 -54.026849 -60.102156 -57.076894 -64.102040 -57.278385 -49.940496 -68.660596 -66.872739 -59.835481 -63.851001 -70.629294 -69.248525 -56.854996 
-57.087682 -40.029898 -62.596280 -57.192790 -53.400111 -53.096757 -49.144954 -54.353950 -55.097239 -53.266831 -60.902211 -55.182228 -52.509929 -63.027929 -48.487016 -47.910308 -57.978207 -55.018377 -62.122456 -50.518766 -53.987712 -61.512282 -57.143339 -58.336291 -68.853659 -75.448636 -71.690516 -54.581025 -57.735185 -66.902724 -49.329338 -49.447540 -74.066687 -52.104378 -53.996736 -46.993385 -47.538681 -55.956088 -63.842793 -68.485949 -66.491416 -45.865950 -61.982563 -50.716403 -65.162969 -69.141146 -58.191295 -59.350146 -75.499517 -57.079801 
-55.428103 -40.321160 -72.152565 -52.571446 -54.528603 -56.869491 -59.416018 -54.822879 -67.614594 -53.665626 -61.464416 -49.398800 -50.652537 -56.522228 -48.469377 -57.520071 -70.213996 -54.862719 -67.074836 -42.918821 -53.633857 -60.337220 -73.045892 -57.776188 -61.261182 -54.497005 -69.856053 -56.645814 -55.076092 -51.099591 -67.051898 -63.319851 -60.273200 -56.602982 -61.658923 -60.868745 -67.023603 
-58.038120 -53.068431 -47.437335 -54.685558 -54.456897 -47.002112 -64.101554 -55.110061 -59.554060 -61.246416 -60.245379 -69.090569 -58.193905 -56.175202 -59.740718 -58.087077 -49.539669 -54.862719 -57.113508 -67.344278 -53.765470 -52.430227 -57.127644 -57.313246 -66.173090 -60.594488 -48.568528 -41.197442 -58.308772 -54.972888 -41.127159 -55.722064 -66.694179 -54.122531 -68.532828 -49.285920 -55.014896 -72.881367 -65.640440 -57.596113 -61.080200 -60.529886 -52.281103 -73.224294 -59.158906 -63.133552 
-67.215832 -73.319088 -48.229891 -58.263695 -54.000287 -53.198232 -38.114432 -55.310496 -64.066915 -60.468509 -59.969487 -69.328934 -46.830211 -55.773555 -64.048468 -58.708332 -47.852456 -55.343041 -57.101289 -57.566803 -57.155107 -52.453586 -56.649075 -55.834293 -65.470951 -52.160525 -50.268445 -72.603274 -70.840737 -55.204509 -68.298682 -55.100081 -47.638388 -65.699427 -64.577630 -49.102368 -66.854734 -66.083546 
-60.334357 -74.032239 -40.031279 -51.602716 -59.359107 -52.673112 -39.104742 -54.699762 -54.958012 -68.013659 -54.994233 -69.909097 -55.964572 -56.286925 -62.425487 -58.026830 -48.882042 -54.992594 -58.013343 -51.972778 -58.165344 -53.920347 -65.987739 -64.991424 -64.548087 -67.614251 -49.500570 -71.795605 -53.833458 -55.627559 -57.459684 -46.409979 -69.023803 -67.087445 -55.177433 -54.694905 -51.666381 -55.038953 -59.813466 -63.595151 -68.500860 -57.150391 -69.343801 -48.747228 -52.949762 -57.938754 -60.703283 -57.947699 -55.570240 -62.199060 -56.257738 -60.614108 -58.235976 -55.911642 -74.518683 
-52.251679 -73.077649 -57.226198 -59.836875 -53.882390 -55.153929 -58.037488 -54.495396 -49.904489 -50.392555 -55.780341 -69.124450 -41.761554 -56.948502 -70.353824 -60.861995 -55.154380 -54.856713 -73.778569 -60.148559 -46.850217 -59.738940 -66.447914 -59.157490 -64.127727 -49.360433 -54.977940 -69.078579 -53.983195 -59.429262 -56.463053 -57.347329 -54.516685 -51.011384 -73.372751 -51.632862 -61.375053 -55.303273 
-55.025359 -51.824863 -58.922117 -46.477876 -40.546675 -47.903869 -58.959950 -54.916341 -47.300602 -67.956601 -62.347512 -65.055441 -41.344808 -60.390330 -52.440589 -62.044711 -54.490960 -54.853608 -54.783807 -66.270358 -66.898620 -69.770047 -54.492799 -51.743766 -62.975095 -51.195277 -65.836954 -63.452723 -47.204812 -62.921951 -46.073864 -54.952297 -52.605726 
-60.174588 -61.266447 -56.980678 -54.795308 -67.117839 -51.463434 -58.947960 -58.749724 -65.778469 -67.008092 -67.875624 -53.231200 -40.760860 -52.306857 -51.981907 -60.593138 -54.416789 -56.160986 -54.783807 -48.634970 -50.469005 -69.926190 -54.253405 -68.123217 -62.906508 -62.367071 -59.874994 -51.417244 -46.886950 -54.769596 -64.948199 -63.567415 -52.181928 -65.414937 -67.516078 -57.104060 -54.351804 -54.186102 -63.460031 -52.374160 
-52.063455 -51.195888 -57.133665 -54.820898 -75.139608 -57.177637 -58.788553 -41.553085 -47.111312 -67.489025 -57.882675 -59.825204 -42.421082 -72.053206 -55.103852 -56.699517 -54.951526 -66.689869 -54.783807 -48.046879 -49.673301 -54.475870 -53.430742 -54.889660 -63.062545 -63.177259 -48.204242 -57.520253 -53.064642 -60.923507 -66.698559 -59.544364 -37.911655 -55.226433 -53.778128 -63.654150 -63.107286 -46.949376 -54.456386 -48.168716 -63.841622 -59.225634 -63.150142 -68.204855 -67.795514 
-52.364751 -61.024523 -54.312625 -54.156338 -63.643633 -37.918187 -58.922160 -62.395685 -55.623817 -69.309962 -67.841641 -53.434303 -51.584687 -60.075992 -36.660346 -55.981850 -60.465126 -54.430465 -55.251620 -46.987032 -49.830007 -55.867387 -54.266708 -61.441057 -63.503089 -52.557597 -53.950381 -56.890083 -54.145489 -47.363459 -74.728765 -70.560388 -57.561438 -56.314377 -49.844558 -66.511952 -57.441418 -60.781580 -58.442171 -63.659212 -68.884748 -51.508911 -63.631156 -64.364612 -50.991561 -45.757138 -55.305334 -62.467582 -54.721215 -67.453739 -46.896957 -66.401724 -67.772874 -46.699730 -44.088932 
-71.198156 -53.836397 -48.588038 -59.303100 -63.497704 -51.854606 -52.245494 -59.636877 -49.199561 -54.281578 -49.294518 -49.577159 -66.485369 -61.241897 -36.438171 -70.029291 -54.349394 -54.430465 -55.622466 -54.404057 -55.833659 -41.512393 -54.894946 -57.982158 -60.616265 -51.828938 -52.523575 -54.471219 -53.502914 -59.964469 -68.941495 -69.226823 -57.870686 -68.291551 -43.350015 -56.538203 -65.120567 -49.396129 -55.860469 -64.616112 -47.113211 -70.645131 -53.084369 -49.685297 
-75.155339 -56.011949 -63.998301 -63.144057 -65.846939 -55.709544 -75.258265 -63.159810 -46.922020 -68.566026 -60.896257 -54.224781 -75.959326 -47.206760 -35.621845 -72.252348 -55.444896 -54.551039 -56.575944 -50.138518 -56.506215 -54.581164 -40.913999 -57.746492 -66.945993 -70.344041 -59.979681 -66.842313 -54.847643 -46.871923 -52.270161 -67.558881 -65.084046 -56.299975 -65.908722 -69.211069 -70.184820 -68.422627 -55.794808 -52.629878 -52.455317 -62.321112 -72.063446 -60.621855 
-39.692296 -59.416950 -70.391837 -54.851116 -49.022717 -55.535347 -51.266744 -36.486707 -63.760973 -68.742162 -57.540009 -39.336599 -48.639071 -48.545268 -69.247941 -61.955590 -55.243491 -72.591222 -56.429432 -67.888439 -58.123500 -48.832011 -54.270834 -57.788657 -48.303918 -56.400737 -61.160705 -60.878742 -67.331249 -52.553618 -49.671801 -50.433202 -57.968549 -70.410378 -56.120321 -52.865720 -68.949099 -63.727160 -63.313643 -57.914334 -48.216659 -49.340470 -62.671320 -58.948550 -57.015107 -45.898317 -56.724787 -60.354111 -62.924943 -54.321643 -67.006049 -60.880295 -59.789786 -57.099874 -58.065542 -67.850497 -66.877690 -37.169241 
-60.413681 -72.915217 -51.688168 -54.747957 -49.847392 -54.112405 -64.528519 -57.367541 -72.427766 -64.245288 -58.855085 -62.304497 -48.653113 -46.781116 -55.450744 -56.440399 -51.978024 -39.934383 -56.961235 -70.218258 -53.928478 -65.924853 -58.510669 -57.572664 -56.644768 -54.514123 -62.115496 -65.263530 -61.987782 -54.044167 -72.295422 -63.712238 -64.457030 -63.853817 -40.766306 -53.956288 -57.233261 -67.121564 -58.766434 -54.518507 -59.562908 -47.832022 -51.441242 -67.853671 -51.448549 -60.890848 -46.300228 -67.325778 -58.711215 -69.279231 -40.098248 -47.526243 
-39.891873 -54.130308 -55.699208 -46.508075 -57.988351 -55.317662 -68.100363 -64.005058 -50.405957 -35.748765 -62.544138 -65.248401 -55.062753 -58.510936 -54.868816 -54.371915 -70.870445 -39.893871 -56.508307 -55.357593 -54.819421 -54.708757 -71.167595 -54.314547 -66.365085 -65.430883 -39.996560 -49.397118 -53.709426 -53.372925 -47.612138 -66.631718 -57.797684 -63.534778 -56.075129 -71.485707 -67.101558 -57.262007 -58.547791 -59.155362 -57.449827 -56.920901 
-46.756278 -54.603630 -61.386489 -59.668280 -57.652945 -55.254324 -39.212858 -65.232545 -49.475208 -46.804232 -70.784655 -40.750664 -55.537484 -55.392957 -54.567546 -56.005596 -67.139676 -51.504946 -55.874689 -50.094542 -54.091771 -52.474226 -39.370417 -59.036259 -57.721519 -55.435085 -68.469951 -73.055794 -55.214544 -53.491685 -57.794122 -52.058884 -68.592546 -57.676212 -68.470190 -63.633818 -54.828500 -55.408950 -69.796805 -66.355030 -47.703613 -60.410210 -67.273532 -56.161149 -50.907236 -58.850998 -56.527669 
-57.911811 -69.189719 -65.931614 -50.469810 -58.552675 -55.265392 -70.317848 -50.393024 -48.874551 -50.701212 -35.166760 -49.840295 -45.944175 -64.032703 -54.397016 -54.486779 -64.865706 -40.829559 -55.913526 -61.063623 -54.444632 -74.485146 -54.608825 -56.134166 -61.291170 -65.932608 -57.043832 -40.492368 -70.325941 -65.453770 -67.557220 -55.319354 -75.015362 -50.086852 -57.187041 -63.658878 -65.154893 -51.476395 -49.777339 -66.722025 -62.277862 -65.944377 
-72.578542 -71.005243 -60.175085 -50.613607 -58.483854 -55.229517 -66.940968 -48.135424 -61.034148 -54.898990 -73.948907 -49.739766 -46.482500 -52.991946 -53.857866 -54.937406 -65.488434 -69.600277 -57.275793 -60.824386 -53.685034 -52.030697 -54.388909 -65.090679 -52.880854 -65.184940 -61.086908 -61.525723 -61.818528 -52.144827 -70.908391 
-50.779574 -38.319590 -52.374104 -56.584105 -57.363794 -55.983509 -63.475975 -47.851571 -41.735324 -66.300277 -60.581716 -52.063882 -49.161480 -46.958008 -54.019300 -50.547163 -62.703860 -53.148165 -54.989425 -61.933631 -54.123130 -54.705507 -51.492218 -53.127037 -60.439149 -69.433598 -49.453655 -50.075876 -53.913876 -55.302201 -68.710886 
-53.600957 -65.773459 -54.152994 -56.989795 -57.586184 -56.071946 -54.944931 -47.334977 -51.180694 -73.168429 -41.360105 -55.214667 -53.948675 -48.105001 -54.100127 -50.830108 -48.157143 -54.533887 -66.537793 -57.316747 -60.442966 -68.877881 -63.485650 -60.526904 -66.473135 -68.243507 -66.224724 -69.522744 -59.244555 -48.106302 -66.691528 -68.166175 
-53.706987 -68.596342 -53.966569 -40.031264 -57.335597 -50.529164 -47.722537 -51.083805 -51.261770 -53.943112 -57.514027 -55.128544 -56.042507 -64.752381 -54.164027 -50.070732 -59.524368 -70.707220 -63.303813 -66.015412 -67.186696 -68.747937 -58.888114 -60.102040 -66.664768 -47.811166 -58.623318 -38.879350 
-67.960818 -54.272957 -53.966569 -40.686872 -72.232538 -63.366710 -47.832238 -65.284161 -51.569057 -73.819270 -58.141246 -54.958733 -55.780205 -68.296684 -54.209238 -49.890384 -57.282370 -55.106737 -38.834598 -63.587704 -68.207992 -54.981160 -59.441290 -60.992284 -41.332694 -47.652387 -58.775999 -70.355723 -69.596260 -69.306535 
-69.582405 -54.324392 -54.087043 -71.512178 -61.371180 -69.160656 -48.277078 -59.860702 -51.581769 -54.362188 -57.634856 -58.310527 -55.743135 -62.382472 -54.209238 -49.508747 -47.736220 -54.130756 -66.975675 -68.849883 -39.308475 -62.364251 -56.303827 -61.465463 -46.023217 -46.935943 -65.507094 -55.603715 -60.050034 -69.314432 -61.316526 -59.171597 -63.890380 
-49.192889 -54.154719 -53.817022 -61.324695 -64.412855 -51.030213 -47.908010 -65.741243 -53.759126 -68.979890 -69.288420 -54.691924 -55.754078 -49.403188 -54.209238 -54.088185 -64.586303 -54.932462 -50.708819 -58.875209 -36.193631 -53.874619 -57.210925 -64.103876 -47.139800 -63.800085 -58.221204 
-49.206286 -53.808295 -53.563924 -58.908447 -54.185925 -54.169478 -48.445514 -64.115236 -68.667816 -69.421172 -71.872602 -60.475846 -53.729367 -49.648420 -53.987614 -71.873407 -59.287630 -55.211707 -53.123880 -56.056238 -35.989206 -45.668496 -55.463497 -66.830533 -70.111646 -60.888196 -58.641212 -68.308217 -62.168049 -42.007143 -50.944283 -64.028870 -74.649299 -63.104221 -69.200849 -62.877269 -61.442617 
-62.418593 -53.814955 -41.001855 -56.368761 -55.020541 -71.188510 -48.513319 -53.530880 -49.966751 -52.925426 -72.627250 -63.228934 -53.515745 -61.017906 -53.987614 -56.718986 -59.246835 -58.632025 -50.311341 -68.407183 -61.586092 -37.719492 -57.077642 -59.028633 -71.598367 -47.530479 -63.451591 -60.787816 -63.637542 -66.929424 -58.226450 -40.332694 -69.562368 -38.585703 -47.502211 
-40.909130 -53.749922 -69.422751 -57.265787 -55.284574 -68.265480 -62.837091 -48.383599 -50.966962 -53.552953 -53.560211 -60.651731 -53.687372 -65.507297 -53.633176 -51.545996 -59.381486 -53.149428 -74.700561 -69.157830 -59.347922 -56.882902 -57.065976 -66.008577 -68.903333 -42.206487 -36.357640 -68.296747 -47.942754 -35.615247 -46.404083 -60.405103 -62.393497 -48.511560 -58.846092 -63.333412 -71.261540 -53.831659 -59.497084 -48.596304 -45.570158 -73.283781 
-46.935140 -53.124040 -60.206798 -57.257607 -54.165255 -54.830140 -60.284321 -66.433489 -52.589460 -52.774105 -67.284717 -49.739415 -53.687372 -59.641064 -53.462264 -50.958406 -60.735069 -62.079724 -63.268135 -61.125415 -59.185625 -65.538213 -46.474609 -48.858513 -48.825758 -35.619859 -68.153813 -74.839829 
-53.018815 -69.383883 -60.270261 -56.884881 -54.294381 -55.580460 -67.759051 -52.818215 -52.314883 -52.335959 -62.456541 -55.048947 -53.105760 -63.196952 -53.685526 -50.215622 -69.963030 -61.196082 -49.435390 -47.911556 -59.328902 -67.681581 -46.187658 -49.580286 -48.845491 -59.199329 -39.389558 -69.143410 -64.427261 -52.859949 -39.626577 -58.197204 -50.600879 -61.082841 -60.767393 -61.097172 -67.862750 -68.441206 -40.177769 -57.605845 -63.242917 -68.127312 -61.047598 -64.119263 -61.445011 -56.854442 -70.902500 
-53.057869 -66.977743 -68.083698 -56.620543 -54.884392 -63.373969 -66.396366 -64.263844 -51.659226 -52.373460 -54.517256 -54.995343 -52.887608 -71.205521 -53.793315 -47.400191 -74.055368 -54.721104 -73.941500 -61.575577 -59.142966 -67.891064 -46.336415 -49.242614 -50.344936 -74.678294 -65.916937 -67.300640 -47.667891 -48.148253 
-53.855504 -49.615795 -75.010961 -57.020829 -56.848067 -40.847558 -51.978353 -73.425887 -59.398298 -52.620257 -53.912948 -55.133051 -53.095619 -63.549986 -54.053436 -60.550099 -65.045656 -54.056330 -70.714399 -62.542629 -59.456231 -69.104026 -63.410239 -59.053077 -62.835350 -68.290143 -47.645908 -72.173249 -52.003706 -70.485433 -56.429765 -60.444249 -66.289308 -53.717519 
-53.928897 -66.492714 -72.172924 -57.214591 -59.514362 -60.403457 -51.973955 -62.104640 -48.258962 -52.400573 -53.851906 -50.040955 -52.939508 -55.653541 -53.922095 -51.619814 -46.182261 -64.653818 -70.672099 -62.385522 -59.209190 -52.015384 -36.356256 -70.488838 -39.840216 -69.183216 -35.262169 -71.247654 
-50.095571 -52.818866 -35.848290 -57.238266 -67.866198 -39.137222 -51.343425 -60.455072 -73.170291 -52.654486 -52.980661 -70.899378 -53.180976 -55.224430 -53.488300 -52.711050 -46.040242 -68.019336 -53.693305 -61.337140 -58.379777 -63.911330 -54.600480 -52.711044 -60.703142 -46.962685 -66.902374 -62.221252 -74.845739 -42.231096 -36.031989 
-42.536795 -51.117813 -36.550465 -56.900204 -60.672953 -45.283913 -62.289956 -56.470903 -68.947327 -52.226087 -65.941470 -51.005881 -53.019692 -56.039412 -53.812330 -67.862595 -55.785464 -47.086036 -53.811350 -64.203074 -58.890945 -51.935188 -53.596520 -42.295552 -62.850966 -65.222914 -70.875672 -64.421866 -56.024685 -59.052113 -67.583433 -66.626432 -53.967627 -56.854291 -72.072460 -68.858329 -72.956431 -42.115063 -72.483274 
-70.108942 -61.562087 -44.554555 -56.774157 -54.742148 -64.345339 -63.457412 -50.298433 -48.277741 -52.410562 -59.378668 -50.603795 -52.927057 -55.884117 -38.639565 -74.550396 -60.350414 -70.579344 -42.072407 -59.925423 -59.283672 -63.915963 -54.536826 -64.127694 -54.156628 -67.305758 -51.870171 -61.614134 -48.940013 -63.771210 -67.719415 -65.703951 -54.884700 -54.153540 
-53.536160 -70.392372 -47.101159 -56.774157 -61.596596 -68.312156 -61.943566 -49.114861 -65.372246 -52.448128 -59.461373 -74.329750 -52.742989 -56.107017 -37.382529 -53.943215 -62.168261 -51.670284 -69.421231 -55.042469 -58.850656 -52.432569 -54.245784 -62.772104 -60.404236 -62.602365 -48.112774 -55.420870 
-53.851521 -47.462009 -47.225419 -56.774157 -71.247476 -68.325962 -59.888343 -62.869537 -67.403067 -52.275495 -68.890650 -60.390997 -52.971312 -55.889884 -45.905036 -53.935586 -71.366699 -51.423033 -49.416871 -62.706176 -59.025196 -66.079678 -55.035968 -64.710217 -39.064231 -66.386913 -70.322124 -66.884820 
-53.643689 -55.894384 -39.539594 -57.094056 -65.014174 -60.480341 -69.045845 -46.867548 -54.385746 -52.325119 -47.715064 -65.713811 -52.914500 -60.552939 -46.174664 -53.945130 -62.278862 -52.520780 -72.628890 -54.929784 -59.822112 -69.045224 
-36.003403 -58.978389 -48.329840 -57.094056 -52.900182 -54.796636 -50.956905 -62.389426 -55.380249 -52.340149 -72.684108 -51.731777 -52.711148 -65.086674 -46.576172 -53.815891 -56.941315 -50.708706 -53.332847 -61.620122 -63.127805 
-62.163454 -59.058221 -53.741150 -57.887854 -52.078043 -55.450329 -42.000154 -36.529443 -55.135026 -52.485717 -61.047101 -73.181364 -53.020225 -53.629485 -47.025567 -53.750218 -64.106725 -48.389520 -75.457680 -64.730385 -75.492681 -48.214466 -59.922134 -60.484271 -60.773170 -53.291729 -57.446799 -57.429074 -60.114948 -64.371820 -65.138539 -68.843895 -59.953324 -47.614045 
-63.710624 -59.748028 -54.236498 -57.229169 -50.801071 -58.082433 -60.201966 -40.527925 -54.793783 -52.702466 -62.387357 -68.101113 -53.020225 -53.629485 -61.129819 -53.764944 -46.698656 -46.148508 -72.105541 -57.847659 -55.280295 -47.294957 -64.666743 -51.360206 -43.453311 -66.037600 -73.991926 -42.744624 
-62.861967 -58.813676 -54.150247 -57.229169 -51.887010 -42.636744 -50.912148 -71.821209 -58.068811 -52.116828 -69.265281 -50.783680 -52.951135 -53.629485 -71.510346 -53.764944 -46.609076 -50.833831 -59.395674 -58.109028 -66.124346 -67.410620 -63.313245 -56.427388 -66.492305 -67.967850 -68.284891 -38.906944 -71.915292 -59.438119 -62.014245 -59.479245 -65.988934 -65.788464 -61.222379 -68.806012 -48.270624 -72.412905 -60.803319 -57.894218 
-59.585742 -59.565916 -54.319599 -57.419278 -66.978324 -54.329781 -47.773206 -40.644055 -45.978703 -52.116828 -61.443226 -54.534581 -52.565311 -53.517118 -51.606305 -53.841892 -66.409560 -51.479118 -43.322766 -61.030513 -65.206754 -66.204663 -73.624343 -55.759133 -51.100115 -67.058462 -71.521834 -68.735590 -70.253831 -61.751221 -52.794712 -47.937498 -67.199827 
-52.056422 -59.851181 -54.766798 -58.009817 -62.260462 -71.396149 -48.552141 -40.258953 -46.941052 -65.566304 -72.011154 -51.299430 -52.565311 -53.291430 -51.284422 -53.396387 -50.477527 -65.193689 -66.517753 -65.457781 -53.301840 -48.120590 -51.462424 -55.413410 -66.702460 -60.496675 -49.553147 -51.941359 -57.931760 -74.485052 -53.294816 -59.007064 -61.802145 -65.664352 -51.172337 -62.426789 -64.268777 -59.182792 -66.570072 -71.963426 
-52.244886 -59.983901 -64.185692 -57.080818 -50.191563 -50.579639 -67.873992 -65.028506 -46.500200 -66.008141 -53.656251 -52.158257 -72.918226 -53.291430 -51.621270 -53.546065 -63.390522 -69.495468 -73.632353 -54.677739 -70.161446 -47.481709 -52.961032 -55.715888 -67.911178 -57.193068 -61.813252 -56.498472 -48.651451 -53.999397 -64.455134 -54.322182 -70.077164 -67.169208 -72.821210 
-52.734147 -59.960712 -60.378597 -57.737093 -73.349158 -49.298030 -50.358293 -62.535790 -46.812041 -51.223402 -67.405655 -51.863719 -64.446663 -53.543722 -58.383517 -53.591168 -64.052882 -64.413971 -65.151582 -54.025797 -52.729989 -53.673937 -52.961032 -56.293012 -63.585102 -68.625301 -68.521499 -68.904286 -61.245670 
-52.534980 -60.100538 -53.902897 -56.965987 -38.879881 -50.078382 -47.091309 -63.260095 -46.601087 -68.418473 -58.739969 -52.388773 -64.158396 -51.216425 -52.991722 -53.648163 -64.906360 -55.409309 -49.133681 -54.406747 -56.403999 -59.657102 -68.516698 -57.249897 -69.370867 -53.647149 -65.893154 -68.046407 
-52.214810 -60.008529 -53.733515 -56.875918 -61.988530 -45.811984 -48.513789 -64.811611 -46.116901 -61.123442 -63.391856 -52.788835 -41.210942 -51.190648 -53.041195 -53.711110 -49.795240 -64.510399 -72.881608 -54.925754 -57.184044 -63.476058 -63.627075 -67.473732 -69.389442 -44.969654 -59.442315 -67.667692 
-63.329698 -53.556396 -53.596056 -56.623606 -58.891158 -62.731979 -59.625844 -62.402003 -50.245283 -44.110663 -68.926946 -53.827355 -60.089062 -67.007926 -52.680461 -53.751927 -51.906536 -49.341156 -70.632606 -54.863701 -71.848731 -63.434615 -42.509679 -60.764992 -63.579454 -68.253013 -64.083158 -63.788488 -52.197389 -70.839890 -62.616430 -58.860963 -73.363676 -66.331318 -62.547045 -59.151155 -71.195525 -50.078794 -51.119227 -62.476741 -74.047628 -67.906059 
-40.701374 -65.990616 -53.745911 -57.413335 -66.274427 -55.423228 -59.212577 -53.345465 -65.324495 -63.131250 -35.079919 -66.108845 -57.806621 -48.626569 -52.680461 -53.982528 -52.445683 -65.384905 -65.137102 -53.977818 -58.680283 -63.113268 -44.048597 -52.423929 -70.876080 -60.988110 -72.472382 -60.042772 -45.757366 -55.389611 -65.244664 -41.989747 -61.997244 -47.900807 
-63.699337 -50.039896 -54.733613 -57.673454 -61.356553 -52.824370 -59.110275 -53.928255 -69.336587 -63.836358 -59.952541 -58.067875 -71.801507 -59.883490 -52.751992 -54.499907 -53.797517 -67.583693 -39.226376 -57.942802 -43.137186 -65.033255 -65.339820 -52.328497 -50.818820 -68.306187 -53.051492 -65.843654 -71.941753 -67.367134 -59.140894 -63.578011 -66.132325 -64.621455 -56.063506 -62.371752 -59.521331 -73.168964 -66.974613 
-52.225502 -49.703579 -61.701288 -57.129759 -59.931052 -53.822379 -58.904552 -54.421687 -39.889975 -65.717037 -66.474743 -63.938426 -45.884594 -54.285482 -52.830300 -39.801611 -65.157937 -63.375843 -39.360816 -46.385283 -69.856437 -53.827842 -70.014313 -52.394022 -60.704128 -47.880950 -55.612624 -55.415929 -51.609292 -59.503366 -54.356476 -67.667004 -57.897109 -68.590925 -37.310131 -68.004059 -66.555140 
-64.073487 -51.509134 -70.995525 -49.764060 -47.898982 -65.979778 -58.911023 -54.173913 -58.681536 -69.127264 -35.503638 -51.798347 -48.366730 -53.877058 -52.817362 -69.801884 -45.906360 -68.480056 -39.071622 -61.268619 -68.617044 -53.741767 -57.417355 -52.409095 -66.318225 -51.045929 -53.018313 -55.583915 -50.554065 -55.404638 -54.208755 -59.183354 -63.009342 -56.802411 -64.879939 -48.414867 -60.981318 -63.228495 -68.328235 -47.466448 -71.502821 
-58.250838 -49.744869 -52.492546 -51.197801 -65.050584 -45.827392 -58.968408 -54.061148 -65.923410 -56.396193 -61.121339 -48.007205 -63.179406 -54.424858 -53.199122 -69.829274 -46.797242 -54.162742 -66.448803 -73.561212 -69.301309 -61.253752 -57.829988 -52.475240 -47.621256 -65.773096 -63.719120 -56.075207 -63.274291 -64.744425 -42.128592 -60.750298 -51.276118 -57.688945 -70.413815 -59.396992 
-45.812103 -50.533475 -58.890787 -51.661461 -60.986211 -49.172825 -59.225881 -54.311365 -59.518820 -74.823250 -65.921771 -47.068174 -64.478040 -55.218041 -52.833429 -36.688216 -43.107455 -54.299599 -64.074470 -55.647845 -51.580761 -47.994221 -57.789621 -52.369695 -65.976538 -58.181443 -50.702190 -73.306915 -75.035181 -69.479337 -66.792920 -61.318200 -71.199326 -68.119586 -63.103419 -59.414656 -63.534050 
-52.491885 -49.506470 -68.561973 -60.343174 -54.011237 -55.607410 -58.499331 -54.264581 -46.555736 -47.785283 -63.305545 -47.114725 -60.469356 -54.479253 -52.724218 -36.123157 -65.970939 -54.407646 -47.344370 -59.622760 -55.962893 -64.519070 -57.496448 -60.593011 -62.199817 -60.459053 -60.695198 -57.804813 -68.568530 -73.183809 -51.053723 -60.543865 -66.737051 
-52.491885 -70.498180 -61.506379 -53.990384 -61.195828 -57.019542 -58.921100 -54.125058 -71.786793 -60.124874 -75.769520 -46.776267 -47.469887 -54.219023 -53.072075 -69.125797 -42.273200 -54.142906 -48.220818 -59.491528 -61.371960 -64.960953 -57.567155 -48.099280 -61.896163 -54.542171 -50.997476 -55.336465 -66.467237 -62.185490 
-52.338415 -49.849801 -61.650835 -52.967503 -51.503957 -42.223763 -59.302991 -54.353935 -52.051655 -65.662337 -70.136845 -47.304752 -47.655044 -54.000283 -52.994553 -60.072662 -63.855628 -54.136695 -47.990893 -59.705116 -65.419534 -58.854420 -57.515455 -47.914465 -73.661560 -55.143262 -63.432581 -66.381416 -66.798418 
-70.499668 -64.818291 -61.361418 -52.336061 -70.666850 -58.057303 -69.007026 -70.657918 -62.161334 -63.730487 -45.940308 -47.098316 -51.053335 -54.710186 -52.959222 -70.520034 -55.946666 -54.136695 -47.772741 -59.124555 -66.913534 -48.389245 -57.515455 -60.462103 -51.972310 -55.280764 -53.893372 -68.144236 -47.159378 -69.026033 -61.620280 -61.929385 -66.837014 -47.869872 
-41.450471 -54.612653 -65.434585 -50.879889 -62.718730 -52.514664 -59.893063 -47.657730 -65.217855 -54.330896 -46.433037 -46.998071 -52.163618 -54.210975 -52.755615 -52.201704 -69.930854 -53.976526 -48.300297 -58.897548 -75.360831 -60.975485 -57.835321 -58.487561 -57.336764 -61.343269 -61.114500 -59.522328 -56.091658 -61.416195 -47.333444 -57.544156 -51.627300 -58.695515 -50.506845 -59.353187 -75.429695 
-39.880044 -51.788505 -52.871451 -48.572135 -62.650870 -49.254884 -65.401527 -42.962836 -63.573088 -54.562968 -45.531964 -63.654238 -39.985405 -54.591979 -52.835674 -52.158724 -60.906542 -54.534744 -47.178419 -58.655556 -48.683025 -54.043106 -57.999026 -49.792151 -57.004057 -57.779684 -51.862232 -67.218419 -63.683957 -51.448114 -62.477356 -54.607252 -55.196708 -55.237419 -68.347338 -64.466960 -60.177389 -58.610176 -66.805184 -59.850609 -62.021650 -59.679347 -63.744447 -61.086677 -57.535507 
-39.618660 -66.871370 -60.954635 -49.260251 -62.126687 -49.461800 -65.955933 -64.744438 -62.609274 -53.852664 -45.595781 -52.940636 -38.178844 -54.799500 -52.705113 -52.346409 -48.873527 -54.881302 -47.266372 -59.040625 -53.994668 -57.356669 -58.169175 -50.942981 -55.702863 -49.966173 -57.968558 -59.523784 -60.306209 -68.586338 -67.697827 -47.900809 -56.442363 -65.781669 -64.721098 -68.661920 
-56.950602 -49.155196 -64.844848 -52.513777 -49.652100 -46.463966 -52.094679 -71.244829 -54.787465 -62.559831 -72.330964 -68.555845 -50.520558 -55.028755 -52.705113 -52.346409 -62.167791 -54.974757 -39.165416 -58.767225 -58.588709 -51.712031 -58.169175 -69.881738 -69.904922 -70.535139 -72.829208 
-41.205240 -36.084232 -66.848084 -64.488612 -65.329552 -50.332401 -51.637233 -58.276523 -54.787465 -65.072418 -55.319767 -62.487229 -49.347134 -54.871190 -53.149876 -52.522140 -49.055056 -54.810021 -48.745285 -58.891139 -65.141602 -45.494802 -58.142087 -64.492736 -65.272739 -52.369949 -73.269525 -61.672609 
-64.379832 -35.748554 -56.330773 -56.124612 -51.342338 -49.448159 -50.858835 -74.507798 -55.193026 -72.578691 -54.759357 -59.744981 -48.383465 -55.236696 -53.068984 -52.717190 -57.083110 -55.394739 -47.599937 -58.373164 -40.243750 -65.072520 -57.773345 -51.038533 -63.891484 -66.270336 -49.989548 -61.798790 
-65.033663 -35.710651 -71.917909 -50.101629 -61.498424 -65.833293 -51.107937 -39.244347 -55.247142 -62.027396 -69.523818 -64.481638 -50.902701 -55.062799 -52.950096 -52.824746 -47.194686 -55.256942 -48.195685 -59.554538 -59.509040 -52.815283 -56.798272 -67.429302 -47.814061 -48.717007 -67.050406 -69.947210 -67.583045 -59.896970 -64.498347 
