   95.896163 10676.159973
  130.846866 10694.403115
  117.238250 10692.614871
   97.542532 10681.291475
   98.456711 10689.154577
   91.075446 10685.142741
   81.039495 10688.880248
   89.407416 10667.749475
   78.645919 10673.451970
   98.827021 10687.912072
   84.292156 10690.848972
  118.883677 10675.158792
  104.528216 10671.020093
   89.678560 10676.612478
  136.677393 10684.912686
  110.565582 10683.660633
  124.601565 10690.423202
  107.431859 10660.245475
   96.077038 10676.673571
  112.246034 10672.317316
   90.431450 10675.075132
   90.616459 10670.560687
  116.750013 10685.718876
  146.749418 10683.972842
  121.991732 10701.294185
  111.971668 10679.969170
  136.831645 10691.718062
   79.334511 10685.774585
   94.933782 10687.248945
  129.754645 10676.818013
  113.473272 10683.011692
  110.929913 10686.259481
   92.622767 10679.831754
  109.650564 10686.914121
   95.695045 10700.771172
  112.452306 10679.107211
  115.437479 10692.332156
  120.117277 10687.118053
  121.136707 10680.060366
  112.451835 10683.352063
  116.575205 10689.723317
  108.177857 10690.282999
  108.521900 10693.212454
  104.402172 10679.703921
   88.779183 10677.702069
   97.409490 10681.479648
   85.837431 10684.689134
   92.430769 10684.421767
  122.379957 10688.415934
  102.161464 10681.516603
   98.978191 10673.595114
   96.475298 10690.261025
   87.559049 10685.983766
   96.180671 10674.477490
   88.261578 10679.947459
  100.999776 10679.263872
  107.201779 10687.051086
   76.256195 10684.517578
   85.042002 10680.468602
   98.417051 10691.397310
  105.086946 10682.788737
  121.215371 10698.972047
  106.855317 10688.961343
  121.032541 10692.877393
  127.471570 10699.054163
   93.346015 10676.925730
  100.197541 10682.092483
  120.794733 10691.169479
  142.233420 10690.926404
  107.710190 10680.610788
  116.999132 10680.432283
   94.575178 10673.853544
   83.789901 10684.408815
  104.076519 10683.010050
   90.164805 10697.847458
   92.668856 10694.990134
   85.214579 10682.873861
  132.922243 10691.931157
  149.857770 10681.774794
  105.848288 10699.332827
   95.085651 10693.796397
   84.967321 10685.404472
  107.785379 10686.184750
   86.290559 10678.769664
   83.476411 10680.719576
   94.563511 10681.932821
   93.374456 10689.302090
  101.596025 10702.586667
   91.938938 10689.026550
   92.328024 10693.723266
  123.888654 10690.773479
  109.355606 10686.445040
  109.181644 10675.138407
  134.275957 10693.211461
  110.812104 10688.570211
   94.154257 10686.205883
   90.723254 10696.168217
   79.031902 10687.182070
  115.367627 10686.793263
   90.968928 10689.210125
   81.500830 10686.876527
   93.755455 10683.182558
  106.176928 10682.984376
  102.183958 10682.933536
   87.399314 10677.661551
  100.856706 10681.031442
  107.547298 10685.053883
  116.795144 10690.701595
   76.999943 10689.471018
   92.188984 10683.994687
   95.474416 10692.753476
  107.233435 10681.768732
   94.175430 10695.342752
   84.354545 10688.983452
  117.936132 10689.382887
   88.250777 10681.267223
  112.094426 10675.228672
   81.424645 10670.485801
   83.189104 10679.314453
   93.389336 10672.341111
   89.296820 10686.787193
  125.040513 10691.868036
  110.939584 10692.103934
   83.262159 10691.087986
   95.275353 10683.219893
   91.101131 10684.397647
   94.491969 10689.276895
   88.775145 10674.202550
   85.214086 10688.721456
   99.187857 10688.732661
  110.492204 10680.090784
  114.574905 10670.427888
   90.714406 10669.165556
  115.517734 10679.661744
  143.101206 10674.127100
  125.806722 10687.733375
   97.043704 10679.852758
  100.880416 10681.322271
   97.691553 10690.010966
   83.572547 10679.118618
   95.206224 10669.494263
  119.395291 10681.999979
  108.379462 10691.540256
  142.147373 10681.113826
  100.632736 10690.047877
   83.507246 10672.687024
  119.681252 10678.448269
  102.611962 10683.512818
   94.252101 10693.732283
  107.273044 10678.734766
  106.582087 10681.846670
  102.834147 10678.245622
   89.062912 10685.822761
  129.398279 10686.742620
  118.709229 10680.799878
  130.492104 10696.119664
  138.235053 10685.233699
  133.085770 10691.104487
  110.579040 10688.286364
   66.666365 10683.564110
  105.589771 10686.954287
   96.699997 10670.098510
  104.293131 10680.985088
  118.451575 10685.112774
  139.983259 10679.426343
  135.044310 10682.758150
   92.945726 10691.371599
  119.306414 10693.184382
  139.068409 10687.987000
  137.926462 10683.379803
  156.715720 10691.540097
  137.781850 10696.346962
  131.787239 10690.925643
  119.574531 10681.940257
  124.023894 10695.015340
  135.463543 10675.955972
  114.301823 10684.864779
  114.736593 10688.573521
   99.760885 10688.584428
  135.121101 10681.211970
  145.811014 10665.324377
  111.056510 10690.752355
  131.106351 10687.816864
  118.705791 10671.254962
  139.491954 10695.924983
  111.975355 10689.050289
   86.335347 10689.367018
  111.900828 10691.162688
   92.481376 10673.172724
  122.817477 10674.114415
  105.965851 10680.242195
  125.734050 10690.892365
  116.714573 10690.156779
  104.055520 10685.764109
  121.363294 10684.443313
  116.859203 10681.255515
  122.272488 10690.337672
  118.958499 10685.802525
  109.817246 10686.507991
  103.670347 10685.431778
   95.325410 10688.473492
   95.773707 10685.695468
  101.328750 10679.633559
  106.858281 10702.464174
   97.370647 10681.988075
   97.454547 10691.600700
   96.467283 10687.653227
   81.459045 10688.984656
  111.175443 10693.055017
   94.289610 10684.293858
   90.379692 10681.747717
   90.130090 10680.654835
  104.026862 10680.789258
  106.876036 10669.349693
  109.727024 10685.311876
  101.647182 10674.035521
  127.116892 10673.840331
  105.156698 10687.137220
   87.317130 10685.685125
  124.757459 10683.177539
  109.516208 10699.648694
  119.575794 10694.490947
  148.595859 10686.963663
  161.256623 10676.128539
  120.806304 10691.883106
   96.191672 10690.657841
   75.687507 10690.161487
  103.740664 10687.254614
  109.660561 10696.953982
  109.445868 10697.410278
  109.248404 10692.162357
   98.699831 10685.710445
  102.666075 10685.095706
  110.652482 10692.509714
  116.703969 10691.833136
  106.433532 10681.106412
   88.997049 10677.005673
   83.304292 10676.063692
  103.671709 10685.369032
  130.495396 10689.944078
  116.506246 10689.880479
  114.139546 10695.425029
  106.523027 10689.267315
   69.829775 10694.893745
   90.146572 10686.499311
   77.442441 10677.593858
  106.386362 10697.433305
   96.330135 10677.832781
  105.640010 10690.685239
  122.751305 10684.495414
  138.063489 10691.386809
  122.353742 10695.737840
  122.505396 10690.813627
   99.890317 10687.035068
   97.609242 10689.453095
  112.922222 10699.125537
  117.477883 10680.696614
  132.880200 10686.823761
   92.016248 10692.872526
   85.866940 10689.920599
   85.859961 10690.755672
   97.083444 10687.474885
  103.380525 10684.984030
   97.294263 10686.269346
  127.300886 10684.905679
  154.818408 10680.069137
  129.865083 10691.490882
  112.252027 10683.116797
  133.884446 10677.321051
   96.185828 10681.354854
  117.275607 10687.849807
   86.191919 10679.513923
   84.778361 10681.956581
  102.182416 10690.064589
  113.620924 10687.677503
  114.651903 10678.710268
  102.922993 10682.690048
  110.389221 10683.345018
  135.475097 10689.043645
  108.303238 10684.340604
  100.402060 10693.850680
   78.900248 10686.943720
  117.917297 10682.818266
  104.551450 10683.553153
  103.747805 10682.483370
  105.699892 10675.267882
   98.266641 10686.951962
  136.389027 10680.174880
  174.473196 10692.568998
  117.106961 10689.289886
  141.855359 10686.817673
  126.160499 10690.073463
  166.780193 10689.500060
  135.766160 10695.895747
  135.314746 10679.771642
  154.174199 10681.835725
  136.444394 10685.970126
  106.548367 10691.871389
  140.415879 10688.045891
  127.883479 10690.335696
  138.684411 10693.739166
  108.917271 10686.710583
  110.513570 10686.198657
   92.394579 10703.173035
  120.619468 10701.847145
   96.840893 10687.081416
  123.428241 10698.769720
  114.739908 10690.951727
  126.485411 10698.806785
  109.397752 10700.117745
  118.784244 10687.976209
  127.774702 10696.078256
  133.276603 10685.760887
  146.422278 10687.729320
  152.563654 10684.958318
  105.251225 10681.253707
   97.992360 10700.299146
  108.078154 10683.045161
   95.834219 10685.819259
  114.247201 10674.579909
  106.394814 10684.884497
  121.000416 10688.117146
  100.070314 10691.339821
  133.223169 10678.712121
  120.455959 10680.996457
  115.016736 10682.436679
  134.005284 10688.714553
  152.168317 10685.846004
  126.183364 10680.882752
  142.912841 10691.149073
  148.671456 10680.208435
  142.469505 10688.735435
  126.254862 10684.816043
  136.571771 10688.932550
  126.683350 10687.687489
  123.919078 10684.878309
   96.035758 10676.594381
  101.328159 10688.811816
  114.864297 10688.992331
   86.392970 10682.280252
  103.670796 10684.696087
  104.823156 10695.276750
   92.998749 10687.775749
  110.812015 10661.199607
  111.375415 10676.211107
  131.161408 10681.841293
  143.999156 10687.181221
  109.919400 10681.407711
  108.360931 10678.871190
  111.908626 10681.136831
  109.057408 10679.032200
   98.642649 10687.666956
  109.099413 10679.570873
   81.652698 10685.457787
   86.561072 10685.612863
   93.253006 10695.579946
   78.563398 10691.927574
  105.778402 10681.825596
   82.258876 10686.235625
   87.533192 10689.828891
   94.871073 10700.941181
   99.075753 10694.711431
  101.154255 10692.082911
   99.280756 10691.722532
   77.331573 10697.385859
  103.155798 10692.876519
  105.572478 10694.264708
  110.891924 10686.196073
  108.339730 10689.661550
   81.443259 10694.584908
   65.281746 10687.156832
  112.649809 10690.797281
   99.789997 10674.424397
   73.736507 10685.163371
   91.215467 10681.621335
  117.665411 10688.302763
   97.446460 10675.710594
   86.841290 10679.897127
   96.067173 10695.070793
   94.451120 10668.114792
  128.499197 10676.113431
   96.506094 10690.876011
  137.931880 10690.440784
  143.371659 10686.940551
  131.075232 10682.579877
  133.574081 10689.135279
  136.988490 10686.338936
  121.655884 10686.009202
  105.234732 10676.449924
  112.896912 10682.222135
  128.699726 10681.384727
  130.032037 10681.435338
   99.120496 10673.939382
  108.690472 10694.782358
  101.259541 10683.805327
  124.616279 10685.555046
  140.114888 10687.322338
  102.524840 10677.310038
  135.266574 10678.036115
   99.613121 10681.431823
   84.490078 10685.598876
   94.836967 10683.578579
   90.858685 10689.736517
   83.427218 10687.060702
   85.720073 10687.500154
   92.680638 10678.682690
   83.039488 10690.812900
   91.219066 10685.990295
   92.138710 10687.938469
   77.250653 10678.241938
   91.003741 10691.882066
  105.606274 10677.961974
  115.438977 10682.257658
   90.377717 10694.176940
   69.080241 10682.870318
   77.241288 10679.948782
   91.230101 10680.936880
   77.653840 10688.384467
   87.651151 10674.794014
   81.491707 10691.360717
  104.540057 10701.924964
  110.318133 10691.153367
  140.716468 10687.581289
  103.590352 10689.733917
  105.983489 10688.498426
  106.650567 10685.199495
   75.087605 10682.956216
   73.387695 10689.634435
   95.375349 10677.380127
   85.234832 10694.550092
   78.110199 10688.915306
  104.328449 10681.328506
   82.948438 10683.376945
  113.230891 10683.784233
  115.314214 10681.373127
  135.786055 10688.532283
  137.451340 10690.012663
  107.009835 10678.741391
  105.703790 10685.133418
   94.761082 10692.195548
  107.899592 10686.045277
  117.048898 10681.987966
  113.248414 10682.394282
  132.283442 10683.890325
  101.618367 10698.842222
  108.141892 10691.915180
   90.774118 10688.832407
   91.731028 10673.944016
   79.792504 10690.189617
   93.130294 10700.987192
   83.387833 10687.759228
  129.287251 10689.063877
  133.012655 10691.771383
  114.504819 10689.639597
  119.274336 10684.000864
  110.790655 10698.528198
  120.704799 10693.453710
   91.158655 10694.701250
  117.392624 10686.290710
   88.492880 10691.607025
   99.222039 10679.020010
   95.351206 10693.622386
   94.030885 10693.468766
  106.290759 10682.590078
  114.577656 10679.045502
  121.283371 10682.394947
   95.197448 10689.904286
  113.605662 10690.871025
   96.401383 10684.349969
  112.206235 10678.934044
  138.800445 10686.144211
  103.199519 10687.614235
  137.977480 10691.140431
  112.115861 10686.669821
  105.458582 10681.180110
   98.784219 10686.968106
   82.182359 10682.890029
   82.814535 10690.704955
  103.932918 10686.512133
  112.484845 10675.722467
  104.665611 10689.630351
  125.693172 10679.195071
  140.929021 10689.206488
  124.170859 10684.582186
  107.849453 10697.610870
  136.498645 10679.203488
  138.117340 10676.116295
  111.777105 10684.070449
  118.839762 10677.970195
  114.913382 10689.451069
  114.258936 10675.652588
  121.691649 10687.612263
  115.297995 10689.449819
   95.931536 10687.217692
   88.190657 10688.750467
  113.893851 10691.351921
   98.321936 10696.276707
  132.974991 10695.438281
  124.730114 10674.879594
   98.074868 10685.768739
  113.798354 10689.146296
  129.703144 10676.528996
  112.103427 10668.978233
  111.090495 10681.959230
  128.482726 10692.822664
  103.216288 10684.464798
  133.298458 10676.340547
  112.393831 10677.230721
  117.456494 10682.919351
   97.687482 10690.053302
  103.752447 10681.005136
  121.008338 10679.258152
   86.482878 10687.867204
   93.398669 10679.929604
  109.121953 10690.976030
  128.328220 10686.207041
  130.821601 10672.289889
  103.250010 10687.753710
  122.854188 10684.373900
  150.010348 10685.682111
  111.667493 10683.039090
   88.871527 10682.447188
   93.509922 10698.161910
   88.099918 10674.500932
   91.803768 10687.943788
  102.265591 10685.531719
  113.062366 10683.318999
   93.581604 10690.244858
   62.614441 10688.953611
   71.340913 10687.986236
  108.965630 10691.154454
  101.795140 10688.204658
   78.907688 10671.587933
   93.479409 10679.873668
  124.241054 10676.256959
  100.758269 10686.614823
  117.598472 10690.631381
   83.329121 10691.423653
   93.457802 10695.445270
  105.682101 10685.118499
  136.678363 10689.582442
  127.331026 10686.177875
  112.051167 10680.954085
   90.922354 10686.038603
   84.566212 10685.907781
   90.611197 10680.813356
   93.182188 10686.925183
  105.249449 10687.236110
   90.564862 10680.356088
   95.591851 10676.383803
   84.740669 10686.047981
   99.325295 10695.303085
   89.134789 10685.158566
  108.766680 10676.823832
  122.819822 10679.525498
  100.264255 10697.193297
  106.546627 10702.828831
  104.101393 10696.658091
   98.223097 10705.125695
   99.259911 10679.708456
   95.445352 10691.329477
   84.845406 10673.927841
   97.839989 10696.189891
  127.104356 10696.418538
  123.632611 10687.984897
  129.858473 10677.779080
  131.628403 10682.128060
  140.735244 10681.470136
  105.113587 10686.779695
  111.622216 10685.014312
  105.821370 10684.861541
  111.634611 10685.885876
  118.951636 10690.723982
   92.336910 10690.156274
  134.950068 10694.434359
  119.663746 10693.316828
  121.210904 10678.837005
  120.374008 10679.835287
  129.734073 10690.303184
  123.234344 10683.102610
  149.428236 10682.867367
  132.054293 10673.576945
  128.201579 10670.240857
   99.010980 10686.209581
  114.523920 10687.459424
  109.476797 10673.696463
  129.691373 10695.328675
  132.274299 10682.794084
  117.708725 10686.829174
  109.882878 10681.122700
   96.063507 10684.539743
  122.077417 10693.541404
  111.415839 10696.690395
  112.914707 10679.380293
   98.013897 10677.838452
   94.654185 10687.724608
   91.477114 10687.568615
  112.145504 10693.403765
   98.868214 10681.539452
   77.082082 10687.628764
  104.553713 10680.330186
  101.979149 10681.563456
   97.652056 10688.033600
  104.885507 10685.609467
   91.094746 10692.773079
   88.012996 10689.889546
   81.658925 10688.886420
   82.088882 10680.316402
  116.219555 10676.464085
   86.002721 10689.253706
   86.180447 10685.929108
   85.971220 10677.321622
   96.113948 10684.212997
   80.209035 10671.616622
   85.651932 10677.426283
   90.282069 10682.421301
  127.286150 10698.919326
  114.002006 10682.321614
   93.312594 10681.332563
  112.532687 10695.975402
   96.277958 10687.432075
   91.162030 10682.520387
   98.795741 10694.149634
  103.736597 10684.094810
  109.026936 10687.732299
  117.107648 10676.789729
  108.785729 10686.216908
  119.547446 10671.552492
  121.534039 10695.593650
  108.815388 10690.006916
  108.242722 10700.289939
  119.957109 10676.705187
  115.996203 10692.141275
  108.332303 10690.003799
  140.399004 10688.526276
  127.773949 10689.003749
  110.914053 10691.044598
  106.573645 10683.819954
  105.399559 10682.974626
  120.491987 10682.693788
   97.466558 10678.402474
   79.291763 10689.644130
   89.857174 10697.437253
   99.552172 10695.045356
  100.907849 10674.526816
  121.727877 10682.507055
  122.982262 10686.745505
  110.452847 10675.175522
  118.578347 10685.465881
  102.572984 10685.981083
  122.306012 10678.244857
  124.345838 10692.270443
  130.338464 10686.819987
  124.985988 10692.327028
  137.440002 10676.209952
  106.775899 10683.372137
  128.609662 10695.910253
  117.196487 10690.792645
  109.059835 10672.976762
  114.702978 10688.890629
  119.327338 10691.683037
  100.120657 10686.035775
  113.616281 10684.209127
  104.561901 10685.228454
   91.268191 10681.275861
  102.313708 10682.846236
  113.365862 10687.689830
  135.226914 10681.116196
  125.294828 10685.817576
  129.560667 10690.930975
  131.689539 10689.823303
  113.447206 10681.107505
  103.208041 10679.665799
  113.331413 10678.487426
  110.686334 10668.945480
  130.780280 10676.202830
  141.036674 10690.486699
   98.018774 10680.592441
  110.634688 10692.780362
   91.751485 10688.122452
  119.167508 10684.914217
  126.826222 10692.298944
  126.126052 10686.368202
  133.095582 10674.911095
  122.391139 10687.859291
   97.454015 10684.853427
  105.482066 10686.948213
   72.864058 10681.814857
   88.217242 10686.818059
   83.088581 10691.278700
   97.745048 10686.718193
  108.904670 10693.331124
   99.677514 10674.885491
  113.746675 10686.063743
  123.864500 10685.005481
   75.993554 10687.251922
  116.107598 10675.446157
  117.087691 10679.951915
   89.039237 10689.072316
  108.338984 10688.156783
  101.557543 10688.093017
  108.924893 10693.419628
  105.082680 10689.623250
   94.331448 10699.670808
   97.031096 10688.617788
  119.614017 10674.609007
  105.188361 10700.085563
  116.567628 10681.240741
   97.750558 10680.954018
  102.893954 10674.126363
   98.331502 10686.651821
  119.656283 10676.655454
  117.650005 10689.684687
  116.427729 10690.888152
  119.328859 10693.810560
  118.542646 10679.507039
  124.006502 10690.223468
  125.542552 10691.623762
  112.526320 10687.494701
   95.871020 10682.448832
  107.412485 10694.805508
  126.849976 10692.158369
  105.860025 10690.688029
  139.543939 10686.253960
  148.006633 10689.160962
  101.933782 10685.274384
  100.466421 10687.858302
   93.199970 10689.164824
   95.446249 10682.608626
   82.369880 10682.681941
  109.987244 10689.927096
  101.546898 10694.695613
  103.273749 10690.508013
  131.970637 10690.034155
  106.308932 10675.216074
   94.933787 10675.604955
  108.072185 10680.712775
   97.602622 10681.204611
   70.592635 10680.992677
  107.944581 10685.333598
   98.954085 10680.599943
  114.137689 10692.089789
   97.676722 10690.760047
  108.095204 10686.889727
   80.885558 10694.955105
   97.672536 10688.005462
  103.865708 10700.782261
  105.120328 10695.228849
  125.107043 10693.848623
   90.578346 10687.351071
  106.277653 10697.811925
  121.095352 10689.066451
  111.970743 10693.152417
  106.738871 10692.603043
  135.598056 10691.836958
  141.386033 10678.108680
  106.144858 10668.992839
  102.874458 10686.729740
  132.475128 10688.383922
  132.147251 10689.458587
  112.657743 10675.090172
  103.212083 10685.740640
  132.610801 10682.641060
  125.950480 10693.532245
  123.124237 10684.049066
  116.622045 10674.636153
   78.847727 10684.417068
  124.058800 10681.563131
  119.296784 10683.092883
   97.274779 10673.912789
   93.392121 10681.783579
   89.979872 10684.987084
   97.405228 10689.279253
   85.076062 10687.020414
  101.709938 10695.592638
  111.746357 10681.128573
   97.396127 10697.590215
  108.665291 10678.269335
  107.606579 10680.118425
  105.166564 10677.859670
  106.562724 10687.361800
  103.680225 10684.522012
   94.759599 10680.634901
   87.883490 10690.244648
   85.059672 10672.031155
  118.199654 10672.377769
  131.121492 10679.698053
  108.779910 10673.358987
  135.995507 10685.243963
  123.271796 10690.289551
  133.840819 10681.521068
  108.376325 10684.363813
  105.151733 10694.058267
  112.653684 10689.342966
  111.929631 10686.744615
  104.982693 10695.450011
  135.181348 10693.145006
  115.065677 10691.990042
   99.079551 10681.132628
   80.557491 10676.382100
  132.853845 10686.122271
  111.330468 10695.732112
   87.333874 10689.817598
   96.314423 10679.538337
  107.589612 10683.038211
  118.998878 10703.258108
   99.463436 10680.784126
   92.986112 10685.099123
  117.096407 10686.699109
   87.774995 10684.757751
  100.668350 10683.645749
  108.654807 10681.337218
   93.727178 10687.671804
   97.787787 10681.613855
   84.562493 10686.011326
   87.829711 10680.293309
   97.001812 10684.779421
  100.532025 10691.080504
  127.633065 10679.117588
   96.214142 10688.139420
   85.551740 10689.602980
   85.175288 10680.582636
   79.089337 10677.252982
   74.537972 10688.739498
   92.254189 10683.643360
   83.991535 10688.861954
   78.687031 10689.253182
   91.365245 10687.515416
   97.366993 10688.183715
  105.009054 10681.621990
   93.781055 10689.268166
   97.897784 10683.540466
  123.889936 10696.227110
  137.628311 10692.270690
   98.203100 10674.442727
   79.918253 10679.792182
  123.341036 10672.398175
  113.940868 10693.398926
   94.516491 10690.801186
  116.170182 10682.000393
  108.650402 10673.876243
  115.108248 10689.667930
   85.874049 10665.871575
  102.311795 10680.871258
  118.010213 10690.494039
   76.451155 10695.138084
   83.832924 10702.017513
  102.830624 10685.423126
  101.107118 10682.990512
   80.044792 10690.559546
  108.192458 10684.500267
  124.447781 10679.414166
  102.646668 10670.124855
   80.055054 10682.937709
  106.864585 10685.516067
  116.201306 10685.554609
   97.743818 10686.332722
  121.439300 10683.923363
  123.920584 10694.526077
   99.930741 10685.905206
  103.676239 10690.192956
   79.781971 10673.256601
  108.342022 10686.820478
  110.579137 10695.251903
   88.579180 10690.609022
  107.552123 10686.529360
   78.705685 10680.208681
  135.924712 10688.073890
  128.122127 10690.719021
  131.772506 10694.742102
  100.630578 10680.475186
   99.756945 10689.845984
   93.124074 10700.116617
  100.709252 10692.263747
  105.991272 10686.952140
   91.595576 10686.719082
   94.718468 10684.243741
  105.840627 10691.350663
  126.624944 10696.086381
  106.881584 10693.800812
  124.125328 10703.533764
  137.751788 10684.924849
   89.440306 10683.285836
   96.334632 10683.573286
  105.217090 10699.886851
   90.259948 10682.428816
  110.129113 10690.494407
   81.327144 10688.164074
   93.824434 10681.661441
  101.853171 10693.336526
   90.991558 10679.564821
  106.377512 10683.481248
   98.902945 10691.774198
  141.254786 10685.978023
  143.099624 10689.556401
  144.758834 10682.773315
  163.693296 10690.125581
  154.007974 10689.914850
  117.927598 10687.218321
  111.411703 10685.590284
