   96.004812 10759.211355
  108.075760 10769.478257
  101.117327 10763.260483
  107.969816 10766.290743
  112.762016 10766.857627
  102.975945 10774.997151
   87.611473 10776.766893
  110.643185 10754.496432
  121.832896 10767.993419
  114.765449 10762.684923
  113.146170 10762.605563
   91.271742 10772.595953
  108.783755 10764.210929
   91.900413 10753.127672
  107.324628 10770.896789
   98.249851 10756.627598
   81.251427 10755.044941
   94.201231 10768.644784
   92.624793 10763.061744
  121.446414 10762.321408
  103.057598 10773.338736
  103.495078 10772.072136
   92.407412 10784.944943
   88.287730 10781.341779
   96.801204 10770.358258
  105.940637 10769.803410
   88.685085 10768.645618
   97.786466 10753.385114
   95.793694 10744.809109
   81.718385 10755.027234
  106.786473 10767.206891
   92.642823 10766.321654
   81.372920 10768.998894
   74.529545 10759.144704
  119.671043 10771.144481
  101.153802 10757.445642
  118.769559 10781.551257
  107.308328 10757.013967
  123.033141 10774.733487
   90.343656 10775.371813
   88.275243 10769.836063
  101.396859 10773.700122
  111.209834 10766.230224
  111.791747 10782.199389
   78.794467 10778.975479
  108.530094 10778.194008
  122.938178 10765.698758
  137.696964 10765.562391
  124.457062 10767.568260
  104.976178 10753.956802
   85.603955 10757.067251
  122.976038 10763.624910
  100.415109 10770.836728
  108.778847 10761.092444
  111.771392 10754.919908
  134.181310 10765.060463
   97.791129 10763.160739
   89.053734 10760.268723
   69.815832 10768.309649
   92.907672 10760.165605
  133.351695 10763.019365
  148.842522 10772.045638
  119.058068 10770.569302
   93.611596 10773.683544
   90.612229 10768.687071
  103.605862 10760.609417
   91.335922 10752.436752
   83.215857 10773.861207
  111.910396 10758.201396
   99.267638 10774.652230
   82.090195 10761.142602
   92.768205 10767.920502
  101.136314 10760.206988
  118.767097 10744.980984
  108.639646 10762.043541
   83.964754 10753.798703
   68.011768 10756.778841
   71.279509 10755.816166
   88.868340 10763.957266
   86.020898 10766.674552
   89.101647 10758.823468
  135.612726 10762.416295
   95.022057 10768.906351
   58.351668 10776.494607
   96.053090 10767.615746
  100.066104 10760.899115
   94.254187 10765.726843
  106.961442 10760.035918
  101.839341 10774.210776
   94.836623 10770.491526
  103.050732 10755.187666
   97.196898 10771.463420
   88.095708 10775.066419
  103.330139 10779.914517
   96.628020 10773.860286
   85.919212 10767.837720
   97.448825 10777.006161
   71.500367 10777.335688
   80.367010 10775.531365
   93.442914 10777.550184
