 -6.682981 -75.431462
 -6.128393 -75.431462
 -5.573806 -75.431462
 -5.019218 -75.431462
 -6.960274 -74.876108
 -6.405687 -74.876108
 -5.851099 -74.876108
 -5.296512 -74.876108
 -4.741925 -74.876108
 -7.237568 -74.320754
 -6.682981 -74.320754
 -6.128393 -74.320754
 -5.573806 -74.320754
 -5.019218 -74.320754
 -7.514862 -73.765399
 -6.960274 -73.765399
 -6.405687 -73.765399
 -5.851099 -73.765399
 -5.296512 -73.765399
 -4.741925 -73.765399
 -7.237568 -73.210045
 -6.682981 -73.210045
 -6.128393 -73.210045
 -5.573806 -73.210045
 -5.019218 -73.210045
 -4.464631 -73.210045
 -8.069449 -72.654691
 -7.514862 -72.654691
 -6.960274 -72.654691
 -6.405687 -72.654691
 -5.851099 -72.654691
 -5.296512 -72.654691
 -4.741925 -72.654691
 -4.187337 -72.654691
 -3.632750 -72.654691
 -8.346743 -72.099337
 -7.792155 -72.099337
 -7.237568 -72.099337
 -6.682981 -72.099337
 -6.128393 -72.099337
 -5.573806 -72.099337
 -5.019218 -72.099337
 -4.464631 -72.099337
 -3.910044 -72.099337
 -8.624036 -71.543982
 -8.069449 -71.543982
 -7.514862 -71.543982
 -6.960274 -71.543982
 -6.405687 -71.543982
 -5.851099 -71.543982
 -5.296512 -71.543982
 -4.741925 -71.543982
 -4.187337 -71.543982
 -8.901330 -70.988628
 -8.346743 -70.988628
 -7.792155 -70.988628
 -7.237568 -70.988628
 -6.682981 -70.988628
 -6.128393 -70.988628
 -5.573806 -70.988628
 -5.019218 -70.988628
 -4.464631 -70.988628
 -9.178624 -70.433274
 -8.624036 -70.433274
 -8.069449 -70.433274
 -7.514862 -70.433274
 -6.960274 -70.433274
 -6.405687 -70.433274
 -5.851099 -70.433274
 -5.296512 -70.433274
 -4.741925 -70.433274
 -4.187337 -70.433274
 -9.455917 -69.877920
 -8.901330 -69.877920
 -8.346743 -69.877920
 -7.792155 -69.877920
 -7.237568 -69.877920
 -6.682981 -69.877920
 -6.128393 -69.877920
 -5.573806 -69.877920
 -5.019218 -69.877920
 -4.464631 -69.877920
-13.060735 -69.322565
-12.506148 -69.322565
-11.951561 -69.322565
-11.396973 -69.322565
-10.842386 -69.322565
-10.287798 -69.322565
 -9.733211 -69.322565
 -9.178624 -69.322565
 -8.624036 -69.322565
 -8.069449 -69.322565
 -7.514862 -69.322565
 -6.960274 -69.322565
 -6.405687 -69.322565
 -5.851099 -69.322565
 -5.296512 -69.322565
 -4.741925 -69.322565
 -4.187337 -69.322565
 -3.632750 -69.322565
-12.783442 -68.767211
-12.228854 -68.767211
-11.674267 -68.767211
-11.119679 -68.767211
-10.565092 -68.767211
-10.010505 -68.767211
 -9.455917 -68.767211
 -8.901330 -68.767211
 -8.346743 -68.767211
 -7.792155 -68.767211
 -7.237568 -68.767211
 -6.682981 -68.767211
 -6.128393 -68.767211
 -5.573806 -68.767211
 -5.019218 -68.767211
 -4.464631 -68.767211
 -3.910044 -68.767211
-12.506148 -68.211857
-11.951561 -68.211857
-11.396973 -68.211857
-10.842386 -68.211857
-10.287798 -68.211857
 -9.733211 -68.211857
 -9.178624 -68.211857
 -8.624036 -68.211857
 -8.069449 -68.211857
 -7.514862 -68.211857
 -6.960274 -68.211857
 -6.405687 -68.211857
 -5.851099 -68.211857
 -5.296512 -68.211857
 -4.741925 -68.211857
 -4.187337 -68.211857
 -3.632750 -68.211857
-12.228854 -67.656503
-11.674267 -67.656503
-11.119679 -67.656503
-10.565092 -67.656503
-10.010505 -67.656503
 -9.455917 -67.656503
 -8.901330 -67.656503
 -8.346743 -67.656503
 -7.792155 -67.656503
 -7.237568 -67.656503
 -6.682981 -67.656503
 -6.128393 -67.656503
 -5.573806 -67.656503
 -5.019218 -67.656503
 -4.464631 -67.656503
 -3.910044 -67.656503
 -3.355456 -67.656503
-11.951561 -67.101148
-11.396973 -67.101148
-10.842386 -67.101148
-10.287798 -67.101148
 -9.733211 -67.101148
 -9.178624 -67.101148
 -8.624036 -67.101148
 -8.069449 -67.101148
 -7.514862 -67.101148
 -6.960274 -67.101148
 -6.405687 -67.101148
 -5.851099 -67.101148
 -5.296512 -67.101148
 -4.741925 -67.101148
 -4.187337 -67.101148
 -3.632750 -67.101148
 -3.078163 -67.101148
-11.674267 -66.545794
-11.119679 -66.545794
-10.565092 -66.545794
-10.010505 -66.545794
 -9.455917 -66.545794
 -8.901330 -66.545794
 -8.346743 -66.545794
 -7.792155 -66.545794
 -7.237568 -66.545794
 -6.682981 -66.545794
 -6.128393 -66.545794
 -5.573806 -66.545794
 -5.019218 -66.545794
 -4.464631 -66.545794
 -3.910044 -66.545794
 -3.355456 -66.545794
 -2.800869 -66.545794
-11.951561 -65.990440
-11.396973 -65.990440
-10.842386 -65.990440
-10.287798 -65.990440
 -9.733211 -65.990440
 -9.178624 -65.990440
 -8.624036 -65.990440
 -8.069449 -65.990440
 -7.514862 -65.990440
 -6.960274 -65.990440
 -6.405687 -65.990440
 -5.851099 -65.990440
 -5.296512 -65.990440
 -4.741925 -65.990440
 -4.187337 -65.990440
 -3.632750 -65.990440
 -3.078163 -65.990440
 -2.523575 -65.990440
-11.674267 -65.435086
-11.119679 -65.435086
-10.565092 -65.435086
-10.010505 -65.435086
 -9.455917 -65.435086
 -8.901330 -65.435086
 -8.346743 -65.435086
 -7.792155 -65.435086
 -7.237568 -65.435086
 -6.682981 -65.435086
 -6.128393 -65.435086
 -5.573806 -65.435086
 -5.019218 -65.435086
 -4.464631 -65.435086
 -3.910044 -65.435086
 -3.355456 -65.435086
 -2.800869 -65.435086
-11.951561 -64.879731
-11.396973 -64.879731
-10.842386 -64.879731
-10.287798 -64.879731
 -9.733211 -64.879731
 -9.178624 -64.879731
 -8.624036 -64.879731
 -8.069449 -64.879731
 -7.514862 -64.879731
 -6.960274 -64.879731
 -6.405687 -64.879731
 -5.851099 -64.879731
 -5.296512 -64.879731
 -4.741925 -64.879731
 -4.187337 -64.879731
 -3.632750 -64.879731
-12.228854 -64.324377
-11.674267 -64.324377
-11.119679 -64.324377
-10.565092 -64.324377
-10.010505 -64.324377
 -9.455917 -64.324377
 -8.901330 -64.324377
 -8.346743 -64.324377
 -7.792155 -64.324377
 -7.237568 -64.324377
 -6.682981 -64.324377
 -6.128393 -64.324377
 -5.573806 -64.324377
 -5.019218 -64.324377
 -4.464631 -64.324377
 -3.910044 -64.324377
-14.724497 -63.769023
-12.506148 -63.769023
-11.951561 -63.769023
-11.396973 -63.769023
-10.842386 -63.769023
-10.287798 -63.769023
 -9.733211 -63.769023
 -9.178624 -63.769023
 -8.624036 -63.769023
 -8.069449 -63.769023
 -7.514862 -63.769023
 -6.960274 -63.769023
 -6.405687 -63.769023
 -5.851099 -63.769023
 -5.296512 -63.769023
 -4.741925 -63.769023
 -4.187337 -63.769023
-15.556378 -63.213669
-15.001791 -63.213669
-14.447204 -63.213669
-12.783442 -63.213669
-12.228854 -63.213669
-11.674267 -63.213669
-11.119679 -63.213669
-10.565092 -63.213669
-10.010505 -63.213669
 -9.455917 -63.213669
 -8.901330 -63.213669
 -8.346743 -63.213669
 -7.792155 -63.213669
 -7.237568 -63.213669
 -6.682981 -63.213669
 -6.128393 -63.213669
 -5.573806 -63.213669
 -5.019218 -63.213669
 -4.464631 -63.213669
 -3.910044 -63.213669
-15.279085 -62.658314
-14.724497 -62.658314
-14.169910 -62.658314
-13.615323 -62.658314
-13.060735 -62.658314
-12.506148 -62.658314
-11.951561 -62.658314
-11.396973 -62.658314
-10.842386 -62.658314
-10.287798 -62.658314
 -9.733211 -62.658314
 -9.178624 -62.658314
 -8.624036 -62.658314
 -8.069449 -62.658314
 -7.514862 -62.658314
 -6.960274 -62.658314
 -6.405687 -62.658314
 -5.851099 -62.658314
 -5.296512 -62.658314
 -4.741925 -62.658314
 -4.187337 -62.658314
-15.556378 -62.102960
-15.001791 -62.102960
-14.447204 -62.102960
-13.892616 -62.102960
-13.338029 -62.102960
-12.783442 -62.102960
-12.228854 -62.102960
-11.674267 -62.102960
-11.119679 -62.102960
-10.565092 -62.102960
-10.010505 -62.102960
 -9.455917 -62.102960
 -8.901330 -62.102960
 -8.346743 -62.102960
 -7.792155 -62.102960
 -7.237568 -62.102960
 -6.682981 -62.102960
 -6.128393 -62.102960
 -5.573806 -62.102960
 -5.019218 -62.102960
 -4.464631 -62.102960
 -3.910044 -62.102960
-15.279085 -61.547606
-14.724497 -61.547606
-14.169910 -61.547606
-13.615323 -61.547606
-13.060735 -61.547606
-12.506148 -61.547606
-11.951561 -61.547606
-11.396973 -61.547606
-10.842386 -61.547606
-10.287798 -61.547606
 -9.733211 -61.547606
 -9.178624 -61.547606
 -8.624036 -61.547606
 -8.069449 -61.547606
 -7.514862 -61.547606
 -6.960274 -61.547606
 -6.405687 -61.547606
 -5.851099 -61.547606
 -5.296512 -61.547606
 -4.741925 -61.547606
 -4.187337 -61.547606
-15.001791 -60.992252
-14.447204 -60.992252
-13.892616 -60.992252
-13.338029 -60.992252
-12.783442 -60.992252
-12.228854 -60.992252
-11.674267 -60.992252
-11.119679 -60.992252
-10.565092 -60.992252
-10.010505 -60.992252
 -9.455917 -60.992252
 -8.901330 -60.992252
 -8.346743 -60.992252
 -7.792155 -60.992252
 -7.237568 -60.992252
 -6.682981 -60.992252
 -6.128393 -60.992252
 -5.573806 -60.992252
 -5.019218 -60.992252
 -4.464631 -60.992252
 -3.910044 -60.992252
-14.724497 -60.436897
-14.169910 -60.436897
-13.615323 -60.436897
-13.060735 -60.436897
-12.506148 -60.436897
-11.951561 -60.436897
-11.396973 -60.436897
-10.842386 -60.436897
-10.287798 -60.436897
 -9.733211 -60.436897
 -9.178624 -60.436897
 -8.624036 -60.436897
 -8.069449 -60.436897
 -7.514862 -60.436897
 -6.960274 -60.436897
 -6.405687 -60.436897
 -5.851099 -60.436897
 -5.296512 -60.436897
 -4.741925 -60.436897
 -4.187337 -60.436897
 -3.632750 -60.436897
-15.001791 -59.881543
-14.447204 -59.881543
-13.892616 -59.881543
-13.338029 -59.881543
-12.783442 -59.881543
-12.228854 -59.881543
-11.674267 -59.881543
-11.119679 -59.881543
-10.565092 -59.881543
-10.010505 -59.881543
 -9.455917 -59.881543
 -8.901330 -59.881543
 -8.346743 -59.881543
 -7.792155 -59.881543
 -7.237568 -59.881543
 -6.682981 -59.881543
 -6.128393 -59.881543
 -5.573806 -59.881543
 -5.019218 -59.881543
 -4.464631 -59.881543
 -3.910044 -59.881543
 -3.355456 -59.881543
-15.279085 -59.326189
-14.724497 -59.326189
-14.169910 -59.326189
-13.615323 -59.326189
-13.060735 -59.326189
-12.506148 -59.326189
-11.951561 -59.326189
-11.396973 -59.326189
-10.842386 -59.326189
-10.287798 -59.326189
 -9.733211 -59.326189
 -9.178624 -59.326189
 -8.624036 -59.326189
 -8.069449 -59.326189
 -7.514862 -59.326189
 -6.960274 -59.326189
 -6.405687 -59.326189
 -5.851099 -59.326189
 -5.296512 -59.326189
 -4.741925 -59.326189
 -4.187337 -59.326189
 -3.632750 -59.326189
-15.001791 -58.770835
-14.447204 -58.770835
-13.892616 -58.770835
-13.338029 -58.770835
-12.783442 -58.770835
-12.228854 -58.770835
-11.674267 -58.770835
-11.119679 -58.770835
-10.565092 -58.770835
-10.010505 -58.770835
 -9.455917 -58.770835
 -8.901330 -58.770835
 -8.346743 -58.770835
 -7.792155 -58.770835
 -7.237568 -58.770835
 -6.682981 -58.770835
 -6.128393 -58.770835
 -5.573806 -58.770835
 -5.019218 -58.770835
 -4.464631 -58.770835
 -3.910044 -58.770835
 -3.355456 -58.770835
-15.279085 -58.215480
-14.724497 -58.215480
-14.169910 -58.215480
-13.615323 -58.215480
-13.060735 -58.215480
-12.506148 -58.215480
-11.951561 -58.215480
-11.396973 -58.215480
-10.842386 -58.215480
-10.287798 -58.215480
 -9.733211 -58.215480
 -9.178624 -58.215480
 -8.624036 -58.215480
 -8.069449 -58.215480
 -7.514862 -58.215480
 -6.960274 -58.215480
 -6.405687 -58.215480
 -5.851099 -58.215480
 -5.296512 -58.215480
 -4.741925 -58.215480
 -4.187337 -58.215480
 -3.632750 -58.215480
-15.001791 -57.660126
-14.447204 -57.660126
-13.892616 -57.660126
-13.338029 -57.660126
-12.783442 -57.660126
-12.228854 -57.660126
-11.674267 -57.660126
-11.119679 -57.660126
-10.565092 -57.660126
-10.010505 -57.660126
 -9.455917 -57.660126
 -8.901330 -57.660126
 -8.346743 -57.660126
 -7.792155 -57.660126
 -7.237568 -57.660126
 -6.682981 -57.660126
 -6.128393 -57.660126
 -5.573806 -57.660126
 -5.019218 -57.660126
 -4.464631 -57.660126
 -3.910044 -57.660126
 -3.355456 -57.660126
 -2.800869 -57.660126
-14.724497 -57.104772
-14.169910 -57.104772
-13.615323 -57.104772
-13.060735 -57.104772
-12.506148 -57.104772
-11.951561 -57.104772
-11.396973 -57.104772
-10.842386 -57.104772
-10.287798 -57.104772
 -9.733211 -57.104772
 -9.178624 -57.104772
 -8.624036 -57.104772
 -8.069449 -57.104772
 -7.514862 -57.104772
 -6.960274 -57.104772
 -6.405687 -57.104772
 -5.851099 -57.104772
 -5.296512 -57.104772
 -4.741925 -57.104772
 -4.187337 -57.104772
 -3.632750 -57.104772
 -3.078163 -57.104772
-14.447204 -56.549418
-13.892616 -56.549418
-13.338029 -56.549418
-12.783442 -56.549418
-12.228854 -56.549418
-11.674267 -56.549418
-11.119679 -56.549418
-10.565092 -56.549418
-10.010505 -56.549418
 -9.455917 -56.549418
 -8.901330 -56.549418
 -8.346743 -56.549418
 -7.792155 -56.549418
 -7.237568 -56.549418
 -6.682981 -56.549418
 -6.128393 -56.549418
 -5.573806 -56.549418
 -5.019218 -56.549418
 -4.464631 -56.549418
 -3.910044 -56.549418
 -3.355456 -56.549418
 -2.800869 -56.549418
-14.169910 -55.994063
-13.615323 -55.994063
-13.060735 -55.994063
-12.506148 -55.994063
-11.951561 -55.994063
-11.396973 -55.994063
-10.842386 -55.994063
-10.287798 -55.994063
 -9.733211 -55.994063
 -9.178624 -55.994063
 -8.624036 -55.994063
 -8.069449 -55.994063
 -7.514862 -55.994063
 -6.960274 -55.994063
 -6.405687 -55.994063
 -5.851099 -55.994063
 -5.296512 -55.994063
 -4.741925 -55.994063
 -4.187337 -55.994063
 -3.632750 -55.994063
 -3.078163 -55.994063
 -2.523575 -55.994063
 -1.968988 -55.994063
-13.892616 -55.438709
-13.338029 -55.438709
-12.783442 -55.438709
-12.228854 -55.438709
-11.674267 -55.438709
-11.119679 -55.438709
-10.565092 -55.438709
-10.010505 -55.438709
 -9.455917 -55.438709
 -8.901330 -55.438709
 -8.346743 -55.438709
 -7.792155 -55.438709
 -7.237568 -55.438709
 -6.682981 -55.438709
 -6.128393 -55.438709
 -5.573806 -55.438709
 -5.019218 -55.438709
 -4.464631 -55.438709
 -3.910044 -55.438709
 -3.355456 -55.438709
 -2.800869 -55.438709
 -2.246282 -55.438709
-13.615323 -54.883355
-13.060735 -54.883355
-12.506148 -54.883355
-11.951561 -54.883355
-11.396973 -54.883355
-10.842386 -54.883355
-10.287798 -54.883355
 -9.733211 -54.883355
 -9.178624 -54.883355
 -8.624036 -54.883355
 -8.069449 -54.883355
 -7.514862 -54.883355
 -6.960274 -54.883355
 -6.405687 -54.883355
 -5.851099 -54.883355
 -5.296512 -54.883355
 -4.741925 -54.883355
 -4.187337 -54.883355
 -3.632750 -54.883355
 -3.078163 -54.883355
 -2.523575 -54.883355
-13.338029 -54.328001
-12.783442 -54.328001
-12.228854 -54.328001
-11.674267 -54.328001
-11.119679 -54.328001
-10.565092 -54.328001
-10.010505 -54.328001
 -9.455917 -54.328001
 -8.901330 -54.328001
 -8.346743 -54.328001
 -7.792155 -54.328001
 -7.237568 -54.328001
 -6.682981 -54.328001
 -6.128393 -54.328001
 -5.573806 -54.328001
 -5.019218 -54.328001
 -4.464631 -54.328001
 -3.910044 -54.328001
 -3.355456 -54.328001
 -2.800869 -54.328001
-13.060735 -53.772646
-12.506148 -53.772646
-11.951561 -53.772646
-11.396973 -53.772646
-10.842386 -53.772646
-10.287798 -53.772646
 -9.733211 -53.772646
 -9.178624 -53.772646
 -8.624036 -53.772646
 -8.069449 -53.772646
 -7.514862 -53.772646
 -6.960274 -53.772646
 -6.405687 -53.772646
 -5.851099 -53.772646
 -5.296512 -53.772646
 -4.741925 -53.772646
 -4.187337 -53.772646
 -3.632750 -53.772646
 -3.078163 -53.772646
 -2.523575 -53.772646
 -1.968988 -53.772646
-12.783442 -53.217292
-12.228854 -53.217292
-11.674267 -53.217292
-11.119679 -53.217292
-10.565092 -53.217292
-10.010505 -53.217292
 -9.455917 -53.217292
 -8.901330 -53.217292
 -8.346743 -53.217292
 -7.792155 -53.217292
 -7.237568 -53.217292
 -6.682981 -53.217292
 -6.128393 -53.217292
 -5.573806 -53.217292
 -5.019218 -53.217292
 -4.464631 -53.217292
 -3.910044 -53.217292
 -3.355456 -53.217292
 -2.800869 -53.217292
 -2.246282 -53.217292
-12.506148 -52.661938
-11.951561 -52.661938
-11.396973 -52.661938
-10.842386 -52.661938
-10.287798 -52.661938
 -9.733211 -52.661938
 -9.178624 -52.661938
 -8.624036 -52.661938
 -8.069449 -52.661938
 -7.514862 -52.661938
 -6.960274 -52.661938
 -6.405687 -52.661938
 -5.851099 -52.661938
 -5.296512 -52.661938
 -4.741925 -52.661938
 -4.187337 -52.661938
 -3.632750 -52.661938
 -3.078163 -52.661938
 -2.523575 -52.661938
 -1.968988 -52.661938
-12.228854 -52.106584
-11.674267 -52.106584
-11.119679 -52.106584
-10.565092 -52.106584
-10.010505 -52.106584
 -9.455917 -52.106584
 -8.901330 -52.106584
 -8.346743 -52.106584
 -7.792155 -52.106584
 -7.237568 -52.106584
 -6.682981 -52.106584
 -6.128393 -52.106584
 -5.573806 -52.106584
 -5.019218 -52.106584
 -4.464631 -52.106584
 -3.910044 -52.106584
 -3.355456 -52.106584
 -2.800869 -52.106584
 -2.246282 -52.106584
 -1.691694 -52.106584
-11.951561 -51.551229
-11.396973 -51.551229
-10.842386 -51.551229
-10.287798 -51.551229
 -9.733211 -51.551229
 -9.178624 -51.551229
 -8.624036 -51.551229
 -8.069449 -51.551229
 -7.514862 -51.551229
 -6.960274 -51.551229
 -6.405687 -51.551229
 -5.851099 -51.551229
 -5.296512 -51.551229
 -4.741925 -51.551229
 -4.187337 -51.551229
 -3.632750 -51.551229
 -3.078163 -51.551229
 -2.523575 -51.551229
 -1.968988 -51.551229
 -1.414401 -51.551229
-12.228854 -50.995875
-11.674267 -50.995875
-11.119679 -50.995875
-10.565092 -50.995875
-10.010505 -50.995875
 -9.455917 -50.995875
 -8.901330 -50.995875
 -8.346743 -50.995875
 -7.792155 -50.995875
 -7.237568 -50.995875
 -6.682981 -50.995875
 -6.128393 -50.995875
 -5.573806 -50.995875
 -5.019218 -50.995875
 -4.464631 -50.995875
 -3.910044 -50.995875
 -3.355456 -50.995875
 -2.800869 -50.995875
 -2.246282 -50.995875
 -1.691694 -50.995875
 -1.137107 -50.995875
-11.951561 -50.440521
-11.396973 -50.440521
-10.842386 -50.440521
-10.287798 -50.440521
 -9.733211 -50.440521
 -9.178624 -50.440521
 -8.624036 -50.440521
 -8.069449 -50.440521
 -7.514862 -50.440521
 -6.960274 -50.440521
 -6.405687 -50.440521
 -5.851099 -50.440521
 -5.296512 -50.440521
 -4.741925 -50.440521
 -4.187337 -50.440521
 -3.632750 -50.440521
 -3.078163 -50.440521
 -2.523575 -50.440521
 -1.968988 -50.440521
-11.674267 -49.885167
-11.119679 -49.885167
-10.565092 -49.885167
-10.010505 -49.885167
 -9.455917 -49.885167
 -8.901330 -49.885167
 -8.346743 -49.885167
 -7.792155 -49.885167
 -7.237568 -49.885167
 -6.682981 -49.885167
 -6.128393 -49.885167
 -5.573806 -49.885167
 -5.019218 -49.885167
 -4.464631 -49.885167
 -3.910044 -49.885167
 -3.355456 -49.885167
 -2.800869 -49.885167
 -2.246282 -49.885167
-11.396973 -49.329812
-10.842386 -49.329812
-10.287798 -49.329812
 -9.733211 -49.329812
 -9.178624 -49.329812
 -8.624036 -49.329812
 -8.069449 -49.329812
 -7.514862 -49.329812
 -6.960274 -49.329812
 -6.405687 -49.329812
 -5.851099 -49.329812
 -5.296512 -49.329812
 -4.741925 -49.329812
 -4.187337 -49.329812
 -3.632750 -49.329812
 -3.078163 -49.329812
 -2.523575 -49.329812
-10.565092 -48.774458
-10.010505 -48.774458
 -9.455917 -48.774458
 -8.901330 -48.774458
 -8.346743 -48.774458
 -7.792155 -48.774458
 -7.237568 -48.774458
 -6.682981 -48.774458
 -6.128393 -48.774458
 -5.573806 -48.774458
 -5.019218 -48.774458
 -4.464631 -48.774458
 -3.910044 -48.774458
 -3.355456 -48.774458
 -2.800869 -48.774458
 -2.246282 -48.774458
 -1.691694 -48.774458
 -9.733211 -48.219104
 -9.178624 -48.219104
 -8.624036 -48.219104
 -8.069449 -48.219104
 -7.514862 -48.219104
 -6.960274 -48.219104
 -6.405687 -48.219104
 -5.851099 -48.219104
 -5.296512 -48.219104
 -4.741925 -48.219104
 -4.187337 -48.219104
 -3.632750 -48.219104
 -3.078163 -48.219104
 -2.523575 -48.219104
 -1.968988 -48.219104
 -1.414401 -48.219104
 -0.859813 -48.219104
 -8.901330 -47.663750
 -8.346743 -47.663750
 -7.792155 -47.663750
 -7.237568 -47.663750
 -6.682981 -47.663750
 -6.128393 -47.663750
 -5.573806 -47.663750
 -5.019218 -47.663750
 -4.464631 -47.663750
 -3.910044 -47.663750
 -3.355456 -47.663750
 -2.800869 -47.663750
 -2.246282 -47.663750
 -1.691694 -47.663750
 -1.137107 -47.663750
 -8.069449 -47.108395
 -7.514862 -47.108395
 -6.960274 -47.108395
 -6.405687 -47.108395
 -5.851099 -47.108395
 -5.296512 -47.108395
 -4.741925 -47.108395
 -4.187337 -47.108395
 -3.632750 -47.108395
 -3.078163 -47.108395
 -2.523575 -47.108395
 -1.968988 -47.108395
 -1.414401 -47.108395
 -0.859813 -47.108395
 -7.237568 -46.553041
 -6.682981 -46.553041
 -6.128393 -46.553041
 -5.573806 -46.553041
 -5.019218 -46.553041
 -4.464631 -46.553041
 -3.910044 -46.553041
 -3.355456 -46.553041
 -2.800869 -46.553041
 -2.246282 -46.553041
 -1.691694 -46.553041
 -1.137107 -46.553041
 -5.296512 -45.997687
 -4.741925 -45.997687
 -4.187337 -45.997687
 -3.632750 -45.997687
 -3.078163 -45.997687
 -2.523575 -45.997687
 -1.968988 -45.997687
 -1.414401 -45.997687
 -3.355456 -45.442333
 -2.800869 -45.442333
 -2.246282 -45.442333
 -1.691694 -45.442333
 -3.632750 -44.886978
 -3.910044 -44.331624
 -3.355456 -44.331624
 -4.187337 -43.776270
 -3.632750 -43.776270
-22.766014 -43.220916
 -4.464631 -43.220916
 -3.910044 -43.220916
-22.488720 -42.665561
 -4.741925 -42.665561
 -4.187337 -42.665561
-22.766014 -42.110207
-22.211427 -42.110207
 -5.019218 -42.110207
 -4.464631 -42.110207
-21.934133 -41.554853
-21.379546 -41.554853
 -5.296512 -41.554853
 -4.741925 -41.554853
-21.102252 -40.999499
-20.547665 -40.999499
-19.993077 -40.999499
 -5.573806 -40.999499
 -5.019218 -40.999499
-20.270371 -40.444144
-19.715784 -40.444144
-19.161196 -40.444144
 -5.851099 -40.444144
 -5.296512 -40.444144
-19.438490 -39.888790
-18.883903 -39.888790
-18.329315 -39.888790
-17.774728 -39.888790
-17.220140 -39.888790
 -6.128393 -39.888790
 -5.573806 -39.888790
-17.497434 -39.333436
-16.942847 -39.333436
-16.388259 -39.333436
-15.833672 -39.333436
-15.279085 -39.333436
-14.724497 -39.333436
-14.169910 -39.333436
-13.615323 -39.333436
-13.060735 -39.333436
 -6.405687 -39.333436
 -5.851099 -39.333436
-12.783442 -38.778082
-12.228854 -38.778082
 -6.682981 -38.778082
 -6.128393 -38.778082
-12.506148 -38.222727
-11.951561 -38.222727
 -6.960274 -38.222727
 -6.405687 -38.222727
-11.674267 -37.667373
-11.119679 -37.667373
 -7.237568 -37.667373
 -6.682981 -37.667373
-10.842386 -37.112019
-10.287798 -37.112019
 -7.514862 -37.112019
 -6.960274 -37.112019
-10.565092 -36.556664
-10.010505 -36.556664
 -7.792155 -36.556664
 -7.237568 -36.556664
 -9.733211 -36.001310
 -9.178624 -36.001310
 -8.069449 -36.001310
 -7.514862 -36.001310
 -8.901330 -35.445956
 -8.346743 -35.445956
 -7.792155 -35.445956
