 -6.224310 -51.995200
 -9.731327 -50.296559
 -8.020417 -50.080355
 -5.404104 -58.428490
 -3.453466 -47.849824
 -5.790183 -55.838513
-22.545576 -43.099428
 -5.091152 -63.625182
 -8.229176 -69.919668
 -8.708362 -49.583609
 -6.706617 -66.399258
 -7.034244 -51.449325
 -9.562034 -58.181840
 -5.952922 -54.428256
-11.106322 -56.908519
 -5.505709 -46.361559
 -3.823488 -46.019957
 -3.464586 -48.725568
-10.972135 -67.198766
-11.811060 -56.754963
 -4.891802 -64.437030
 -8.364436 -68.248744
 -4.940617 -72.549091
 -6.812011 -73.854539
-12.864083 -58.297355
 -4.594511 -47.585118
