-6.924837 -11.322891 -4.844166 -7.542651 -10.959385 -10.170124 -5.232323 -6.796583 -10.728503 -5.751498 -15.251849 -3.831737 -7.559154 -4.402103 -2.279698 -3.672186 -7.727947 -10.135125 -5.182351 -6.337443 -10.122298 -4.342022 -3.153051 -6.006788 -11.512278 -8.889250 -7.779910 -12.070086 -3.705409 -4.644932 -8.698633 -14.952962 -8.107864 -3.566883 
-10.220516 -11.279457 -10.479715 -9.281247 -7.673122 -10.349518 -8.415085 -6.639526 -11.162470 -5.884615 -2.813296 -5.809233 -2.053522 -3.765249 -2.372359 -9.191829 -8.643241 -6.312354 -5.293247 -11.858929 -4.326234 -8.162187 -2.996943 -4.073012 -6.161381 -3.628909 -12.922114 -5.376968 -6.762845 -6.689153 -12.046780 -3.766180 -7.605933 -4.033987 -7.575699 -2.580601 -2.040600 -7.371200 -13.737983 -5.231918 -10.327482 -5.664858 
-7.341387 -11.085880 -14.374718 -3.818255 -6.086586 -6.329079 -8.047856 -9.273624 -12.743683 -8.533284 -1.747879 -6.050202 -11.052582 -8.868691 -2.259964 -11.330703 -10.027809 -4.675959 -4.766671 -9.451565 -12.023683 -2.043869 -4.168533 -6.225761 -11.266044 -13.382087 -8.352925 -4.838239 -6.069561 -12.030407 -4.402604 -5.268855 -10.263703 -6.160163 -7.180638 -13.284797 -2.181154 
-2.737604 -10.970445 -7.901014 -6.140676 -7.268378 -5.946988 -7.963984 -5.530110 -4.310980 -11.138581 -3.792736 -5.698376 -14.757836 -9.033830 -2.183854 -6.491267 -9.998484 -10.349707 -11.305396 -10.441362 -9.467419 -8.406193 -3.349509 -7.736226 -0.844911 -7.822693 -12.594232 -5.068266 -8.684026 -15.067665 
-9.223707 -10.936835 -4.067887 -4.647064 -6.668994 -6.479875 -8.562249 -5.382503 -5.959619 -13.542632 -22.404114 -5.782430 -8.205918 -12.784148 -2.042828 -9.211342 -10.098983 -3.061549 -11.709412 -3.273331 -10.300820 -14.935691 -6.810746 -2.629158 -13.865836 -12.886951 -11.328982 -10.591210 -15.649261 -5.661626 -12.215858 -7.415811 
-7.883370 -10.995816 -4.059875 -4.622695 -7.756685 -6.296742 -8.736081 -5.535258 -12.702401 -14.534530 -4.040569 -4.872951 -7.453461 -12.224714 -2.357761 -12.253178 -10.098983 -3.330729 -9.406718 -10.067251 -12.052780 -5.165896 -2.137705 -2.833091 -14.176744 -12.594940 -8.100572 -2.491582 -11.437864 -9.857852 -11.188286 -8.642095 -4.956359 
-5.468452 -10.814695 -11.492717 -5.732349 -5.487653 -6.444624 -8.174898 -5.251443 -2.894985 -5.291775 -4.312377 -3.390629 -7.945775 -11.543463 -2.085746 -5.919867 -10.098983 -2.364298 -7.806067 -6.986730 -6.988376 -10.606675 -3.620738 -3.181603 -9.381515 -6.962324 -6.821578 -5.841831 -8.096289 -14.752423 -11.168891 -13.267491 -12.486898 -8.678647 -8.568389 -9.460156 -11.042354 -12.534668 -11.201015 -4.928833 
-2.915974 -10.970374 -7.566167 -11.122660 -5.460776 -6.545633 -8.348198 -5.974326 -13.255874 -15.330845 -5.801081 -3.580501 -9.412586 -6.174214 -2.532444 -7.901486 -10.228378 -11.465428 -6.310040 -6.489628 -7.416029 -5.702550 -13.832678 -5.776371 -7.760499 -11.976895 -13.950164 -4.120294 -7.617224 -12.863042 -12.024877 -7.608495 -15.410982 -6.804342 -2.640688 -3.644560 -1.822428 -1.713209 -14.190970 -15.616148 -7.048012 -8.397598 -22.430593 -5.603974 -9.620946 -6.496618 
-7.635425 -10.970374 -12.692594 -13.457654 -6.660584 -10.779925 -10.161742 -5.865522 -6.441722 -18.726054 -5.250468 -5.066297 -5.000081 -6.627425 -2.085841 -3.053856 -10.207651 -7.554937 -2.408470 -11.032772 -6.916635 -10.172646 -4.790888 -9.320301 -6.359280 -11.087367 -3.015974 -2.460690 -4.408133 -6.435268 -8.623829 -4.969938 -8.496303 -13.578995 -12.269175 -6.971973 -21.877311 -8.207456 
-8.302412 -10.970374 -9.710386 -6.714345 -4.181433 -8.200025 -9.595648 -11.778622 -6.516758 -5.363090 -4.233404 -2.246609 -3.953777 -4.170066 -2.075945 -5.776422 -10.207651 -6.017320 -11.970447 -7.932870 -7.193777 -1.847228 -4.942635 -5.470585 -6.877926 -8.000940 -5.010554 -11.673628 -6.274529 -14.202330 -6.690545 -8.669141 -14.508892 
-8.691379 -10.868049 -10.150538 -6.243733 -7.711897 -8.561256 -7.938833 -2.043932 -7.002108 -5.361586 -3.088474 -5.090192 -1.819229 -3.682479 -4.299409 -7.392511 -9.949932 -8.138210 -4.019696 -8.779549 -10.978353 -8.104444 -6.948111 -10.070315 -5.587268 -11.397551 -12.195753 -7.215272 -6.669107 -6.954068 -10.143787 -11.838571 -11.888379 -10.524241 -14.218844 -11.690384 -8.281546 -4.035738 -11.914876 -8.668536 -10.380142 -14.946561 -6.209426 -7.656006 -4.604179 -7.989773 -6.376843 -7.389227 -4.481425 
-8.787418 -10.887093 -10.309690 -5.923683 -4.807927 -6.864738 -9.028796 -2.130971 -6.948948 -5.347356 -10.083063 -5.136332 -1.934816 -3.724090 -2.757634 -12.715451 -9.949932 -4.107836 -10.790948 -7.139439 -4.217391 -5.265620 -5.944657 -8.167078 -3.322679 -5.421937 -8.135767 -7.837596 -11.259449 -6.013894 -9.342650 -4.468876 -5.437620 -6.255456 -7.440133 -5.789838 -8.929137 -2.827149 -9.326834 -11.450521 -9.787096 -8.320023 -8.095858 -5.783788 -10.958211 -8.187596 -6.703698 -5.699847 -10.615240 -5.685659 -13.730263 -11.327621 
-8.818060 -11.090674 -14.364637 -14.839923 -6.638070 -3.207644 -5.369927 -7.885867 -5.879661 -4.322688 -10.991615 -8.205126 -12.467801 -7.852070 -7.878565 -6.021753 -9.827534 -2.692492 -4.255706 -15.160923 -7.535667 -8.858647 -9.641561 -22.718324 -3.559814 -11.845590 -7.142073 -6.296205 -8.513275 -4.333867 -10.508839 -9.423322 -3.371547 -7.406780 -8.767010 -4.880299 -2.583948 -7.627643 -10.886772 -22.820502 -11.367954 -13.622100 -11.814673 -7.283351 
-8.175634 -11.215011 -6.754955 -3.229775 -6.827766 -4.350419 -5.994376 -3.849870 -5.806930 -8.564901 -5.400260 -5.751081 -9.706065 -4.737747 -11.356937 -7.273623 -9.611510 -2.656904 -6.519833 -8.442082 -12.325280 -7.739969 -6.351359 -11.129565 -2.671789 -2.650523 -7.467415 -5.882742 -5.878170 -11.095232 -9.085277 -5.920459 -21.445772 -12.317110 -7.562981 -11.626330 -6.328642 -6.531599 -2.974457 -9.091264 -7.126883 -12.867886 -1.682246 -4.599323 -22.176169 -14.552197 -7.362013 -8.869986 -9.970494 -5.884588 -9.131223 -5.176453 -13.041439 
-4.024588 -12.715690 -7.749318 -12.483651 -8.632325 -9.109589 -5.286943 -3.433549 -5.506799 -7.926630 -7.057770 -6.833004 -8.958298 -10.552650 -8.324069 -7.831860 -9.666728 -2.470109 -9.149326 -6.397540 -5.913775 -7.927325 -2.916405 -11.339756 -2.880896 -2.769089 -11.638130 -5.990010 -10.943985 -3.722345 -4.799474 -13.350086 -6.214014 -1.848862 -13.186589 -5.747606 -6.710419 -6.637449 -6.929951 -13.731417 -3.215721 -4.983950 -14.840670 -4.804863 
-8.786449 -10.484912 -5.718736 -3.360399 -8.508547 -10.672326 -13.754369 -3.306008 -11.737909 -4.475134 -5.541219 -13.182326 -5.807773 -9.853169 -8.554120 -14.744602 -9.338484 -2.470109 -6.288770 -9.060724 -6.974842 -6.356905 -13.188186 -11.359045 -2.731888 -4.489611 -7.053409 -8.330199 -3.715765 -7.623785 -8.467534 -11.959816 -4.907819 -10.450834 -6.997989 -4.979908 
-8.677850 -9.691792 -5.101554 -5.516475 -8.808648 -13.430914 -4.537654 -3.465610 -10.241301 -4.700099 -5.004149 -7.457152 -7.052918 -4.994027 -13.598947 -13.153545 -9.343174 -2.567920 -6.109237 -8.812541 -8.243843 -5.459557 -5.264384 -11.656961 -3.165779 -4.859113 -6.176430 -9.926061 -3.776528 -5.959461 -10.540377 -13.607767 -7.401098 -12.864428 -8.136163 -9.229889 -11.080009 -4.602233 -5.462111 -11.996143 -4.038221 -7.913996 -11.426708 -5.835025 -11.655753 -7.099232 -10.498990 -10.211045 -4.108159 -12.420462 -9.516395 
-6.094566 -7.048361 -4.782734 -8.090146 -8.693209 -4.045542 -3.878322 -4.049648 -2.091169 -3.330182 -4.082047 -3.342811 -7.292407 -12.300057 -13.902844 -10.500305 -9.501753 -2.767513 -5.915536 -7.860710 -18.348565 -6.340720 -11.086516 -11.625418 -3.075234 -11.184464 -2.777126 -7.939516 -3.830434 -8.662423 -7.720075 -12.455243 -7.579463 -7.130916 -9.836406 -10.278396 -6.354856 -15.028698 -10.445864 -13.229651 -10.957272 -4.961662 -7.890979 
-8.206892 -5.746065 -4.697033 -9.758814 -8.049531 -1.608219 -4.301309 -6.595634 -11.857783 -14.542022 -1.930170 -2.023826 -4.473196 -10.990533 -3.912627 -9.112829 -10.123627 -2.492008 -4.827386 -2.750633 -10.033604 -4.364971 -5.865226 -9.180035 -8.248979 -10.542595 -7.926972 -10.932950 -4.159158 -11.381145 -10.029019 -8.959272 -7.582007 -7.070818 -10.307860 -8.054270 -2.109951 -8.612353 -1.882484 -6.525036 -7.347890 -6.642155 -9.308595 -7.989384 -8.719907 -6.073376 -7.378889 -5.761786 -7.033982 -4.202494 -3.232575 -10.942105 -9.367846 -9.002011 -7.096106 -7.096799 -7.175125 -11.260625 -8.811706 -11.738171 -13.892529 -13.967345 -4.612384 -2.804239 -5.579924 
-4.985260 -5.425155 -7.051469 -6.803939 -9.161945 -4.167705 -9.861148 -8.429161 -11.558161 -4.692331 -1.562325 -8.643170 -9.617149 -9.598006 -14.232652 -9.412331 -10.110676 -3.990971 -12.285693 -5.379782 -9.034441 -4.057356 -4.070542 -6.011294 -2.132629 -10.926434 -8.221880 -11.885149 -4.982650 -11.365256 -11.286265 -14.627247 -3.303701 -8.611089 -14.126550 -8.278038 -13.596663 
-7.335403 -5.517993 -7.995416 -8.476223 -6.141384 -12.234564 -10.770520 -10.730071 -11.840540 -3.971886 -2.790417 -4.266965 -8.366939 -2.490125 -11.244464 -8.536799 -10.110676 -2.569070 -11.508326 -5.603122 -6.061947 -5.966711 -4.114835 -6.110759 -13.149363 -10.666419 -8.019406 -10.464087 -3.826667 -4.794708 -10.063315 -4.223197 -11.874928 -14.973892 -3.589069 -4.886664 -12.593020 -12.102768 -6.236470 -3.215841 -4.691247 -6.467921 
-8.050071 -12.961084 -4.678442 -4.338646 -13.071700 -10.845225 -10.434898 -6.270634 -6.461673 -3.300148 -11.786117 -4.402965 -9.925912 -6.761781 -3.876437 -17.507159 -10.296316 -2.879551 -12.406022 -5.311718 -6.765390 -11.454968 -5.625424 -11.196498 -7.206145 -5.186396 -8.923401 -8.063145 -3.887117 -5.835903 -14.944517 
-10.999092 -4.309902 -4.445337 -5.515136 -5.523406 -11.258010 -9.990237 -11.602518 -6.396540 -3.257720 -4.363593 -4.614874 -5.064075 -3.695279 -8.642615 -6.263929 -10.754515 -2.897051 -2.781541 -9.617332 -7.897168 -10.966794 -4.353641 -7.140102 -10.473784 -1.040839 -8.529108 -4.255813 -3.983493 -9.573942 -8.188283 -8.357232 -13.207824 -15.091511 
-11.124174 -3.751386 -4.974478 -5.728083 -7.416268 -3.459013 -9.825985 -15.223472 -7.939654 -4.379828 -12.752381 -4.331826 -22.243895 -2.404047 -6.081290 -9.619520 -9.476075 -3.341140 -8.532727 -22.741917 -8.493858 -11.613613 -6.892905 -10.905140 -6.572500 -10.209009 -5.708154 -3.639987 -4.194730 -12.384052 -8.597985 -2.261736 -15.174136 -8.412313 -12.243841 -8.045598 -3.540482 -5.779014 -12.451550 -8.318969 
-3.725769 -4.793236 -11.972102 -9.616383 -3.141260 -10.293581 -9.797563 -11.101045 -11.986792 -4.416190 -1.751647 -4.703172 -5.239075 -1.921368 -8.711648 -16.466772 -4.784223 -3.834455 -15.575513 -4.309412 -6.465742 -6.550049 -9.809467 -12.160796 -5.150511 -11.725945 -7.203861 -4.485670 -5.108129 -4.869762 -14.346250 -7.161763 -12.097102 -4.631294 -19.135488 -7.806174 -6.974795 -5.090623 -11.308476 -17.870911 -20.242509 -14.410072 -4.564638 -12.190699 
-12.570785 -4.879844 -11.364159 -6.559390 -8.092708 -2.311172 -10.074942 -11.070152 -3.534676 -4.466959 -5.151649 -4.757204 -6.501556 -2.116633 -9.073189 -14.758875 -9.747622 -4.749792 -5.392766 -2.709327 -4.986866 -5.043532 -10.457106 -6.064155 -3.558683 -12.680962 -6.275361 -4.979013 -9.016623 -5.879222 -5.372691 -13.691694 -7.751774 -9.264311 -3.554268 
-8.478099 -5.514772 -11.370572 -7.722218 -6.987813 -2.366514 -10.074942 -10.819372 -5.218642 -5.138600 -10.068221 -5.052802 -8.117528 -10.710500 -8.710144 -18.684702 -11.278291 -4.782673 -8.647307 -5.843090 -6.285618 -17.627840 -9.667699 -5.621648 -11.608990 -12.791872 -6.618164 -4.116138 -4.422179 -13.374451 -6.577559 -6.130861 -14.711400 -8.943722 -3.825476 -7.688876 -6.437992 -19.978007 -8.579992 -1.574598 -9.758577 -7.758750 -14.737231 -12.998159 -6.499767 -4.742193 -13.473251 -9.769974 -15.023593 -14.829338 -3.228208 -6.505409 -2.353833 -6.927937 
-5.490915 -9.870545 -10.901219 -9.337122 -7.289575 -2.846217 -10.074942 -10.863117 -4.426329 -3.082539 -4.035264 -3.623267 -8.171671 -10.248649 -8.272938 -22.282470 -3.924441 -4.582646 -8.947221 -12.915311 -8.650838 -19.152438 -8.387442 -5.439961 -2.694862 -11.658448 -6.301534 -13.120410 -2.920614 -11.329896 -13.581110 -2.126477 -8.846911 -12.378504 
-5.105109 -8.644738 -9.592987 -10.850362 -12.973863 -9.342916 -10.288050 -10.535281 -4.127094 -9.785030 -4.458841 -15.302445 -9.551133 -7.722320 -7.956011 -4.849605 -4.147444 -4.292931 -12.082573 -2.503620 -16.937970 -19.230524 -4.592335 -5.492145 -7.653879 -3.862251 -1.234065 -11.452603 -10.303683 -5.367030 -12.339166 -5.380239 -19.505380 -3.187157 -7.794950 -14.842077 -4.401845 -11.920874 -14.140002 -1.307283 -13.624324 -4.680337 -4.077818 -9.078188 
-5.392376 -7.690628 -9.849915 -14.051652 -13.521574 -7.189052 -10.288050 -12.442131 -13.420111 -8.630381 -4.495872 -6.515449 -9.442173 -8.642084 -7.697357 -5.104317 -7.540376 -4.165077 -13.292232 -2.035557 -19.551211 -5.518867 -8.545544 -6.279932 -2.885014 -4.048627 -8.140881 -6.492330 -5.228829 -5.893096 -5.331460 -12.210510 -3.600018 -3.350624 -13.457627 -6.230602 -10.864401 -10.155390 -10.660027 -14.806645 -12.411537 -4.054722 -12.589016 -5.675406 -6.606413 
-5.200470 -7.397680 -8.519792 -15.364036 -4.780398 -5.713114 -10.217976 -3.461333 -8.418664 -11.865290 -11.611952 -12.727356 -8.490822 -4.922513 -7.744281 -7.850744 -9.767869 -3.468325 -6.280703 -2.624895 -8.253913 -5.611695 -2.882182 -13.717360 -3.187406 -3.473859 -13.982093 -6.459950 -7.093681 -10.337701 -1.674205 -13.948729 -12.371157 
-3.740994 -7.828030 -8.468926 -5.313173 -4.391759 -6.337595 -10.422845 -4.011953 -2.596962 -10.606460 -11.329151 -10.737412 -6.638373 -9.897436 -8.016896 -3.836038 -2.856868 -7.483184 -6.266226 -4.665195 -12.984315 
-3.509468 -13.478253 -5.708904 -5.065158 -4.008045 -7.774860 -10.579676 -3.654129 -2.804602 -8.220329 -11.731407 -10.749188 -7.466484 -8.348477 -7.922435 -3.076228 -2.818252 -6.677742 -9.786757 -13.789865 -4.586415 -8.529362 -11.283343 -8.686809 -8.867200 -10.492596 -7.900787 -9.086016 
-4.329734 -10.157035 -11.745087 -4.872763 -3.250423 -12.038676 -10.334424 -3.703112 -2.699002 -8.792222 -14.681306 -10.627803 -7.689690 -8.622074 -7.744652 -3.593013 -2.818252 -13.707866 -13.753785 -13.421230 -3.859398 -9.483234 -11.097731 -17.959472 -3.001610 -5.678165 -5.749867 -7.327044 -12.716962 -12.538507 -21.312086 
-3.895212 -10.529829 -8.529544 -5.358034 -2.473325 -7.183224 -10.557761 -10.187252 -2.683193 -7.471019 -4.327039 -10.688207 -6.553810 -9.927168 -7.594636 -6.502614 -2.739649 -4.745835 -10.624678 -10.392563 -1.146654 -11.511745 -12.237721 -8.697695 -5.073641 -10.475874 -5.929859 -5.629362 -12.212891 -5.332734 -11.965670 
-6.117873 -10.303608 -4.912491 -4.524693 -2.422517 -8.023182 -9.702665 -7.297162 -2.683193 -6.824319 -7.804416 -10.823604 -6.679679 -9.405354 -8.555383 -9.867959 -2.806599 -15.083798 -8.759765 -15.212146 -5.874476 -10.556399 -6.291081 -10.088302 -10.406005 -4.339647 -13.399656 -10.412357 -6.786698 -7.781116 -11.177622 -13.135718 -5.361950 -8.102599 -4.334216 -4.275441 
-4.224966 -8.705088 -5.498233 -6.057942 -9.615006 -5.766619 -10.159033 -10.342041 -8.601629 -7.061145 -7.495902 -10.921143 -2.443090 -8.172546 -8.152650 -7.310791 -2.854495 -4.943465 -5.428512 -1.575741 -8.163939 -8.889185 -3.343564 -5.376243 -2.536542 -6.987592 -2.357122 -8.289834 -10.296978 -5.399026 -9.665911 -9.826347 -7.586822 -7.096139 -6.429979 -13.554406 -6.089731 -7.352808 -6.079699 -14.138384 
-1.564983 -11.287120 -3.395853 -15.226837 -6.577569 -8.803341 -9.878392 -2.277773 -11.781239 -12.779574 -8.652278 -11.409010 -2.240208 -11.622659 -8.217513 -8.337303 -3.186888 -4.833156 -4.327313 -12.714521 -0.879608 -7.129291 -6.441536 -4.840251 -2.659384 -11.703660 -1.976715 -12.007252 -8.345132 -12.334796 -8.484104 -7.156777 -2.305699 -3.517864 -10.526840 -12.847233 -21.722907 -4.560447 -3.827732 -5.041323 -7.978898 -8.124660 -15.309384 -12.779535 -9.147317 -11.514167 -14.658224 -7.571695 -4.772388 -9.211110 -5.335079 -3.146140 -8.396040 -7.303460 -12.470328 -14.335243 -10.188078 -22.843044 -13.172140 
-2.984176 -7.135314 -4.184992 -12.791745 -6.723912 -7.862667 -9.892312 -6.892755 -5.916583 -4.671851 -3.061433 -11.532574 -11.510532 -8.841214 -11.959496 -8.925044 -3.178950 -16.929939 -11.620384 -10.522986 -6.624841 -7.828312 -6.661949 -5.195548 -2.780198 -12.176496 -14.462241 -5.117880 -9.605437 -13.628927 -14.767734 -7.131598 -8.917059 -8.048547 -14.371648 -8.421057 -10.534599 -4.312580 -2.361441 -12.068559 -7.989796 -5.882902 -12.488010 -5.267623 
-7.091465 -3.859120 -3.983133 -15.189400 -4.679764 -7.899376 -10.743293 -5.376099 -6.372513 -6.336345 -22.740356 -11.508950 -10.485785 -9.826695 -3.957136 -11.364519 -3.096404 -15.360431 -8.305859 -1.874689 -5.417577 -8.612524 -7.374838 -11.525433 -2.678094 -7.827853 -11.499646 -3.834773 -10.056977 -14.132000 
-8.229529 -6.371219 -3.743833 -11.247707 -12.021380 -8.226035 -10.069272 -5.464313 -3.904580 -1.510464 -21.669076 -9.949409 -5.102505 -9.821501 -8.013630 -8.178792 -2.956946 -2.382587 -5.733960 -13.187490 -6.342335 -6.185926 -8.494940 -7.878451 -6.649401 -11.455977 -4.198052 -3.522625 -5.985766 -12.213308 -3.842073 -5.646938 -3.485235 -5.389074 
-2.862162 -6.007065 -7.628576 -11.304097 -1.761047 -9.053698 -11.553142 -12.346884 -3.706639 -3.751892 -2.865240 -9.505632 -5.135448 -7.737061 -10.624277 -7.871039 -3.239515 -2.103660 -6.279892 -8.385739 -5.382416 -7.173710 -8.480822 -6.961787 -2.714606 -4.071457 -9.822636 -6.112168 -8.517798 -4.711951 -2.789798 -4.531020 -12.144744 -2.859429 -9.177556 -6.080327 -6.479956 
-8.230391 -11.432170 -9.858800 -11.289264 -10.545980 -8.401756 -7.102035 -11.028494 -13.480887 -3.582791 -12.534183 -9.540925 -9.644789 -4.908865 -5.298422 -8.543519 -2.767385 -2.376926 -1.718725 -12.433228 -7.782418 -3.245097 -8.823281 -5.160162 -12.202352 -1.603176 -11.381962 -11.892151 -6.302840 -7.111649 -6.106922 -9.715472 -6.469504 -3.918022 -11.359027 -11.457144 -12.531491 -11.581624 -13.930930 -6.518032 -3.338949 -13.050705 -3.175685 -6.977535 -5.416206 -6.243868 
-4.170932 -12.272308 -8.248149 -15.288552 -14.739754 -8.157557 -6.535008 -11.053203 -7.367454 -12.884889 -8.341193 -9.594936 -7.332723 -6.956755 -8.398928 -8.985950 -7.165463 -2.565095 -13.684909 -13.320447 -5.864924 -8.373039 -9.410119 -5.211329 -7.361491 -7.652401 -11.601552 -12.459766 -6.265143 -2.562572 -1.861369 -2.342171 -9.414447 -3.428122 -13.458559 -3.534117 -7.277993 -11.191394 -4.181645 -6.943403 -12.107182 -4.449175 -4.293505 -10.082886 -5.648096 -3.126473 -11.253480 -3.956016 -7.858231 -15.248619 -9.574097 -6.981423 -6.223489 -12.040628 -6.987917 -3.573734 -15.700724 -9.959494 
-11.441168 -3.678559 -4.270022 -10.080969 -9.283914 -8.480076 -5.542943 -4.148368 -4.225683 -3.824811 -2.627029 -8.686960 -2.425632 -12.204515 -8.784640 -5.614801 -6.304983 -11.713979 -2.024229 -4.581661 -5.177386 -10.505134 -7.750510 -5.380869 -9.761343 -8.126177 -11.175461 -7.653125 -6.267615 -5.264195 -12.239902 -4.408744 -7.750327 -3.222300 -9.633936 -9.135338 -13.361847 -5.813142 -3.434043 -3.096066 -8.271780 -6.180889 -5.454423 -7.999325 -7.300865 -2.729928 -6.687029 -7.424902 -6.468370 -15.781152 
-6.288487 -21.766906 -11.717423 -11.744119 -6.621762 -8.480076 -5.696087 -11.932215 -1.718927 -4.270478 -2.769914 -8.686960 -8.625747 -5.041975 -9.773207 -7.069888 -6.751213 -7.310291 -5.560090 -3.553893 -6.327033 -6.999099 -5.012538 -5.957006 -13.474693 -6.255237 -11.028474 -8.361739 -21.952008 -3.123527 -12.260918 -10.376715 -4.332766 -3.503638 -6.870180 -21.298274 -4.019857 -10.518357 -9.442369 -8.467468 -13.398386 -4.610698 -1.353850 -7.146476 -5.698038 -5.773129 -7.948353 -11.339777 -5.783762 -5.334506 -10.716981 -14.421988 -13.916296 -4.269755 -8.501484 -4.148057 -10.712763 -5.771910 -4.814331 -14.621557 -1.503952 
-6.436878 -7.296113 -8.161372 -6.239404 -11.134138 -8.476701 -3.987563 -9.528198 -9.632090 -5.550775 -4.661012 -9.039651 -3.671821 -6.123263 -9.244439 -7.064020 -2.060305 -2.117494 -7.774840 -6.540741 -13.603570 -11.481298 -8.945927 -5.870949 -6.840694 -3.710403 -3.618730 -12.868897 -6.896414 -3.056038 -12.145555 -3.980465 -5.295655 -3.321205 -14.383731 -5.830823 -8.774785 -8.928497 -7.631078 -6.005809 -4.795361 -8.164355 -1.908492 -10.883311 -14.148155 -7.736757 -10.475586 -7.933720 -6.985963 -11.853516 -4.811963 -11.946415 -9.998894 
-5.262952 -9.958631 -3.993914 -7.524965 -2.241295 -8.136157 -6.213753 -8.267393 -4.030584 -8.323226 -4.955645 -9.039651 -10.023093 -6.866079 -8.778345 -15.170512 -9.225622 -8.960539 -4.381945 -3.959824 -12.646729 -5.264466 -6.970205 -4.321387 -5.567003 -4.073865 -9.842056 -8.612318 -6.476854 -2.926191 -11.654090 -6.114046 -14.137126 -3.321205 -11.270265 -7.686384 -11.703308 -2.745996 -3.550226 -13.530748 -4.790289 -8.226361 -4.881288 -1.566264 
-4.915136 -5.407040 -3.708950 -13.135892 -10.857968 -3.690418 -12.988524 -3.240302 -7.826099 -5.117985 -5.226913 -9.165074 -6.081119 -8.207716 -11.011463 -11.411439 -9.254911 -9.353920 -6.183311 -7.524885 -4.911627 -8.504029 -10.346920 -5.992849 -5.295366 -4.121514 -14.823474 -8.306251 -6.739131 -2.953315 -10.741007 -8.422745 -12.556192 -3.715409 -4.202120 -5.370223 -9.324687 -7.854425 
-6.234288 -3.187387 -5.485639 -8.680869 -7.291878 -10.602005 -7.726250 -11.570188 -2.424838 -10.905491 -8.988455 -9.408151 -1.335582 -7.812589 -3.933156 -6.267976 -10.030543 -6.112716 -4.400350 -7.119382 -6.499948 -5.880684 -9.321339 -1.666174 -14.573465 -4.448893 -9.003807 -10.445806 -21.937156 -6.047233 -10.566720 -3.830470 -5.438350 -3.816638 -12.428868 -11.435048 -3.740881 -2.816203 -13.304317 -9.021139 -7.880313 -8.751140 -9.901948 -7.871036 -12.855862 
-9.449544 -4.689153 -12.581585 -9.776013 -5.250235 -5.620127 -9.611809 -8.328338 -4.903656 -2.635527 -12.660890 -9.157093 -11.858664 -8.811805 -5.690847 -5.501941 -3.460723 -5.689517 -5.082089 -7.596776 -11.950609 -5.907127 -11.379171 -13.261399 -2.833334 -4.611545 -8.646813 -2.670351 -3.950269 -21.397015 
-8.228303 -6.223654 -9.174330 -12.710671 -6.591707 -8.177411 -4.349061 -1.949819 -14.337212 -11.677407 -13.043016 -9.475292 -6.024068 -8.483146 -10.181934 -4.549821 -11.393582 -14.649046 -5.269909 -10.149325 -11.188235 -4.448611 -12.567963 -7.124774 -5.677155 -4.928226 -10.683168 -4.722945 -11.745494 -7.322777 -4.140092 -8.748136 -9.061220 -2.127960 -8.259025 -2.712505 -9.473922 
-8.669431 -9.642562 -9.204195 -10.090477 -2.239704 -10.566946 -4.398915 -7.935334 -5.389539 -6.875696 -7.807637 -9.891116 -9.778604 -8.034204 -8.805521 -6.605539 -4.521839 -8.498756 -9.047281 -11.994016 -11.268704 -5.385095 -3.977963 -4.973513 -6.297409 -5.861681 
-14.756963 -6.241422 -4.256516 -10.471514 -4.081443 -7.670637 -3.093795 -2.816859 -5.891728 -5.930003 -12.827207 -9.786632 -5.174039 -7.985425 -5.696538 -11.008802 -3.346857 -4.019295 -3.473212 -7.661645 -10.986506 -5.182931 -5.276845 -8.805590 -14.982319 -7.993045 -9.113442 -9.319651 -10.753249 -8.537180 -11.038250 -9.200772 -11.692546 -6.901859 -9.526696 -3.507614 -11.876071 -3.179817 -12.854975 -11.394560 -9.079906 
-12.773513 -6.822215 -3.144792 -8.839197 -6.655672 -6.430687 -3.338136 -3.642270 -6.039903 -6.690264 -9.392799 -10.662871 -4.072175 -7.360576 -13.354861 -13.483515 -3.881121 -12.314709 -6.513483 -8.942679 -11.490071 -5.348636 -5.544667 -7.301982 -10.771244 -14.635807 -8.538164 -10.668000 -14.864354 -9.994404 -5.489444 -8.322933 -5.768457 -4.782258 -6.099601 -8.224298 -6.805225 -13.429766 -6.774412 -12.051800 -9.858388 -10.458416 -14.794466 
-8.063324 -5.130249 -3.558706 -6.531499 -8.816170 -4.967797 -3.691400 -6.250168 -6.103773 -6.209272 -6.520785 -10.452782 -5.646772 -7.956422 -2.391513 -3.600088 -3.881121 -4.192573 -13.567499 -14.289378 -10.934468 -6.084343 -4.849578 -1.557638 -7.420364 -6.933528 -4.174464 -4.155835 -4.356293 -14.199199 -5.056200 -4.709678 -7.759891 -13.418457 -13.804337 -12.434407 -7.920796 -12.114226 -3.139529 -8.521754 -1.462604 -11.415019 
-5.720066 -12.490299 -8.115280 -9.194336 -10.566763 -7.301355 -3.428518 -5.476174 -6.328200 -4.407912 -3.395570 -10.517192 -15.026248 -7.585555 -4.844432 -10.957519 -3.807618 -12.921105 -5.108989 -3.495754 -11.079803 -6.286192 -12.082083 -14.968152 -5.245637 -3.978138 -9.066288 -10.633541 -8.956827 -10.779170 -14.149307 -8.236442 
-9.736428 -2.724177 -7.737131 -4.798513 -4.976742 -6.063339 -3.685506 -3.970829 -3.570072 -1.288834 -8.067803 -10.517192 -11.489806 -7.566372 -9.029352 -3.103091 -4.250087 -9.146094 -6.872959 -6.471787 -11.079803 -3.320046 -6.555303 -4.927071 -5.136187 -2.559206 -5.212286 -3.398356 -5.576277 -15.557771 -9.722279 -5.789763 -1.254150 
-4.197940 -5.249837 -7.667834 -2.160533 -11.203860 -6.008521 -3.340244 -14.512218 -8.398475 -3.706317 -7.898455 -10.517192 -4.678745 -7.673229 -4.560917 -8.337209 -3.998185 -4.042760 -4.330556 -8.604143 -10.838430 -5.717273 -10.269063 -3.093103 -5.005868 -11.337981 -9.693624 -5.860435 -10.566375 -12.605787 -14.184531 
-5.541865 -2.477176 -7.145529 -9.555038 -10.917481 -6.428637 -3.334976 -7.755936 -10.118360 -2.462614 -11.765864 -10.126384 -8.208637 -7.939473 -4.787628 -8.872517 -6.788292 -6.711131 -3.715346 -4.798048 -11.035777 -12.486248 -5.769384 -2.086804 -3.944410 -7.075074 -3.062780 -6.253806 -4.822654 -12.182854 -2.727391 -15.062157 -15.063031 -9.118105 -3.409559 -6.306137 -2.968162 
-13.205186 -6.218003 -2.795198 -7.573249 -7.428541 -5.564252 -3.934203 -9.006284 -6.980362 -4.081777 -9.459401 -10.091593 -12.231791 -8.234299 -5.224997 -11.735397 -16.263450 -4.827787 -4.119634 -3.468391 -10.579719 -2.000443 -4.358151 -3.029355 -3.857058 -2.913424 -14.549136 -8.257660 -8.706799 -13.551125 -3.837746 -3.638687 -5.664764 -8.648737 -8.066304 -16.532669 -4.734192 -11.401346 -3.009300 -11.991654 -3.755056 -9.451970 -9.358442 -12.679619 
-6.401143 -5.472565 -2.095098 -3.393741 -11.415016 -5.577932 -5.811743 -6.855525 -5.208405 -8.907931 -10.385209 -6.476015 -7.300602 -8.521833 -4.247944 -7.327974 -4.432009 -4.483411 -3.440971 -14.985636 -11.827154 -9.594500 -3.439414 -2.275481 -4.880650 -4.142401 -8.550495 -6.210340 -8.657624 -11.975308 -2.864308 -8.495774 -8.675098 -6.365403 -4.978324 -10.809511 -11.140256 -7.750301 -8.952369 -14.329432 
-1.972089 -10.302987 -10.513323 -4.143397 -9.704014 -5.870678 -6.315095 -6.297346 -7.620787 -6.562936 -5.740397 -6.801488 -9.253638 -8.355478 -3.367532 -8.070229 -3.078238 -7.279049 -4.076136 -2.794904 -5.208514 -10.199985 -3.527534 -4.670826 -4.332552 -8.666933 -13.813154 -17.527529 -9.116439 -11.103371 -2.937847 -8.211673 -9.965357 -8.103570 -6.269265 -6.715311 -9.779328 -3.803142 -8.842463 -3.776256 -7.212075 -8.960447 -6.298188 -5.508499 -7.971442 -5.702307 -12.547673 -14.756226 
-4.133801 -5.693951 -14.198891 -3.933564 -11.936334 -6.262012 -5.323261 -6.543651 -13.141138 -7.202564 -8.165349 -20.041195 -8.304804 -8.958109 -9.468450 -7.635025 -14.012062 -14.300183 -3.595417 -4.589097 -12.574968 -9.633456 -4.062131 -7.274966 -4.141013 -8.541032 -12.548294 -2.353977 -9.737171 -2.640603 -2.617896 -2.933216 -14.804962 -14.752080 -3.029083 -11.461336 -5.625857 -4.385546 -5.986915 -4.682981 
-6.024307 -9.874134 -4.897858 -12.231462 -9.550041 -3.712018 -6.564153 -11.507226 -7.009784 -5.747270 -10.409645 -3.431746 -1.973008 -8.479006 -2.625080 -7.527815 -3.888946 -12.006234 -8.953933 -4.016500 -7.853687 -4.570943 -13.519369 -10.321824 -13.969901 
-11.159734 -4.571795 -8.651159 -15.254552 -9.435631 -2.715849 -7.766117 -11.058186 -7.280167 -5.678893 -2.852326 -10.267558 -10.515892 -8.390146 -2.425987 -8.620260 -3.790384 -7.121737 -8.849439 -4.105798 -8.451549 -13.833965 -11.141521 -15.301686 -8.170668 -6.674744 -2.213943 -15.459452 -10.747729 -12.031612 -7.047178 -9.674965 -6.270734 -14.259821 -12.935442 -6.210457 
-6.587219 -2.715714 -8.444239 -8.570154 -9.026155 -1.832589 -7.109513 -14.694550 -10.064438 -5.484409 -11.408018 -9.749663 -12.911348 -8.354369 -7.175029 -4.963336 -3.750071 -8.387550 -9.537198 -4.340721 -12.247504 -11.883348 -4.870042 -11.382136 -11.103507 -3.922012 -5.417449 -14.303347 -9.201899 -3.475851 -4.738156 
-6.441854 -3.214998 -8.688295 -5.697829 -9.049734 -3.236297 -7.106831 -6.362175 -7.014841 -5.543796 -22.857258 -12.034583 -11.379606 -8.490870 -6.482179 -13.390356 -3.525867 -11.352690 -9.831716 -3.903606 -6.365484 -11.561481 -8.955143 -10.738226 -9.368682 -7.574485 -10.147637 -12.443480 
-7.514265 -3.257970 -8.707717 -3.558620 -9.596696 -3.273122 -13.640799 -4.631255 -11.324630 -5.748300 -11.419781 -4.454369 -8.467733 -8.736486 -7.522338 -13.916071 -3.514200 -7.025429 -10.191483 -3.775390 -7.874660 -11.114174 -9.364587 -12.421221 
-7.495724 -3.067910 -9.488941 -4.504491 -9.596696 -2.681841 -14.501286 -5.222879 -4.575147 -5.299531 -9.358566 -13.702415 -7.441264 -8.437249 -6.413246 -5.587916 -3.519692 -6.507386 -10.461902 -3.773033 -6.963546 -4.246199 -8.059953 -8.300518 -5.528071 -7.338424 -3.608252 -4.423948 
-7.282818 -2.933566 -9.892991 -5.447169 -9.293514 -3.154230 -6.484456 -6.687605 -3.769762 -5.745358 -9.955097 -7.731055 -7.293572 -8.538110 -10.418877 -9.591181 -3.622620 -4.835622 -10.692616 -3.773033 -7.716078 -4.720760 -2.285121 -10.967374 -5.453964 -4.298127 -8.667396 -8.071175 -4.910735 
-11.108496 -2.498366 -4.734574 -4.070280 -9.242063 -3.835209 -7.562288 -5.590042 -8.288765 -5.716699 -9.773654 -6.524700 -12.826771 -8.627579 -10.425440 -4.678328 -3.580250 -5.841458 -11.254055 -7.077185 -10.408324 -9.205747 -13.536122 -6.068969 -8.719189 
-10.460281 -3.042653 -5.237636 -4.350731 -9.622743 -3.204042 -15.025596 -6.594073 -5.662904 -5.581175 -10.322914 -5.372745 -22.805393 -8.449986 -11.858177 -9.580689 -3.705903 -5.925210 -18.820652 -22.180276 -9.828952 -14.667010 -10.684536 -8.479378 
-9.404974 -10.847694 -12.071228 -4.833849 -8.731557 -3.323516 -4.934666 -2.925768 -3.476967 -5.774014 -5.603128 -6.802713 -10.658509 -8.665909 -8.539227 -9.822337 -3.703034 -11.981471 -19.384010 -1.031418 -7.042271 -11.803617 -6.857918 -13.246756 
-9.268180 -5.636230 -6.707127 -3.757207 -1.753018 -9.784242 -4.838398 -3.297893 -6.233184 -5.894651 -8.519766 -8.089927 -10.697262 -8.722567 -1.785120 -10.161198 -3.605189 -3.515921 -15.590310 -7.444759 -10.996139 -5.894277 
-2.157351 -7.950226 -6.749382 -4.494354 -1.866015 -9.253179 -11.845548 -7.705213 -5.355437 -4.918656 -8.756326 -14.698365 -11.047471 -8.800245 -2.633031 -10.209359 -3.377141 -11.636511 -1.922021 -8.685372 -3.032876 -7.859300 -1.011710 -6.998887 -11.883943 -13.506771 -9.632916 -5.936057 -6.691193 -13.585040 -7.738008 -7.764179 -13.125815 -5.333081 -8.140542 -4.851375 -4.858075 -8.158408 -2.553392 
-11.392270 -10.491132 -6.484888 -4.571543 -5.771576 -11.227956 -12.499956 -9.584056 -7.182769 -2.602648 -3.624544 -8.397341 -11.557802 -7.658895 -2.256381 -10.403326 -3.117870 -9.353733 -11.765302 -11.795939 -3.032876 -5.450135 -6.638495 -10.451013 -2.201138 -11.138252 -6.805557 -10.901775 -6.849160 -11.862668 -8.859631 -8.988155 -12.600106 -15.623626 -10.599875 -2.587798 -10.448046 -14.787837 -10.526159 -14.264499 
-5.250813 -7.705694 -7.102821 -3.925907 -11.679735 -4.312156 -9.612269 -10.995983 -8.947810 -7.510435 -2.107584 -5.259303 -11.477517 -8.436737 -12.329007 -9.780132 -3.410611 -9.246526 -10.204310 -3.995494 -2.852185 -7.409972 -10.037031 -11.712320 -5.795716 -3.606860 -4.885931 -13.211622 -7.154583 -3.865764 -4.483719 -5.682803 -6.801606 
-11.314719 -0.917166 -9.148542 -3.854424 -11.416429 -4.848022 -6.056403 -5.796250 -9.345678 -10.036583 -1.702887 -14.236619 -11.433209 -7.945720 -6.054985 -9.466107 -3.110062 -4.602364 -6.347508 -3.509678 -2.579008 -11.329852 -4.091826 -7.116745 -4.051714 -8.735141 -5.375537 -13.944467 -5.536239 -7.189039 -13.739341 -10.554885 -3.560243 
-4.815802 -13.552521 -9.147448 -6.333560 -3.814063 -6.560471 -3.288477 -10.380472 -12.611419 -11.687495 -3.084055 -7.329403 -7.963567 -8.537469 -8.684290 -8.947499 -3.310128 -3.839332 -9.982213 -4.806129 -3.168970 -5.870407 -10.584623 -7.643763 -7.072489 
-8.943020 -3.304401 -7.408738 -7.812821 -7.668494 -7.162537 -3.519475 -6.933686 -9.139298 -11.685495 -12.432957 -1.685688 -5.648405 -8.398755 -7.987857 -8.950655 -3.310128 -3.609203 -5.721799 -8.232397 -2.738476 -6.254957 -10.989957 -7.575903 -2.982988 -4.708788 -11.805291 -12.729632 -22.964046 
-10.052616 -8.787488 -6.865332 -10.364781 -7.884417 -7.631138 -4.150561 -4.485983 -16.840888 -11.288368 -8.354029 -5.424955 -7.534892 -7.984827 -9.005153 -9.248336 -3.110566 -3.405757 -15.077397 -8.827999 -2.814107 -4.295390 -4.634500 -3.285128 -3.336298 -8.355269 -5.950158 -6.035425 -12.597411 -9.148610 -7.180074 -5.725104 -8.433352 -14.326488 -5.152427 -14.601315 -3.320996 -7.722895 -15.284201 -6.844461 -4.769009 -7.702965 
-8.968318 -9.533936 -5.566197 -1.314072 -12.553771 -13.519242 -4.812654 -8.378489 -20.032979 -11.757024 -5.022483 -3.062581 -4.754040 -8.167921 -9.155582 -9.099400 -3.416120 -3.980197 -4.459217 -9.436398 -2.801277 -5.315494 -4.216059 -7.957719 -3.640307 -11.745853 -11.602183 -6.189109 -3.707610 -22.297210 -12.215459 -14.146848 -4.176690 -10.592717 -4.727507 -11.168779 -5.615402 -8.385693 -3.624419 -8.962716 -13.520224 
-3.444570 -7.314229 -4.300302 -3.427319 -11.010492 -8.728286 -9.153684 -11.038039 -9.951709 -12.211492 -4.822796 -11.239606 -4.199654 -8.085830 -2.345522 -9.148887 -3.234877 -4.814196 -2.908211 -13.367907 -2.789246 -5.327111 -11.134074 -9.769849 -9.414984 -4.133633 -13.189482 -6.115120 -8.830271 -7.390933 -9.078223 -1.156438 -2.739857 -10.884179 -7.600715 -11.953433 -6.304699 -11.392443 -3.705974 
-13.621107 -8.488311 -4.060270 -5.084456 -5.694134 -6.881870 -8.334111 -10.233791 -14.150493 -4.511210 -11.871196 -12.083900 -5.870411 -8.288187 -7.480192 -9.195495 -3.137923 -9.673812 -3.139844 -5.177248 -2.802594 -11.270662 -10.849587 -5.498772 -8.800817 -11.599595 -4.021902 -11.507522 -4.424854 -6.441248 -3.090055 -3.955064 -8.609700 -6.658120 -4.440112 -5.415958 -6.107572 -4.414521 
-5.177681 -12.024673 -3.735364 -3.316791 -12.246260 -13.331316 -8.703110 -11.286934 -13.975943 -4.403621 -3.352084 -12.797730 -9.448020 -7.741073 -7.103481 -9.497687 -8.043095 -9.738157 -7.947344 -6.269721 -3.378472 -3.126582 -10.494182 -5.008104 -9.467444 -4.669421 -6.024255 -11.750655 -8.489971 -14.734092 -3.371002 -6.045710 -5.956947 -7.743221 -4.430137 -5.938056 -6.317757 -5.592526 
-11.211352 -12.277358 -3.994442 -4.115099 -16.644975 -3.898050 -9.298408 -10.406733 -6.291542 -4.451282 -4.886280 -11.593638 -4.138490 -7.701337 -6.919544 -9.863727 -18.885198 -3.689870 -1.717892 -7.367125 -2.796935 -2.495170 -2.934336 -5.424103 -6.683263 -9.141206 -8.500228 -11.521834 -7.534764 -9.398553 -5.543153 -4.615778 -2.276579 -5.435434 -7.025458 -18.561296 -15.327570 -9.286682 -5.526438 -7.263309 -12.024646 -4.773963 -7.264264 
-10.674247 -9.673351 -3.874514 -3.890193 -6.613774 -11.948070 -6.114040 -11.171558 -5.490417 -21.837064 -8.106348 -15.587222 -2.598201 -6.814322 -6.628600 -6.072254 -11.050815 -3.496986 -11.999844 -4.529591 -2.995531 -3.613847 -7.984750 -11.387658 -8.944510 -3.870234 -7.696419 -11.573361 -9.416886 -8.355445 -8.375277 -8.129077 -6.229647 -11.009567 -10.726853 -3.726525 -13.266775 -12.068012 -3.587787 -8.612948 -13.323707 -4.773232 -12.666781 -11.080471 
-12.316995 -11.211416 -3.875292 -10.691511 -14.865572 -3.046072 -11.594265 -10.943359 -6.169370 -5.532684 -3.874514 -5.152790 -12.037919 -6.918379 -4.600767 -11.047994 -9.326377 -3.312384 -8.900196 -10.766914 -3.226354 -4.285509 -8.757325 -12.806287 -8.313582 -12.735991 -12.439828 -11.158036 -9.999968 -7.280792 -8.721179 -12.403786 -5.051397 -12.862747 -14.039037 -3.847753 -7.276620 -6.031395 -9.717687 -7.012299 -7.957698 
-17.771385 -8.765275 -10.182339 -6.238849 -3.981253 -5.455056 -10.467702 -10.308617 -14.547711 -5.918633 -11.163174 -10.781690 -6.414188 -8.058378 -9.708777 -6.615411 -7.678279 -3.284740 -9.381993 -10.208977 -2.790902 -3.278752 -7.452936 -4.668045 -11.353170 -4.674262 -11.277819 -11.381934 -4.447901 -4.923600 -9.654499 -5.201110 -14.665400 -11.377233 -7.247274 -4.434355 -9.015644 -4.429187 -9.240027 -2.162967 -6.798196 -9.070001 -5.088794 -19.974511 -11.783186 -4.658154 -9.654601 -7.177054 -12.077649 
-4.838253 -9.254543 -6.539717 -4.018417 -5.353529 -13.777089 -11.565117 -9.548461 -5.012367 -3.646195 -3.787314 -3.228315 -5.800797 -8.112873 -9.998782 -10.141346 -11.576444 -3.185909 -8.594502 -9.997124 -5.665147 -3.055778 -2.963506 -1.604393 -8.591501 -5.734700 -5.976292 -11.043714 -5.108314 -16.241802 -4.859580 -4.164795 -15.173870 -7.300053 -6.512867 -4.841898 -4.082299 -14.184748 -8.940633 -6.696617 -7.069806 -9.044789 -12.485508 -7.722422 -2.910221 -3.814175 -8.907865 -3.348100 
-4.414761 -7.873463 -11.246521 -3.645969 -6.770051 -5.805604 -11.139170 -10.162319 -5.113209 -8.110477 -14.122115 -7.350476 -11.950195 -9.972211 -6.155557 -4.214696 -7.146001 -3.185909 -6.771487 -9.752389 -12.364244 -2.962204 -12.164742 -8.178863 -7.720286 -8.582423 -7.701470 -11.239764 -5.057874 -16.974665 -4.265578 -4.852499 -3.536172 -11.973628 -3.979448 -13.299119 -13.570996 -11.285730 -8.230232 
-6.078193 -8.025400 -12.966523 -8.867578 -7.015375 -7.938306 -9.031369 -8.929556 -4.805181 -7.927258 -6.911008 -4.592793 -5.119029 -7.030641 -8.514544 -13.950315 -8.779753 -3.234251 -5.251289 -9.825083 -6.594177 -2.785101 -6.338632 -3.671414 -2.964291 -8.328352 -6.939058 -11.057114 -3.840793 -8.389472 -8.394990 -8.833165 -11.826988 -13.110872 -5.515036 
-7.666012 -11.779733 -5.399253 -5.628579 -22.099233 -10.628585 -11.213943 -6.487341 -8.359644 -7.914543 -10.268896 -5.168749 -8.933244 -12.579861 -11.018601 -5.333483 -3.461554 -3.593156 -5.130379 -9.912359 -5.732441 -2.626962 -6.751754 -10.301192 -3.101416 -8.348520 -7.199775 -7.544156 -5.603534 -6.971509 -5.513715 -5.306387 -8.398296 
-3.606040 -10.174978 -7.146752 -5.526023 -20.606897 -13.634282 -10.587264 -6.786138 -5.536864 -8.090538 -7.646057 -13.547207 -11.940311 -4.807000 -11.383929 -5.842424 -4.343632 -3.430291 -6.900451 -10.012458 -11.020666 -2.433632 -4.255134 -5.160177 -12.041592 -2.459477 -7.252261 -6.545297 -8.201112 -9.359319 -8.603138 -6.060413 -12.312323 -9.322845 -6.637803 -9.560761 -11.212691 -11.508478 -7.830139 -13.020684 -7.713924 -5.020817 -9.373195 -10.817476 -5.379913 
-11.981284 -12.768386 -5.033230 -10.620328 -20.109970 -11.503097 -9.363458 -7.520162 -9.492445 -12.527159 -12.171914 -4.265213 -7.814634 -7.417538 -11.349507 -7.753972 -4.048945 -3.740658 -7.044733 -9.790369 -5.179071 -2.508601 -6.818960 -6.872766 -7.712095 -13.575984 -12.054896 -4.797483 -11.463946 -15.168690 -8.983607 -9.649983 -6.448630 -5.263245 -12.089249 -9.184180 -8.197957 
-13.752454 -9.402871 -3.125865 -10.210672 -22.053820 -6.207556 -9.564754 -2.999775 -8.407836 -5.030939 -8.284085 -4.265213 -7.728812 -2.144570 -11.572613 -7.765520 -3.694735 -7.852727 -6.232103 -9.728921 -4.726725 -3.098539 -6.632408 -12.400439 -8.101946 -14.891593 -4.235631 -5.370740 -8.922896 -2.447739 -11.957544 -12.434574 -4.932951 -3.674451 -5.144862 -8.898081 -12.533314 -9.107931 -14.477245 -1.891055 -11.424444 -12.356569 
-7.449155 -3.872213 -1.478016 -3.941431 -21.507466 -6.523523 -10.360186 -11.831545 -8.700176 -6.907184 -5.751040 -12.686845 -8.164865 -4.123827 -11.858376 -5.948790 -3.301970 -14.010666 -4.976063 -9.157897 -6.177800 -3.463646 -8.196547 -3.590836 -7.463716 -11.958923 -6.202906 -9.379972 -8.884400 -8.058558 -5.259591 -8.638300 -0.817506 -3.401765 -6.418731 -8.317404 -2.607942 -7.812765 -6.941131 -4.334069 -3.774508 -5.597254 -8.664708 -11.898049 
-4.562086 -8.887756 -6.866003 -7.532438 -21.069553 -10.552343 -10.384353 -3.436808 -9.544535 -9.405200 -10.050334 -11.704404 -8.149154 -4.370735 -4.641113 -9.368351 -3.557227 -7.928321 -5.367446 -8.602081 -8.996242 -3.661469 -8.369923 -6.595398 -5.592386 -11.518221 -3.645813 -14.912298 -4.059340 -3.017196 -6.368090 -10.710372 -7.902831 -5.835951 -5.483433 -4.433918 -5.173179 -13.773023 -6.359912 -4.970231 -11.514597 -8.439129 -13.249369 -7.929377 -5.690492 -8.920171 -5.723303 -9.904447 -2.118455 -7.579635 -11.602595 
-22.448453 -8.398887 -3.273887 -4.765459 -10.488730 -8.677741 -9.826003 -7.741124 -9.423951 -6.041417 -9.289902 -11.731412 -8.193069 -9.108738 -12.575114 -9.821204 -3.609679 -5.855606 -5.346954 -8.519758 -4.858312 -5.250110 -8.725190 -12.135106 -5.624520 -3.209883 -3.619786 -4.168626 -12.425698 -3.184474 -4.988935 -21.909140 -5.240467 -6.793119 -6.580082 -5.208330 -5.812674 -3.890162 -13.426285 -7.327711 -11.248532 -14.021689 -5.163894 
-12.643626 -8.288628 -3.554820 -8.403145 -7.508325 -9.863278 -10.495834 -9.489649 -9.572406 -10.960582 -10.774353 -11.537944 -7.976161 -10.483055 -7.911002 -7.036075 -2.509323 -4.177252 -6.357570 -7.647658 -6.968275 -9.238390 -8.423916 -7.825683 -5.606564 -9.089370 -3.564776 -3.523089 -5.349829 -3.094699 -3.676643 -22.381607 -6.218180 -7.761406 -4.115163 -3.871708 -6.005638 -3.480527 
-14.464554 -8.486754 -4.712735 -2.020617 -4.590028 -4.385351 -8.065449 -10.478130 -9.691957 -7.882664 -2.306005 -11.234503 -7.815707 -9.917079 -6.017730 -2.923164 -10.142137 -4.775641 -8.678366 -11.903463 -6.785883 -9.341848 -9.779113 -15.813277 -7.329667 -9.074843 -3.844334 -3.648073 -5.507205 -3.017912 -3.739907 -13.669552 -4.343570 -4.791241 -12.974098 -4.595426 -7.347041 
-3.004844 -8.391997 -4.104159 -2.693476 -14.624435 -4.196760 -7.561859 -3.736204 -9.691957 -7.013339 -4.885951 -11.445393 -8.994503 -10.836637 -6.817561 -3.523329 -5.799240 -2.456257 -7.072468 -10.349741 -3.256701 -3.440657 -9.703028 -6.494927 -5.501929 -9.152716 -3.374299 -15.049362 -11.413588 -2.708516 -4.533646 -5.623371 -5.437968 -11.216047 -3.385050 -2.612306 -6.239187 -11.258041 -13.923847 -3.604883 
-11.214307 -8.623113 -4.133103 -5.643489 -4.132586 -3.630323 -6.295241 -3.795023 -9.809627 -6.678114 -5.428692 -11.457835 -8.230780 -4.002507 -4.165961 -3.281525 -4.562503 -2.905555 -7.740322 -13.598605 -3.247823 -4.359337 -8.744245 -9.590115 -7.287761 -9.504994 -6.054354 -11.097497 -2.235508 -10.297825 -7.437543 -11.066891 -3.650688 -8.512529 -7.311126 -15.041395 
-4.946607 -8.491502 -4.378649 -5.793200 -13.257520 -4.065131 -8.792395 -12.797740 -10.109330 -5.847764 -10.521519 -11.655487 -8.182003 -12.606874 -3.209145 -3.029099 -3.516215 -6.109283 -8.231032 -3.504064 -5.979843 -5.556939 -1.705018 -8.329735 -6.131159 -8.878454 -21.014091 -4.071777 -2.480333 -7.580327 -6.954592 -3.502600 -11.137211 
-4.692063 -7.831161 -7.595816 -13.387944 -8.032147 -3.667348 -6.815933 -10.919731 -9.915211 -5.796625 -8.571534 -11.490785 -8.057740 -4.632004 -3.980762 -3.521944 -3.360862 -21.653908 -5.594259 -11.165060 -14.742406 -13.612574 -10.891951 -12.809893 -4.794496 -8.952867 -10.870272 -3.581374 -2.878345 -7.021559 -4.062006 -13.312544 -6.958364 -14.518940 -2.098284 -8.442030 -10.847793 -7.014907 -4.354819 -4.312862 -6.662698 
-6.503282 -8.371326 -8.254532 -7.816654 -9.125801 -3.290760 -11.464894 -4.888110 -9.634828 -3.421602 -12.560820 -11.325691 -7.252710 -6.149413 -12.363003 -8.941189 -3.950206 -4.859355 -5.569328 -7.490290 -15.066937 -13.688136 -10.732557 -5.956401 -4.287439 -10.285093 -12.284390 -2.861836 -2.552092 -11.619198 -5.531149 -8.025739 -5.303386 -5.488754 -7.995836 -13.034171 -10.774247 -12.803624 -3.892825 
-8.497755 -7.584821 -10.321815 -2.730890 -6.219341 -3.830407 -13.446358 -9.716957 -4.368035 -4.953811 -2.245629 -11.380571 -7.725488 -5.760638 -5.841325 -9.161813 -4.102937 -5.205168 -6.107518 -3.693212 -15.183633 -6.924584 -10.376973 -5.171062 -5.491742 -3.776674 -6.246825 -5.514805 -8.960688 -9.938048 -12.827464 
-9.750544 -3.870225 -8.457572 -13.134180 -6.138512 -3.168844 -2.695799 -5.961512 -3.992703 -5.583987 -2.420210 -11.445180 -7.561989 -6.141836 -6.530954 -5.579771 -8.062170 -7.302463 -6.620661 -8.066652 -3.586979 -8.816845 -9.621281 -10.843456 -8.969401 -5.036185 -21.835789 -6.619049 -4.426690 -3.420744 -4.828041 -7.838156 -1.400418 -8.441628 -3.585013 -3.761363 
-8.823060 -14.123759 -8.154444 -7.684490 -6.183876 -2.576185 -7.358837 -8.930978 -11.735601 -8.982306 -4.279889 -11.696795 -7.910851 -6.825259 -4.239930 -6.989311 -6.957483 -3.887840 -6.705552 -5.406446 -6.778355 -10.065521 -10.145908 -4.735868 -13.426098 -6.139048 -22.967947 -4.494192 -10.167590 -7.434406 -2.874027 -13.611333 -5.036375 -5.760307 -2.232217 -5.687257 -10.181559 -14.348477 -6.666049 
-5.327081 -3.373355 -7.951117 -7.800719 -11.007687 -4.046915 -6.238122 -4.264095 -6.012183 -6.305275 -6.731669 -11.675305 -8.031453 -5.888784 -9.655969 -6.125626 -7.760628 -5.166586 -5.602651 -2.754504 -6.116638 -9.444105 -9.696253 -8.801689 -13.695889 -7.816164 -11.126478 -9.883700 -6.558314 -10.883178 -4.045591 -1.999927 -6.964168 -6.221460 -2.066193 -3.531190 -9.994583 -7.607327 -12.187556 -5.471750 -5.224194 -7.509711 -7.274872 
-6.182049 -6.661292 -7.951117 -7.359791 -7.899370 -4.010587 -6.063757 -6.607093 -3.695662 -9.883802 -7.575115 -11.601647 -8.225717 -11.363266 -8.896458 -8.069570 -7.314197 -4.685364 -13.933175 -3.592743 -1.405232 -5.871328 -9.533533 -5.532346 -12.459339 -7.557168 -10.807082 -5.417369 -9.137119 -6.962265 -15.378244 -2.051241 -10.997716 -5.205583 -6.530625 -3.264908 -4.979683 -5.162598 
-3.214238 -3.209868 -7.975219 -7.625635 -4.605977 -4.265566 -11.460414 -3.901867 -6.604148 -6.638487 -14.162425 -5.781137 -6.376712 -7.804900 -8.022381 -8.802579 -8.297350 -6.755850 -7.342676 -3.815913 -9.098257 -6.446185 -9.401401 -4.462983 -8.580986 -7.809790 -4.672710 -5.578572 -12.831324 -10.878869 -4.750772 -4.616176 -11.887092 -12.946546 -13.315556 -8.356279 -4.099352 -7.415888 
-2.574329 -4.839652 -7.954285 -7.815561 -5.809543 -4.485952 -6.247329 -3.627614 -7.320854 -5.849987 -13.346853 -5.641254 -6.141850 -7.428502 -8.119905 -8.402219 -7.720021 -5.451169 -10.344398 -3.824650 -7.969430 -6.226853 -9.222661 -6.624766 -10.379093 -5.084049 -4.009211 
-2.877648 -3.270792 -8.723417 -7.099001 -1.891395 -3.812054 -11.596405 -6.078175 -11.306346 -10.898881 -8.279285 -5.465274 -6.376745 -7.510630 -4.627218 -8.052760 -6.820752 -14.235324 -5.474162 -3.684619 -8.528599 -4.752558 -9.207311 -7.464100 -10.671794 -13.024925 -9.492521 -6.877948 -15.016341 -5.523479 -8.579327 -12.035549 -7.226022 -1.957385 -5.244407 -11.611745 -22.723557 -7.983342 -4.938069 -15.200550 
-2.626545 -9.338185 -8.910024 -12.623548 -5.318722 -6.029207 -4.280087 -11.570936 -5.959130 -14.701183 -7.686833 -4.381685 -8.449705 -5.908153 -5.053464 -4.722246 -15.556377 -13.119500 -7.406351 -3.433640 -8.584261 -5.415360 -9.794374 -7.506540 -9.649048 -3.375016 -6.299489 -6.373884 -5.889507 -6.808900 -6.327921 -12.563517 -2.596635 -3.719634 -4.088139 -3.013427 -15.130202 
-2.731085 -6.854501 -8.859372 -3.196076 -7.451196 -11.567002 -6.864982 -6.718323 -7.737748 -6.495167 -10.953232 -3.752956 -7.069902 -4.284535 -3.667975 -13.106635 -7.487737 -11.555691 -12.177235 -3.261479 -8.319742 -8.681244 -9.581973 -7.561571 -19.237044 -1.890826 -3.541376 -4.892880 -6.903155 -5.372564 -8.825803 -1.711640 -14.616610 -5.626787 -6.227229 -11.830980 -14.400103 -7.294783 -13.248293 
-2.880348 -11.959951 -9.134013 -10.854345 -6.278587 -3.460606 -14.264365 -7.010889 -8.799876 -4.870768 -6.493867 -4.602717 -6.393150 -5.201813 -4.554865 -5.914305 -7.539991 -6.077285 -1.803400 -3.321110 -8.285526 -8.586982 -9.632163 -7.484706 -4.230651 -3.951433 -8.090682 -19.305794 -3.273718 -9.684391 
-3.285153 -12.286319 -10.133773 -3.387900 -6.642520 -10.443213 -6.187641 -15.317364 -18.772199 -14.179940 -8.258987 -3.426257 -5.758951 -5.273862 -9.120725 -11.954093 -10.363059 -4.412034 -7.657272 -3.513175 -8.375470 -7.043186 -9.079141 -4.832690 -12.075398 -4.799616 -5.866378 -14.069347 -4.732934 -15.692271 -3.062673 -13.896134 -5.932026 -13.647658 -6.020863 -6.165766 
-8.160661 -6.602639 -11.245168 -9.272539 -5.947480 -9.979512 -6.033051 -3.150410 -5.217805 -2.732639 -14.359329 -1.725114 -6.486278 -5.175198 -9.609566 -12.923438 -9.948470 -5.030690 -4.652339 -3.847130 -8.144090 -22.324771 -9.100557 -4.057993 -5.359374 -6.053013 -4.638992 -8.444661 -5.270206 
-14.450383 -6.038954 -10.830136 -6.517663 -7.294321 -7.997968 -9.758308 -3.598235 -7.600617 -2.534545 -4.935057 -12.151508 -6.414063 -6.108720 -9.207054 -11.854605 -10.275877 -6.200781 -3.895561 -3.924993 -7.774575 -8.810739 -6.440394 -4.167249 -5.560035 -7.667883 -1.943910 -10.145997 -2.194517 -1.500810 -5.667062 
-7.199930 -3.780904 -10.490609 -4.679489 -5.025614 -8.873157 -6.115149 -3.084255 -6.111968 -2.885993 -15.052265 -19.059802 -12.221716 -6.040053 -10.843470 -11.630024 -10.289546 -6.160487 -7.066431 -10.326165 -7.281263 -7.702929 -5.892128 -3.149534 -2.378615 -8.243320 -6.665487 -1.821073 -14.104734 -22.947094 -6.844725 -3.887049 -6.207867 -4.413364 -4.219810 
-5.582758 -3.354461 -9.977559 -7.323046 -12.069245 -8.656807 -6.936427 -2.952734 -6.595807 -5.691652 -6.219822 -11.066963 -10.170554 -6.939086 -4.131776 -11.122920 -10.315496 -8.275734 -7.658039 -3.796362 -7.485699 -7.291934 -7.544106 -3.127839 -5.572355 -9.535254 -4.901402 -13.548938 -13.247150 -12.429534 -13.101696 -4.408045 -12.322498 -8.609576 -8.986101 -5.839160 -5.230993 
-5.983858 -3.945709 -10.560024 -8.441729 -5.936350 -8.240206 -4.220122 -3.226726 -12.905865 -4.797325 -12.266856 -4.853851 -5.752239 -12.798078 -7.549242 -11.581293 -9.729600 -4.068954 -7.629358 -3.683616 -8.185042 -6.736168 -8.435806 -5.533077 -8.699870 -8.561967 -11.834967 -7.061757 -6.131233 -11.182583 -7.869335 -8.744735 -5.823727 -12.326391 -2.534130 -11.069543 -2.766835 -10.071748 -6.218271 -4.435981 -8.381503 -6.349237 -3.772277 -7.609957 -1.792221 
-5.027403 -3.925421 -8.774962 -4.408163 -5.986519 -5.873863 -9.843217 -3.644480 -13.110226 -5.579117 -10.481963 -4.558450 -5.127466 -12.500000 -4.318554 -11.700195 -9.686958 -5.186928 -9.001484 -14.645900 -7.532868 -6.846946 -13.953664 -6.743084 -3.766925 -4.732512 -7.953480 -6.320313 -10.207128 -3.362912 -6.231864 
-7.244281 -3.813272 -4.373804 -12.871169 -6.350632 -7.621277 -10.032342 -3.522857 -2.134371 -8.222046 -11.029825 -5.596071 -4.107613 -8.934369 -14.777042 -12.243474 -9.878214 -11.042705 -7.788171 -9.027100 -8.522922 -12.417441 -8.000242 -11.593781 -13.381153 -6.102001 -12.681577 -6.389099 -4.523289 -9.441092 -18.600048 -7.641189 -10.587469 -10.001554 -10.571350 -5.505732 -11.031998 -10.099538 -8.820043 -11.110074 -13.000813 -2.201631 -6.490760 -8.338376 -9.728373 
-8.300608 -3.753763 -9.046365 -12.548025 -13.084466 -8.780638 -10.838672 -3.674836 -12.352279 -5.172248 -11.661713 -8.022027 -4.446059 -3.739153 -3.368625 -11.168767 -9.714778 -0.941699 -7.127154 -10.223496 -9.723943 -6.817375 -7.514591 -12.199709 -12.318719 -10.106024 -10.709691 -11.933930 -6.417358 -11.879479 -6.781057 -11.159889 -6.180583 -9.251763 -9.909309 -8.214735 -5.014805 -12.548523 -3.054013 -13.193121 -6.008152 -6.360614 -6.172315 -10.381508 
-8.347095 -3.747314 -5.870969 -14.099116 -6.649571 -10.117340 -9.664305 -3.856174 -4.984727 -17.551614 -5.692680 -8.258091 -3.929860 -8.736982 -8.222920 -11.319423 -9.707376 -4.707441 -2.543209 -3.150895 -11.134151 -5.195059 -8.663163 -6.338373 -11.102766 -8.937639 -8.692612 -10.892266 -10.479164 -3.963560 -14.825719 -9.297898 -5.680365 -5.069344 -12.366635 -10.642115 -20.427830 -5.028996 -7.563778 -10.436121 -14.478930 -11.648787 
-6.792798 -3.504260 -9.366398 -6.537943 -5.983439 -9.295732 -4.783551 -11.792685 -2.454668 -14.002321 -10.730339 -9.053651 -3.929860 -7.301091 -11.837754 -13.076340 -9.657558 -11.392771 -2.292238 -3.685665 -10.458125 -6.239694 -8.757074 -3.779287 -7.452218 -4.222224 -22.098747 -13.725607 -10.752480 -8.460741 -6.688545 -4.850832 -6.712068 -4.814348 -5.758476 -9.936009 -10.994083 -4.680777 -6.059772 -13.697527 -11.149734 -5.553332 -3.489879 -5.203636 -6.758221 -10.666761 -5.523599 -9.118750 -4.807135 
-6.630672 -3.413553 -7.439574 -7.493285 -10.804661 -4.375137 -4.802271 -2.232705 -7.899636 -5.294083 -7.969119 -5.515335 -3.878736 -8.919577 -7.563969 -9.755063 -9.449831 -11.986393 -8.995289 -3.794475 -11.233024 -4.517093 -8.902190 -2.486661 -5.578292 -2.815545 -5.227892 -6.325579 -10.773343 -13.621596 -5.413931 -5.809052 -8.395910 -6.975099 -9.252128 
-7.310159 -22.923357 -8.143438 -7.737397 -9.823223 -9.176714 -9.485846 -8.363562 -7.220176 -6.219278 -8.207723 -6.828853 -3.878736 -13.970062 -6.923571 -3.295043 -9.449831 -4.394023 -5.144285 -3.644564 -11.276946 -8.810150 -8.552967 -2.507181 -7.147817 -10.591327 -11.611706 -6.898776 -10.814288 -3.455390 -12.497424 -11.865063 -6.767065 -6.772245 -5.119763 -7.361494 -3.374897 -7.182080 -8.647042 -5.211715 -5.305598 -14.660739 -12.511175 -3.636656 -4.824209 -8.237506 
-7.389657 -6.568549 -8.640526 -12.475266 -8.725189 -7.267093 -4.002140 -5.441004 -10.787359 -5.365704 -3.877982 -9.452690 -3.791578 -3.657267 -2.275645 -7.327274 -9.395350 -12.995901 -5.908765 -3.724630 -5.559559 -8.507995 -8.209025 -10.534340 -5.189353 -5.201299 -10.463207 -21.255153 -9.782579 -9.600556 -9.338358 -6.218293 -12.377862 -9.282185 -3.403037 -7.468365 -9.993327 -9.210604 
-7.458729 -6.135066 -8.444744 -4.112334 -7.891686 -8.153955 -7.650954 -8.985431 -19.848526 -5.779922 -9.450875 -13.434485 -3.597886 -7.744331 -2.848305 -7.228925 -9.780624 -3.688277 -8.128039 -12.071719 -10.248475 -3.295199 -11.551948 -10.791440 -4.586636 -7.610437 -11.651722 -3.262516 -10.511397 -9.823026 -4.723234 -8.007584 -7.266739 -11.502668 -2.102203 -15.001475 -6.265708 -11.999323 -12.958846 
-7.342685 -6.963458 -7.135266 -3.270138 -10.451412 -3.912604 -9.732482 -12.931765 -5.673136 -4.840961 -8.962427 -10.155045 -3.997561 -8.715685 -2.727369 -7.305880 -9.983918 -4.156479 -8.941483 -6.535467 -7.343606 -3.295199 -5.979394 -5.450833 -21.143091 -4.045876 -11.471436 -13.004688 -10.209193 -8.900893 -14.241003 -8.310342 -4.595655 -6.953450 -4.107927 -9.281468 -7.245223 -11.936635 -2.380139 -11.296667 
-7.445393 -8.314365 -11.361137 -6.845561 -7.082724 -8.425058 -9.327141 -4.820034 -6.027024 -10.449250 -9.131095 -20.105665 -3.710459 -8.814577 -2.483302 -7.342626 -10.532532 -11.299298 -6.787387 -8.071393 -6.020950 -3.295199 -7.255491 -6.150094 -6.125746 -4.121685 -11.101872 -1.319733 -10.275684 -3.349257 -6.578841 -3.082239 -6.833969 -5.080501 -4.223074 -4.356581 -9.670037 -1.713875 -15.274172 -6.025526 -12.825439 -3.679618 -15.697254 -5.842566 -3.948889 -6.357319 -4.268873 -4.946784 -8.582503 -6.578934 -4.585359 
-6.948724 -8.401744 -5.447406 -11.789723 -2.446305 -7.814984 -9.873640 -4.235869 -16.505118 -5.712170 -5.539710 -3.584628 -4.495395 -9.281987 -2.369281 -7.232453 -9.432872 -9.506984 -3.415383 -3.472145 -6.244698 -3.409721 -8.432591 -2.043797 -12.194289 -8.143367 -11.588484 -7.995051 -9.999307 -6.013729 -7.356875 -2.812106 -12.930227 -9.282096 -9.475588 -4.157729 -11.440464 -5.094580 -6.881566 -12.195853 -6.390489 -13.275542 -8.250962 -6.977913 -11.492643 -7.401303 
-7.345603 -8.819520 -3.732489 -13.599854 -1.880144 -14.064886 -10.865036 -7.633290 -9.087068 -3.945240 -5.931592 -2.821662 -5.145262 -3.451969 -2.468387 -6.595635 -9.104210 -6.480725 -7.707563 -5.983217 -6.377450 -2.601041 -15.402951 -8.698862 -15.445693 -8.314735 -11.520735 -4.106225 -10.461933 -3.449990 -6.687693 -8.050596 -7.850905 -8.989644 
-2.426979 -8.393019 -8.984761 -10.028875 -5.333572 -7.194008 -11.072662 -13.157320 -8.651169 -5.370551 -7.927863 -2.349339 -4.923443 -6.734882 -2.008060 -7.710514 -9.682916 -4.915028 -6.986836 -2.108084 -5.122695 -2.286789 -15.527643 -9.464565 -5.874953 -9.487557 -11.505116 -8.310770 -11.330625 -7.375700 -6.920555 -4.202255 -7.180066 
-17.323339 -8.323340 -7.518169 -11.503866 -14.596406 -14.637315 -9.073815 -5.215439 -3.465605 -5.628958 -11.270912 -8.291221 -1.459310 -3.836465 -8.592230 -3.401102 -9.576945 -11.638397 -9.943247 -2.037061 -7.711933 -2.377785 -14.219947 -10.233525 -6.088094 -4.486571 -4.220280 -3.740468 -10.842360 -7.667353 -5.444603 -6.926208 -13.922730 -6.120534 -20.166864 -5.641329 -7.080074 -5.265915 -8.140233 -2.894355 -6.322982 -9.769132 -6.328769 -6.210409 -5.846722 -11.735119 -12.851183 -14.851344 -7.888559 
-1.045904 -8.603686 -7.901665 -8.763507 -7.514917 -4.589897 -9.664353 -4.227701 -8.194202 -6.167859 -11.345845 -7.808831 -2.758810 -11.096567 -11.199795 -3.232492 -9.405530 -12.518005 -9.673840 -2.138680 -10.556412 -2.241359 -9.768584 -9.796801 -6.120790 -3.158481 -5.004941 -14.817816 -11.459960 -4.079261 -9.752470 -9.716437 -10.723993 -14.327534 -4.596503 -11.650781 -14.061473 -12.241985 -15.385181 -3.515648 -12.614431 -12.638679 -11.627848 -6.911663 -3.014922 
-12.054232 -8.502809 -7.190983 -2.846855 -6.597342 -7.951049 -7.815631 -8.055855 -6.200375 -7.091358 -10.332672 -8.541925 -3.388542 -11.009190 -12.383410 -4.338099 -9.806295 -7.891206 -7.370658 -9.096896 -4.781722 -4.393577 -5.264322 -9.467930 -4.822076 -4.447613 -3.502550 -6.252892 -10.938371 -8.016084 -14.214730 -5.393830 -1.637319 -6.204360 -8.651604 -9.443462 -7.520852 -9.303293 -4.178751 -9.024935 -5.726751 -2.913117 -4.988018 -12.031130 -9.057800 -3.778605 -5.350764 
-12.449229 -8.502809 -5.274665 -2.615172 -6.150977 -8.089801 -9.164559 -2.313801 -5.292784 -6.700142 -11.547208 -8.631904 -5.510868 -8.426102 -3.553200 -3.942875 -9.898906 -12.674672 -5.481681 -5.128535 -10.433240 -10.034337 -3.254082 -9.661626 -4.928279 -6.966149 -10.219277 -5.528068 -11.208052 -12.185192 -2.919930 
-4.796095 -8.898871 -6.597697 -5.400614 -3.168387 -7.596811 -8.100054 -6.605059 -5.101825 -8.630749 -8.542361 -11.434179 -3.219162 -7.158683 -5.342681 -3.954111 -9.422136 -3.683847 -5.751207 -10.165490 -11.650042 -10.846355 -8.542492 -7.313440 -4.715091 -6.828210 -13.159458 -12.536946 -6.052898 -12.394919 -10.087627 -11.796168 -5.307040 -8.104695 -11.936698 
-3.403680 -8.942234 -5.786043 -7.359513 -2.603881 -1.258309 -8.188684 -9.005879 -5.622796 -9.403518 -3.684358 -11.791969 -12.398120 -6.819697 -5.438487 -4.024353 -8.302431 -15.042254 -9.245825 -8.481231 -8.532865 -4.856595 -4.530485 -11.837586 -4.749608 -6.922200 -4.431268 -2.000983 -3.694251 -10.216771 -11.998510 -5.275350 -7.204109 -13.028580 -7.220216 -3.983598 -12.812881 -14.547716 -5.937492 -14.545600 
-3.137781 -8.942234 -8.332014 -11.732348 -8.163913 -11.600634 -8.698510 -8.530855 -7.441259 -11.018221 -7.394297 -9.316605 -7.116257 -8.811403 -4.602530 -4.594197 -8.132503 -4.823719 -9.306821 -8.607596 -5.070444 -9.356142 -9.212613 -4.971190 -4.854162 -8.556459 -3.422662 -5.578616 -4.493563 -3.523609 -13.320995 -5.511033 -3.800623 -1.448170 -5.556008 -3.118625 -5.727229 -2.698864 -5.899884 -4.621823 -6.254640 -14.058344 -1.927562 -3.594943 
-3.624408 -8.708849 -9.142358 -11.215234 -9.368683 -8.041192 -8.506008 -5.609184 -9.926033 -4.990300 -5.237142 -7.445627 -6.408414 -6.199881 -5.403488 -2.650599 -7.687218 -4.373791 -9.715117 -10.013643 -12.887109 -11.427536 -6.061168 -3.879482 -4.084804 -14.239322 -14.998217 -6.508119 -6.474490 -4.934894 -7.063716 -5.993217 -13.041573 -1.260649 -11.048698 -5.731662 -1.815683 -5.854227 -14.496264 
-3.624408 -8.719901 -14.623467 -11.221233 -3.432705 -8.695958 -8.398902 -3.718276 -11.450416 -5.067379 -9.012355 -6.390719 -1.003689 -4.340730 -4.687106 -3.337035 -1.362899 -9.247319 -9.750756 -8.091177 -4.264857 -11.363004 -8.135993 -5.386610 -4.235492 -4.474039 -8.079537 -8.095509 -7.746819 -4.408057 -4.509626 -4.547586 
-3.511137 -10.735468 -5.932103 -10.941988 -7.845017 -12.623533 -9.673558 -5.940322 -8.431765 -5.750593 -9.034465 -5.649523 -6.385334 -4.235492 -4.966085 -3.272615 -10.576788 -7.282999 -10.011204 -9.329181 -6.150434 -7.897869 -3.911535 -11.401459 -7.921042 -5.488153 -7.671764 -8.993102 -6.047506 -14.200328 -10.678050 -3.719043 -6.896706 -8.444771 -12.953537 
-5.825094 -9.745833 -8.127730 -10.706830 -11.721093 -7.812395 -9.511647 -7.871939 -7.678414 -4.728403 -9.737966 -14.260504 -10.248478 -3.364075 -4.380716 -2.883008 -5.454467 -6.850347 -9.985263 -3.726402 -3.916858 -5.643355 -13.901596 -10.162465 -10.466590 -14.137825 -4.557863 -3.185683 -4.684258 -15.216123 -18.525872 -6.805064 -5.748309 -6.265384 -15.949096 -10.158344 -20.460947 -12.020635 -7.770502 -8.494041 
-10.865912 -10.976176 -8.534485 -11.855737 -6.074526 -13.472705 -9.378912 -8.526419 -5.996075 -8.827674 -5.602387 -12.061339 -6.499031 -3.548991 -9.805705 -3.025646 -7.678956 -8.533779 -9.386554 -3.491129 -2.254496 -4.827840 -8.590807 -4.835327 -9.150106 -5.108479 -4.755169 -4.056033 -8.078415 -9.708107 -3.164543 -8.716460 -13.876559 -8.238822 -4.655469 -11.092145 -9.623149 -8.210192 -11.550705 -14.139299 
-9.472243 -10.768847 -8.583984 -5.145485 -5.023042 -9.539346 -12.319307 -2.690068 -6.633299 -5.906488 -9.417530 -12.127822 -7.888160 -3.402919 -9.310096 -3.025646 -7.476504 -6.002297 -9.628857 -4.060036 -11.415636 -5.923520 -5.194674 -4.762388 -2.636647 -6.550526 -4.645901 -4.231663 -7.201070 -9.176160 -8.936034 -6.141627 -1.634214 -4.512523 -8.954002 -3.442780 -12.108599 -2.297159 -14.356579 -3.840226 -12.667625 -2.985847 -3.425678 
-7.186066 -10.696083 -8.664314 -4.801943 -8.951017 -9.656422 -6.979094 -8.534991 -7.661928 -11.554030 -5.424841 -18.973990 -12.945186 -3.419199 -5.880131 -3.492949 -3.392821 -5.179523 -9.459983 -7.952126 -3.303894 -17.524507 -7.768509 -12.765456 -11.747822 -13.818497 -11.718613 -4.780507 -10.617775 -9.379505 -3.601674 -4.486561 -9.837951 
-6.490991 -11.087301 -8.669716 -5.985821 -8.841357 -9.639141 -4.590148 -19.034857 -3.805639 -11.590438 -5.634116 -21.776088 -14.827974 -5.034149 -5.944736 -3.455665 -3.379393 -4.309965 -12.809089 -2.375565 -5.803437 -13.634528 -3.320563 -2.901197 -4.106945 -4.048428 -9.633103 -5.247769 -10.218583 -9.250933 -6.436443 -11.894662 -14.903783 -12.884677 -7.529778 -12.408001 -3.602427 -5.121871 -6.146610 -7.882420 -6.161306 -11.516566 -7.830643 -3.958813 -12.772542 -6.625500 -5.893130 -5.671613 -3.450443 
-9.473011 -8.215818 -8.971651 -7.596385 -10.244149 -15.766811 -10.956426 -3.815017 -4.380106 -12.082541 -5.641057 -5.485980 -7.213399 -9.402906 -9.528278 -10.440543 -6.880774 -18.880866 -11.450737 -8.224046 -5.859761 -6.756740 -14.968902 -6.986441 -3.529732 -10.488963 -3.089183 -12.568241 -4.803723 -9.078482 -12.052932 -2.409819 -14.711603 -15.565350 -14.579344 -4.735730 -4.575229 -12.385815 -4.233661 -5.045469 -1.139557 -8.375606 -3.351681 -11.659449 -11.171137 -8.014524 -5.055785 
-9.388808 -6.570485 -9.328137 -2.826628 -8.856017 -22.748263 -11.397180 -7.428189 -4.296125 -6.794750 -11.171663 -4.592949 -5.004978 -6.101113 -8.806254 -11.320042 -13.999548 -7.175477 -11.659767 -8.078221 -7.942288 -1.286288 -4.467383 -6.254382 -6.503367 -3.728667 -3.061092 -14.831331 -3.386133 -13.692754 -2.982877 -9.572647 -7.221834 -14.032873 -5.409445 -7.920997 -3.445085 -5.372173 -13.207544 -11.856683 -2.360787 -8.517459 -4.474776 -6.174505 -11.268557 -3.552672 -13.499640 -1.864022 -4.009295 -19.854614 -3.844460 -7.275961 -12.331858 -5.427088 -7.293221 
-9.521305 -5.299494 -5.774258 -9.360112 -4.730618 -3.979224 -11.484949 -11.338077 -4.296125 -8.205958 -8.508419 -8.080660 -4.134452 -5.612120 -5.643144 -10.604328 -5.298227 -11.882126 -10.246236 -9.233699 -11.915930 -7.347101 -12.579955 -10.122366 -8.473085 -14.889611 -11.512884 -3.517297 -7.476078 -10.665419 -1.933461 -14.048749 
-9.578998 -7.094378 -4.777736 -11.991968 -14.105857 -4.480268 -11.293484 -5.815592 -4.296125 -6.103984 -10.850536 -7.732096 -6.207911 -6.270872 -4.629678 -11.331730 -10.854647 -5.203627 -6.686055 -9.908908 -13.807285 -13.559487 -5.022140 -4.524707 -8.362705 -9.384785 -8.523164 -3.616945 -12.354564 -9.129905 -8.392250 
-9.724312 -15.267695 -3.806025 -3.454220 -3.076817 -7.521146 -11.166464 -5.779668 -4.137595 -7.963686 -5.089092 -7.062109 -12.587133 -6.062854 -8.346019 -11.885232 -4.642763 -5.405028 -8.668116 -14.717468 -8.629549 -11.349907 -10.515849 -13.975343 -9.273421 -8.257961 -10.374951 -4.489802 -2.785577 -15.001332 -5.802372 -3.413719 -13.697245 -10.749185 -13.075337 -6.241130 -22.838198 -5.915590 -5.984677 -5.538986 -11.906202 -5.085334 
-9.655616 -14.651365 -4.397499 -2.705783 -3.349220 -12.980197 -10.355324 -5.404911 -4.471865 -13.602521 -8.315896 -11.165136 -11.226223 -6.106214 -13.308941 -4.106289 -4.671964 -5.262866 -10.873266 -11.439004 -8.059293 -14.561618 -9.156216 -8.103344 -11.314686 -10.915015 -9.521509 -5.744820 -5.722216 -7.874635 -7.323055 -11.112808 -6.202503 -13.395683 -6.187010 -11.426495 -9.190083 -15.351816 -5.363736 -8.552676 -9.304476 -5.479279 -3.564451 -10.064468 -2.784680 
-9.599481 -13.419201 -14.180930 -2.295602 -3.479926 -3.747831 -6.537975 -12.356453 -4.206545 -8.474340 -3.694586 -9.779757 -6.782778 -6.745440 -1.528714 -8.822467 -5.110781 -5.262866 -11.273914 -20.050213 -13.520050 -9.425106 -8.061507 -8.605877 -9.563036 -5.379845 -6.754698 -10.105352 -7.411297 -11.289667 -5.286069 -10.910748 -4.803206 -9.051393 -8.205662 -10.154011 -9.252886 -4.463074 -11.259953 -8.237265 -11.318084 -4.745690 -20.718139 -4.430297 -5.021065 -14.486110 -12.537231 -6.627839 -8.434136 -7.205074 -12.544820 -7.355890 -13.827750 -14.456074 -14.348943 -5.605186 -6.959461 -8.167243 -14.725480 -10.912266 -22.231517 -13.820342 -14.719135 
-9.977764 -5.600220 -5.297259 -6.415403 -3.692740 -5.265877 -6.261128 -6.288863 -4.065423 -11.773429 -10.253164 -6.626629 -7.126077 -12.352096 -8.598387 -2.267141 -5.100212 -5.692533 -7.732497 -11.715319 -6.060920 -8.683160 -9.663540 -10.005114 -5.769128 -4.470190 -8.709100 -5.033701 -4.923350 -10.599659 -7.149534 -10.359597 -8.043376 -8.873819 -8.390513 -14.302733 -15.055677 
-10.421781 -8.338932 -6.628327 -6.278856 -11.643934 -4.315123 -11.381445 -7.995276 -4.450567 -9.876479 -5.948837 -5.957932 -5.354295 -8.623959 -8.629819 -8.278594 -5.047275 -5.830433 -7.503587 -3.509943 -10.601641 -7.714553 -6.142745 -9.337128 -9.101656 -10.513676 -11.675158 -13.314575 -9.118492 -8.624412 -8.126065 -4.923980 -6.377900 -7.833523 -3.938825 -9.124402 -7.538710 -12.276298 -13.794784 -5.971216 -14.326678 -4.417551 
-10.057470 -8.397186 -12.093639 -6.489155 -5.890565 -6.422442 -2.330509 -6.781243 -4.672659 -6.096153 -10.020277 -12.039294 -6.193515 -11.229535 -8.187961 -8.463803 -4.930089 -21.387885 -8.131794 -10.963002 -11.785681 -9.960608 -9.194576 -6.226293 -14.243716 -7.537061 -11.581603 -11.040002 -6.142606 -8.172605 -14.737713 -5.237817 -8.371272 -5.965217 -9.712998 -6.235092 -13.182643 -9.961525 -4.241397 -8.751938 -12.778301 -4.021901 -5.020656 -10.104198 -13.241968 
-9.996832 -2.992053 -10.650239 -6.371740 -5.318608 -12.912072 -6.174683 -9.872751 -4.672659 -8.730025 -2.982465 -11.429796 -10.147486 -5.882444 -6.057564 -9.070130 -5.060183 -11.244268 -7.843710 -3.743152 -7.105445 -10.856251 -8.696058 -6.035061 -22.883150 -2.610757 -7.916381 
-9.855013 -11.442418 -11.102539 -6.515810 -11.236044 -4.472979 -5.409741 -12.010132 -4.679701 -10.162003 -10.149811 -3.374901 -11.006358 -11.111306 -3.986560 -5.987465 -4.895812 -4.637673 -8.261571 -4.159415 -6.661997 -10.580051 -10.439645 -8.314591 
-9.490421 -12.088607 -11.779859 -7.545861 -10.528864 -4.014240 -9.574617 -5.605970 -4.538844 -8.712864 -3.880906 -1.170496 -8.047956 -8.390776 -5.643243 -12.966609 -4.895812 -6.740542 -8.431150 -4.166391 -2.790241 -11.927844 -8.675073 -7.120031 -6.934860 -9.130474 -10.931190 
-9.244154 -2.437203 -5.635965 -7.780271 -8.993638 -11.499054 -10.015910 -13.889343 -4.487285 -9.441639 -10.993456 -10.557589 -8.223179 -8.610889 -8.649517 -5.872016 -5.115334 -7.148804 -8.982629 -4.166391 -9.068724 -13.529649 -1.710597 -1.991768 -6.500509 -16.970820 -7.302524 -11.866606 -2.477119 -11.245497 -6.341547 -6.103969 -4.017254 -4.689270 -3.330188 
-9.399325 -6.889668 -14.196417 -6.800563 -22.306246 -11.421577 -10.819353 -13.818186 -4.619781 -2.355211 -8.382332 -7.898813 -8.373118 -7.095880 -10.862735 -13.401720 -5.326298 -11.024460 -8.880290 -4.072138 -9.930241 -2.905174 -3.485876 -9.152428 -10.369465 -7.705125 -9.971626 -6.518998 -4.571325 -6.304184 -11.878132 -2.832309 -8.084962 
-9.682723 -2.060112 -6.957829 -12.143883 -12.926484 -10.898691 -14.935144 -8.875907 -5.003513 -14.871953 -5.783241 -14.533886 -12.964763 -10.647619 -13.241632 -5.268460 -8.217246 -10.273705 -8.713397 -4.067584 -4.842024 -2.029187 -3.344264 -6.820042 -8.307162 -22.375008 -4.524028 -12.767846 -8.865988 -11.677517 -2.638924 
-8.506051 -7.817441 -1.695762 -10.109861 -3.318309 -11.521526 -15.178628 -9.683325 -5.020976 -3.485619 -7.269044 -7.289005 -3.713099 -10.964164 -7.020185 -5.952423 -9.511906 -9.190748 -3.894616 -4.465857 -5.367477 -12.176351 -3.774651 -5.833767 -5.312998 -8.922117 -17.155460 -1.978745 -12.888577 -5.322312 
-8.783157 -8.109622 -9.645815 -11.911188 -7.165218 -11.886670 -2.586099 -9.563148 -5.020976 -7.087241 -1.226298 -6.813239 -7.646265 -4.207897 -8.701371 -12.867898 -6.953872 -12.658546 -3.998628 -4.610752 -5.352326 -8.315876 -11.168522 -7.063050 -11.036915 -7.539943 -8.007258 -12.210446 -4.115153 -7.965800 -8.330857 -13.566177 -9.621917 
-11.697045 -8.562691 -8.185797 -8.216175 -6.149722 -11.326440 -6.002860 -9.490709 -5.020976 -8.192563 -2.972520 -22.826550 -6.605871 -11.097284 -9.666764 -8.551339 -12.896377 -14.218695 -4.170057 -4.609031 -5.696381 -2.007651 -12.105171 -5.349834 -13.171191 -12.637361 -4.365585 -4.160399 -11.490750 -3.215963 -1.975507 -20.928085 -6.444821 -15.632625 -13.015650 
-5.519680 -8.664139 -6.091256 -4.413958 -6.884967 -11.185814 -8.828847 -9.319083 -5.153744 -7.482388 -5.049317 -10.689162 -11.267007 -7.748453 -9.762186 -16.813194 -5.662944 -5.675140 -8.945007 -4.874240 -5.675289 -4.700319 -13.028704 -6.944568 -9.865203 -4.063883 -2.983671 -2.556257 -11.924862 -4.939930 -6.753921 -11.123810 
-2.634174 -8.607488 -2.045854 -15.039962 -10.097962 -11.812147 -11.258074 -9.308850 -5.153744 -7.139661 -3.383580 -1.902224 -5.756893 -4.792438 -10.409558 -6.967616 -11.406883 -5.006787 -10.159614 -4.737134 -5.431622 -3.220908 -9.360318 -7.476374 -12.881844 -9.406815 -4.025644 -6.700763 -14.972663 -5.188677 -6.416679 -3.945482 -4.011186 -13.275403 
-3.503705 -8.685233 -3.328551 -7.217022 -3.510351 -11.839060 -11.333643 -9.308850 -5.077087 -7.275926 -11.878487 -3.966994 -9.504504 -14.925641 -6.337233 -5.431622 -13.073776 -4.737134 -5.934211 -8.275490 -5.147186 -5.739716 
-3.864613 -8.972559 -4.763630 -10.977740 -8.095441 -11.867264 -5.195818 -9.308664 -5.012699 -5.653660 -9.990163 -3.986776 -8.587680 -5.842792 -12.584023 -5.635337 -4.746919 -4.706265 -7.168060 -7.435888 -6.399554 -11.728112 -4.103682 -7.334660 -14.724274 -13.912790 
-2.374512 -9.185139 -7.427395 -13.201814 -7.671049 -11.887743 -5.225673 -9.383419 -9.391803 -8.762575 -4.302283 -10.480383 -8.578438 -9.160811 -12.108551 -5.441971 -3.646398 -4.343706 -5.029634 -3.820033 -11.623625 -6.893038 
-3.846001 -8.906287 -6.968247 -4.264144 -7.130037 -11.795534 -5.578848 -9.383419 -9.446659 -11.038684 -4.499057 -14.195428 -6.258115 -6.618615 -8.961329 -5.699240 -3.963971 -4.534591 -5.475087 -2.662937 -3.986101 -4.654336 -6.197023 -6.400650 -12.270698 -9.163346 -9.423102 -4.804952 -7.909258 
-12.971048 -8.709191 -8.153939 -10.900027 -4.948842 -10.772839 -5.280348 -9.798001 -13.952574 -2.680769 -3.774705 -8.323147 -7.476477 -2.645572 -11.254984 -5.756757 -3.863145 -4.539116 -7.557655 -8.079933 -11.349800 -0.897184 -5.334274 -8.979237 -11.002288 -10.251840 
-13.271937 -8.576463 -2.962514 -9.158564 -6.005470 -11.065965 -5.280348 -9.785076 -3.948365 -2.022485 -16.759355 -2.017376 -8.182298 -9.291933 -11.850527 -6.151172 -4.549908 -4.395287 -6.785484 -8.023020 -14.256514 
-14.375311 -8.595216 -4.399595 -4.251329 -12.546821 -10.749194 -5.457108 -9.061328 -4.776394 -8.858800 -13.978019 -9.986848 -8.372116 -15.128432 -12.921404 -5.191789 -4.949058 -4.118105 -11.555003 -10.352905 -1.499020 -12.170595 -5.215550 -14.382546 -10.967186 
-7.413860 -8.903539 -10.719338 -4.030009 -10.835437 -10.749194 -5.898049 -9.693374 -11.704442 -7.614302 -11.810652 -9.890384 -8.909425 -5.554801 -8.283709 -5.860797 -4.614740 -4.575668 -12.142375 -6.242644 -4.682722 -14.186021 -5.753775 -6.002681 -13.280926 -8.296241 -6.662053 -6.467594 -13.920738 -12.158170 -8.755144 -6.934032 -10.287623 
-11.169594 -8.387235 -8.015335 -9.704837 -9.823841 -4.918132 -5.549908 -9.426796 -4.196257 -7.365606 -1.355488 -10.495823 -9.257783 -7.340554 -9.230477 -9.853405 -4.630929 -3.814042 -11.657325 -5.260432 -3.590835 -11.899432 -11.251806 -7.330104 -5.768187 -15.164773 -8.994136 -11.006627 -12.969020 -13.009915 -6.389265 -10.551943 -11.942042 -6.327852 -3.778906 -11.023403 -11.566686 -6.443346 -5.661670 -2.613757 -4.730233 -4.387097 -6.405920 
-3.796221 -8.221166 -8.965418 -6.342123 -10.664194 -10.147612 -5.866875 -11.851522 -6.018323 -12.281745 -6.964879 -9.706469 -8.400720 -6.767346 -5.432509 -10.091986 -11.513660 -4.194970 -10.223822 -5.338635 -10.145612 -11.565418 -10.529608 -18.095423 -6.231153 -4.855573 -2.936733 -14.282155 -4.850372 
-4.515408 -14.873565 -14.657194 -8.266774 -9.990021 -4.819294 -5.948021 -5.945547 -4.752166 -7.356408 -7.608617 -12.562130 -8.841389 -10.827621 -11.493231 -8.279374 -10.480789 -4.799166 -9.858983 -5.713493 -11.191227 -10.371756 -4.177416 -4.556132 -10.015505 -9.520791 -9.947697 -8.512078 -13.679726 -10.084436 -10.794208 -6.492792 -11.431169 
-3.173122 -6.322608 -11.517619 -11.268929 -3.831085 -8.131386 -5.937986 -5.911665 -6.501723 -3.762167 -9.721934 -4.966986 -7.198690 -6.454828 -12.205290 -7.951607 -10.701448 -4.288861 -3.872620 -5.762362 -5.772476 -3.747989 -11.273137 -9.101152 -7.347796 -5.763034 -3.846918 -12.305475 -5.589673 -9.125029 -3.598231 -7.673835 -11.006935 -6.378740 
-12.281889 -6.305554 -2.835058 -14.829844 -6.916453 -6.626890 -5.943556 -5.911665 -7.916761 -3.402519 -10.817390 -6.145662 -8.219252 -4.615896 -8.375079 -6.857488 -12.686570 -4.027064 -4.325961 -5.762362 -9.531435 -12.124750 -14.060872 -12.737135 -5.734605 -11.878049 -9.566175 -13.440243 
-12.977746 -6.737443 -11.607267 -12.235883 -7.402259 -12.059680 -5.943556 -5.953895 -8.971980 -2.980780 -11.692056 -7.124020 -12.258496 -4.441656 -5.418903 -6.959043 -4.954706 -5.930460 -4.263117 -5.778082 -8.852133 -5.148564 -10.757363 -10.962254 -2.455236 -8.569313 -6.351608 -5.706448 -5.669072 -11.898632 -7.321044 -6.328353 
-5.288726 -9.099012 -9.149153 -4.755760 -4.449604 -12.587878 -6.078445 -5.929255 -9.004036 -1.738736 -10.754599 -2.908616 -6.525220 -5.704492 -6.708242 -6.945368 -5.758177 -14.395396 -15.142526 -10.105027 -9.695436 -4.125632 -7.124175 -12.287411 -3.101782 -7.513326 -5.972710 -5.387859 -11.087140 -8.579397 -7.265087 -14.291342 -6.228477 -6.768025 
-7.910355 -5.607364 -6.720005 -6.398508 -3.699020 -12.979977 -6.001718 -5.929255 -8.442274 -8.165848 -11.659308 -5.293514 -3.965483 -5.704492 -10.177705 -7.737223 -5.460607 -9.228044 -2.671684 -8.770538 -5.433439 -13.897303 -5.042442 -12.182100 -5.881772 -11.882468 -7.246517 -5.370333 -14.784592 -6.907039 -12.403306 -13.690615 -5.009064 -8.451608 -4.899065 -5.247715 
-9.353840 -5.713267 -5.880308 -17.735551 -3.268561 -12.544234 -5.887641 -11.428325 -9.014937 -7.995699 -5.032306 -12.855689 -3.511642 -6.996169 -11.010112 -12.617800 -5.592970 -9.413079 -6.024362 -5.627669 -8.483715 -8.983988 -5.698111 -12.731060 -4.382274 -21.174523 -8.874178 -22.657911 -22.173962 -7.023173 -4.124510 
-6.066049 -5.889077 -7.569260 -12.219761 -12.163480 -12.757457 -5.887641 -11.737559 -8.709545 -8.427454 -16.386733 -2.237119 -9.132284 -7.461691 -10.969060 -4.849386 -5.086656 -6.479724 -6.476194 -10.267507 -8.943175 -8.470796 -4.735016 -6.871397 -12.038179 -6.155479 -12.649184 -11.007136 -3.174148 -9.882123 -4.947071 -12.254966 -6.422584 
-6.075075 -5.927239 -7.374141 -6.209488 -14.568670 -11.800307 -5.887641 -8.778283 -9.134769 -7.246024 -2.932897 -6.044302 -9.775057 -7.169890 -11.719266 -5.505194 -4.696771 -6.734114 -4.774593 -6.248856 -9.794211 -7.226906 -11.041631 -7.879404 -9.103319 
-10.664655 -5.221896 -7.832720 -6.649079 -6.387804 -11.979384 -5.843504 -11.704829 -9.599096 -7.558749 -1.867240 -8.664682 -8.685389 -7.172133 -11.665276 -5.457217 -3.443711 -1.370323 -8.202486 -1.827223 -8.335117 -14.167561 -10.187282 -6.831390 -7.337294 -4.709946 -13.566136 -3.071443 -5.955253 
-6.477918 -5.129892 -6.877869 -4.056354 -11.543836 -12.360124 -4.003496 -8.101457 -9.613537 -7.276854 -3.515832 -6.917314 -9.089017 -6.695635 -11.455524 -5.376645 -10.144710 -5.311886 -4.947963 -5.483374 -8.089749 -10.267177 -11.660871 -7.092677 -4.590772 -3.338352 -8.920853 -4.137217 -12.787235 -3.946042 -2.091724 -6.377897 -9.391950 -6.904257 -5.257979 -5.978372 -6.893922 -5.154832 -5.418704 -12.164846 -5.874354 -5.420903 -8.118848 -6.885499 -10.602052 -6.128618 -4.094161 
-6.242067 -9.880366 -7.111461 -8.990320 -14.228905 -5.989242 -9.101675 -7.435456 -8.740318 -7.644076 -2.245143 -8.906472 -8.314504 -6.655852 -10.867743 -5.450559 -7.215772 -5.831343 -7.683359 -7.692921 -5.691468 -4.522532 -13.197256 -6.500846 -4.963789 -10.136648 -11.990395 -13.239551 -3.972655 -4.759454 -5.783211 -10.812602 
-6.186824 -6.485370 -7.960931 -5.129135 -9.021080 -5.856767 -11.480999 -12.616097 -13.517873 -7.681544 -3.469845 -14.166395 -7.714369 -6.223171 -11.167977 -5.564992 -3.910053 -5.829509 -4.462005 -10.521050 -7.769602 -7.896710 -5.805283 
-5.801332 -8.652544 -8.074272 -5.352096 -7.410784 -5.802502 -9.886392 -9.100535 -12.245485 -8.037220 -5.903856 -3.344496 -8.018206 -6.200600 -11.361270 -5.505709 -5.169530 -6.502713 -6.974764 -7.524801 -6.799646 -10.375193 -9.130427 -9.362709 -9.856622 -3.883010 -5.483461 -8.044056 -10.749941 -13.466862 -11.777600 -13.339691 -12.825027 
-5.932817 -4.255634 -8.234364 -4.804658 -10.927921 -5.790183 -9.654635 -2.765663 -7.955848 -7.795253 -11.734792 -5.311744 -9.847975 -6.282004 -11.046134 -5.505709 -4.155587 -4.633879 -6.719021 -12.240456 -2.701312 -13.626177 -6.387954 -7.601567 -7.853974 -9.398690 -11.236471 -9.552237 -1.411834 -9.003578 
-6.224310 -9.731327 -8.020417 -5.404104 -3.453466 -5.790183 -22.545576 -5.091152 -8.229176 -8.708362 -6.706617 -7.034244 -9.562034 -5.952922 -11.106322 -5.505709 -3.823488 -3.464586 -10.972135 -11.811060 -4.891802 -8.364436 -4.940617 -6.812011 -12.864083 -4.594511 
