 -2.984340 -50.127173
 -9.878854 -64.857889
 -7.213129 -54.077027
 -3.759291 -56.369252
 -6.551437 -53.198802
 -4.972003 -70.925194
 -4.496644 -51.058586
 -4.453994 -68.816066
 -9.019969 -61.540455
 -7.567652 -56.528481
 -6.439709 -54.064435
-10.907267 -65.271933
 -5.848478 -58.559620
 -8.950652 -35.210770
 -6.984610 -61.576005
-10.527008 -64.967621
 -5.878205 -72.617158
-15.206349 -39.098903
-11.114257 -68.490922
 -7.362267 -51.840574
-12.712842 -69.501880
 -3.163544 -57.937502
 -7.123448 -61.992209
 -4.817782 -67.864563
 -3.467432 -48.638181
 -7.911404 -70.747946
 -5.483376 -58.602968
-10.504898 -54.100132
-10.589803 -52.350634
 -3.834275 -53.281264
-14.452109 -57.880539
 -6.574837 -38.349839
 -3.348704 -54.626616
-22.110747 -41.491923
 -8.077444 -63.740622
 -3.640560 -50.873386
 -4.281775 -60.532737
 -7.162960 -69.763840
 -5.408643 -71.792975
-12.673069 -68.478504
 -7.048939 -46.789136
 -3.290577 -48.669432
-14.663538 -56.494685
 -8.759503 -60.169574
 -9.248304 -70.831133
