AtlanticForest	Headwaters	InambariE	792.242	771.508	812.124	182.203	901.816	523.07	151.322	883.879	508.717
AtlanticForest	Headwaters	InambariW	823.933	743.17	786.761	92.8752	893.027	587.939	43.3481	940.31	513.017
AtlanticForest	Headwaters	Rondonia	770.676	776.392	808.219	49.9146	859.115	500.66	18.4802	823.926	511.842
AtlanticForest	Headwaters	RondoniaHeadwaters	769.304	785.839	874.416	961.105	844.312	484.827	868.16	730.023	509.509
AtlanticForest	Headwaters	Tapajos	759.816	824.22	794.242	3.39269	856.621	442.907	31.9101	836.448	512.367
AtlanticForest	Headwaters	TapajosHeadwaters	666.035	666.959	811.909	1071.39	763.293	464.917	928.283	625.487	469.905
AtlanticForest	Headwaters	XinguBelemC	725.378	945.036	750.029	234.603	874.354	287.626	432.376	856.104	510.241
AtlanticForest	Headwaters	XinguBelemN	740.196	865.305	739.385	451.463	898.316	363.028	604.552	903.535	499.629
AtlanticForest	InambariE	InambariW	798.475	738.445	827.498	93.4018	192.306	586.027	3.07398	166.575	526.141
AtlanticForest	InambariE	Rondonia	757.458	783.854	801.301	49.0355	200.634	498.869	31.1115	158.546	523.616
AtlanticForest	InambariE	RondoniaHeadwaters	764.312	801.931	812.631	978.443	170.902	486.162	970.97	122.922	525.384
AtlanticForest	InambariE	Tapajos	751.735	836.845	769.518	6.80106	188.122	442.28	74.3939	171.177	526.341
AtlanticForest	InambariE	TapajosHeadwaters	680.713	698.009	694.917	1051.47	166.873	463.487	1047.93	160.146	480.371
AtlanticForest	InambariE	XinguBelemC	725.63	965.796	721.789	248.019	182.856	289.744	492.975	189.766	526.369
AtlanticForest	InambariE	XinguBelemN	733.685	879.848	723.699	472.49	185.36	365.221	635.651	201.086	518.803
AtlanticForest	InambariW	Rondonia	730.593	817.018	776.387	49.9911	93.3629	499.196	91.0777	44.9426	583.902
AtlanticForest	InambariW	RondoniaHeadwaters	739.295	836.485	784.364	930.995	90.7035	487.854	973.264	45.9201	587.589
AtlanticForest	InambariW	Tapajos	726.533	871.672	744.023	5.03439	92.3491	440.135	133.683	73.3405	585.315
AtlanticForest	InambariW	TapajosHeadwaters	654.732	725.329	677.532	1073.8	86.7515	464.187	1129.98	60.7075	533.82
AtlanticForest	InambariW	XinguBelemC	699.541	999.706	702.245	240.148	91.2999	288.194	525.802	89.2951	584.838
AtlanticForest	InambariW	XinguBelemN	704.423	908.135	710.792	473.671	94.03	366.088	679.286	82.1668	577.18
AtlanticForest	Rondonia	RondoniaHeadwaters	774.697	785.914	798.568	951.498	48.3086	483.962	951.949	20.8941	499.342
AtlanticForest	Rondonia	Tapajos	755.901	814.614	773.232	4.96773	46.7911	440.751	46.3311	31.6759	500.746
AtlanticForest	Rondonia	TapajosHeadwaters	681.555	674.305	698.366	1094.08	45.1199	463.287	1075.95	30.3107	454.719
AtlanticForest	Rondonia	XinguBelemC	727.125	940.9	731.859	227.047	47.7686	289.56	430.151	42.87	500.912
AtlanticForest	Rondonia	XinguBelemN	734.469	853.672	735.696	485.683	47.3969	366.196	600.705	44.658	492.9
AtlanticForest	RondoniaHeadwaters	Tapajos	776.402	824.137	779.57	3.94279	907.731	436.972	52.6587	911.474	481.704
AtlanticForest	RondoniaHeadwaters	TapajosHeadwaters	692.424	672.57	742.796	1046.23	878.862	463.879	970.117	833.448	440.251
AtlanticForest	RondoniaHeadwaters	XinguBelemC	750.091	952.154	733.326	240.247	940.493	288.304	456.94	959.778	486.587
AtlanticForest	RondoniaHeadwaters	XinguBelemN	751.884	861.325	735.201	463.171	932.439	363.567	585.765	940.812	477.65
AtlanticForest	Tapajos	TapajosHeadwaters	728.73	667.247	693	1044.98	6.44948	466.887	1025.23	42.8847	403.242
AtlanticForest	Tapajos	XinguBelemC	758.105	913.163	763.679	240.92	4.34303	288.644	384.595	-1.70948	441.339
AtlanticForest	Tapajos	XinguBelemN	768.425	831.142	761.217	470.173	1.11649	370.496	533.092	10.1872	440.222
AtlanticForest	TapajosHeadwaters	XinguBelemC	642.339	844.395	644.484	221.973	1068.91	265.465	426.389	1072.74	465.792
AtlanticForest	TapajosHeadwaters	XinguBelemN	644.459	762.455	651.836	440.748	1065.2	330.421	564.115	1063.35	456.882
AtlanticForest	XinguBelemC	XinguBelemN	873.255	781.453	774.868	459.084	244.75	368.49	466.427	336.292	286.243
Headwaters	InambariE	InambariW	829.453	772.398	817.656	41.5231	139.006	915.877	2.884	148.966	858.929
Headwaters	InambariE	Rondonia	793.125	810.786	796.25	15.3802	120.472	801.159	29.9257	123.61	824.354
Headwaters	InambariE	RondoniaHeadwaters	789.424	874.635	796.68	820.635	150.151	741.565	896.653	140.93	832.089
Headwaters	InambariE	Tapajos	800.01	814.553	777.179	34.1851	151.647	884.452	73.5885	172.715	890.346
Headwaters	InambariE	TapajosHeadwaters	690.035	818.524	670.45	919.125	130.5	639.604	1072.08	158.054	788.843
Headwaters	InambariE	XinguBelemC	801.933	806.716	757.551	440.101	151.118	868.313	489.1	189.045	871.613
Headwaters	InambariE	XinguBelemN	798.267	777.931	747.563	616.944	148.731	845.293	652.555	191.161	820.353
Headwaters	InambariW	Rondonia	767.992	842.707	770.2	15.6802	43.0481	819.447	89.8862	45.6509	893.182
Headwaters	InambariW	RondoniaHeadwaters	765.114	907.437	766.724	857.219	43.2169	771.84	1010.83	48.5657	909.723
Headwaters	InambariW	Tapajos	776.301	847.899	750.223	33.3601	42.4231	886.264	132.687	74.6097	957.266
Headwaters	InambariW	TapajosHeadwaters	667.329	846.525	653.804	895.192	42.0288	606.946	1097.4	60.6022	798.117
Headwaters	InambariW	XinguBelemC	774.882	836.755	734.228	440.242	42.5806	867.213	534.865	89.8087	931.96
Headwaters	InambariW	XinguBelemN	769.29	802.922	731.446	622.519	37.9036	878.46	685.722	77.6342	916.411
Headwaters	Rondonia	RondoniaHeadwaters	793.143	860.804	784.916	899.519	16.2916	797.281	973.636	19.6328	844.805
Headwaters	Rondonia	Tapajos	798.251	795.133	783.754	34.4101	19.8302	836.417	47.0987	34.8686	829.755
Headwaters	Rondonia	TapajosHeadwaters	685.416	797.861	676.987	929.967	21.1249	637.471	1070.31	32.9932	748.25
Headwaters	Rondonia	XinguBelemC	797.827	785.006	770.956	427.251	15.2144	879.413	445.384	40.1806	858.723
Headwaters	Rondonia	XinguBelemN	792.755	754.024	761.939	596.419	15.2213	859.568	591.531	43.0339	815.934
Headwaters	RondoniaHeadwaters	Tapajos	864.919	794.026	779.558	34.0788	833.577	911.532	55.3801	929.462	835.79
Headwaters	RondoniaHeadwaters	TapajosHeadwaters	731.646	782.364	708.075	948.092	817.869	701.237	1018.32	857.856	751.184
Headwaters	RondoniaHeadwaters	XinguBelemC	867.302	786.378	762.194	430.776	887.352	829.418	459.756	991.853	743.573
Headwaters	RondoniaHeadwaters	XinguBelemN	856.407	752.004	751.648	564.202	836.846	853.01	565.44	951.695	750.315
Headwaters	Tapajos	TapajosHeadwaters	685.307	801.893	682.743	934.708	38.0685	690.887	1044.52	44.4085	812.263
Headwaters	Tapajos	XinguBelemC	782.001	772.264	817.777	410.792	34.799	862.329	366.093	-0.297576	857.293
Headwaters	Tapajos	XinguBelemN	780.926	746.452	802.409	600.16	31.7843	903.043	534.363	13.0562	867.114
Headwaters	TapajosHeadwaters	XinguBelemC	803.22	677.25	660.686	380.131	970.925	743.488	403.456	1102.54	628.929
Headwaters	TapajosHeadwaters	XinguBelemN	791.713	650.208	655.481	529.404	939.298	799.159	534.215	1078.11	656.612
Headwaters	XinguBelemC	XinguBelemN	755.4	729.539	848.947	566.852	434.049	862.601	454.173	345.408	837.952
InambariE	InambariW	Rondonia	806.774	821.593	763.515	30.7865	4.06564	147.88	89.25	44.805	163.94
InambariE	InambariW	RondoniaHeadwaters	816.261	835.239	772.418	985.361	4.39695	129.338	1052.08	48.6201	148.912
InambariE	InambariW	Tapajos	818.717	807.477	747.155	76.3189	2.21564	171.508	135.466	73.72	160.957
InambariE	InambariW	TapajosHeadwaters	727.749	715.143	670.438	1062.94	6.33974	148.738	1104.7	59.8575	132.314
InambariE	InambariW	XinguBelemC	825.28	792.574	739.12	467.984	3.74814	184.791	513.389	91.4701	144.397
InambariE	InambariW	XinguBelemN	813.25	773.628	732.436	665.326	3.25928	205.044	709.288	78.7335	156.018
InambariE	Rondonia	RondoniaHeadwaters	795.721	800.253	802.207	971.22	32.9807	133.222	967.911	21.8358	147.505
InambariE	Rondonia	Tapajos	793.062	767.003	792.947	71.8689	29.4365	159.805	44.2098	30.7153	131.192
InambariE	Rondonia	TapajosHeadwaters	704.192	678.055	705.207	1050.48	30.5276	155.637	1013.84	30.3607	122.195
InambariE	Rondonia	XinguBelemC	799.359	751.875	786.841	491.034	30.2706	191.758	454.322	42.1783	145.715
InambariE	Rondonia	XinguBelemN	789.844	735.733	773.907	652.493	30.5703	198.303	610.954	45.0163	137.233
InambariE	RondoniaHeadwaters	Tapajos	807.768	777.442	800.236	73.1527	963.203	147.05	53.392	964.946	113.363
InambariE	RondoniaHeadwaters	TapajosHeadwaters	704.406	676.974	750.819	1104.87	860.41	171.883	1028.27	829.54	138.84
InambariE	RondoniaHeadwaters	XinguBelemC	815.133	762.947	787.889	465.082	942.774	192.71	441.423	970.137	128.609
InambariE	RondoniaHeadwaters	XinguBelemN	802.511	744.184	773.826	597.765	924.06	184.299	572.706	942.328	106.83
InambariE	Tapajos	TapajosHeadwaters	688.338	685.956	714.801	1045.71	70.2529	169.179	1020.48	42.9597	156.247
InambariE	Tapajos	XinguBelemC	766.244	744.738	839.26	471.917	74.6828	187.8	376.801	-0.601147	164.206
InambariE	Tapajos	XinguBelemN	758.769	732.77	818.994	648.943	71.2342	201.561	562.585	10.8205	167.105
InambariE	TapajosHeadwaters	XinguBelemC	694.502	672.481	699.554	437.824	1070.78	178.203	421.289	1070.75	157.442
InambariE	TapajosHeadwaters	XinguBelemN	677.773	656.895	688.332	612.701	1068.69	195.224	587.323	1061.3	165.874
InambariE	XinguBelemC	XinguBelemN	730.336	724.077	873.752	650.755	483.15	184.924	505.477	332.7	177.787
InambariW	Rondonia	RondoniaHeadwaters	771.289	770.815	835.59	967.921	90.5171	45.1534	906.065	21.9524	43.7267
InambariW	Rondonia	Tapajos	768.702	740.399	826.665	134.028	88.7142	74.2137	47.7152	32.5087	44.7636
InambariW	Rondonia	TapajosHeadwaters	680.05	661.29	733.148	1118.52	81.592	63.1825	1046.73	30.6607	44.7944
InambariW	Rondonia	XinguBelemC	772.597	729.635	818.055	524.517	89.974	89.2451	439.699	42.8533	43.9089
InambariW	Rondonia	XinguBelemN	759.656	720.287	799.654	637.515	84.3764	78.4668	566.007	40.8913	42.9306
InambariW	RondoniaHeadwaters	Tapajos	779.814	752.083	835.103	133.791	1008.11	74.8421	54.0837	947.395	48.4784
InambariW	RondoniaHeadwaters	TapajosHeadwaters	679.421	661.222	779.436	1089.84	909.69	58.6182	977.392	803.481	40.9314
InambariW	RondoniaHeadwaters	XinguBelemC	786.205	743.52	821.626	534.418	1006.5	88.4367	459.115	962.37	46.3567
InambariW	RondoniaHeadwaters	XinguBelemN	768.038	729.69	800.313	637.289	940.534	78.4699	566.048	889.128	46.4806
InambariW	Tapajos	TapajosHeadwaters	662.445	670.032	743.582	1100.77	122.408	60.6825	1026.74	42.9097	69.8127
InambariW	Tapajos	XinguBelemC	739.367	724.677	872.653	528.398	132.519	88.8617	379.082	-1.10948	72.212
InambariW	Tapajos	XinguBelemN	729.404	719.383	846.799	697.501	128.957	80.4168	561.1	12.0622	75.6302
InambariW	TapajosHeadwaters	XinguBelemC	675.533	653.256	725.275	488.273	1121.01	86.4138	428.656	1065.21	61.1025
InambariW	TapajosHeadwaters	XinguBelemN	658.189	642.047	711.049	618.247	1146.46	77.6133	558.973	1086.61	65.1918
InambariW	XinguBelemC	XinguBelemN	704.981	708.519	899.288	683.641	528.527	81.8514	491.177	336.258	91.895
Rondonia	RondoniaHeadwaters	Tapajos	794.086	787.694	784.6	49.2415	949.437	30.8723	56.8587	950.657	18.4858
Rondonia	RondoniaHeadwaters	TapajosHeadwaters	691.499	685.514	731.956	1081.03	864.477	29.2425	1038.55	839.465	14.1874
Rondonia	RondoniaHeadwaters	XinguBelemC	799.973	780.582	770.698	460.207	945.732	45.2154	465.565	964.703	21.056
Rondonia	RondoniaHeadwaters	XinguBelemN	783.686	761.667	753.164	586.811	923.514	44.6027	595.798	952.353	18.4346
Rondonia	Tapajos	TapajosHeadwaters	690.155	689.751	691.443	1021.89	41.8765	29.6107	1020.7	41.7347	29.2434
Rondonia	Tapajos	XinguBelemC	768.609	756.098	815.654	442.456	48.7255	44.32	383.253	1.44052	34.3013
Rondonia	Tapajos	XinguBelemN	760.127	745.495	793.545	610.454	44.6378	44.5413	555.628	11.8289	34.7733
Rondonia	TapajosHeadwaters	XinguBelemC	695.146	681.089	673.156	409.959	1052.22	42.0485	425.181	1082.26	30.9949
Rondonia	TapajosHeadwaters	XinguBelemN	678.231	666.874	661.863	561.4	978.666	34.0821	560.19	996.972	30.0528
Rondonia	XinguBelemC	XinguBelemN	737.523	733.508	844.989	569.924	420.568	41.389	463.386	311.017	38.7767
RondoniaHeadwaters	Tapajos	TapajosHeadwaters	690.051	737.724	692.734	999.209	50.0216	859.74	1041.32	44.7067	903.402
RondoniaHeadwaters	Tapajos	XinguBelemC	780.516	760.651	830.337	447.59	53.849	973.778	377.729	-1.04581	954.974
RondoniaHeadwaters	Tapajos	XinguBelemN	767.834	748.461	804.84	602.331	54.4608	958.128	541.231	14.1616	942.342
RondoniaHeadwaters	TapajosHeadwaters	XinguBelemC	744.52	675.779	675.528	414.131	982.067	863.295	427.618	1050.3	798.773
RondoniaHeadwaters	TapajosHeadwaters	XinguBelemN	720.435	659.651	658.898	514.382	1006.33	823.015	514.615	1061.18	765.96
RondoniaHeadwaters	XinguBelemC	XinguBelemN	740.661	739.794	859.22	576.91	446.697	923.545	458.054	330.126	932.748
Tapajos	TapajosHeadwaters	XinguBelemC	688.323	727.112	664.619	344.188	1061.6	0.594357	416.689	1090.54	40.9278
Tapajos	TapajosHeadwaters	XinguBelemN	674.642	706.984	657.608	521.078	1023.47	8.92453	588.173	1031.41	39.5568
Tapajos	XinguBelemC	XinguBelemN	771.686	758.416	821.771	533.582	357.21	10.3178	481.444	314.725	-4.02139
TapajosHeadwaters	XinguBelemC	XinguBelemN	643.75	648.858	753.196	537.56	421.048	1090.01	431.942	306.797	1103.88
