 -3.277534 -57.507895
 -7.883123 -60.731957
 -5.917819 -39.767572
-13.255477 -54.098490
 -5.982096 -47.240219
 -4.117171 -55.517733
 -7.920902 -37.826055
 -4.718142 -50.325127
-12.134193 -60.061220
-13.750905 -59.349159
-10.309729 -52.623595
 -2.909972 -52.406964
 -7.645730 -50.496565
-20.992427 -41.652206
 -5.310914 -64.531219
-12.078199 -54.522554
 -9.237478 -49.300573
 -4.932058 -54.297402
 -9.370884 -55.486600
 -7.849437 -65.598422
 -6.195986 -59.145894
 -7.259881 -47.702559
 -1.147458 -48.030206
-12.237352 -64.056169
 -5.383987 -51.642395
 -3.363928 -58.481105
-15.204624 -59.216164
 -8.029129 -35.803894
-10.680149 -37.463050
-10.262758 -64.453476
-12.966049 -57.808001
 -3.930559 -58.476339
 -7.202097 -63.920348
 -4.225674 -60.821275
 -7.740250 -36.853537
 -4.989772 -68.712568
 -7.369213 -67.540971
 -7.241658 -54.385798
 -8.537349 -70.031009
-13.529969 -57.123976
 -1.992510 -48.007539
 -9.526017 -68.233518
 -6.720461 -47.227308
-21.686788 -41.657652
 -6.865316 -74.899039
