1.027496 1.158687
1.034366 0.709690
1.087818 1.099110
1.076132 1.268846
1.165438 1.039392
1.087530 1.030504
0.993352 1.117250
0.973071 0.883433
0.960779 0.949847
0.988321 0.780260
1.039118 0.805062
1.044397 1.148481
1.111120 1.146066
1.135220 0.943785
1.172276 0.861959
1.175270 0.865978
1.173699 0.980857
1.122041 1.037006
1.135773 1.656308
1.125117 0.991130
1.230473 1.170334
1.035530 1.182009
1.144968 1.295704
1.179480 1.059231
1.224427 1.256566
1.166977 0.924284
1.188640 1.222707
1.103984 1.039832
1.107266 1.151399
1.115942 0.990974
1.179890 1.016183
1.137711 0.745882
1.077339 1.104490
1.153866 1.300242
1.077991 0.773823
1.064559 1.169864
0.954920 1.089632
1.076532 1.469738
1.014177 1.193646
1.050303 0.682738
1.180670 1.234229
1.122021 1.185466
0.920254 0.481893
0.905281 1.072792
1.086647 0.626010
0.995789 1.190482
0.696081 0.912553
0.702995 1.158806
0.868255 0.931006
0.792637 0.975358
0.732025 1.286296
0.927068 1.572252
0.973517 1.461089
0.965634 0.871942
0.898029 1.026116
0.909048 0.887882
0.954344 1.384216
0.975522 0.737407
1.009292 1.197102
1.062527 1.373591
1.003550 1.099916
0.973761 1.077261
0.988693 1.205861
1.066046 0.801945
1.085853 1.025815
1.101412 1.088014
1.128250 1.149155
1.031161 0.796686
1.079369 1.243640
1.198983 0.886517
1.241286 0.925910
1.118929 1.245655
1.100016 0.667653
0.959043 0.864467
0.978019 1.062292
0.997928 1.138930
1.231958 1.069851
1.264175 1.147748
1.196555 0.850372
1.205811 0.540696
1.119078 1.157275
1.174969 1.125518
1.221878 1.445260
1.145145 0.932424
1.076905 0.979425
1.129277 0.970411
1.062489 0.946073
0.913096 0.748225
0.821935 1.017757
0.715158 1.052072
0.816305 1.161762
0.813259 1.445258
0.848752 0.879417
0.769270 0.878421
0.761647 1.312345
0.703382 1.304245
0.717101 0.970626
0.833429 1.166628
0.881033 0.734226
0.938602 0.814196
