-12.159791 -6.301571 -7.436286 -4.842039 -6.220739 -5.176622 -5.228743 -9.160513 -7.144974 -3.118053 -12.789082 -6.145599 -7.070030 -4.255577 -7.110439 -21.135087 -8.506230 -5.655619 -5.261841 -8.662887 -5.638857 -0.926149 -8.110839 -3.453976 -12.568932 -9.951847 -4.173980 -5.209396 -6.109135 -2.606930 -6.615573 -9.861122 -2.586078 -7.544070 -9.208450 -6.837666 -11.710776 -5.861772 -5.114886 -13.336037 -6.919299 -2.350752 -5.562972 -5.104598 -6.687329 -11.086178 -9.129308 -7.104987 -6.346056 -8.314721 -16.779998 -20.359147 -4.458405 -15.593483 -4.353972 -15.671667 -10.237998 -14.212144 -4.026121 -10.960908 -12.981663 -2.911053 -8.087227 -5.749255 -3.366591 -10.392206 -10.003951 -14.655249 -5.852521 -3.873454 -5.204944 -8.497334 -10.618025 -15.019618 -6.428917 -9.211463 -7.678597 -8.104562 
-12.806478 -3.370308 -7.319866 -3.625101 -6.251524 -3.468958 -11.237323 -9.352331 -6.977118 -5.202595 -8.059870 -3.947156 -9.289598 -4.028560 -7.110439 -5.218886 -9.333318 -6.916131 -5.644533 -8.870239 -5.577487 -8.311160 -8.415163 -3.262882 -4.152465 -10.454729 -4.173980 -3.916981 -9.949876 -7.468520 -6.714172 -4.316510 -14.517222 -9.149278 -7.788491 -10.348570 -4.542524 -3.366061 -11.327712 -4.666738 -8.715517 -9.588938 -6.207427 -9.367033 -5.425626 -1.539605 -9.871025 -13.519904 -6.734138 -3.616782 -10.522071 -8.664965 -5.854121 -7.880599 -1.712607 -22.588260 
-5.811583 -2.781518 -7.253751 -3.366356 -6.103936 -14.493874 -14.601850 -2.645849 -20.884239 -8.153817 -4.243012 -9.443606 -15.002295 -3.791943 -6.947543 -11.300616 -6.872284 -5.375932 -7.933744 -8.354757 -6.671793 -8.712122 -8.075981 -3.313994 -3.797084 -11.221421 -9.129113 -14.485957 -13.729049 -4.974864 -7.048935 -6.360302 -4.581254 -1.813208 -8.097876 -13.446031 -6.830509 -5.053441 -20.409574 -4.743896 -15.388295 -5.777380 -6.149072 -2.902336 -7.788526 -5.115650 -2.534339 -7.871553 -4.159688 
-5.794262 -2.672855 -7.253751 -2.504199 -5.990317 -8.627549 -7.113351 -5.300866 -8.307291 -8.138006 -2.808375 -5.170933 -12.324884 -3.312727 -6.979418 -5.091253 -14.950575 -6.522340 -7.825573 -7.258775 -6.524958 -5.401478 -8.075981 -2.958077 -3.879779 -12.171183 -10.215805 -4.702870 -6.064171 -4.889016 -7.076517 -6.667728 -10.038932 -20.078726 -4.504348 -6.839055 -21.995467 -6.694291 -14.706289 -7.197770 -4.948156 -6.174271 -3.024172 -3.587366 -11.653049 -7.949770 
-5.619629 -2.626166 -7.294425 -7.233820 -5.153447 -8.062103 -6.927383 -1.303869 -7.066531 -8.439623 -8.992208 -14.073649 -10.923627 -4.230471 -7.142586 -5.708710 -2.317905 -4.768717 -7.476207 -8.721130 -8.757789 -10.888496 -8.539230 -2.704276 -4.293617 -14.576544 -10.627326 -6.069076 -8.970907 -6.985310 -6.924883 -6.663180 -9.672154 -19.683962 -6.340334 -6.797153 -6.048449 -19.844543 -5.442793 -12.854190 -5.313605 -2.145667 -7.168725 -4.567056 -3.417675 -5.429330 -21.536962 -4.427438 
-5.695453 -2.596951 -7.294425 -7.942503 -2.597190 -8.595471 -6.299209 -4.174790 -7.066063 -4.330677 -13.710711 -7.706827 -4.375911 -3.452131 -7.142586 -5.707409 -3.446881 -5.674948 -4.296904 -6.841778 -6.332493 -4.277622 -8.035811 -11.714313 -4.009686 -14.434929 -9.803086 -6.561471 -8.985867 -13.923433 -6.322950 -6.633738 -9.000859 -6.024829 -2.022024 -6.473917 -6.477681 -3.305495 -13.403993 -6.147003 -10.378447 -10.310206 -17.318483 -15.508577 -4.423853 -7.915876 -17.415381 -12.776667 
-5.538965 -2.641864 -7.331721 -4.084230 -2.499336 -10.837174 -9.016199 -10.597515 -7.916432 -5.751481 -11.145214 -8.191463 -13.118377 -2.265929 -7.142904 -4.089201 -4.323524 -5.821385 -5.293002 -5.001044 -1.430651 -7.451234 -8.035811 -6.007323 -5.977599 -6.086951 -9.274826 -13.065547 -9.432791 -11.173170 -6.821176 -7.152040 -9.602889 -10.611414 -6.875709 -19.474056 -4.379058 -8.106506 -6.354027 -6.708935 -10.948639 -10.690681 -3.758603 -3.315199 -12.061524 
-5.717454 -2.448664 -7.868992 -14.989329 -2.366477 -4.293247 -9.396798 -5.061903 -6.120335 -6.193495 -12.975828 -7.278662 -13.306613 -5.491352 -5.473018 -1.388429 -4.883665 -5.880550 -9.336505 -7.524977 -11.498283 -7.526721 -7.947209 -7.007763 -1.990357 -4.501762 -4.470188 -4.375069 -4.247887 -15.215757 -6.618033 -6.565602 -13.273961 -7.354948 -8.148639 -19.779458 -6.381521 -14.599419 -10.799611 -8.102229 -4.489297 -9.799297 -14.093122 -8.371906 -8.847376 -11.035255 -8.402113 
-5.586255 -1.338906 -5.754735 -8.999268 -2.209809 -4.356662 -4.656236 -6.849098 -14.063423 -14.460559 -10.060755 -6.172169 -6.050421 -5.122791 -4.954433 -3.456872 -13.116928 -6.689254 -6.022136 -4.815181 -12.004065 -7.847811 -7.947209 -7.039523 -9.321685 -4.932557 -5.678533 -3.932393 -7.464631 -4.362300 -7.020643 -5.990541 -7.549328 -9.301856 -4.798969 -19.211477 -6.860986 -6.644263 -5.672650 -13.419534 -9.041410 -9.084326 -8.193760 -9.887613 -12.236486 -8.732069 -6.991576 -10.519827 -4.912767 -4.429519 -6.162945 -0.899554 
-5.662497 -6.311517 -14.659611 -6.436741 -2.663328 -9.396998 -7.238522 -9.165156 -10.078506 -8.858826 -5.945742 -22.262926 -5.551507 -5.028280 -5.326940 -5.736438 -4.139217 -7.493021 -12.580807 -3.968915 -11.965433 -12.480619 -7.933734 -7.039523 -10.346454 -2.876514 -12.775600 -3.683329 -5.024005 -9.091229 -11.161420 -9.873171 -7.569909 -11.876202 -10.988544 -3.964535 -4.529822 -5.863862 -4.731335 -14.700732 -12.278997 -7.253123 -5.082512 -4.393889 -7.317260 -6.190333 -9.983119 -3.756652 -13.297505 -9.050476 
-5.810927 -9.878054 -4.837163 -3.522840 -2.362522 -5.588065 -7.129510 -5.277791 -4.562737 -5.794102 -12.939240 -5.820713 -20.744711 -4.361185 -10.476689 -5.019133 -4.646019 -7.622016 -12.551100 -4.494990 -3.970805 -2.689300 -7.772867 -7.000447 -10.184261 -4.087381 -8.575471 -3.006109 -4.464517 -8.218788 -8.336702 -6.681921 -7.378274 -7.337103 -12.525779 -6.496491 -9.071628 -2.451561 -5.383688 -5.929021 -6.354167 
-5.866591 -10.552829 -3.636664 -2.542195 -5.719732 -19.319656 -2.210757 -11.939578 -2.863171 -6.199522 -12.377557 -13.769972 -4.672656 -10.818667 -4.441292 -7.114674 -4.992384 -6.796589 -10.385372 -3.369384 -10.278631 -3.756717 -8.116010 -6.803838 -10.766779 -9.067901 -12.548174 -3.906473 -3.890658 -8.436853 -6.343508 -7.939091 -3.633368 -5.966677 -7.035287 -13.326447 -11.946196 -3.825870 -5.886886 -22.188514 -1.521314 -11.935823 -6.263445 -7.271086 -9.794576 -12.007282 -3.922680 -8.319700 -4.400057 -3.897616 -13.832272 -7.394015 
-5.490998 -10.661690 -7.590285 -2.630154 -10.635831 -17.881941 -13.011941 -12.292987 -7.968242 -6.129803 -14.310387 -19.514779 -7.097689 -11.907261 -13.861306 -1.921857 -9.689007 -7.166310 -9.245775 -3.562191 -4.302069 -2.528021 -8.035197 -6.948229 -10.521528 -7.960586 -12.806107 -4.134630 -12.017832 -7.909988 -11.617885 -8.802956 -11.393891 -4.434825 -6.302956 -4.926402 -4.863770 -8.283906 -7.522079 
-5.582565 -8.815134 -7.392793 -2.329686 -11.906022 -7.423266 -12.951255 -19.719060 -3.984435 -6.544434 -6.780906 -7.870973 -6.342977 -22.288611 -6.922437 -13.334091 -5.869818 -6.821927 -9.105569 -4.329834 -12.544294 -5.248257 -8.045449 -7.256008 -9.565292 -5.818538 -12.923254 -3.304693 -10.811985 -8.581037 -6.666050 -6.771019 -5.161141 -14.534955 -10.082942 -3.168147 
-5.452080 -8.777827 -6.996579 -2.408795 -14.160458 -3.845879 -12.977454 -12.133653 -4.006317 -6.960271 -6.884241 -3.179969 -7.672891 -8.045488 -6.939310 -4.092791 -8.028730 -6.908038 -6.310098 -4.473748 -12.201820 -5.359112 -8.045449 -7.256008 -11.054256 -4.122484 -12.775600 -3.005879 -12.496969 -13.592526 -6.975818 -11.833860 -14.549095 -18.574058 -6.239068 -7.813558 -6.495412 -6.005115 -22.536537 -13.050737 -4.182323 -8.578340 -9.440951 -4.336801 -8.100057 -9.971834 -2.399471 -21.611966 -8.790612 -10.304786 -12.044907 -11.699601 -6.245407 
-5.139213 -12.756149 -6.728897 -2.434154 -20.240037 -11.641497 -12.770895 -4.798313 -4.396623 -7.252547 -6.942164 -13.406421 -9.295483 -8.188133 -4.485112 -7.295386 -12.706863 -6.107432 -0.936021 -6.776377 -4.289500 -5.013238 -8.584556 -7.256008 -11.541481 -11.154278 -6.998315 -4.473140 -7.737938 -11.412641 -6.154533 -5.744634 -7.997581 -9.286243 -6.201263 -6.547763 -8.368754 -7.536387 -7.374901 -6.279537 -5.773263 -7.544604 -6.619278 -9.964869 -4.403991 -7.048657 -6.549365 -9.090552 -2.799881 -5.405231 -3.631360 -5.335953 -5.406138 -8.141384 -3.154253 -9.605546 -8.896465 -8.350158 -15.133328 -6.163888 
-5.387412 -2.840071 -11.564210 -3.205187 -7.753160 -4.358443 -12.556593 -5.330124 -4.720467 -9.405665 -5.448905 -5.136809 -13.634051 -6.868882 -10.116562 -8.172878 -7.567446 -6.906658 -5.167477 -5.198735 -6.398977 -7.480793 -8.173984 -7.500469 -10.430284 -3.157258 -5.796066 -3.346890 -12.690304 -9.553122 -6.420283 -4.004797 -2.077254 -6.872521 -11.943768 -5.884555 -7.703291 -8.908533 -12.573339 -9.522011 -6.830226 -6.217011 -11.274503 -19.201232 -6.722303 
-5.143235 -11.462272 -8.650905 -3.890326 -5.390909 -3.098368 -12.517359 -7.459048 -9.438868 -5.372472 -10.087864 -4.403712 -4.907669 -4.546861 -10.262316 -8.790479 -10.948457 -7.236913 -6.680042 -6.642269 -6.794492 -3.326313 -8.180102 -7.725132 -9.124632 -6.174713 -11.469555 -13.833470 -12.197707 -3.740449 -2.187743 -4.919289 -5.734225 -11.513556 -6.571760 -5.959126 -4.435602 -8.603133 -11.890952 -6.631960 -4.316787 -4.638421 
-5.048937 -8.869700 -6.060098 -8.107344 -4.260063 -6.193022 -4.586894 -8.553449 -7.446819 -5.783582 -8.725619 -5.350053 -5.852541 -10.317289 -9.797531 -9.677389 -10.044737 -6.965955 -12.617382 -22.917378 -9.547948 -14.880805 -8.279102 -8.123742 -9.874354 -11.213111 -9.775555 -8.180297 -12.160448 -6.583370 -4.599696 -6.061858 -5.568545 -3.274631 -3.834354 -5.800841 -4.725122 -10.455750 -3.485816 -14.958978 -5.560225 -6.373048 -3.692610 -3.517037 -7.315282 -2.864804 -7.157204 -9.013627 
-4.632060 -7.799026 -8.040232 -14.280949 -5.109034 -3.623936 -8.405275 -10.620970 -7.991047 -5.915895 -7.673984 -5.300761 -2.997490 -7.706521 -10.513982 -5.474647 -5.435232 -7.486349 -7.191866 -7.473030 -7.549251 -4.645083 -8.363480 -8.241119 -10.450316 -6.892292 -10.848416 -10.192510 -11.972868 -7.359213 -4.183652 -7.090173 -4.742166 -2.048648 -12.210773 -4.696501 -7.135779 -2.745169 -11.393020 -3.340767 -12.039143 -11.535550 -10.989585 -5.253830 -11.761985 -4.233033 -10.710433 -12.644105 -5.285091 -3.338621 -2.509379 -10.269780 -4.298919 -5.215172 -5.624171 -7.186267 -11.418904 -7.528020 
-4.985768 -8.565847 -13.783283 -9.676399 -9.728567 -12.943893 -4.716101 -13.280827 -2.604613 -6.424556 -6.863265 -4.086965 -10.625155 -22.564222 -9.760941 -1.497931 -10.892073 -7.819857 -11.641892 -8.353303 -6.925909 -10.499252 -8.459087 -8.044548 -8.911113 -6.991118 -9.134693 -5.727894 -12.558838 -10.360994 -3.789295 -7.507795 -4.612493 -6.583288 -12.279041 -4.289718 -5.964800 -2.748723 -14.090617 -3.447457 -20.529632 -3.412990 -1.613223 -4.540880 -6.916034 -4.325715 -4.903652 -5.833009 -5.020298 
-5.415958 -3.008739 -18.353218 -9.733599 -7.948908 -10.524645 -5.880734 -13.044553 -8.792593 -6.683102 -5.729491 -4.157323 -7.832971 -3.944210 -9.306929 -6.486952 -7.151313 -7.782735 -12.327648 -5.003797 -7.556390 -9.837620 -8.459087 -8.113586 -5.668319 -6.698350 -3.123105 -4.519072 -13.214450 -8.887616 -4.091202 -6.177840 -8.658600 -3.655162 -8.310414 -4.327252 -12.926880 -19.395722 -14.473987 
-6.030731 -9.547032 -13.352412 -9.693548 -7.384092 -4.349340 -12.065124 -3.900440 -10.139015 -6.270823 -6.610874 -4.154451 -7.504363 -5.309029 -10.850555 -5.142827 -18.093711 -8.050040 -7.377021 -10.916645 -12.028352 -9.934298 -8.501042 -8.043177 -5.529389 -6.445858 -10.186805 -6.733306 -12.203300 -7.738972 -3.968821 -7.321564 -10.625810 -7.437310 -5.992395 -14.232326 -3.696125 -7.519292 
-5.414886 -4.670158 -11.973189 -12.678411 -7.600476 -3.144692 -2.560529 -8.444061 -9.520268 -6.876813 -5.992651 -6.032065 -5.442007 -6.321036 -11.680006 -5.553037 -17.496302 -5.030600 -10.716480 -5.949499 -4.112904 -10.182814 -8.311408 -7.918404 -5.977873 -2.293946 -2.846520 -8.433513 -8.307003 -6.679220 -10.276057 -5.738395 -12.653001 -2.663676 -4.648198 -10.299730 -22.111378 -11.520083 -6.866527 -9.596770 -6.359439 -9.179338 -3.968953 -4.587324 -3.959435 -14.049687 -6.950179 -19.086861 -8.934474 -15.782113 
-5.269691 -8.063558 -7.885342 -8.220005 -5.339120 -4.729808 -2.473683 -12.351982 -11.580510 -6.216408 -3.875763 -7.079089 -6.248690 -6.370356 -11.695346 -3.340568 -6.942953 -8.628364 -21.904974 -6.090590 -4.279652 -10.061220 -8.220724 -7.842145 -8.867866 -5.953978 -6.850786 -5.907540 -7.699686 -12.099939 -8.281664 -11.166635 -8.358475 -2.975348 -1.414891 -13.210970 -14.939481 -6.263383 -13.554658 -21.955142 -2.633369 -4.976396 
-5.161841 -7.843590 -5.197681 -7.061238 -9.976941 -4.544994 -2.987671 -12.782373 -15.193469 -4.593334 -3.782279 -11.541853 -4.298754 -6.964201 -15.646339 -2.281048 -5.231621 -9.566947 -20.796988 -6.811600 -12.140864 -9.175195 -8.220724 -7.874249 -9.201842 -6.718521 -7.073509 -6.429692 -3.329032 -6.396487 -11.011470 -8.769830 -8.676546 -3.105878 -11.041895 -11.461851 -3.832879 -12.565000 -14.608654 -1.863783 -9.805509 -15.149063 -10.090509 -5.920742 -4.887073 -7.040932 -9.856229 -8.608123 -5.082715 -8.622334 -6.509394 -6.578392 -5.166027 -4.123171 -8.914419 -6.661018 -6.943631 -5.093886 -4.594958 -2.570185 -5.291927 -7.781533 
-5.194105 -4.241027 -13.245411 -6.932948 -10.050240 -3.558912 -3.016886 -11.477830 -5.657520 -3.422720 -14.448527 -10.412034 -4.601193 -11.677727 -12.328037 -6.868248 -5.495914 -6.536784 -20.674645 -11.258941 -7.521750 -8.544641 -8.558151 -7.467358 -7.652771 -8.387588 -22.070750 -1.019228 -3.611693 -13.437810 -5.730898 -4.852397 -5.797624 -2.723301 -4.197018 -10.422677 -5.834519 -3.748159 -9.520422 -6.612277 -12.958684 -3.967783 -5.542217 -2.949497 -11.149738 -6.634400 -11.910660 -6.564661 -10.621821 -7.623166 -12.971217 
-5.194105 -5.380630 -7.481063 -10.637086 -8.112206 -5.155048 -2.812772 -8.166882 -8.335162 -5.894757 -3.909217 -8.960113 -7.636761 -6.377861 -3.706574 -3.521961 -8.181995 -13.247872 -3.556367 -4.339193 -5.917775 -14.590155 -7.954771 -7.479594 -6.834392 -8.805554 -7.193879 -9.150445 -3.850148 -5.895471 -8.658038 -12.264789 -10.060580 -2.550650 -12.635380 -5.199545 -4.874646 -11.941327 -2.349110 -3.365986 -1.243863 
-5.231750 -6.850713 -2.070191 -3.510165 -5.809199 -4.749016 -2.599188 -9.711963 -7.080856 -5.908186 -10.803108 -8.746523 -7.553878 -7.834789 -5.604850 -7.771743 -8.173305 -9.756141 -9.391625 -8.394655 -7.471141 -6.048482 -8.182365 -7.746864 -7.382006 -9.486576 -3.995864 -9.677337 -15.139654 -10.803564 -9.423953 -6.846423 -10.757160 -2.625328 -11.308394 -6.979537 -11.602626 -11.696440 -1.826938 -16.941323 -2.093343 -6.365401 -7.676391 -2.211979 -5.336695 -4.477770 -4.433275 -1.870432 -3.501549 -1.714984 -5.442765 -6.001235 -7.638052 -6.377913 -10.601684 -7.487014 -9.688922 -6.801008 -3.557574 -4.140090 
-5.283096 -6.470808 -6.786968 -12.332562 -3.045184 -4.372201 -3.179460 -9.614916 -6.555184 -6.671953 -5.774566 -8.456255 -5.406715 -9.359378 -9.919960 -11.238756 -1.772479 -8.665405 -7.131018 -8.936709 -9.930688 -2.483772 -8.155313 -7.707161 -6.799102 -4.804255 -4.480392 -10.208345 -16.630321 -6.281345 -9.312538 -8.067091 -2.849968 -2.642598 -4.388396 -8.785503 -8.000665 -12.547089 -2.065673 -3.997118 -21.454066 -3.623338 -7.772841 -5.537195 -8.489112 -3.561552 -5.044858 -11.202517 -2.542525 
-5.121969 -6.470808 -1.685732 -5.306451 -3.890631 -9.754624 -2.992171 -9.301088 -14.740232 -5.366596 -5.852243 -8.470636 -8.782277 -9.858920 -4.204033 -5.907628 -7.000072 -12.706906 -2.209085 -7.843918 -2.944397 -6.249067 -7.998575 -7.497715 -7.106655 -3.402017 -1.465564 -7.458407 -17.240236 -12.034745 -10.507001 -5.457419 -8.743183 -12.306333 -8.525575 -3.295658 -4.827309 -13.814289 -19.980046 -9.814651 -6.466567 -15.031726 -8.687818 -8.644449 -9.684933 -7.880485 -4.279185 -9.880347 -6.826281 -2.739779 -5.776607 -14.109901 -6.801450 -4.802235 -7.283689 -11.169889 -1.147115 -3.116044 -6.553776 -13.677276 -2.294408 -5.177118 -8.266002 -5.584508 -12.054508 -15.026904 -4.467342 -19.590479 -17.712445 -3.532934 
-4.899802 -5.305752 -7.875138 -10.337458 -2.094903 -4.421273 -3.133938 -9.117084 -2.604285 -7.040140 -5.335695 -9.044516 -4.327293 -11.375803 -6.508890 -6.182603 -2.501652 -4.271939 -3.918395 -9.917638 -3.176738 -2.717385 -7.916700 -7.181061 -7.204281 -6.211667 -3.190163 -6.083970 -17.773498 -4.292669 -5.525654 -7.429601 -10.959742 -13.473541 -6.920529 -12.868336 -4.720321 -4.094337 -14.194945 -6.063060 -4.658810 -4.500709 -7.911993 -7.295722 -9.244400 -3.330949 -6.530258 -4.942578 -4.006590 -10.550510 -11.513062 -6.486974 -12.352619 -10.556095 -11.888013 -7.131325 -11.710271 -3.499074 -15.206610 -2.776412 
-5.195854 -11.380774 -8.294724 -9.633349 -5.330339 -7.659970 -2.893897 -3.511640 -9.689891 -7.592936 -3.991252 -9.322727 -9.088964 -10.995515 -4.305644 -3.340748 -15.597896 -3.609387 -13.042611 -9.544755 -3.399822 -8.308582 -7.898684 -4.120433 -7.705085 -2.943410 -3.612021 -5.608894 -4.497986 -4.584445 -5.725836 -8.158854 -4.909744 -4.186097 -7.149491 -14.529597 -2.899584 -7.619053 -12.077517 -4.471770 -5.005246 -7.557133 -10.780200 -2.715276 -1.975288 -9.580543 -8.985305 -8.013451 -1.772921 
-5.101547 -12.065828 -7.741133 -9.790236 -6.638120 -10.529592 -4.149289 -6.845631 -4.045270 -9.462957 -5.921505 -9.393333 -11.170239 -5.782500 -4.427530 -4.140030 -8.923735 -10.847013 -8.721954 -9.522855 -14.393074 -7.655630 -7.898684 -6.804546 -5.383383 -3.140569 -7.885452 -4.894246 -12.177096 -3.910383 -8.600767 
-5.201895 -11.949467 -8.424530 -9.608172 -7.835869 -8.789648 -4.056111 -7.440119 -5.345986 -5.406902 -9.653846 -7.865223 -7.975577 -4.337557 -5.083919 -4.935979 -4.829368 -9.989239 -6.809857 -9.696267 -5.089621 -8.191455 -8.022922 -6.486682 -2.510108 -3.384460 -6.648925 -4.053721 -7.673954 -4.579130 -9.055953 -4.478309 -12.218396 -13.219322 -3.597466 -4.181849 -6.953746 -6.095870 -10.596220 -4.014249 -2.933345 -2.956266 -8.638065 -14.140842 -8.491280 -12.289406 -12.724266 -2.246418 
-5.399105 -11.327384 -8.486709 -10.086370 -2.220603 -8.433071 -3.222317 -9.657832 -8.448269 -3.473976 -7.976345 -10.255292 -4.587116 -4.783535 -8.583762 -8.805613 -6.588954 -9.982302 -7.456435 -7.588164 -5.855299 -14.160196 -4.695147 -3.651933 -11.587447 -5.004900 -7.377246 -5.983765 -9.266028 -10.654617 -5.309159 -3.220144 -7.387659 -8.466245 -8.316986 -12.332730 -9.398954 -6.032297 -8.531578 -11.545155 -9.664192 -5.672099 -4.438209 -11.555024 -5.155187 
-5.669995 -9.281120 -8.435301 -10.086370 -11.970561 -6.748575 -2.885287 -7.350132 -11.311696 -3.198008 -11.643070 -10.436684 -3.544703 -6.924020 -2.639038 -6.356662 -12.484066 -11.110653 -4.169000 -4.376702 -9.576749 -12.333593 -4.425445 -7.622438 -4.886702 -5.750173 -10.582134 -9.169293 -9.498770 -9.550048 -5.939414 -5.740366 -5.856701 -8.248948 -11.368630 -4.380986 -12.065146 -8.895948 -11.433974 -4.694396 -5.940669 -6.183834 -8.821131 -2.260612 -13.003127 -5.642682 
-5.669995 -9.809607 -8.806942 -10.353093 -4.573169 -6.382490 -2.434477 -4.916546 -4.032894 -3.022883 -10.320695 -10.923524 -4.149835 -7.374865 -7.561435 -7.504772 -6.617965 -12.475398 -13.136542 -4.044698 -9.108755 -6.834637 -4.753075 -6.445084 -13.851375 -9.607457 -4.087620 -4.151500 -9.919125 -12.136129 -9.905950 -6.688125 -7.195384 -5.099600 -4.973476 -5.001132 -11.540044 -4.605563 -5.273761 -5.961103 -6.624421 -2.519463 -7.579644 -15.187978 -9.205614 -5.998004 -10.933026 -6.608762 
-5.399259 -10.759510 -8.826473 -10.152029 -6.263101 -6.531262 -2.453874 -11.138632 -11.088226 -8.061806 -4.718743 -10.801660 -3.780686 -7.766346 -4.405089 -7.935158 -9.461646 -15.093562 -10.021718 -11.775760 -9.142255 -8.636306 -3.617120 -5.394213 -13.845741 -9.863175 -5.140919 -22.705105 -9.932012 -12.132674 -11.867220 -14.133614 -7.397953 -4.848588 -3.957323 -5.362993 -3.505833 -5.100107 -11.089238 -13.321026 -12.565492 -11.506707 -4.158683 
-5.134484 -5.882293 -8.697102 -10.325813 -4.201307 -6.003685 -3.157910 -10.246950 -7.145553 -4.651379 -8.599606 -9.732094 -2.625210 -11.088365 -4.287587 -2.004811 -12.214241 -4.417794 -10.713608 -3.841419 -9.038817 -5.410508 -13.068481 -5.557821 -10.719338 -8.595413 -4.691969 -13.872559 -22.901560 -8.479016 -9.115760 -4.285707 -7.933784 -3.454130 -5.855036 -8.834907 -9.250959 -12.077273 
-5.302307 -7.157085 -8.419644 -10.375911 -4.050070 -6.606833 -4.122384 -9.041134 -3.689555 -9.691478 -14.450985 -12.535205 -3.716605 -8.621511 -5.649867 -8.495306 -11.079027 -9.836887 -4.237768 -4.145209 -9.149244 -8.210210 -6.283740 -5.777996 -10.822752 -4.179361 -13.124272 -4.547187 -9.906041 -3.174413 -3.863027 -6.813655 -8.282532 -3.876364 -7.817573 -8.001112 -10.571844 -3.634013 -7.753278 -3.691084 -10.344063 -5.801928 -6.036182 -7.515231 -10.239592 -5.230505 
-5.824606 -5.365491 -10.754551 -10.514231 -2.851218 -5.962529 -2.418829 -10.302744 -3.128956 -7.419997 -8.345933 -11.351563 -4.500248 -11.663078 -8.012950 -9.265936 -4.458236 -8.685168 -5.770268 -3.527062 -9.149244 -9.236578 -7.248104 -3.609761 -9.951214 -3.135924 -6.642070 -4.982254 -1.907162 -9.126685 -7.230709 -7.493942 -6.937989 -12.107378 -7.710634 -10.194913 -8.224062 -6.040302 -5.905266 -5.986350 -1.944987 
-5.219188 -13.369081 -4.393929 -10.486876 -1.694007 -5.662662 -3.110126 -11.925186 -7.968005 -9.545492 -8.254384 -14.900913 -5.288689 -10.296230 -7.932943 -14.619470 -3.755134 -9.313716 -5.847570 -4.031040 -9.012307 -6.454191 -9.524846 -5.107472 -9.792899 -5.110577 -6.210036 -5.122689 -8.175269 -11.721064 -5.148578 -8.401922 -9.662591 -8.697738 -9.874346 -5.599873 -4.150685 -14.760849 -4.505711 -6.564727 -6.075493 -8.779960 -6.499221 -3.208379 -19.528854 -4.842076 -14.403902 -14.898594 -2.471774 -4.794877 -7.083410 
-14.249627 -4.927641 -9.263340 -9.977180 -14.471629 -6.771848 -2.873003 -0.933208 -8.403524 -13.183303 -8.592319 -12.895337 -5.506399 -9.852611 -14.258189 -5.770801 -6.910738 -9.115099 -4.989429 -4.523948 -9.264476 -14.896737 -10.551994 -5.259155 -6.128163 -4.218334 -10.095073 -4.393023 -11.955830 -2.760575 -2.821166 -10.660615 -6.150561 -8.492342 -12.841967 -17.892996 -4.581144 -14.471179 -7.770624 -7.401685 -11.702105 -3.809639 -5.163812 -5.396514 -9.489846 
-4.714934 -9.747616 -9.457742 -11.031163 -21.368226 -6.677980 -2.819066 -3.471433 -13.399732 -12.599401 -8.596102 -13.795007 -7.928717 -9.355772 -11.801008 -6.976131 -12.539983 -5.646933 -14.054567 -3.838798 -9.264476 -3.925805 -7.131341 -6.628642 -2.364907 -4.966843 -12.746305 -4.254164 -20.482232 -8.087295 -11.960569 -4.403803 -12.574518 -5.902297 -11.296134 -3.122184 -14.837024 -14.069489 -22.382008 -3.911261 -5.865003 -13.587106 -12.488881 -2.188606 
-6.870380 -19.687480 -19.755084 -5.340705 -7.637034 -3.573548 -5.131183 -9.107531 -3.676852 -12.819401 -6.805427 -11.217808 -2.718716 -10.509621 -9.977920 -6.908053 -3.949361 -6.144121 -5.677978 -5.522212 -9.411682 -5.186804 -6.156575 -11.175398 -9.049460 -8.336810 -2.551371 -4.224853 -3.548655 -7.970041 -7.098138 -2.415052 -11.315541 -6.585796 -10.252277 -12.123354 
-8.603141 -19.083278 -19.855487 -5.620740 -11.102351 -3.306091 -5.488446 -8.926345 -9.311975 -11.985035 -12.776592 -10.529019 -6.961603 -9.641492 -6.630004 -6.714213 -10.127375 -6.144121 -11.417023 -11.815002 -12.414439 -7.988174 -3.511518 -12.387341 -14.511635 -20.360987 -2.784680 -3.499569 -5.573314 -7.040640 -2.823142 -2.453806 -10.217975 -6.596257 -4.917880 -4.912097 -9.549283 -2.785683 -3.665476 -8.031897 -5.867544 -6.022632 -6.036642 -3.522292 -9.068846 -3.837165 -11.252736 -14.162781 -8.034311 -13.227270 -8.033362 -7.039811 -12.419156 -19.174435 -12.592642 -2.571524 -11.643448 -5.414019 -8.060327 -5.340018 -11.922532 -12.020085 -8.189210 
-12.334060 -9.695466 -3.599307 -6.951899 -6.013634 -5.591246 -5.894131 -8.212303 -9.924811 -7.585585 -11.207290 -6.277583 -12.253821 -9.968097 -8.585740 -6.692563 -9.925165 -7.727529 -3.478930 -7.109627 -14.667931 -10.775658 -9.276413 -3.612691 -7.143912 -6.040543 -2.617833 -3.391754 -5.173740 -13.606378 -3.426956 -2.791557 -6.143255 -6.729921 -11.432504 -2.829457 -9.964940 -11.406941 -0.875990 -15.019270 -8.961032 -14.100418 
-4.865352 -14.598885 -3.736641 -10.930430 -6.219926 -12.421208 -8.038513 -8.145329 -5.619817 -4.138614 -11.044296 -6.395206 -10.625823 -10.413687 -7.738039 -10.912736 -9.442307 -4.357192 -7.215228 -11.375767 -15.136125 -15.102244 -5.209139 -8.734414 -8.318736 -7.395385 -2.515086 -4.330704 -4.592790 -16.499264 -8.634378 -2.462639 -15.043513 -6.557977 -5.738332 -8.825960 -3.810734 -3.264119 -22.650341 -2.895764 -2.511363 -5.228378 -12.081781 -3.626228 -11.862340 -4.262490 -5.917604 -11.962438 
-11.993381 -10.647182 -3.792466 -3.537669 -6.196767 -12.255329 -8.409226 -7.967711 -6.459077 -21.759474 -10.526230 -5.619734 -6.451698 -10.045569 -7.383173 -11.553046 -9.516464 -13.078570 -7.341825 -5.346800 -3.830846 -13.759235 -9.143095 -6.543611 -7.427214 -5.486093 -3.050895 -4.023092 -5.212769 -8.794189 -12.715884 -2.716624 -3.520734 -6.741237 -3.677933 -3.044509 -6.911750 -13.169058 -3.818705 -17.175401 -9.392808 -5.664417 -2.119269 -12.672034 -12.479306 -14.070804 -2.982803 -11.766387 
-4.186303 -10.770143 -5.862782 -14.409908 -6.291899 -10.988633 -15.015792 -7.749361 -6.195772 -6.055252 -10.572408 -6.904368 -3.918833 -10.366992 -6.609973 -3.859832 -9.986627 -11.841887 -8.072454 -2.194253 -6.044189 -5.324883 -8.810113 -6.171976 -6.679469 -4.722361 -3.542370 -3.727588 -5.129166 -7.346465 -5.304764 -3.122003 -7.124364 -5.607866 -14.332048 -4.837574 -4.853301 -5.675908 -4.084591 -7.667001 -4.461300 
-3.302246 -5.074779 -7.708967 -7.457858 -6.465278 -3.243223 -6.671004 -7.285362 -4.305225 -4.009112 -10.572408 -6.959747 -3.651947 -10.366992 -6.481954 -14.033980 -5.217470 -8.308812 -4.725857 -6.410149 -3.729959 -4.241055 -12.328334 -14.565825 -6.582789 -6.398347 -3.487194 -12.787649 -6.352104 -4.339289 -4.685405 -2.863627 -7.898358 -6.178932 -6.006359 -7.680088 -11.627517 -22.354238 -12.175114 -9.313296 -5.499076 -10.827138 -5.650720 -15.151270 -15.214688 -13.378295 -7.530777 -5.779913 -12.293229 -3.889205 -7.005759 -10.499226 -13.131257 -3.189515 -12.951849 -5.313226 
-2.079757 -8.522773 -8.150902 -4.004384 -5.854585 -4.208316 -5.967134 -5.682222 -2.690926 -11.731626 -10.616243 -8.622191 -8.651448 -10.308391 -7.453039 -1.839515 -5.737934 -2.683830 -4.505525 -4.135871 -4.635018 -3.092673 -12.840125 -7.179694 -6.501073 -5.448482 -2.977135 -10.286505 -4.945486 -6.352243 -14.380844 -9.169512 -12.312564 
-4.544506 -11.603736 -4.979570 -8.441682 -5.857637 -10.137332 -4.946768 -9.698020 -2.214088 -11.359077 -10.616243 -8.808105 -7.358773 -10.337687 -8.380218 -12.757736 -6.756862 -3.796032 -3.362162 -3.802869 -4.764727 -2.833450 -4.733526 -2.179883 -6.695716 -12.732096 -2.719682 -8.014260 -4.939019 -5.183304 -6.979035 -6.560098 -8.729248 -4.468359 -3.034633 -7.438256 -2.001567 -7.003086 -5.948858 -6.752541 -6.194404 -14.273770 -19.535200 
-3.464665 -11.985647 -12.642400 -7.021712 -6.229381 -6.487292 -7.321103 -7.778001 -2.976257 -11.653953 -10.580422 -4.858772 -7.099458 -10.337687 -8.282765 -10.668351 -8.204628 -4.885881 -3.591017 -3.255405 -4.650063 -5.168018 -6.166552 -2.993737 -6.695716 -13.700045 -2.624550 -8.196477 -6.015095 -4.151059 -6.980068 -13.104084 -1.681857 -12.528665 -5.972533 -6.935066 -9.591678 -6.790836 -3.685642 
-2.869107 -12.950481 -6.304202 -4.976920 -6.498598 -8.168050 -3.439637 -7.354894 -7.013461 -11.300670 -10.580422 -14.381451 -10.896688 -10.455553 -3.639307 -6.009765 -13.920851 -5.604603 -7.761716 -4.488426 -11.416205 -12.498588 -6.120938 -4.982334 -7.179690 -12.326375 -5.354268 -6.887053 -9.294587 -10.687612 -8.584947 -22.497272 -13.831889 
-7.598876 -13.181649 -9.396872 -6.202276 -12.140315 -5.769772 -3.436022 -10.944107 -7.339063 -11.579890 -10.580422 -3.420707 -7.541788 -10.352365 -3.972967 -5.532998 -8.921942 -5.974244 -7.761716 -4.335258 -2.993651 -9.519374 -10.600609 -4.573018 -7.372314 -6.039821 -5.060285 -6.581569 -14.266219 
-5.546423 -11.741627 -8.886469 -11.126523 -9.883677 -6.189203 -3.461469 -5.294046 -7.023809 -11.993824 -10.847929 -10.704769 -3.803738 -10.210664 -4.043982 -10.981187 -10.174095 -5.609755 -7.656501 -4.345443 -7.928623 -4.450137 -13.066860 -10.563804 -7.332707 -7.054334 -6.083334 -4.268339 -6.583762 -11.943878 -4.662012 -5.866147 -10.756714 -10.204282 -11.059705 
-10.338098 -4.208458 -8.282105 -11.201372 -10.717043 -6.208960 -3.032345 -4.341342 -5.898044 -10.832930 -10.847929 -4.932436 -8.558717 -10.319123 -4.062614 -11.898365 -9.145846 -5.571803 -7.978272 -4.268024 -7.765188 -4.071056 -8.954413 -2.588238 -9.379573 -5.427526 -3.519488 -7.050056 -5.987961 -12.110404 -3.021867 -5.813439 -9.600527 -4.402708 -3.681762 -2.141643 
-11.089715 -4.351128 -3.052869 -7.129619 -6.590626 -6.565408 -16.702417 -3.857628 -5.667763 -11.213687 -11.090935 -6.043286 -10.774536 -10.538428 -9.394641 -12.051855 -10.092233 -5.598111 -6.189606 -4.176824 -7.869370 -4.056630 -4.249959 -3.149420 -10.661703 -8.628389 -8.154460 -11.753733 -5.125899 -5.228613 
-13.535055 -10.058119 -5.158174 -4.747910 -6.756168 -5.703771 -4.128078 -3.754289 -6.670560 -11.076797 -11.382286 -6.500577 -10.245138 -9.698965 -6.272377 -6.400112 -8.579306 -4.090038 -5.298433 -4.004956 -9.514484 -4.259765 -4.906769 -8.210034 -12.008718 -8.424621 -7.343349 -9.220853 -9.410820 -5.429484 -7.159318 -7.291213 -4.609366 -12.096467 -3.969501 -8.091700 -4.059608 -10.761337 -4.190612 -12.237534 
-7.819286 -8.690537 -15.218942 -4.350948 -8.017389 -6.950422 -4.314945 -3.074739 -13.702011 -10.150024 -12.139742 -5.898811 -12.014680 -9.376085 -6.495009 -11.391640 -7.902580 -5.022735 -8.117361 -13.324329 -2.833367 -10.644376 -20.440714 -14.029419 -10.237923 -4.724066 -7.503282 -12.572114 -11.354223 -6.296311 -6.844128 -8.276604 -3.546559 -7.409285 -4.245198 -4.311721 -8.653785 -12.882221 -9.242509 -11.641272 -8.102829 -6.648950 -5.554052 -2.349751 -6.063708 -3.516718 -6.422591 -7.491783 -7.758763 -11.512287 -7.427044 -5.455469 -7.240890 
-7.242191 -6.875354 -17.356540 -7.472291 -3.946465 -7.115373 -3.387173 -12.873177 -5.405095 -10.191801 -4.347770 -12.599248 -3.111632 -9.789683 -6.878105 -13.366135 -4.270141 -13.067869 -9.566007 -8.344362 -9.129965 -11.792540 -12.494793 -12.508570 -4.535290 -8.997218 -7.454263 -11.586390 -3.836975 -5.868213 -11.170865 -20.058052 -12.390312 -3.970634 -22.345025 -2.997786 -8.461402 -1.870915 -7.724793 -7.669020 -10.171382 -6.910060 -3.519418 -2.170634 -6.542092 -9.767169 -4.612702 -2.769165 -5.735108 -8.747859 -6.909861 -6.206341 -9.765056 -14.882232 -14.722150 
-6.820356 -10.493245 -4.994633 -6.820072 -7.334983 -6.862638 -6.670532 -6.878675 -5.752747 -9.858256 -6.903242 -8.169067 -4.271221 -10.408264 -6.788136 -11.057098 -10.621795 -3.595819 -7.684554 -7.015676 -12.027864 -6.356224 -3.873488 -2.695664 -8.373555 -9.088699 -1.459222 -9.253794 -3.467128 -6.090495 -7.013030 -4.466202 -9.425024 -4.096204 -4.025388 -3.093196 -8.194549 -11.159860 -8.143781 -13.661701 -9.706136 -2.407870 -1.765561 -20.879760 -11.959934 -8.603738 -7.569307 -9.452035 
-6.516214 -8.834849 -5.488933 -5.060067 -9.350972 -12.232983 -4.803764 -6.842270 -3.157623 -10.372749 -13.827501 -8.043392 -3.724470 -10.894309 -11.709383 -10.221444 -3.743728 -3.808208 -4.991776 -6.922138 -3.883992 -10.670725 -3.994980 -5.950646 -13.757840 -4.030017 -4.441866 -9.041464 -3.906605 -6.302507 -7.331724 -4.505740 -9.182862 -9.421305 -4.238860 -2.651166 -8.641564 -10.963079 -14.663574 -13.610373 -8.526639 -6.381559 -4.347959 -22.071954 -10.704329 -11.857477 -11.597519 -3.108032 -12.558781 -3.192861 -12.178821 -9.763296 -7.235639 -2.521909 
-6.908695 -8.338476 -13.566125 -11.955450 -6.908071 -8.476135 -13.456922 -12.356196 -3.515253 -14.661146 -8.946444 -4.096940 -13.930070 -11.258400 -4.411453 -10.614061 -9.478538 -3.515748 -6.861572 -7.937566 -9.931852 -6.964522 -3.556115 -7.108495 -11.119523 -6.011358 -8.326924 -6.266572 -3.705821 -5.823815 -6.019318 -13.108501 -9.625097 -5.637272 -4.276794 -2.748541 -8.730132 -20.443171 -9.022927 -7.314878 -6.675253 -6.715124 -10.611595 -4.073444 -10.793202 -9.241857 -13.790945 -10.763829 
-7.155986 -8.571681 -14.995872 -10.928229 -8.712956 -6.545316 -2.914476 -7.936111 -5.992851 -22.943058 -7.835949 -13.088203 -14.510693 -11.616154 -5.513364 -9.606016 -9.448131 -3.767068 -6.554085 -2.022696 -1.969685 -1.543317 -4.313804 -9.223294 -9.481328 -12.176964 -10.737281 -4.162343 -3.604227 -5.617364 -4.026841 -13.850332 -7.991952 -17.696668 -4.317831 -3.659723 -8.648218 -5.993425 -7.910840 -4.767644 -3.246851 -8.482546 -13.215643 -4.148876 -8.378561 -10.639725 -5.831386 -5.198627 -10.009507 -6.678123 -14.426135 -14.563445 -3.088152 -4.267620 -6.291406 
-6.602281 -7.899073 -9.819760 -1.839697 -7.243309 -4.424605 -3.438076 -10.568704 -3.921618 -6.534245 -9.770785 -3.380617 -17.648989 -11.536934 -4.622786 -9.768493 -9.643222 -3.920265 -2.754662 -2.469262 -12.323992 -3.198831 -5.732065 -9.914545 -9.450145 -19.697124 -10.097116 -6.563355 -3.538245 -5.486460 -9.865470 -6.239581 -10.999287 -19.952744 -8.046200 -8.093236 -8.527944 -13.842782 -4.091736 -3.909806 -6.063226 -22.203169 -3.600970 -3.736245 -5.305849 -11.800562 -9.457498 
-6.392785 -4.359191 -6.685687 -1.126555 -6.843606 -1.565547 -10.180381 -11.659977 -8.373550 -13.860132 -19.369190 -13.501208 -15.643605 -10.015746 -13.743107 -3.770141 -9.765540 -3.781197 -6.397379 -10.876854 -4.523892 -8.644195 -4.821309 -12.835533 -3.616914 -14.106771 -11.108557 -2.971957 -3.732334 -5.106783 -5.923983 -7.611621 -12.626717 -5.857046 -11.809783 -9.034152 -9.221394 -8.071530 -4.698507 -5.259796 -7.675103 -11.545029 -2.712858 -19.007160 
-6.594299 -4.929378 -6.694017 -13.444476 -7.208069 -6.027121 -4.514879 -8.952301 -8.450993 -5.349259 -10.175458 -18.939259 -5.451317 -11.862096 -5.337686 -12.084503 -9.770859 -4.089175 -7.872725 -15.607538 -3.722407 -6.900371 -5.443791 -11.714249 -8.661409 -9.344830 -11.687568 -3.156722 -3.662197 -5.050313 -5.040661 -8.411146 -12.585694 -2.685183 -11.761547 -4.308152 -8.576363 -13.245353 -3.774702 -8.558847 -13.542031 
-5.643272 -8.057540 -12.683889 -4.654843 -7.709401 -10.948983 -12.823521 -8.200626 -7.962292 -2.229889 -9.851135 -17.956446 -2.146661 -12.662303 -5.652700 -2.944949 -10.709033 -4.112244 -10.109007 -7.845384 -3.641315 -6.601600 -5.920617 -3.163452 -9.336854 -11.567251 -9.530296 -3.328277 -3.384905 -4.924438 -14.867220 -12.898863 -5.115572 -11.784567 -3.768892 -5.948976 -13.555255 -1.804195 -22.566250 -7.156765 -4.812375 -5.091077 -19.286374 -4.930631 -8.119060 -3.736716 
-8.326315 -10.205959 -7.360880 -6.417584 -9.031363 -2.991216 -19.302271 -4.279222 -8.882728 -8.368372 -2.378806 -5.505486 -7.239465 -8.176705 -7.293157 -14.866462 -10.513931 -4.112244 -5.398685 -4.096097 -3.814518 -3.233667 -11.420726 -7.539532 -10.301318 -5.700432 -4.864246 -5.417533 -3.801473 -5.357391 -6.036323 -11.788034 -11.251586 -11.392445 -3.490905 -12.178292 -3.625496 -4.502058 -6.353588 -6.213876 -8.345838 -5.047884 -5.815067 -9.141209 -11.156466 -5.230241 -8.918709 -7.327229 
-12.082317 -6.736872 -7.599309 -3.121610 -3.470365 -11.573851 -8.617135 -12.183402 -8.573408 -7.203132 -8.028946 -0.664832 -7.749828 -4.682142 -6.950512 -5.651235 -10.697784 -4.116045 -4.646678 -14.398068 -3.951183 -15.147853 -7.605154 -8.298531 -9.172510 -10.932464 -6.872896 -7.445746 -3.801547 -5.239662 -12.000713 -4.038538 -3.620044 -11.120952 -3.542216 -14.591189 -1.885922 -7.713574 -3.809462 -5.906183 -11.089542 -1.694011 -10.248027 -15.469356 -11.439378 -5.894183 -6.655330 -4.643474 -10.753232 -7.853265 -6.751663 -4.424283 -8.253469 -19.833995 -6.694308 -1.847460 -11.034315 -12.530084 -12.712803 
-10.333514 -8.739914 -7.668605 -18.433161 -13.450079 -9.833414 -4.851690 -11.931753 -7.744624 -9.211511 -6.731905 -9.297745 -7.065160 -4.706989 -8.797906 -9.022167 -5.906183 -3.693554 -2.601330 -7.609020 -4.013674 -3.389770 -4.812066 -3.488280 -8.967671 -6.165282 -7.783860 -9.321470 -3.801547 -5.453100 -7.061890 -5.419607 -3.282075 -11.793242 -3.516272 -6.639521 -4.461411 -15.072788 -9.882627 
-10.210803 -5.722241 -7.308215 -10.414449 -12.985894 -7.397447 -4.317921 -11.443139 -8.228192 -8.799031 -5.258745 -6.412212 -6.223199 -14.219546 -10.112322 -9.497256 -10.136411 -3.706367 -7.039331 -9.703918 -3.831035 -3.932141 -7.674440 -3.203291 -9.407571 -1.955579 -12.681687 -6.228181 -3.495388 -5.025492 -6.078715 -11.227531 -3.036949 -6.554008 -6.078406 -13.500357 -11.754322 -9.202465 -6.972735 -8.783871 -8.074440 -9.667449 -5.407970 -7.719514 
-10.433618 -10.209205 -7.655172 -2.641163 -8.396271 -9.375351 -2.184618 -4.293933 -4.554595 -3.281501 -6.070091 -14.849832 -6.223199 -13.204413 -8.000008 -7.907903 -6.402289 -3.710853 -8.101243 -2.777611 -4.050417 -3.017930 -6.204807 -12.153859 -13.304579 -16.860681 -9.463200 -7.894578 -3.227727 -5.470875 -7.086639 -4.224643 -3.290904 -11.685639 -10.974620 -3.842601 -3.055019 -10.837534 
-11.799959 -10.600957 -7.905219 -12.564834 -7.442506 -10.402231 -12.300338 -3.731025 -2.490242 -11.431114 -4.480401 -3.418282 -6.980214 -10.042559 -8.018254 -10.933561 -6.434133 -10.354737 -3.692149 -10.212526 -4.597845 -8.529722 -2.246628 -5.187794 -10.882786 -3.341932 -9.159974 -2.182909 -3.666248 -5.470875 -5.563222 -9.089101 -12.308963 -8.256086 -2.291859 -6.865442 -8.092196 -20.647793 -13.007052 -11.094176 -10.855172 -6.918227 -14.749247 -13.373301 -6.690350 
-3.803694 -10.391146 -7.803997 -8.443709 -14.045152 -8.632596 -17.418547 -13.219637 -3.255876 -10.412283 -15.195551 -2.875733 -6.889436 -6.166095 -3.034754 -5.346368 -12.034017 -9.553053 -6.012766 -12.274017 -3.377063 -7.967657 -3.835229 -4.278124 -11.076613 -6.922648 -11.731093 -7.604953 -4.139408 -1.812128 -4.204685 -8.926777 -13.858296 -3.069399 -10.840160 -6.633906 -6.133137 -4.612337 -13.744924 -8.806880 -9.127775 
-6.269435 -10.274280 -8.022457 -7.863392 -2.119610 -9.518552 -16.309503 -10.991486 -2.225021 -15.061163 -9.842901 -3.482758 -4.807689 -10.632175 -10.691939 -5.208775 -11.588587 -7.806207 -6.351115 -3.842247 -2.889175 -10.880270 -9.667833 -4.155737 -10.360353 -8.650189 -3.658184 -9.762601 -4.056774 -6.417577 -6.687690 -8.639307 -1.710077 -12.040235 -4.299724 -7.586876 -12.742563 -8.626269 -19.254842 -4.529501 -15.413755 
-4.658824 -10.552394 -8.447906 -11.496432 -2.130231 -6.126406 -8.390630 -4.336379 -2.555930 -9.504837 -4.549258 -3.259486 -6.223441 -17.937129 -11.219820 -5.170351 -10.797220 -9.139549 -6.332894 -3.729418 -11.947173 -19.456096 -3.011683 -8.332199 -10.647352 -8.988590 -16.241033 -12.384693 -5.057523 -6.131068 -9.192840 -8.221313 -13.075251 -3.515757 -9.039862 -13.248370 -6.000964 -2.528005 -9.226530 -11.508327 -2.245296 -12.403460 -12.654382 -11.734998 -5.482441 
-4.927093 -10.464109 -7.735832 -12.078393 -8.286849 -21.994612 -9.851362 -5.755847 -8.322231 -11.266022 -4.609219 -2.498074 -6.149761 -11.198400 -15.626376 -5.601017 -12.117825 -9.755585 -6.207944 -3.453614 -10.255021 -11.032849 -3.908076 -10.363503 -10.822499 -11.250996 -2.181907 -5.796368 -5.660406 -6.821240 -7.957760 -8.175273 -7.766503 -13.596838 -6.604330 -2.502551 -5.519294 -5.300077 -8.674823 -4.533568 -3.219513 -6.476205 -6.208831 -9.274009 -14.222717 -10.881863 -6.276220 -12.340137 -8.522714 -5.902750 -6.631068 -3.525864 -11.192950 -13.598375 -4.015910 -11.355390 -5.287743 -4.845071 
-3.103573 -9.923639 -8.040669 -11.993534 -7.565141 -11.315519 -12.238699 -5.844273 -8.015481 -4.231002 -3.352113 -2.767335 -5.402707 -11.533928 -4.473042 -5.267527 -10.121932 -12.346130 -3.254269 -3.121387 -9.289475 -6.329766 -8.960170 -5.112148 -10.324327 -14.914188 -7.184353 -9.542933 -12.433072 -7.129365 -8.215314 -8.772618 -8.785128 -2.159556 -11.888331 -6.388982 -6.925159 -12.241385 -8.091905 -10.344969 -8.897323 -5.046426 -15.431210 -21.740336 -15.788189 -4.852500 -10.372530 -9.428711 -9.977037 -12.178277 -7.248456 -5.561588 -3.201178 -10.487680 -1.587707 -14.301465 -6.657774 -9.748036 
-9.994677 -2.825228 -8.640925 -11.414493 -2.117954 -7.107872 -4.653023 -5.773802 -8.888920 -6.802498 -6.394208 -8.624954 -3.150293 -11.621837 -4.075716 -5.321432 -13.787660 -6.214804 -9.523021 -3.272281 -1.730289 -5.178243 -9.824641 -4.435341 -10.485473 -5.104598 -9.752185 -11.785784 -11.229498 -7.011125 -8.188799 -9.210948 -6.926193 -2.127705 -13.676423 -4.503569 -8.670554 -8.961460 -2.656607 -10.672117 -10.050258 -8.560094 -14.560123 -12.066290 -12.536558 -4.898633 -5.091066 -5.040858 -4.333557 -5.795709 -11.761886 -3.942640 -6.559671 -3.440467 -4.156092 -8.793643 
-10.124057 -7.326615 -8.214374 -11.491281 -12.938010 -13.101597 -9.287150 -4.954995 -11.085420 -3.474004 -9.348007 -9.355094 -10.533235 -4.810353 -8.247223 -5.349199 -9.793402 -5.767110 -10.404184 -3.503849 -4.474925 -6.078083 -12.475528 -4.239057 -10.545949 -7.332619 -3.942548 -8.061592 -3.101460 -5.904529 -6.473398 -9.854907 -11.778169 -6.377332 -6.989349 -19.867720 -13.836586 -8.030257 -3.783496 -8.909159 -11.714653 -5.793324 -3.830137 -13.070832 -22.906315 -11.655781 -9.336190 -10.028256 -9.539730 
-10.309255 -5.893971 -8.089644 -4.890404 -7.815478 -2.069339 -3.651689 -4.558160 -11.570698 -6.671371 -5.304798 -3.403776 -10.601282 -4.378497 -10.568836 -4.882739 -2.946405 -9.564015 -9.175680 -3.891012 -3.165201 -7.540995 -5.934332 -11.887071 -11.025122 -4.522928 -11.351516 -8.342749 -9.895377 -6.033994 -4.421410 -11.370682 -13.729152 -11.176987 -14.458564 -4.321844 
-10.247699 -12.462957 -8.842421 -9.375020 -6.705863 -9.602409 -3.647214 -8.137237 -10.841796 -8.501184 -12.669298 -4.584388 -10.710448 -5.360808 -2.118445 -5.126429 -11.062641 -6.554688 -9.103309 -4.075801 -10.833676 -7.148911 -11.892205 -5.260101 -10.521168 -7.991468 -4.411695 -5.468923 -8.581875 -5.815804 -21.407449 -3.918036 -5.115647 -7.912841 -9.759389 -11.769325 -15.084451 -12.831840 -3.962479 -5.460865 
-10.032818 -6.595809 -7.616818 -2.260808 -5.800540 -2.796347 -7.480843 -7.637496 -2.874016 -12.672597 -8.753386 -3.911423 -10.648408 -8.725385 -1.875017 -5.184301 -12.058747 -6.430406 -12.051182 -3.302652 -5.550703 -10.908417 -4.943960 -7.136458 -10.469698 -6.769412 -8.566112 -5.534297 -5.931370 -1.708168 -8.278605 -9.130573 -6.917413 -8.653210 
-10.032818 -21.068249 -7.833712 -5.997396 -8.006877 -8.287079 -6.916559 -2.450335 -11.074654 -2.605345 -8.274568 -4.289962 -10.873265 -7.993851 -2.635612 -5.173540 -6.514946 -6.434716 -2.588454 -4.830788 -11.078765 -11.869850 -5.078174 -13.564617 -10.619319 -5.545175 -3.906773 -5.637250 -5.040994 -10.030361 -12.853100 -2.222595 -13.837176 -7.925772 -6.120605 -2.128488 -4.933297 -3.979395 -5.963382 
-9.911163 -6.218131 -3.801516 -5.915699 -9.946952 -6.259161 -4.281594 -4.630911 -4.060308 -2.605345 -8.275934 -3.232110 -11.024388 -11.315195 -5.200134 -5.173540 -8.947002 -8.754311 -2.647627 -4.700089 -4.180360 -11.436947 -3.351116 -14.645978 -10.796194 -13.144622 -6.575127 -4.630650 -13.678887 -9.637221 -5.659978 -11.595648 -14.262839 -9.132533 -11.744012 -6.331776 -4.039449 -14.416600 -14.206044 -10.844348 -9.286303 
-10.043291 -9.515919 -8.882933 -6.134241 -12.608675 -5.428585 -8.051097 -6.904484 -21.918578 -2.203692 -8.266726 -7.504093 -11.073455 -5.035440 -12.987513 -5.114395 -7.260240 -8.456386 -3.371846 -4.387087 -3.431134 -11.609816 -13.994946 -2.494328 -10.557809 -3.629679 -22.218087 -9.715656 -22.205284 -13.392642 -3.662056 -9.774647 -8.007466 -7.658801 -4.421042 -15.376064 -14.212638 -9.014404 
-9.833942 -8.171062 -6.421943 -6.108762 -12.803062 -7.506136 -6.249621 -5.015536 -3.501181 -2.067234 -8.465578 -9.342836 -10.908664 -7.239727 -12.921081 -5.404184 -2.961787 -5.820051 -2.289396 -4.071639 -3.634365 -10.392703 -3.209754 -11.677154 -9.954306 -4.423135 -8.436849 -5.272450 -12.447563 -6.243026 -12.317439 -7.406754 -5.998700 -5.211048 -20.051276 -8.122550 -11.111837 
-9.327497 -8.191452 -4.438301 -6.379292 -11.409764 -8.024376 -5.881984 -5.904852 -8.436154 -2.158690 -8.771293 -8.578315 -1.365227 -10.761198 -7.035882 -5.915382 -5.939200 -4.458694 -2.148703 -7.629211 -12.612498 -10.325990 -7.797627 -10.184647 -9.694827 -4.743321 -3.673644 -7.785133 -11.730472 -4.418582 -6.997628 -5.168092 -6.276352 -12.234006 -2.127260 -5.067263 -7.938688 -10.460358 -6.958959 -19.878354 -7.083140 -4.975469 -11.586714 -10.558850 -4.892873 -22.555521 -6.190978 -5.541389 -12.678557 
-9.316242 -6.015331 -8.547482 -6.744603 -10.573718 -3.414901 -3.140973 -2.883412 -21.813141 -2.029033 -8.816349 -1.607319 -3.428341 -11.219939 -9.587575 -6.292502 -7.554764 -6.151659 -7.491422 -8.661977 -9.741258 -5.669360 -10.347041 -6.292056 -4.915355 -4.111781 -3.325835 -4.980963 -7.096633 -13.030136 -10.151228 -7.216202 -2.838596 -11.193771 -5.724623 -8.666618 -20.627275 -8.241285 -6.742329 -6.411137 -5.004039 -7.425393 -8.553163 -10.232268 -3.011337 -2.299206 -7.816761 -4.014389 -10.794923 -10.225137 
-9.449058 -2.230538 -14.973929 -7.231354 -7.802830 -11.457733 -7.402845 -5.562759 -21.199301 -2.885466 -8.878382 -9.179156 -8.293019 -11.478028 -7.191170 -5.785497 -6.418883 -4.671333 -7.348428 -13.324296 -10.152901 -3.787023 -11.063356 -8.352841 -4.439546 -3.384849 -3.154063 -7.283702 -7.761843 -8.274619 -6.478449 -3.168323 -5.289428 -10.936610 -10.759395 -8.237038 -14.191590 -13.077036 -7.249199 -6.609889 -4.229861 -18.762715 -5.405702 -4.310003 -7.633129 -5.139910 -7.606745 -4.344239 -12.989963 -6.247888 -5.614723 -3.349592 -9.069104 -6.374412 -10.137578 -12.026433 -15.648423 
-9.586889 -11.293103 -8.528229 -6.908034 -1.614334 -8.935892 -9.844586 -4.954416 -10.493285 -2.842946 -9.020997 -4.747129 -6.017225 -10.453479 -1.872269 -5.785497 -12.105874 -9.414746 -3.407404 -11.673274 -13.058018 -2.842222 -4.592983 -2.245971 -15.234900 -8.938678 -4.008509 -5.175269 -4.583608 -8.074579 -9.397905 -8.985939 -7.649397 
-9.474728 -9.581979 -5.756683 -6.210569 -3.303568 -8.413233 -7.657544 -6.530874 -11.402475 -2.794651 -8.829787 -6.864883 -19.952809 -10.272504 -11.523963 -5.689805 -11.872367 -9.689566 -3.849427 -12.218958 -7.495468 -8.331043 -4.399360 -2.883160 -9.780665 -4.183525 -3.673669 -13.525913 -9.198102 -6.480123 -14.554351 -2.427587 -8.410203 -7.532778 
-9.523403 -4.403823 -6.031841 -6.621132 -3.909521 -8.055730 -7.443272 -2.975116 -7.412571 -2.730615 -12.869060 -14.897718 -4.397244 -10.506814 -11.502781 -5.082267 -11.776400 -3.926531 -9.412079 -8.015240 -9.324261 -8.813222 -3.880814 -3.085745 -11.623967 -7.103431 -3.966672 -8.789065 -8.735149 -8.305982 -8.078281 -7.849717 -9.084811 -12.220487 -12.300054 -4.140753 -2.310483 
-9.393977 -7.491339 -5.149614 -7.885568 -4.271562 -7.828429 -8.296628 -5.658316 -7.420513 -2.884767 -8.899208 -6.948272 -3.848240 -10.468925 -11.660510 -5.079172 -7.063641 -6.238023 -11.261989 -9.389214 -9.087554 -8.890658 -8.633489 -3.221187 -5.700569 -6.462886 -4.115515 -8.730483 -2.629686 -11.055551 -7.580468 -2.954262 -9.435231 -4.130174 -7.357974 -2.286161 -8.244523 -12.506563 -5.962764 -9.414065 -4.978410 -14.798666 -3.831511 -8.789306 -11.480759 -7.581882 
-9.349056 -11.671615 -4.946626 -11.447506 -4.711772 -2.275857 -6.116266 -6.594425 -6.878419 -5.459340 -8.572687 -6.262387 -4.675174 -10.737630 -10.038688 -8.150703 -11.226094 -4.382133 -5.165599 -14.349279 -7.799566 -8.723418 -15.297042 -6.535570 -9.218012 -12.964434 -4.058019 -9.173262 -7.444415 -6.153687 -9.604820 -8.460839 -10.981695 -3.591311 -7.779079 -12.671100 
-9.405454 -14.638400 -4.607384 -12.090058 -2.999559 -9.327375 -6.397853 -7.765664 -9.164238 -5.564315 -7.267446 -6.795046 -5.599302 -10.265673 -9.819535 -4.599643 -8.908339 -1.371684 -6.082971 -10.224719 -4.904633 -8.761007 -7.257421 -2.225342 -11.374377 -7.799211 -3.716484 -8.376235 -7.441058 -7.464512 -6.027085 -2.644093 -11.115466 -4.329381 -11.071239 -5.459020 -1.236624 -10.086525 -5.146491 -10.922750 -11.735114 -5.761976 
