   0.048424 2206.501128
   0.047680 2183.868036
   0.048586 2107.213375
   0.047693 2130.634499
   0.048127 2213.121091
   0.047424 2282.952219
   0.047503 2171.457563
   0.049053 2157.974145
   0.048653 2071.338709
   0.047489 2210.512969
   0.047179 2210.373826
   0.047694 2230.644184
   0.047615 2215.194913
   0.047182 2140.107185
   0.048836 2085.343333
   0.048492 2183.323056
   0.047998 2132.079485
   0.047945 2260.450055
   0.048138 2346.578238
   0.047437 2230.892293
   0.047055 2084.617458
   0.047096 2166.051196
   0.047464 2133.722191
   0.047716 2189.158874
   0.048324 2288.129036
   0.047754 2192.258239
   0.048799 2150.653872
   0.048072 2176.203628
   0.048406 2193.677242
   0.047543 2108.980148
   0.049012 2166.262000
   0.048849 2213.023376
   0.048560 2113.139182
   0.049775 2162.208188
   0.048605 2146.977317
   0.048355 2172.298103
   0.047968 2113.955447
   0.048127 2109.536860
   0.048043 2195.868954
   0.047864 2277.748728
   0.048725 2242.761157
   0.047936 2234.589800
   0.048218 2261.103195
   0.048161 2152.162403
   0.048824 2199.460170
   0.048356 2183.908362
   0.048384 2210.734083
   0.048847 2178.582783
   0.049508 2207.940071
   0.049781 2296.601731
   0.048794 2205.615018
   0.048848 2172.430221
   0.048371 2153.272994
   0.049274 2159.569069
   0.048701 2238.102249
   0.048544 2279.047926
   0.048441 2157.938594
   0.047916 2090.047217
   0.048633 2210.752157
   0.048085 2158.439192
   0.048491 2114.027613
   0.047960 2314.567698
   0.049065 2130.431750
   0.047196 2175.395192
   0.048574 2239.436058
   0.048676 2199.931437
   0.047945 2193.091849
   0.048477 2171.800083
   0.048442 2193.852857
   0.048696 2247.890308
   0.048626 2093.035811
   0.049110 2126.510338
   0.048475 2115.661833
   0.048624 2160.978364
   0.048618 2254.491954
   0.048526 2106.002397
   0.047959 2163.318314
   0.048785 2134.674785
   0.049943 2185.589408
   0.048498 2239.708101
   0.048332 2154.946331
   0.047143 2211.025814
   0.048419 2256.721119
   0.048428 2227.495552
   0.047044 2248.526016
   0.047732 2172.708419
   0.048219 2145.307181
   0.047808 2172.614781
   0.048334 2156.657880
   0.048706 2164.572649
   0.048647 2068.263443
   0.048750 2208.345836
   0.048454 2196.781930
   0.048469 2197.492199
   0.048490 2113.652083
   0.047990 2210.388251
   0.048822 2230.213160
   0.048245 2199.188318
   0.048160 2283.737495
   0.047593 2177.578460
