   22.368637 10763.799251
   36.491943 10754.399682
   41.746757 10750.444545
   41.111404 10758.882555
   45.317925 10761.150627
   57.411052 10769.784821
   45.275622 10766.267805
   35.938797 10757.318825
   42.976028 10739.715206
   46.129468 10745.026144
   49.502383 10747.363233
   43.307078 10755.409001
   47.659187 10747.500937
   46.692248 10753.646649
   50.063104 10753.542542
   44.172818 10746.569223
   43.909490 10756.956360
   55.232384 10760.512031
   49.897524 10765.155193
   39.295789 10751.480071
   49.565352 10749.331145
   54.701328 10762.290222
   58.734837 10740.694319
   42.185293 10753.084330
   54.160899 10769.107417
   36.949184 10763.402546
   50.575337 10747.182976
   43.832991 10759.162024
   36.697408 10767.964104
   60.563760 10749.695845
   31.839828 10765.455198
   40.790376 10755.215165
   46.076859 10761.672977
   57.046120 10749.802968
   54.166865 10756.205535
   46.993406 10760.843301
   61.035256 10756.078373
   60.166316 10760.468173
   47.493770 10765.304727
   61.617183 10759.575741
   61.776619 10758.872421
   52.401883 10766.772091
   58.755523 10762.398917
   44.885311 10761.447861
   49.949618 10744.967346
   57.562213 10760.618076
   42.860220 10764.688535
   48.984346 10758.967903
   50.161413 10748.713254
   48.484619 10757.547623
   44.924240 10764.238975
   38.877303 10759.562261
   62.179675 10756.895503
   30.831426 10759.431909
   43.758093 10767.186637
   42.604660 10768.272484
   50.901225 10770.094576
   51.810689 10756.829551
   64.546538 10753.508568
   57.367108 10754.255030
   49.140981 10763.541839
   40.054176 10769.354972
   54.783718 10750.650581
   47.248375 10743.132579
   37.768662 10754.715791
   51.992442 10763.639834
   53.888490 10759.902816
   55.201087 10764.732699
   43.709574 10756.517982
   58.716496 10754.043079
   63.265948 10758.107136
   49.087747 10742.162203
   43.186592 10752.713788
   62.925584 10761.172047
   59.787238 10764.394744
   46.312552 10756.450946
   55.709273 10762.758327
   52.799903 10761.820821
   56.646690 10756.388845
   58.059829 10751.612244
   48.536521 10753.110604
   57.695131 10754.107154
   33.494061 10766.362335
   54.401839 10765.047293
   54.450868 10767.194678
   55.356120 10767.869012
   50.839503 10752.906256
   66.455823 10776.541744
   76.275246 10758.620931
   58.006419 10749.924259
   55.785959 10766.464951
   32.952252 10771.022849
   53.913200 10759.145855
   36.775112 10747.360357
   54.155728 10760.143364
   54.983873 10755.014878
   53.553872 10747.378693
   44.152247 10764.688273
   65.717345 10760.235091
   55.219799 10754.463662
