-13.024655 -10.381964 -9.882004 -7.111001 -7.395653 -0.894519 -3.103212 -12.367595 -7.310365 -12.298469 -11.653417 -8.882244 -10.542659 -4.869311 -4.922638 -2.449589 
-12.958092 -7.423528 -10.084066 -1.414407 -7.230793 -6.184100 -3.103212 -12.185865 -12.036626 -12.298469 -11.653417 -8.882244 -10.100435 -5.764589 -5.581362 -6.279668 -2.995785 
-7.227410 -4.909363 -10.872500 -1.192486 -13.258809 -6.747903 -3.103212 -12.062937 -14.199366 -12.298469 -11.653417 -8.882244 -9.441280 -5.131957 -4.498048 -9.399213 -13.165434 
-8.351720 -8.970777 -10.872500 -0.956498 -13.028582 -6.614992 -3.103212 -11.727224 -15.028742 -12.235869 -11.653417 -8.882244 -8.937469 -4.623022 -4.053937 -14.616589 -8.021641 -14.254700 -13.421802 
-7.380781 -9.215433 -10.872500 -1.295784 -12.433923 -5.688787 -3.103212 -11.647642 -14.533064 -12.029658 -11.534918 -7.338038 -8.166401 -6.404423 -2.951646 -15.133290 -8.010111 -6.352879 -5.880157 
-7.827803 -8.295729 -10.648646 -1.103494 -12.766869 -5.344458 -3.103212 -12.284218 -5.971623 -12.029658 -11.873391 -8.156757 -8.978550 -14.869392 -5.161506 -13.866294 -6.664037 -14.717114 -4.971276 -6.803159 -6.264359 -9.053774 -7.447503 -13.060401 -7.643063 
-7.839002 -7.945358 -10.648646 -2.130572 -12.864165 -14.517328 -3.103212 -11.774603 -7.625322 -12.029658 -11.709386 -8.153786 -9.519068 -14.400851 -3.474281 -6.540612 -6.251479 -14.045369 -11.274346 
-7.554883 -10.239343 -10.648646 -2.988630 -12.419162 -4.143292 -3.103212 -12.007465 -4.501532 -12.029658 -11.709386 -8.153786 -7.466368 -11.548069 -14.671764 -5.705397 -12.721833 
-14.404773 -11.236421 -10.648646 -2.769849 -12.660945 -6.409173 -3.103212 -11.804687 -4.958601 -12.029658 -11.534024 -8.153786 -9.512335 -5.403127 -6.762312 -10.898119 -12.371433 
-13.750665 -20.148846 -10.648646 -13.112610 -3.359588 -3.021448 -3.103212 -12.644648 -5.585806 -12.102375 -11.534024 -8.153786 -8.643205 -3.830029 -7.822476 -4.239888 -5.146170 -15.563608 -13.895707 
-15.228222 -22.791208 -10.757004 -13.079299 -2.636644 -5.559270 -2.974459 -12.506887 -6.411415 -12.102375 -11.534024 -7.438098 -8.764750 -8.645080 -7.581903 -6.840912 -8.920605 -6.388744 
-13.607949 -21.661839 -11.230963 -12.886299 -1.408718 -12.971616 -2.974459 -12.896910 -5.213682 -12.050471 -11.534024 -7.438098 -11.206208 -13.740513 -9.396670 -5.676429 -8.055293 -5.662651 -7.971552 
-11.230132 -22.755173 -11.230963 -12.933522 -4.661042 -3.869221 -2.527655 -11.743164 -1.272689 -12.050471 -11.534024 -7.438098 -12.429126 -13.246667 -6.554681 -5.887142 -8.925410 -5.583335 
-9.487167 -5.726059 -11.230963 -12.937091 -10.724966 -6.234103 -3.196702 -12.337482 -21.290877 -12.020480 -2.431804 -7.438098 -10.248670 -13.246667 -7.684282 -11.606692 
-6.098179 -3.715094 -11.230963 -12.439627 -3.096322 -13.385166 -3.196702 -12.785860 -22.708372 -12.020480 -3.736704 -7.440228 -9.406747 -12.689225 -11.279713 -11.606692 -6.160370 -8.322792 -4.552683 -3.053418 -11.077084 -6.458914 -12.777649 -4.997692 -9.729788 
-9.116682 -6.339150 -11.230963 -5.363450 -7.853749 -3.036928 -7.349463 -11.614678 -22.036601 -12.020480 -12.850996 -7.775533 -6.672537 -12.814700 -10.492691 -11.606692 -2.556464 -7.065252 -4.873454 -5.193215 -12.842289 
-8.650392 -5.126039 -10.825373 -7.688591 -15.264332 -3.036928 -7.729945 -11.804177 -21.374494 -12.020480 -12.789992 -9.095746 -4.492411 -14.576604 -7.942789 -11.606692 -2.330733 -6.400497 -5.807405 -12.980592 -12.453380 
-11.513560 -5.314333 -10.825373 -4.964885 -3.375022 -3.389514 -14.204666 -11.956353 -7.047305 -12.020480 -12.599113 -7.882193 -4.658516 -14.569951 -7.543684 -11.609023 -14.542806 -3.796526 -6.153500 -2.767607 -5.372545 -21.964305 
-8.659662 -7.609667 -10.825373 -5.803692 -14.462247 -3.389514 -13.814119 -12.397777 -11.996782 -11.964069 -3.261502 -7.882193 -4.658516 -12.629022 -1.652982 -11.712075 -6.822290 -13.102783 -8.133977 -13.250518 -7.205169 -12.966131 -13.027501 
-9.845314 -8.367023 -9.645299 -5.369085 -13.065633 -3.045875 -13.978322 -12.009970 -7.684839 -11.964069 -1.660056 -13.866746 -4.426190 -14.584057 -5.475285 -11.712075 -10.023724 -9.430616 -7.759549 -11.426358 -4.654758 -13.616234 
-10.004680 -9.080512 -9.567833 -6.991656 -13.017829 -3.052631 -13.357414 -12.009970 -3.967146 -11.964069 -0.772544 -5.031979 -6.033927 -13.841999 -7.759549 -11.753269 -9.095138 -5.592430 -9.776100 -19.742568 -4.231375 -10.050031 -4.287210 -3.378610 
-7.902522 -8.781360 -9.526543 -6.793855 -6.390881 -3.052631 -14.902412 -12.878920 -12.982959 -11.952145 -22.111338 -5.599983 -2.121043 -12.372827 -7.791025 -11.753269 -7.731774 -21.935782 -12.468431 -5.932456 -10.436045 -14.707694 -16.507390 
-5.073112 -7.826274 -9.526543 -7.983657 -14.091016 -3.052631 -12.775848 -12.376996 -13.075650 -11.787507 -10.111032 -5.599983 -6.305002 -12.744293 -7.552411 -11.802764 -5.985211 -8.968383 -1.843424 -14.814661 -12.529576 -12.508699 
-9.952090 -9.346435 -9.291529 -9.818802 -12.214196 -3.360636 -13.637246 -12.044179 -12.529576 -11.787507 -5.368229 -5.648519 -22.587012 -9.953783 -7.216342 -11.828701 -6.375011 -4.144023 -2.691509 -12.729626 -4.583662 -12.737388 
-11.698688 -8.145398 -9.479264 -8.931546 -2.896146 -3.148392 -7.371467 -12.472162 -12.529576 -11.787507 -6.312981 -5.123469 -21.996614 -3.832727 -14.173260 -11.708794 -12.425387 -3.865163 -0.793950 -10.200543 -6.933003 -5.641668 -3.598481 
-20.017664 -8.578258 -9.122288 -8.518493 -1.796962 -3.148392 -7.947962 -12.638636 -12.529576 -11.787507 -7.476571 -6.312991 -9.861455 -14.313790 -14.196889 -11.772907 -12.711492 -4.831215 -7.162751 -13.656634 
-14.879416 -8.578258 -9.122288 -8.990806 -0.865974 -3.590603 -7.947962 -12.638636 -12.529576 -11.787507 -4.350155 -7.053288 -8.000338 -17.234031 -13.563052 -11.772907 -12.711492 -13.264188 -2.485211 -12.238913 -14.555460 -7.269295 -20.723702 
-12.256642 -8.578258 -8.545522 -7.860194 -1.886013 -3.590603 -7.056045 -11.846784 -12.384281 -11.787507 -4.419699 -5.232164 -6.921452 -5.905871 -12.228359 -12.784948 -12.711492 -3.507863 -22.104918 
-13.488903 -20.026130 -13.808345 -9.331429 -2.384513 -3.117128 -7.056045 -11.491386 -12.304365 -11.787507 -4.856947 -5.743962 -3.323013 -3.708789 -12.635075 -8.663820 -12.623449 -7.926662 -5.619299 -12.263056 
-2.854923 -9.100804 -13.093280 -14.810793 -2.067641 -3.117128 -7.056045 -5.367397 -12.633167 -11.787507 -4.647059 -5.549450 -9.448320 -3.708789 -12.661414 -8.663820 -12.623449 -8.175886 -8.767892 -15.105565 -13.126528 -3.957456 -14.657003 -4.129546 -2.749941 -1.278330 -17.758228 -5.400386 
-8.555161 -8.723682 -14.006733 -3.296039 -2.326108 -3.117128 -7.056045 -4.366899 -12.633167 -11.787507 -4.882087 -5.681025 -8.504180 -3.708789 -11.881448 -17.923330 -12.623449 -6.423558 -19.416687 
-8.555161 -7.321494 -4.324629 -3.296039 -2.326108 -3.117128 -7.056045 -1.740543 -12.633167 -11.613042 -4.126070 -5.510662 -8.993694 -3.708789 -12.650472 -17.036956 -12.226258 -11.551531 -13.157350 -2.514140 -10.002050 
-8.226632 -4.591065 -10.002050 -3.296039 -2.749680 -3.010896 -7.056045 -13.850327 -12.633167 -11.613042 -3.205325 -5.931145 -10.634155 -3.708789 -12.335539 -17.006445 -12.226258 -10.471015 -10.134869 -19.570997 -3.458980 
-8.407389 -3.789574 -15.537382 -3.296039 -2.371630 -3.010896 -7.056045 -13.418537 -12.290196 -11.613042 -6.345820 -5.904278 -14.297187 -3.708789 -10.605949 -8.278046 -12.212027 -8.682910 -9.579135 -8.863288 -11.025328 -12.465732 -2.760885 
-9.023765 -4.670631 -14.971048 -3.296039 -2.529947 -3.010896 -7.056045 -12.393036 -7.058640 -11.613042 -4.654812 -9.131985 -9.628033 -3.708789 -11.697169 -12.265779 -12.215189 -9.914310 -12.290247 -3.038344 -13.948388 -8.048161 
-8.842904 -4.670736 -15.213711 -6.465355 -2.452607 -3.024531 -7.056045 -12.006021 -2.975090 -11.613042 -4.005149 -9.131985 -13.496264 -5.303310 -12.115512 -12.275433 -12.293682 -9.960602 -13.644361 -14.850607 
-8.842904 -12.390985 -15.213711 -12.076837 -2.134758 -3.024531 -7.056045 -12.211814 -3.809035 -11.613042 -4.600764 -11.460288 -12.810390 -4.366017 -8.998041 -11.863661 -3.649888 -13.882217 -13.009325 -12.025043 -4.622845 -13.503756 -22.300859 -13.670349 -12.222487 -5.143128 
-8.842904 -11.942491 -14.176077 -12.289187 -2.000190 -3.282492 -7.056045 -12.701086 -5.977734 -11.613042 -4.600764 -12.459359 -13.733815 -4.366017 -8.998041 -12.622606 -11.288697 -10.252210 -13.647889 -10.014271 -4.826977 -16.851266 -6.774977 -13.962854 -8.959436 -2.368822 
-8.911387 -10.207498 -12.239645 -12.040337 -2.020544 -3.282492 -7.056045 -12.701086 -5.563087 -11.613042 -5.876353 -12.459359 -10.727544 -4.366017 -9.598072 -12.622606 -4.254534 -22.686479 -21.025614 -14.443940 -3.606617 -10.107454 
-14.318312 -9.704236 -9.806634 -12.597614 -2.020544 -3.282492 -7.056045 -14.383770 -5.619889 -11.719566 -5.993718 -11.213632 -11.982833 -4.366017 -8.318522 -12.622606 -6.303320 -8.627134 -11.291863 -6.214054 -22.354396 -7.130601 -5.020369 -11.873892 -15.055331 -14.544616 -12.942437 
-7.676259 -10.927785 -3.853964 -12.597614 -14.022499 -3.282492 -7.056045 -12.481107 -5.337187 -11.825385 -5.993718 -11.213632 -10.596426 -4.366017 -21.790599 -12.622606 -9.498835 -8.663357 -12.943519 -11.200845 -15.004850 -13.066662 -0.913936 -5.733999 -6.155676 -3.533681 
-2.598233 -8.476972 -4.754925 -12.597614 -11.200845 -3.001571 -7.056045 -2.800092 -5.916210 -11.825385 -5.993718 -11.385255 -9.901331 -4.366017 -4.055560 -12.622606 -9.149546 -9.424864 -3.797128 -20.775251 -13.911584 -12.525169 -11.976509 
-2.808475 -8.318663 -8.883860 -12.685826 -12.967214 -3.001571 -6.126555 -2.954226 -4.740392 -11.825385 -5.993718 -11.385255 -4.112922 -4.366017 -5.911218 -12.622606 -9.531689 -9.180561 -6.317747 -11.839672 -13.911584 -22.042796 -6.476180 -9.418338 -14.304426 
-2.808475 -8.544033 -6.890554 -12.685826 -12.307496 -3.231867 -7.032540 -19.268715 -14.539662 -11.825385 -5.993718 -12.545810 -8.356517 -4.366017 -5.731154 -12.622606 -9.648439 -5.799767 -14.268905 -6.492469 
-3.790955 -8.544033 -9.692088 -12.662778 -13.171567 -3.231867 -7.442847 -17.871300 -13.926855 -11.576729 -5.993718 -11.442980 -8.356517 -4.366017 -4.161367 -12.622606 -6.220416 -8.258142 -5.830476 -5.313423 -15.280513 -3.654632 
-2.535388 -10.034500 -8.830358 -12.662778 -12.085767 -3.231867 -13.130752 -18.970762 -7.912684 -11.576729 -5.708836 -11.442980 -8.758667 -4.671614 -7.671498 -12.622606 -11.826799 -2.342726 -4.320400 -14.002969 -20.348895 -11.499593 
-7.300865 -9.649232 -9.861043 -12.783178 -12.660874 -3.231867 -12.666926 -0.707302 -8.136842 -12.056341 -5.832572 -11.442980 -9.225360 -4.524572 -16.159427 -12.622606 -10.740158 -2.422520 -4.198864 -5.141073 -14.788813 -11.826843 -1.972938 
-3.690904 -9.649232 -20.469449 -12.586343 -12.323255 -3.574879 -12.666926 -3.071889 -8.136842 -12.250482 -6.031480 -11.442980 -8.291102 -5.040431 -14.411058 -12.622606 -14.661364 -2.313895 -9.109364 -6.979630 -17.042551 
-5.208919 -9.422526 -21.931899 -12.586343 -8.184758 -3.574879 -12.577311 -3.061653 -8.136842 -12.250482 -6.031480 -12.497758 -8.291102 -4.165395 -6.554673 -12.623127 -4.293298 -21.975655 -4.448133 -12.684558 
-4.023904 -9.448063 -21.794489 -12.586343 -4.069167 -3.339448 -12.701647 -2.991852 -8.136842 -12.250482 -5.495209 -12.124539 -8.291102 -4.523362 -12.684558 -12.623127 -13.812558 -7.326064 -1.613078 -2.599666 -3.168671 -8.461569 
-12.937249 -7.583455 -3.314430 -12.586343 -5.422242 -3.339448 -12.701647 -1.848961 -8.136842 -12.250482 -5.577445 -12.271264 -12.788154 -4.578660 -3.328906 -12.623127 -8.197090 -10.356264 
-12.736409 -8.261036 -1.238682 -12.586343 -5.494797 -3.339448 -12.701647 -2.490423 -7.963503 -12.250482 -5.392367 -12.280108 -9.831952 -4.578660 -4.811475 -12.651447 -8.756998 -15.072203 
-12.564750 -10.154591 -9.556183 -12.654603 -3.407935 -3.339448 -12.698926 -3.045096 -7.963503 -12.250482 -4.877348 -12.132451 -4.603042 -5.031311 -4.837743 -12.651447 -12.674873 -14.057929 -7.700208 -7.209550 -0.749624 -14.270714 
-12.609228 -8.080637 -8.797781 -12.654603 -5.302874 -3.050021 -12.751403 -0.975629 -7.963503 -12.086702 -4.877348 -12.132451 -12.651447 -12.955839 -4.710581 -14.921924 
-7.120780 -7.558314 -9.603029 -12.654603 -6.031556 -2.972123 -12.751403 -1.024488 -7.963503 -12.086702 -4.044507 -12.143940 -12.651447 -5.133530 -4.701776 -4.073591 -15.258178 -12.412210 
-14.640130 -7.558314 -5.269103 -12.654603 -5.479763 -3.342457 -12.462249 -1.277677 -9.070148 -11.743178 -4.044507 -12.498063 -12.651447 -5.095029 -4.300390 -9.185757 -12.745865 
-11.626751 -8.017311 -5.164456 -12.654603 -5.479763 -3.115994 -11.638520 -2.717125 -9.070148 -11.558246 -9.105214 -12.707952 -12.651447 -22.448115 -4.627037 -14.684203 -6.544594 -12.672856 
-12.701244 -6.780235 -12.631423 -12.654603 -6.131615 -3.436622 -12.329619 -2.155833 -7.823898 -11.823879 -9.339759 -12.707952 -12.651447 -22.740727 -5.225293 -7.235779 -4.946968 -14.529318 -14.727361 
-13.555393 -6.581666 -8.575671 -12.654603 -6.432911 -3.850690 -12.594483 -3.284966 -7.663653 -11.823879 -9.165244 -12.685136 -12.651447 -22.006619 -2.620999 -4.220034 -11.518490 -5.088638 -4.811201 -10.371266 -5.054041 -13.671368 -13.486963 -22.677305 -2.866595 -15.261819 
-11.817837 -6.694091 -4.663006 -12.713015 -5.428275 -4.249133 -12.370713 -5.992289 -7.612800 -11.823879 -8.009172 -12.685136 -12.651447 -21.721516 -14.225351 -4.584650 -5.051731 -5.088638 -3.874791 -2.864727 -14.265756 -13.958874 
-12.478478 -7.799857 -7.105675 -12.713015 -4.764028 -3.029764 -11.751690 -5.687035 -7.612800 -11.823879 -6.666846 -12.685136 -12.651447 -21.269131 -4.423965 -2.933163 -13.616213 -5.179006 -10.841975 -6.335513 
-13.268857 -9.201138 -7.001967 -12.713015 -5.088573 -3.158883 -8.390935 -1.422650 -7.146911 -11.783477 -8.328927 -12.613172 -12.621857 -21.269131 -2.782830 -11.365279 -5.417347 -4.997019 
-13.268857 -8.940309 -8.571007 -12.713015 -5.088573 -3.030054 -5.005934 -2.059435 -7.146911 -11.783477 -9.322054 -12.613172 -12.621857 -18.195402 -14.065378 -10.378520 -5.087462 -14.146525 -5.088331 -5.313511 -10.983221 -9.331903 -1.139689 -4.675216 -10.538458 
-12.287535 -8.495954 -8.682412 -12.713015 -5.179541 -3.286104 -5.719134 -2.647329 -7.146911 -11.923509 -8.164873 -6.791071 -12.621857 -17.756836 -6.382073 -11.780909 -4.629488 -14.036951 -14.551921 
-13.142266 -8.189402 -1.755542 -12.713015 -5.499853 -3.275494 -5.811225 -1.616742 -7.511226 -11.368430 -7.857822 -15.236495 -12.621857 -15.330100 -0.813035 -11.042703 -5.390580 -6.044188 -8.696795 -6.263139 
-12.524509 -8.812370 -6.011444 -12.713015 -12.354290 -3.355317 -5.811225 -2.956453 -7.511226 -11.955455 -9.245770 -3.606479 -12.621857 -16.602874 -13.848718 -11.139252 -4.270940 -6.403966 -11.601551 -7.235004 -5.548559 -14.890881 -17.923924 
-12.581054 -8.905053 -6.022713 -12.812562 -11.861319 -4.097553 -6.071951 -12.927465 -7.511226 -11.942575 -9.245770 -3.606479 -12.621857 -6.597637 -2.547168 -11.577882 -6.742792 -12.907791 -8.048388 -7.350876 -13.208380 -4.382522 -2.650354 -6.666379 -19.491878 -6.361200 
-13.000680 -8.714953 -12.721352 -12.812562 -11.861319 -3.500725 -5.688197 -11.500997 -7.542438 -13.689834 -14.027495 -4.873495 -12.621857 -19.578991 -11.216288 -8.045307 -6.559361 -11.419463 -8.227257 -14.952735 -3.364449 -15.568965 -10.216804 -11.098152 
-12.831757 -8.155023 -6.978961 -12.812562 -1.937455 -4.165325 -4.594543 -20.465621 -7.542438 -7.552699 -11.925503 -5.738421 -12.621857 -11.640031 -4.517202 -8.200185 -5.275325 -5.912443 -3.710679 
-13.593276 -8.473772 -14.792248 -12.812562 -2.883293 -3.208137 -4.984811 -17.290948 -7.228702 -9.419934 -10.421978 -5.738421 -12.621857 -11.640031 -4.544116 -8.764398 -14.553961 -14.858999 -4.434755 -15.044298 
-12.315378 -8.473772 -14.572320 -12.812562 -2.149013 -2.923595 -4.984811 -5.135980 -6.233658 -12.256323 -11.473178 -5.738421 -12.621857 -11.269370 -7.678647 -8.458143 -13.306748 -20.854323 -13.986021 -12.601623 -13.754780 -4.466801 -19.446221 -5.879444 -19.836892 -10.991557 
-3.250762 -5.489963 -12.101397 -12.812562 -2.234695 -2.923595 -4.707882 -13.006170 -2.727361 -11.096067 -12.100346 -4.747725 -12.621857 -11.269370 -7.936495 -10.281677 -1.598619 -7.630679 -11.775815 -5.405232 -12.572593 -14.133663 -22.895245 
-3.898569 -12.212245 -3.745937 -12.812562 -2.219175 -3.627086 -5.530480 -12.903051 -9.338586 -7.901659 -12.097719 -4.185024 -12.621857 -11.184987 -7.936495 -8.477223 -8.256470 -10.232221 
-10.046676 -12.879164 -4.391557 -14.039080 -2.323938 -3.022560 -5.615745 -12.806659 -7.960028 -9.995471 -12.097719 -3.887026 -12.772251 -11.434977 -7.936495 -7.667662 -14.899824 -12.501067 -12.292891 -1.536483 -2.458415 -10.862470 -9.505158 
-10.046676 -19.240556 -7.494878 -14.669229 -2.608941 -3.773424 -6.238267 -12.806659 -7.313143 -8.250066 -10.760503 -4.609319 -12.772251 -11.434977 -7.936495 -8.682490 -19.049070 -12.501067 -9.505158 -14.794200 -6.836609 -10.368349 -2.622432 -12.048552 -9.889660 
-9.846764 -17.135536 -1.836985 -12.519553 -3.975466 -3.773424 -6.238267 -12.417480 -11.520566 -11.381662 -11.625999 -4.224104 -12.772251 -11.434977 -7.266866 -8.525967 -9.742717 -2.493555 -13.591221 
-8.625359 -16.263236 -2.657467 -12.519553 -6.153284 -3.941948 -5.317012 -12.242476 -12.436705 -11.381662 -12.322899 -7.011453 -12.772251 -11.434977 -7.266866 -7.538899 -5.495913 -14.369333 -4.458673 -11.341699 -12.006775 
-8.625359 -12.234515 -2.266411 -12.519553 -4.015126 -3.871450 -4.916776 -12.438331 -1.238415 -11.381662 -11.851271 -4.305485 -12.772251 -11.434977 -7.266866 -8.536288 -6.398362 -2.320874 -12.064078 -10.061354 
-8.603696 -11.459463 -1.471746 -12.519553 -6.651778 -3.882372 -5.347654 -12.438331 -5.316248 -11.381662 -10.614828 -4.946523 -12.772251 -11.180795 -7.266866 -8.536288 -10.205011 -10.625478 -10.723572 -6.429572 -12.245056 
-8.069003 -11.459463 -8.931942 -12.307678 -4.674718 -4.564133 -4.535826 -10.760709 -9.736691 -11.381662 -11.781071 -5.082294 -12.772251 -11.763604 -7.266866 -8.930708 -2.933593 -13.305232 -12.637135 -14.952360 -6.333282 -9.727059 
-10.694291 -10.088289 -7.729086 -12.224780 -4.338150 -3.030261 -5.797178 -12.045165 -9.090686 -11.325813 -11.187659 -5.082294 -12.772251 -11.763604 -7.266866 -3.856225 -1.540633 -15.051456 -6.357724 -4.889188 -2.552010 
-8.966849 -13.255895 -8.409390 -12.224780 -7.172367 -3.133814 -5.224359 -12.746687 -9.623851 -11.325813 -10.811663 -5.082294 -12.772251 -11.763604 -7.266866 -5.089736 -4.978445 -17.945841 -3.174006 -9.935525 -14.067031 -4.672430 -11.383829 -14.241486 -19.215565 -8.549686 
-6.676534 -9.994445 -8.864831 -12.224780 -2.845047 -3.208893 -4.533415 -12.249867 -8.376046 -11.325813 -10.874325 -5.082294 -12.839313 -11.763604 -7.266866 -5.719916 -19.217001 
-10.949793 -2.460088 -14.556748 -12.629336 -2.438002 -2.984808 -5.993823 -12.249867 -7.992782 -7.063960 -11.038371 -5.514924 -12.839313 -11.852416 -7.710660 -12.504797 -18.014359 -8.254291 -4.707679 -13.946299 -9.841728 -9.280806 -3.418425 -4.058900 -5.909808 
-9.624755 -15.001774 -4.645337 -12.601160 -3.361631 -3.908552 -5.121655 -12.249867 -22.088237 -10.637029 -11.038371 -5.514924 -12.839313 -11.852416 -7.710660 -7.443405 -14.377106 -15.198204 -7.988118 -9.602293 -4.770203 -8.418126 -9.984326 
-8.907606 -11.348442 -5.328610 -12.601160 -3.628547 -3.549009 -5.290496 -12.691803 -8.087710 -14.860581 -11.831975 -5.806816 -12.839313 -11.852416 -7.710660 -7.993411 -12.086276 -15.558864 -7.644881 -14.434869 -9.432747 -14.145439 
-20.116870 -11.348442 -7.918809 -12.601160 -3.087335 -2.869039 -5.063301 -12.822273 -7.772150 -4.189849 -11.546138 -5.418551 -12.839313 -11.852416 -7.710660 -8.712539 -11.639035 -7.269833 -15.032099 -3.307723 
-3.071822 -11.608588 -7.992974 -11.548553 -12.602000 -3.367490 -5.087463 -12.822273 -7.772150 -5.073234 -11.780694 -5.418551 -12.839313 -11.550367 -6.934745 -8.773961 -5.523505 -10.868065 -8.103258 -13.083062 -11.724140 -12.263271 -4.646599 -5.971274 -8.448120 
-4.637565 -9.249004 -10.863934 -4.792365 -12.602000 -3.171869 -5.361218 -12.822273 -7.103696 -13.701060 -11.722587 -5.418551 -12.980669 -11.550367 -6.934745 -8.773961 -4.734646 -10.868065 -8.103258 -7.811189 -12.231021 -4.607780 -5.543323 -7.884346 -13.742004 -14.442000 -13.561116 -15.598788 -5.884431 -15.310589 -14.634815 
-2.822838 -9.326943 -17.457689 -9.705739 -9.122685 -3.603199 -13.010656 -13.556302 -4.660254 -6.249936 -11.696629 -5.418551 -12.980669 -11.530796 -6.934745 -8.504784 -4.279117 -10.868065 -5.517153 -6.670101 -4.199091 -5.076483 -11.480298 
-1.532034 -5.982261 -14.651120 -22.581348 -9.134476 -3.792516 -13.010656 -12.801617 -9.780372 -5.275815 -10.997579 -5.370104 -12.980669 -11.530796 -7.244881 -8.361105 -6.531021 -4.981874 -5.732061 -7.729033 -5.325105 -13.804993 
-1.651253 -5.380305 -11.153736 -21.888933 -9.065129 -3.792516 -13.010656 -11.957879 -9.780372 -6.082958 -11.818639 -5.370104 -12.980669 -5.615182 -6.602455 -11.320377 -7.152804 
-4.502647 -6.940476 -5.024953 -22.811868 -3.480909 -3.493144 -13.010656 -13.313204 -10.386049 -15.744011 -10.957493 -5.643501 -12.980669 -1.974128 -6.602455 -8.549541 -7.473679 -10.916152 -5.720880 -11.847254 -1.767016 -13.051919 -5.300723 -10.874902 -14.140026 
-21.936166 -4.359573 -8.070228 -11.018423 -4.799865 -4.438623 -13.010656 -13.313204 -10.386049 -4.176726 -11.044505 -11.850541 -12.980669 -0.804691 -6.007067 -9.443922 -5.594008 
-20.634351 -5.122114 -7.476999 -10.934401 -4.855996 -3.147834 -13.010656 -12.118127 -9.832300 -5.614476 -11.307740 -9.443922 -12.980669 -2.001231 -5.362836 -22.447066 -14.965746 -3.274884 -14.874121 
-22.108318 -10.201708 -7.718524 -10.787092 -4.876852 -4.350205 -13.010656 -13.382377 -6.270364 -5.614476 -14.796172 -8.407305 -12.980669 -2.148147 -6.039577 -10.903724 -13.525692 -11.280055 -10.462167 -13.702098 -1.965831 
-11.101783 -9.186699 -12.583399 -10.819595 -7.242965 -4.063610 -12.943475 -11.668323 -10.877666 -5.614476 -10.455838 -9.446589 -12.980669 -2.158402 -6.039577 -3.571962 -3.004498 -7.498245 -12.088221 
-11.101783 -12.552199 -9.604076 -10.819595 -3.628902 -3.953530 -12.943475 -11.747812 -3.455194 -5.030186 -10.483185 -10.111426 -12.980669 -1.972540 -5.612106 -3.756356 -9.625089 -11.221247 -18.865422 -11.334754 -13.983816 -12.087805 -14.788189 -6.050159 
-11.362253 -21.004241 -8.697542 -10.919086 -5.120095 -3.875056 -12.943475 -3.940370 -7.781095 -5.030186 -10.483185 -9.623022 -12.980669 -2.800289 -6.036354 -11.263070 -5.938718 -11.691950 -5.279596 -11.869611 -1.660813 -13.431004 -13.722678 -13.820719 -2.807110 
-11.362253 -1.877923 -7.560326 -10.919086 -5.063831 -3.957677 -12.943475 -18.103415 -3.710817 -5.030186 -10.284239 -8.724972 -12.967227 -10.549479 -6.036354 -10.620733 -14.525279 -14.915276 -4.758312 -7.864094 -7.572552 -11.660291 
