-54.352332 -66.998333 -71.993998 -55.670266 -49.384926 -56.155845 -53.788303 -61.556735 -54.627328 -40.538030 -56.622753 -53.980894 -40.297409 -55.181133 -46.053288 -48.135447 -56.758565 -49.218324 -53.774855 -35.922831 -51.973800 -55.410612 -56.881721 -60.437679 -49.581740 -63.259393 -54.147949 -55.012501 -47.249614 -58.333774 -65.821952 -66.971003 -56.688320 -68.277534 -66.157884 -51.903723 -62.511076 -55.809090 -63.853621 
-61.032471 -70.707573 -49.630446 -55.683899 -68.923863 -56.069753 -63.235035 -52.805502 -54.289660 -67.464664 -56.349820 -53.194007 -52.531666 -54.950357 -47.135986 -49.361932 -57.491799 -50.291155 -54.671929 -69.314895 -48.616804 -55.362361 -57.803395 -60.576906 -61.314733 -56.510563 -55.331412 -54.740299 -69.370327 -39.145173 -49.042463 -53.133047 -58.896184 -63.169832 -66.450265 -61.965246 -66.440499 -64.200643 -65.416480 -67.138261 -39.101972 
-55.143812 -69.802961 -66.824152 -55.255843 -60.712185 -56.069753 -68.948069 -54.935561 -67.410328 -62.208492 -57.326316 -39.628746 -51.716144 -54.810595 -49.374194 -49.354074 -57.621168 -48.794092 -54.784592 -60.612101 -45.307929 -56.427090 -40.788229 -68.611214 -67.223970 -54.318746 -55.308514 -51.039069 -69.585659 -64.788194 -54.615011 -75.500308 -64.660643 -36.215905 
-55.297896 -56.299501 -63.192513 -55.636997 -60.553102 -55.982264 -52.592501 -55.208496 -56.865927 -46.860452 -56.857724 -47.010476 -69.413137 -55.281512 -68.159679 -61.601966 -57.587971 -39.282649 -54.722876 -60.640209 -45.269503 -72.725644 -57.905004 -65.655008 -38.020203 -54.268529 -55.121061 -61.360495 -47.490959 -39.316523 -49.871850 -62.782722 -50.641174 -47.893496 -47.025838 -56.418020 -64.204250 -57.013866 -61.079976 -50.901666 -64.814302 -62.369124 -52.192620 -65.165015 -54.994383 -64.441336 -61.029440 
-55.507873 -55.236597 -71.237005 -61.928050 -58.220018 -56.039052 -72.785584 -61.782458 -52.762915 -63.383004 -42.794157 -62.235789 -56.766928 -55.522000 -51.481430 -59.030540 -57.358778 -58.685666 -55.615749 -60.637301 -52.882245 -53.880679 -57.604378 -45.759455 -53.090813 -67.347770 -54.184262 -59.557634 -47.737595 -39.042293 -57.340906 -62.454773 -51.325880 -49.044741 -63.751896 -55.975914 -56.449918 -54.194112 -39.643300 -49.734371 -55.452976 -39.110603 -54.745079 -57.379587 -55.560245 -74.636319 -66.266476 -62.733566 -67.057460 -55.736611 -73.359595 
-55.647837 -55.193170 -72.902735 -46.720472 -55.363588 -56.034324 -48.440876 -60.409338 -41.840278 -64.608465 -42.793864 -61.999327 -56.215873 -55.673271 -67.467521 -55.263316 -57.641376 -66.677561 -63.590363 -60.457199 -67.961320 -74.941337 -55.235526 -61.776766 -72.948056 -63.243769 -55.016135 -45.745824 -47.680150 -39.372362 -67.180101 -70.148537 -60.939531 -46.934578 -60.150204 -55.563088 -53.049834 -45.582607 -52.824203 -47.053734 -58.817219 -71.530246 -54.316581 -64.117464 -55.672864 -60.880156 -63.280895 -51.628611 -65.837562 -36.643246 -67.011546 -55.918358 -60.081428 -66.602515 -63.085738 -69.522823 -47.519271 -70.062398 -70.313446 -62.089978 -66.210019 -58.857114 -55.718455 -48.094329 
-55.464632 -63.814592 -55.899290 -54.174501 -74.723092 -56.065020 -49.972009 -53.837187 -62.965694 -47.570781 -67.148091 -56.470843 -54.816516 -54.452028 -67.822982 -54.278475 -57.569334 -46.215138 -62.509499 -60.288618 -56.326824 -54.899435 -71.338880 -72.208636 -53.644481 -47.408888 -57.119758 -52.751155 -60.827933 -47.131703 -50.227757 -60.618964 -43.638884 -50.705828 -64.082863 -63.529174 -55.977402 -59.627776 -70.518804 -67.615535 -53.961295 -55.174238 -56.878472 -68.901139 -64.224121 
-55.908747 -37.376517 -55.462817 -56.842727 -42.585458 -56.230439 -49.521471 -53.250030 -72.087128 -66.466218 -56.335914 -59.703703 -65.682117 -55.262120 -54.119118 -54.677387 -57.983577 -75.468578 -46.668534 -60.029446 -59.005531 -48.156208 -67.380161 -60.238410 -52.866663 -55.117252 -60.766884 -42.615089 -73.275310 -55.167379 -63.105154 -68.585398 -64.364379 -64.725304 
-55.552896 -39.527877 -56.422488 -48.513906 -59.614211 -56.187847 -50.630415 -53.685593 -55.867615 -56.045404 -72.385108 -62.194070 -53.511334 -60.757043 -50.177689 -43.640142 -58.015335 -55.621241 -63.009441 -60.173774 -50.431650 -65.911810 -59.939370 -59.050152 -52.801618 -55.713559 -50.323440 -47.552492 -64.336479 -55.803511 -61.355544 -65.318586 -61.549321 -62.731752 -51.194566 -60.699079 -54.874670 -63.018386 -46.972887 -47.661226 -66.573402 -66.250657 -54.426670 
-55.733136 -51.760583 -55.477651 -36.752136 -52.341546 -56.166292 -63.859066 -57.140041 -55.374250 -57.633911 -65.628389 -62.390557 -53.735673 -51.121836 -66.421221 -62.607512 -57.782502 -55.759898 -47.314090 -53.971755 -56.383707 -45.931760 -54.875112 -60.260702 -52.791348 -55.613411 -58.426415 -71.552800 -54.539391 -51.568694 -66.403179 -62.394433 -62.996209 -58.156114 
-53.104550 -55.585387 -55.877301 -36.091606 -63.298200 -56.166292 -62.445488 -50.078036 -49.429483 -61.186261 -61.674170 -52.402529 -52.896005 -50.654722 -54.009349 -61.165123 -57.539707 -55.345156 -63.610175 -58.390043 -59.808412 -47.009950 -51.314235 -60.069861 -52.791348 -55.413922 -60.119310 -57.085119 -42.578936 -52.148069 -72.054268 -64.440421 -71.997886 -62.802934 -56.004222 -47.640473 -64.363691 -51.580382 -68.562130 -58.032866 -63.123509 -69.194555 -57.392583 -66.431671 -63.005766 -68.807650 -48.181116 -68.223941 -73.325957 
-55.745710 -55.756029 -70.793179 -55.025160 -53.850427 -56.187644 -66.529627 -62.898938 -58.493760 -58.841244 -65.256236 -47.667083 -53.348351 -51.315865 -53.849437 -67.508996 -57.747151 -55.559607 -59.099068 -64.417152 -66.234004 -45.646696 -64.694345 -59.995230 -52.846473 -55.313822 -57.864424 -65.629656 -37.934689 -69.302699 -68.348134 -55.042114 -47.927978 -65.710267 -63.675778 -52.055240 -68.127018 -69.440570 -62.187287 -68.068473 -37.127037 -71.663189 -53.576579 -64.476578 -66.153834 -54.985912 -47.458817 
-55.808565 -55.532266 -68.808770 -62.513972 -54.134368 -56.252911 -63.868698 -64.273012 -57.210256 -55.649411 -52.290681 -47.003704 -54.239350 -58.656032 -54.305773 -62.475147 -58.071616 -55.059417 -57.639468 -58.773544 -53.173426 -46.253696 -67.798817 -59.590205 -53.177201 -54.223179 -63.572339 -68.037972 -36.389414 -65.179228 -58.911266 -55.566475 -47.235574 -67.810234 -63.354320 -42.317789 -62.044482 -56.620662 -69.657457 -54.845293 -72.047994 -57.712337 -60.710439 
-55.380789 -56.662477 -54.807159 -58.380226 -62.098183 -56.676025 -74.986779 -69.343885 -64.652745 -73.655019 -51.931448 -63.667876 -54.601683 -59.637544 -53.534579 -60.047196 -57.949828 -55.675190 -56.512773 -52.214816 -62.162951 -69.951022 -55.226954 -59.619427 -54.230857 -54.778906 -45.799681 -54.004965 -60.805874 -39.738402 -68.959316 -57.500442 -46.210176 -63.759634 -64.090887 -74.211162 -55.407528 -63.147800 -47.221397 -71.239555 -68.475376 
-54.813968 -63.455652 -71.540185 -58.787329 -57.844734 -56.676025 -41.482085 -57.841682 -48.756487 -55.641538 -57.213361 -66.136358 -54.340089 -51.983941 -53.849123 -67.052033 -45.138760 -64.443185 -57.921673 -57.513674 -58.545720 -55.550990 -55.216564 -59.302843 -54.342149 -55.364839 -66.787481 -60.100964 -46.758659 -69.870648 
-59.860704 -56.677305 -54.955897 -57.282620 -54.948157 -56.393191 -55.152233 -54.502651 -48.850173 -55.986250 -58.599372 -62.841350 -63.151497 -52.455801 -53.507652 -42.084634 -71.016440 -65.553857 -67.870258 -55.174577 -53.741243 -43.195163 -73.358715 -58.000830 -43.033129 -58.931734 
-59.110953 -54.190844 -62.035920 -57.763515 -53.886696 -56.393191 -67.996045 -71.377059 -49.508130 -61.189889 -59.021164 -53.413071 -70.557334 -52.313771 -60.541643 -54.761136 -57.444337 -61.329849 -62.673140 -41.403443 -56.091941 -73.531214 -53.503277 -48.823856 -55.283424 -54.696763 -44.122261 -55.260639 -71.234012 -58.667734 -61.594482 -54.732172 -63.503262 
-59.214017 -46.621210 -58.913322 -57.501622 -53.676217 -56.393191 -52.715653 -74.141854 -66.906096 -63.404676 -61.443058 -52.601571 -65.122244 -59.266823 -39.225432 -68.429852 -58.474637 -57.564761 -46.791649 -73.422541 -55.627985 -41.898442 -53.725972 -52.805580 -55.543682 -55.185384 -66.220237 -70.408156 -55.479702 -51.725691 -46.693581 -66.200313 -48.905924 -54.500023 -61.486670 -68.353944 -57.326374 -69.016918 -66.544555 -60.550680 -52.287886 -66.874671 
-42.492983 -69.318678 -53.671364 -58.107210 -54.486846 -56.466718 -72.301588 -70.864708 -62.362832 -59.241159 -59.312508 -52.606070 -46.429484 -58.319363 -63.707276 -54.769864 -55.321330 -51.412740 -67.094811 -68.935118 -55.096590 -42.184503 -53.847837 -51.682904 -65.048114 -54.976954 -68.349888 -53.301752 -68.958722 -51.320175 -54.436708 -61.562493 
-69.841035 -62.636653 -52.038716 -58.289816 -54.217771 -56.488603 -64.791267 -54.530277 -64.531582 -59.048852 -59.726532 -54.976130 -46.432026 -59.079163 -62.137604 -55.662788 -57.109341 -41.000600 -61.598996 -55.255780 -55.010441 -41.713539 -53.395194 -51.405211 -72.537055 -60.005391 -53.424122 -55.298633 -65.375067 -64.421837 -68.191740 -67.313366 -52.933677 
-57.785808 -69.185185 -52.504071 -57.782674 -55.234518 -56.573673 -67.855181 -71.164328 -73.524897 -63.505021 -59.956725 -55.414352 -65.115958 -57.286641 -56.619939 -55.546005 -47.882883 -40.724273 -60.182387 -55.201768 -69.172188 -42.498782 -53.713288 -51.649396 -65.806087 -58.549234 -55.723025 -56.241240 -51.062455 -55.781990 -68.859812 -55.235501 -68.219145 -68.097558 -68.440623 -67.016892 -54.575774 -65.008287 -50.626406 -65.138146 -68.507586 
-62.290457 -57.045574 -52.821471 -57.211178 -55.270378 -56.342173 -66.301591 -55.466520 -63.870072 -53.168074 -59.781042 -53.248105 -58.408351 -66.781237 -58.224331 -55.662877 -40.614542 -68.223745 -48.143119 -56.464317 -66.705516 -65.526680 -55.610201 -54.150115 -72.631451 -63.826125 -56.503686 -55.980074 -49.349842 -56.601614 -57.128114 -61.089629 -70.955883 -58.523152 -55.717701 -69.245173 
-48.506304 -69.889502 -53.192169 -57.360253 -54.855349 -56.585956 -68.675890 -55.340752 -57.195371 -54.172931 -59.695447 -53.726749 -69.361604 -61.004611 -63.044841 -63.659822 -40.737736 -59.998719 -47.174398 -55.931357 -55.720498 -63.941584 -69.200985 -54.076166 -56.906865 -56.946968 -56.139056 -55.570817 -56.730182 -57.197665 
-47.302493 -55.612863 -52.713282 -57.686525 -56.917235 -56.614201 -57.829298 -55.949770 -71.641846 -75.899441 -59.619893 -54.304517 -59.394005 -58.036464 -75.162083 -63.703096 -40.637995 -57.804662 -47.085450 -55.482517 -67.949912 -64.784431 -55.149762 -60.947310 -56.300079 -74.882708 -54.990367 -61.245717 -52.320458 -53.715485 -51.150984 -55.540972 -67.511762 -71.261888 -68.276285 -72.325726 
-69.484492 -45.501715 -53.403671 -57.930768 -63.267772 -56.580357 -40.296340 -55.736903 -56.392585 -74.376407 -62.684897 -53.509185 -66.755588 -61.237831 -64.020975 -64.632742 -69.380123 -57.879095 -56.268832 -55.607818 -46.158708 -65.165296 -55.350456 -56.042862 -56.094068 -65.880172 -55.150296 -56.151237 -63.996076 -54.319404 -51.595713 -56.522379 -61.129859 -72.638592 -69.184861 -47.676522 -62.116924 -58.412145 -57.050236 -40.384647 -59.842266 -72.583502 -64.270954 -58.467917 -60.447801 
-55.814265 -45.408945 -53.084250 -63.971206 -58.467796 -57.058514 -59.341520 -54.694984 -56.050704 -64.651665 -56.077244 -52.935493 -71.772374 -45.633292 -50.846688 -60.180289 -57.682288 -62.005778 -72.681828 -55.418152 -49.648408 -52.095827 -54.780209 -39.730598 -61.128665 -49.794607 -54.021086 -69.096898 -57.583022 -53.922600 -49.900765 -57.503389 -65.129085 -71.433520 -65.080267 -66.960061 -47.736551 -54.306299 -59.281373 
-63.661575 -66.232981 -53.042786 -57.758175 -75.732861 -57.184315 -59.146288 -55.203411 -67.861957 -65.103213 -38.909938 -53.191985 -56.261600 -59.507626 -51.437010 -45.615889 -57.494594 -54.330567 -58.378367 -55.646493 -63.163064 -60.087439 -69.420096 -55.664947 -52.397990 -63.492971 -54.330225 -73.620237 -68.573264 -53.488158 -49.959592 -57.363199 -74.398562 -72.963677 -61.851898 -36.430073 -66.364541 -52.067065 -70.258080 -62.442848 -62.224122 -55.994365 -60.103448 -60.994338 -62.116017 -39.939435 -70.182262 -49.646234 -70.094231 -65.935033 
-63.887468 -37.037459 -53.008065 -56.215868 -61.105592 -57.412491 -71.736174 -54.843705 -53.766372 -57.138751 -61.357760 -54.913400 -66.123872 -57.441624 -59.103239 -60.966354 -57.510873 -54.537449 -58.008163 -55.494686 -51.410753 -61.962489 -59.768164 -47.122297 -48.915772 -59.590829 -54.200270 -56.573876 -68.521006 -67.800422 -68.291024 -48.813946 -60.533535 -66.502947 -58.450495 -64.703796 
-64.758420 -41.912755 -61.996182 -57.481454 -59.607539 -57.229137 -66.705445 -56.050643 -53.557570 -70.825959 -68.519242 -55.016365 -64.197794 -58.022826 -57.255390 -62.943856 -57.943329 -57.032297 -68.548968 -54.968632 -51.410753 -52.644285 -55.029079 -51.578577 -49.069793 -61.728095 -54.624345 -66.287189 -44.890019 -54.688453 -62.699023 -59.566306 
-59.857863 -41.824509 -63.813222 -70.643206 -71.524025 -57.188133 -59.645067 -59.291386 -53.193797 -51.098263 -61.861344 -55.055389 -63.560009 -56.621584 -47.266523 -63.367281 -57.449837 -56.145956 -62.056857 -54.649826 -51.314768 -68.927042 -55.241335 -57.324390 -57.344767 -47.537726 -54.699871 -63.529665 -50.631899 -59.013501 -54.395620 -63.682540 -57.867675 -58.789760 -72.891660 
-56.387673 -45.818900 -54.921531 -53.165359 -52.560173 -67.342893 -59.485252 -70.524294 -61.149912 -48.513967 -53.621600 -54.953231 -65.094666 -56.826059 -62.231649 -67.706991 -57.909142 -55.763138 -68.971716 -54.431461 -52.013044 -40.375025 -57.101522 -49.895262 -63.877099 -47.049129 -54.154779 -50.434587 -59.653009 -47.567222 -52.520371 -63.033374 -57.632058 -63.882809 -52.997984 
-53.211997 -57.952477 -50.156919 -53.360574 -51.574695 -54.519845 -59.769387 -49.759389 -65.565541 -48.410537 -61.754062 -55.190272 -64.497326 -67.951417 -47.000051 -67.879657 -57.433499 -54.887759 -58.056586 -54.431461 -56.461634 -49.763147 -57.113240 -50.582254 -67.300955 -59.821832 -54.141602 -56.832472 -67.615338 -39.333751 -47.279331 -60.774657 -48.995071 -41.750331 
-53.476539 -57.008635 -64.086532 -68.598254 -52.539595 -54.096857 -59.827293 -48.572760 -47.042401 -62.186843 -64.896197 -54.203347 -68.221941 -56.974506 -71.368991 -68.595584 -57.433499 -55.158522 -57.829610 -54.502499 -56.130129 -52.412573 -57.227989 -71.542316 -40.634247 -53.889757 -54.177249 -68.365336 -58.999366 -57.067143 -60.179837 -71.998078 
-54.019183 -39.232488 -67.951527 -56.033616 -51.810472 -55.744017 -59.172341 -49.136273 -47.502731 -67.712571 -58.803730 -54.615637 -50.145242 -67.745726 -65.546125 -42.263001 -57.770382 -54.827912 -66.880684 -54.881694 -64.031833 -52.457948 -57.227989 -61.961690 -52.387572 -53.750292 -54.524412 -57.644663 -60.145018 -47.230575 -56.869116 -53.475800 -67.383215 -72.812460 -57.345045 -41.280015 -63.605413 -67.339088 -51.609441 -67.568425 -59.264900 -67.626710 -41.032548 
-55.221194 -53.057968 -58.604102 -60.160269 -51.815353 -61.649975 -58.226631 -56.730348 -73.517661 -47.904582 -57.478461 -54.882284 -53.035534 -68.721280 -48.355546 -48.910240 -57.658080 -55.877092 -53.901005 -55.762300 -55.642530 -51.292967 -57.038698 -40.578884 -55.270082 -55.296389 -56.143838 -64.444736 
-54.904765 -62.294205 -52.226290 -71.780245 -52.266541 -66.685811 -58.683628 -53.897326 -45.944416 -47.754183 -72.508495 -71.675550 -63.307236 -59.524008 -51.695720 -48.353240 -51.241638 -66.531267 -55.540064 -63.820975 -68.543054 -52.297027 -57.089107 -39.138117 -55.401520 -54.767677 -63.880423 -57.824643 -57.753206 -51.558384 -53.574455 -57.152763 -57.213044 -58.682975 -53.267301 -55.417041 -68.314848 -62.399120 -50.612134 -69.948790 -62.388890 -61.687093 -57.871221 -69.609630 -58.034032 -68.463518 -56.259089 
-54.980954 -39.324391 -65.728801 -64.375045 -62.752309 -51.452474 -59.280724 -53.396513 -46.430491 -57.374718 -55.885562 -53.258402 -56.970888 -54.969553 -52.436682 -71.862814 -71.928208 -63.188723 -55.006694 -49.202161 -69.047757 -58.473538 -56.955618 -67.460513 -55.412783 -54.876561 -63.533338 -56.545874 -59.872610 -61.798464 -69.357016 -47.833651 
-54.922957 -42.334761 -64.602143 -53.504345 -71.232862 -51.648063 -60.123579 -63.429865 -58.431959 -57.736315 -69.453026 -69.658555 -55.951972 -54.531099 -51.730383 -66.364166 -45.706122 -63.134796 -57.888489 -55.009573 -56.079983 -49.009869 -56.646030 -51.759344 -55.492493 -55.032592 -65.211828 -46.307771 -57.484256 -69.366964 -59.992993 -67.764592 -55.009651 -53.846727 -55.394648 -69.990395 -72.893089 -67.089266 -67.237290 -67.520008 -55.093321 -69.322415 -58.498968 -58.434427 -57.613302 
-54.906246 -39.298210 -55.175250 -54.424110 -71.314290 -59.637892 -60.023062 -49.280241 -52.306197 -57.176150 -58.363206 -65.322276 -69.880444 -55.506524 -44.645622 -57.367807 -61.164247 -54.902389 -47.279690 -54.892798 -60.082285 -41.961384 -56.646030 -52.258628 -67.115971 -54.991705 -64.232734 -59.435233 -54.851721 -63.684366 -60.371858 -67.611488 -54.984314 
-54.642562 -43.390653 -56.283517 -54.420689 -41.574671 -61.399819 -60.182099 -55.258509 -51.552210 -57.324709 -58.901435 -63.184069 -56.890588 -55.213827 -46.381475 -57.222453 -60.670586 -55.018149 -48.879314 -54.652956 -68.114543 -54.825531 -56.569477 -66.808581 -61.189911 -54.862913 -62.057337 -65.246958 -70.189162 -46.744836 -69.732505 -42.525269 -71.381955 
-54.906120 -72.445923 -56.034089 -59.484318 -64.213815 -59.698090 -47.426785 -54.929225 -51.670305 -56.869356 -61.583011 -40.880675 -66.341625 -55.541250 -54.326497 -60.337507 -59.102305 -55.253591 -48.504128 -54.879538 -63.182963 -56.253222 -56.677153 -68.016824 -46.929023 -65.045043 -40.504465 -40.728672 -66.271327 -48.172607 -67.259472 -70.498161 -62.000118 
-54.925021 -60.239394 -57.950300 -52.665229 -64.391543 -63.888245 -46.131094 -55.269877 -70.393042 -57.119108 -54.264508 -41.153924 -58.166072 -54.827480 -53.612127 -60.673751 -55.750455 -54.896816 -60.259091 -42.132413 -53.136641 -58.778866 -56.663521 -67.691899 -43.779914 -63.355422 -40.578913 -50.052974 -53.396499 -46.354853 -69.390540 -48.714989 -71.592476 -60.309381 -61.743935 -46.963511 -51.757186 -46.506069 -57.204594 -69.247753 -54.011529 -47.409617 
-55.164995 -59.957113 -46.987632 -53.871276 -65.083744 -41.764067 -62.632228 -55.141765 -51.797107 -57.069894 -54.301476 -42.333587 -70.114800 -54.690157 -54.331077 -73.258282 -56.700668 -54.263959 -59.786447 -67.463332 -58.034013 -59.082924 -56.591672 -59.141802 -45.806909 -63.801349 -71.701724 -50.392895 -54.118078 -68.620696 -47.467898 -46.220574 -75.800427 -48.804289 -54.532386 -52.865487 -47.141491 -58.894694 -62.663083 -64.526389 -64.975585 -72.664037 -60.323025 
-55.326591 -59.035528 -40.482987 -53.769684 -65.302695 -60.986619 -59.024996 -54.518139 -75.204945 -57.069894 -54.938814 -40.492426 -46.540094 -48.710147 -69.242722 -65.262735 -56.177651 -60.042964 -62.225194 -53.343296 -59.394260 -56.337608 -56.542233 -55.851553 -74.844107 -57.318406 -53.390570 -49.122811 -70.157329 -53.971858 -68.710264 -47.307396 -48.146073 -69.506643 -54.697959 -75.013072 -59.120836 -61.438164 -58.340946 -64.120322 -71.031106 -62.972661 -62.599804 -42.627412 -47.317102 -70.057910 -57.764423 
-54.575612 -63.251144 -47.425911 -52.930191 -56.810398 -66.223555 -49.186678 -54.029007 -42.630803 -57.389726 -54.476312 -60.899502 -49.259641 -61.502270 -56.551410 -41.025221 -52.949523 -63.203464 -63.785375 -54.648351 -58.124033 -59.435558 -56.542233 -42.241622 -55.729988 -57.293858 -51.133374 -60.513569 -68.302974 -58.379420 -52.251370 -57.594988 -70.711877 -67.981102 -66.009770 -61.077741 -39.872418 -69.076360 -67.996648 -51.805136 -64.653593 
-55.009534 -37.577163 -58.219199 -61.922974 -57.238933 -64.794015 -47.265690 -54.977131 -50.787770 -57.389726 -55.447140 -66.579872 -50.170665 -63.413536 -57.332560 -63.402547 -51.967908 -62.209452 -67.611391 -54.489528 -60.064964 -55.409761 -56.501984 -48.193682 -39.986000 -65.853857 -41.986637 -51.097449 -73.762579 -57.067584 -61.579262 -51.202015 -49.255803 -61.609481 -64.968128 -57.364234 -60.226231 -41.393637 -57.742518 -67.337336 
-55.140821 -68.204672 -51.952758 -61.284866 -74.300444 -64.045416 -62.539430 -54.319816 -52.364026 -57.329173 -68.357891 -52.708977 -62.791192 -54.617086 -56.049900 -43.624661 -53.936905 -64.345918 -74.498219 -54.340009 -59.927117 -53.505087 -56.644922 -49.180717 -59.098972 -61.336132 -69.058765 -59.757835 -65.211975 -59.688871 -62.771715 -46.635965 -65.038177 -57.551186 -62.623378 -67.233189 -55.409496 -52.668019 -53.459989 -58.975791 -63.721988 -60.708938 -56.158623 
-55.347432 -65.496872 -61.119939 -56.308620 -61.795656 -54.767413 -65.008095 -50.294344 -54.656923 -57.083315 -68.090770 -53.420011 -67.390557 -42.240133 -55.722203 -39.707045 -53.553109 -50.238118 -69.387450 -59.052408 -60.041107 -53.264612 -56.643781 -68.793487 -65.727563 -59.839370 -46.510334 -60.660510 -55.783984 -63.527132 -58.087418 -56.306800 -60.555786 -48.923181 -49.745642 -50.063260 -51.610199 -57.552976 -67.113069 -59.595464 -68.597212 -64.389479 -68.299009 -49.687173 -58.072972 -69.376455 -65.955593 -66.942097 -61.031208 
-54.770482 -66.834975 -72.072650 -46.845977 -69.242552 -54.453871 -45.978793 -60.519437 -55.543320 -57.382900 -52.865092 -57.182720 -63.509536 -65.783003 -55.677605 -62.264688 -54.135978 -64.935600 -65.167589 -56.527782 -60.431114 -52.013921 -56.523173 -37.867109 -59.937936 -53.650773 -60.429208 -53.678357 -49.389506 -61.782391 -65.074029 -61.524069 -62.785289 -66.386277 -63.071983 -61.743621 -63.745529 -52.336016 -73.072247 -53.531879 
-54.313198 -75.151811 -61.470168 -40.564897 -39.067057 -54.650797 -44.925840 -40.271705 -55.465293 -57.314000 -49.864833 -66.047616 -67.625503 -56.345781 -57.201023 -65.029713 -53.960039 -71.891756 -57.149782 -66.382937 -60.335883 -48.737274 -56.523173 -61.943664 -50.960991 -52.195649 -63.578635 -57.069368 
-54.313198 -51.709075 -39.854547 -69.770990 -38.342220 -54.568320 -42.730276 -62.680239 -56.388285 -57.623954 -51.342810 -73.832564 -56.503844 -47.079558 -56.122084 -53.780699 -53.942111 -55.441809 -47.495830 -59.231363 -60.231178 -69.160453 -62.333278 -62.762964 -62.119790 -57.677325 -68.056986 -37.668793 -59.143628 -61.049361 
-54.313198 -50.642769 -64.411830 -60.323717 -56.007878 -54.598863 -62.205562 -72.539086 -65.092750 -57.453729 -49.024735 -67.287510 -56.503844 -46.766982 -56.358094 -52.109042 -53.946106 -55.445723 -65.366737 -64.308626 -60.294179 -66.213682 -39.883549 -67.218913 -59.999753 
-54.286608 -50.895415 -65.129487 -66.075704 -65.218322 -66.209426 -59.781086 -54.177843 -75.252396 -57.208285 -48.195098 -65.349599 -56.315341 -60.728765 -56.653729 -61.633274 -54.074351 -54.900957 -62.389961 -46.877548 -60.372242 -71.370480 -45.416937 -54.455789 -62.271988 -66.193922 
-54.329636 -47.050196 -54.617801 -65.180519 -49.415889 -62.606522 -69.165974 -63.864131 -54.683524 -57.477070 -55.868732 -56.940698 -56.300203 -56.836687 -41.460459 -50.668359 -53.605741 -55.237128 -58.848465 -46.737364 -59.735642 -46.185192 -68.001147 -46.801231 -66.369689 -62.883086 -69.015901 -54.349626 -67.339398 
-54.329636 -47.980817 -69.251368 -36.359499 -47.462816 -51.645747 -71.899303 -71.164434 -54.548588 -57.457535 -55.045287 -57.036429 -56.229422 -55.781546 -66.980196 -60.505624 -54.217089 -52.115888 -54.728334 -65.708501 -60.725977 -50.972656 -55.255593 -58.999617 -63.211109 -61.897274 -60.575275 -63.828148 -46.708813 -71.338394 -50.530014 -64.602560 -62.747212 -49.402547 -51.789049 -70.117372 -45.720184 -69.526681 -63.434577 -52.393223 -60.748719 -71.913114 -60.944255 
-54.329636 -53.131031 -65.430812 -38.549246 -66.216330 -56.188442 -61.960409 -55.429513 -56.065158 -57.126805 -55.552514 -56.922864 -56.186757 -44.387692 -60.493359 -74.954365 -54.217089 -54.767404 -48.214474 -46.737502 -62.180977 -50.897639 -55.255593 -72.232970 -64.054091 -47.464050 -60.723422 -66.852512 -46.456206 -50.690272 -59.033863 -59.115397 -62.471545 -60.556055 -66.232638 -67.839129 -62.386868 -55.936920 -65.841576 -54.949759 -64.152282 -53.012565 -51.219828 -46.629790 
-54.368546 -60.165832 -71.097548 -62.586337 -51.020735 -59.320230 -52.565589 -47.289708 -50.710007 -57.104067 -45.765189 -60.005386 -56.237871 -63.534296 -53.420121 -66.596393 -54.005772 -48.508476 -65.363013 -55.600438 -57.578301 -71.081964 -55.125085 -61.457459 -62.757416 -48.397285 -37.761052 -70.881329 -55.496146 -47.885782 -54.406007 -57.448881 -46.660576 -51.596432 -56.517167 -66.288596 -51.030251 -47.534197 -47.837652 -49.663409 -48.736412 -73.007302 -59.606595 -62.306528 
-54.772430 -60.477596 -72.464678 -52.769575 -67.418769 -55.615781 -61.368613 -61.030314 -64.194010 -57.287899 -59.014535 -51.205326 -56.147316 -65.908731 -51.952875 -68.939563 -53.376862 -45.537545 -69.780860 -55.455996 -58.259971 -61.154981 -54.809881 -66.718692 -56.367687 -48.181600 -65.143165 -52.195806 -62.796984 -47.078892 -53.840093 -66.686319 -42.917457 -50.531681 -52.061762 -58.022105 
-54.808756 -60.588971 -47.597644 -49.867491 -53.349781 -49.131182 -48.520494 -51.696867 -63.698619 -57.531702 -55.187353 -63.064913 -56.097987 -66.907638 -62.458919 -55.472912 -54.385396 -47.133698 -69.344379 -55.069724 -68.914916 -65.854932 -55.061423 -72.448836 -56.521282 -49.035742 -65.789278 -51.852312 -59.046646 -47.633933 -70.242870 -60.133287 -52.547345 -71.386302 -64.266079 -66.348222 -71.952978 -71.188592 -50.352067 -61.970685 -35.185255 -68.093476 -63.697912 -71.159763 -62.074893 -68.739870 -57.769657 -58.000656 
-54.847231 -60.754399 -60.743843 -45.774796 -54.483461 -68.100697 -67.075588 -60.000681 -74.853550 -57.469490 -50.315782 -65.275811 -56.097987 -50.039164 -53.210177 -55.101985 -54.505320 -58.370523 -73.700776 -53.711932 -70.799420 -47.367079 -53.850530 -70.235109 -56.422043 -54.441907 -52.258815 -45.837520 -68.216906 -71.094714 -42.171834 -69.611509 -54.684457 -59.589683 -58.900409 -51.650665 -73.108412 -62.678602 -57.639848 -38.088119 -59.493505 -66.230561 -65.156696 -67.440921 -62.345628 -67.519094 -52.734903 -59.574110 -66.060669 -55.056097 -68.335014 -55.383192 -50.998724 -59.031549 -48.843971 
-53.951965 -68.493205 -54.178669 -69.504692 -61.066212 -64.242001 -64.388344 -61.429010 -53.567377 -57.115392 -51.328370 -47.078736 -56.097987 -52.578799 -61.554609 -58.253997 -54.358371 -46.900014 -55.646760 -67.929075 -55.941836 -48.970149 -54.506249 -55.986046 -57.252281 -73.045721 -38.744704 -45.437082 -50.501833 -62.762446 -53.216800 -53.719131 -60.759100 -54.264857 -57.593930 -66.057982 -61.016322 -63.165501 -65.531449 -67.571395 -69.085330 -56.778630 -58.585684 -42.549498 -67.747680 -56.304612 -63.013242 -65.372079 -73.143941 -67.803226 -65.598781 
-63.333600 -60.086349 -63.349574 -56.245128 -53.967020 -57.733567 -50.044830 -55.028685 -55.284624 -57.158437 -64.551395 -46.458287 -56.208382 -63.490752 -50.009294 -41.907973 -54.389208 -53.645492 -69.170639 -48.951579 -53.517419 -48.054726 -55.434458 -65.726445 -58.883618 -65.636716 -61.947296 -70.656295 -59.738021 -52.765795 -52.756813 -66.068363 -60.640131 -54.334588 -60.841011 -62.031081 -66.650512 -63.131532 -50.389023 -53.927211 -56.391228 -57.631789 -70.993624 
-52.235415 -65.920254 -68.175715 -56.755832 -64.390682 -71.369653 -66.033899 -64.210018 -55.637978 -56.837470 -47.498415 -60.513194 -56.253917 -54.658346 -55.724568 -43.460164 -55.014274 -63.286440 -58.055134 -48.839629 -54.905504 -49.102577 -43.286425 -55.638649 -66.652169 -50.755174 -57.375088 -54.982778 -63.485453 -49.267572 -72.322706 -68.060234 -63.821403 -72.453399 -53.253991 -60.118993 -51.847016 -49.074459 -57.750632 -74.432436 
-66.885849 -75.110951 -53.969585 -56.599509 -65.420133 -53.485351 -58.673354 -60.573902 -56.079443 -56.807694 -46.134255 -60.165559 -55.938888 -67.529094 -55.671643 -50.887433 -55.064238 -71.493335 -67.009948 -50.160100 -54.877818 -61.495621 -44.140066 -47.340595 -67.326499 -69.905350 -65.251443 -54.715382 -47.119513 -51.179159 -59.455683 -47.577676 -53.747194 -55.822446 -65.463561 -53.480302 -48.508710 -75.847271 -57.302756 -62.606606 -61.531920 -55.167920 -61.842757 -57.870823 -53.657991 -47.390094 -47.178799 
-54.453325 -51.006415 -52.597444 -56.589335 -63.364533 -64.853233 -58.349411 -62.214185 -65.102073 -56.927623 -47.899395 -60.444068 -56.264459 -54.912894 -58.156039 -47.229653 -54.725928 -66.505911 -57.577292 -49.551823 -54.821432 -61.612126 -43.769474 -70.463672 -73.999225 -73.698416 -65.439323 -54.217586 -64.399090 -51.205658 -68.646559 -53.480573 -74.654855 -70.951997 -67.589995 -66.853999 -65.644028 -66.026374 
-52.935438 -62.542231 -52.098181 -56.102109 -54.379879 -65.926796 -50.143603 -57.326644 -67.150600 -57.900990 -47.852850 -46.335578 -56.208526 -69.377921 -55.211703 -47.452254 -54.377704 -64.320221 -54.167485 -48.524247 -54.454168 -74.731625 -43.311367 -61.455084 -54.387170 -54.354510 -50.840369 -56.113515 -53.893508 -63.737897 -50.090255 -65.818611 -60.095029 -65.116210 -62.363103 -67.245374 -53.870841 -70.671300 
-46.986124 -52.808184 -75.455190 -55.253113 -58.587792 -52.093658 -48.959640 -66.023859 -65.743039 -57.900990 -58.381561 -62.951435 -56.208526 -54.207212 -63.961047 -47.355307 -54.552257 -60.388545 -54.134200 -63.011914 -54.452028 -53.561722 -43.666072 -71.685489 -66.414130 -53.502730 -50.978103 -40.258077 -53.284479 -67.589818 -55.967276 
-70.962873 -53.007091 -51.516772 -56.152784 -46.459728 -57.617004 -62.850606 -62.782976 -67.828101 -57.593588 -65.595646 -51.833465 -56.208526 -41.740978 -59.380140 -67.339396 -54.299449 -60.230625 -54.229317 -55.641161 -54.374281 -54.017878 -43.298979 -56.582990 -57.388405 -57.262432 -49.501785 -75.007485 -62.916950 -64.103406 
-54.989644 -54.330174 -46.914365 -55.193942 -54.232691 -39.394548 -52.838534 -55.124098 -58.513355 -57.902281 -51.982148 -69.619639 -56.208526 -54.787117 -40.389489 -67.132828 -54.116818 -60.522005 -63.035354 -55.496666 -54.822720 -63.163536 -44.670021 -50.049755 -57.892403 -57.019137 -51.343530 -65.630056 -42.566389 -48.399911 -58.663942 -59.993985 -60.970895 -53.082921 -64.857865 -59.281322 -57.646577 -66.475284 -64.923316 -62.657943 -71.247765 -51.439035 -63.123622 -68.077820 -70.399931 -63.251962 -70.884587 
-55.029917 -53.452876 -68.132755 -47.409158 -54.662119 -69.485726 -64.143382 -61.059000 -39.514218 -57.071599 -53.926537 -63.821115 -56.208526 -55.716050 -72.188325 -47.096250 -53.827156 -54.900762 -65.924321 -51.374987 -54.946120 -51.362149 -46.554922 -50.646036 -44.664344 -70.656653 -48.079304 -62.932108 -72.564276 -55.358777 -66.384478 -59.963082 -40.701860 -41.200033 -66.849399 -55.560190 -59.026452 -56.000883 -63.218674 -63.947419 -74.601670 -54.747807 -63.002539 -57.601693 -54.787875 
-54.907087 -53.879069 -68.297359 -62.304429 -53.980125 -67.628797 -59.933592 -39.479227 -65.622714 -57.505345 -64.699824 -39.334974 -56.328684 -55.667719 -46.997458 -45.890431 -54.217215 -59.746988 -45.489059 -52.798515 -54.902915 -59.285176 -54.393810 -59.231038 -39.072199 -70.778205 -47.844525 -35.575769 -52.179429 -47.844301 -62.500744 -57.793719 -54.887275 -58.879105 -54.419824 -55.203700 -40.385221 -52.621978 -64.348623 -63.379915 
-54.973977 -53.291111 -70.643959 -42.611395 -53.113191 -62.050546 -52.591156 -59.476099 -72.462878 -57.621618 -57.485753 -39.059619 -56.165857 -55.585451 -60.284415 -49.663869 -54.319483 -60.954233 -48.124162 -52.791759 -55.121120 -63.187213 -62.323070 -63.061040 -38.255238 -63.928035 -48.566615 -39.177319 -67.402946 -48.935685 -56.431341 -56.662215 -55.111596 -54.179442 -60.698842 -68.312316 -71.669755 -57.149592 -55.276935 -62.685980 -49.458446 -37.734194 -62.856768 -52.989987 -62.026732 -68.093578 -62.427212 -67.986617 -52.156350 -61.148006 -55.436634 -64.833903 -56.745684 -58.419603 -70.894719 -53.330597 -65.823057 -68.614629 -63.219501 -75.518695 -67.855268 
-54.017158 -54.697095 -55.759165 -64.548853 -55.658560 -46.765688 -53.405356 -59.904658 -51.206894 -57.621618 -66.281502 -70.665199 -56.527453 -55.706344 -68.621824 -47.790329 -54.583204 -75.175055 -72.687948 -49.736544 -63.674298 -50.271812 -62.242861 -62.453953 -38.614371 -66.431033 -48.257567 -64.582207 -66.362787 -56.488829 -57.306182 -73.612134 -54.398129 -66.565382 -65.575140 -69.734174 -48.057739 -69.697077 -70.752215 -42.218227 -56.461823 -66.856757 -48.269704 -52.627389 -55.352498 -61.013031 -71.188421 -40.996518 -62.230965 -48.230670 -54.229375 -58.661134 -60.996517 -65.598343 -58.494085 -48.263413 -47.319807 
-55.105087 -55.261669 -55.213053 -53.777137 -48.634280 -46.563866 -52.421456 -59.739904 -74.423331 -57.384893 -63.781591 -47.275090 -56.568750 -55.706344 -70.142110 -53.220179 -54.165349 -48.697911 -58.183302 -61.388673 -50.083876 -66.738870 -56.021347 -64.616459 -38.052579 -60.355893 -66.248975 -38.497804 -67.997351 -56.015970 -62.809967 -71.774456 -49.128153 -60.612661 -51.161305 -72.601881 -64.007261 -63.609143 -71.239144 -61.393151 -56.515089 -59.097190 -55.573032 -64.456916 -60.354475 -63.448491 -53.838875 -53.309091 -69.098456 -70.387815 -51.432060 -49.530806 -35.880999 -55.205682 -39.612038 
-55.139313 -55.427740 -51.347465 -50.864164 -63.256292 -60.995938 -52.313062 -59.811960 -47.071141 -57.357982 -65.026517 -50.671457 -56.568750 -55.746077 -55.626375 -64.834855 -55.067312 -56.876474 -37.203404 -60.821406 -48.165153 -59.407020 -52.718411 -48.733025 -67.603830 -64.517174 -63.903020 -64.612319 -46.891432 -56.272528 -51.857362 -71.564905 -65.372259 -51.857228 -61.617927 -71.564781 -56.852755 -61.714403 -71.118389 -57.027818 -61.579656 -52.579463 -55.431676 -63.413394 -62.099549 -56.137711 
-51.528639 -55.427740 -49.993311 -47.844529 -70.241127 -53.324943 -63.079242 -59.660319 -45.992073 -57.403702 -55.490478 -62.882963 -56.432721 -55.587860 -66.813689 -63.345003 -54.738637 -68.147267 -69.442952 -67.156407 -48.171768 -54.772768 -64.565835 -52.254449 -68.933372 -52.586807 -55.002524 -58.151793 -50.558054 -57.287150 -51.895654 -72.230929 -40.902931 -68.024321 -75.516722 -72.294865 -56.652099 -57.270526 -41.488188 -53.389208 -51.365973 -66.175007 -53.290340 -52.242407 -60.820276 -71.063626 -70.745524 -68.693786 -60.224661 -56.116813 -63.306556 -55.199373 -60.114212 -65.061405 -68.724213 -54.483454 -35.193008 -47.078008 -47.112334 -63.316315 -49.082474 -62.984704 -53.089659 
-62.531316 -55.427740 -67.524613 -53.622231 -46.473597 -53.332183 -49.626475 -59.700202 -45.944836 -55.636294 -55.490478 -64.496887 -56.362394 -55.809617 -71.054399 -54.801140 -54.827817 -60.234395 -52.485836 -62.686090 -55.254571 -54.909225 -37.516768 -67.093779 -53.395480 -52.842676 -58.605046 -57.392996 -51.699288 -57.185704 -51.938978 -71.889408 -46.489831 -58.681685 -71.765602 -63.706459 -55.833633 -59.861430 -60.273414 -62.752999 
-53.436365 -68.891615 -47.097186 -53.821967 -55.189519 -57.820488 -60.601686 -57.988136 -46.153492 -53.488424 -55.492399 -64.597134 -56.388807 -55.916484 -71.529273 -61.550181 -54.603458 -61.880504 -71.493857 -39.409669 -60.696656 -55.151089 -39.043592 -56.136531 -56.790279 -54.306967 -65.829012 -57.326695 -51.667160 -54.652318 -52.443558 -71.874835 -60.047500 -50.015566 -67.391384 -47.388050 -64.413130 -65.789081 -60.675962 -71.574080 
-54.142542 -69.430077 -68.306951 -55.361720 -55.850808 -60.511403 -53.349214 -59.375382 -45.658502 -69.036155 -55.300902 -38.205041 -56.299454 -67.317296 -69.745034 -58.092138 -55.284401 -72.274279 -52.403837 -63.453541 -64.552449 -66.676788 -36.703524 -56.350173 -49.501584 -55.326434 -67.997890 -57.495095 -60.189289 -54.551629 -52.578116 -72.498905 -60.190291 -51.550460 -59.462869 -47.903730 -63.207932 -62.631923 -54.667587 -67.439656 -39.318783 -66.343087 -55.048219 -46.833886 -70.825936 -70.258182 
-55.249409 -49.838615 -61.827299 -54.468475 -55.798818 -50.950883 -58.701352 -66.960414 -47.762899 -56.181985 -55.682135 -55.785504 -56.088409 -63.629611 -71.476904 -68.363122 -61.162710 -72.482012 -72.485274 -49.244983 -57.028216 -47.425249 -41.053828 -55.189322 -53.950661 -51.467700 -54.195076 -57.506797 -37.263231 -41.812661 -53.230457 -72.793734 -60.260679 -61.465829 -59.070859 -51.643277 -65.013095 -66.113543 -75.247482 -75.807203 
-47.666406 -53.548847 -50.679131 -55.942660 -48.344551 -57.853649 -47.593832 -55.924355 -50.299035 -51.093160 -55.305980 -65.757676 -56.313275 -70.755889 -68.372036 -66.999929 -50.068229 -54.222754 -73.418338 -50.415845 -59.276735 -67.809990 -40.802495 -54.682643 -73.819174 -58.141002 -54.449451 -55.270963 -37.511398 -62.094728 -62.142025 -66.338405 -59.609576 -60.817798 -73.216340 -53.401374 -57.433974 -41.419302 -46.537702 -61.659110 -66.172547 -56.008082 -61.639791 -59.957982 
-63.672686 -63.448356 -40.169081 -56.122869 -48.775327 -56.692436 -62.649636 -56.529190 -50.642460 -52.240175 -56.374025 -65.910050 -56.320541 -70.823215 -63.961403 -54.142093 -52.904574 -71.464436 -73.228822 -52.826077 -55.198781 -69.263028 -64.135999 -53.988071 -60.958732 -60.652608 -53.229645 -53.067211 -37.913739 -47.148442 -57.164546 -59.420979 -59.581594 -63.269381 -45.915962 -65.283669 -66.653353 
-60.054925 -46.541882 -40.672511 -55.875357 -51.053367 -47.839664 -58.062884 -57.044486 -50.940858 -59.853332 -56.029156 -65.686929 -56.335544 -70.862891 -46.492469 -53.125735 -52.965155 -74.070412 -46.351184 -52.984489 -53.765339 -55.019913 -73.237178 -53.138242 -60.317585 -55.119674 -53.277413 -66.618854 -37.010471 -47.273874 -57.405839 -62.701145 -67.514702 -70.177371 -58.544610 -67.936625 -68.825426 -58.764954 -52.758103 -60.562895 -65.944562 
-50.571476 -47.546469 -72.679735 -56.210893 -51.819535 -39.169444 -58.906822 -55.504310 -61.384374 -59.566953 -55.056942 -72.943408 -56.405386 -71.268851 -67.832377 -53.727077 -63.357991 -46.712344 -45.604571 -63.863212 -54.001826 -55.064690 -72.708065 -53.185805 -52.221440 -37.244694 -54.705358 -66.167825 -54.771397 -60.544864 -57.277377 -64.316362 -72.631502 -58.482799 -62.580228 -57.266344 -57.305043 -60.890811 -54.793690 -70.588805 -69.163891 -56.226399 -63.301284 -54.471523 -51.890977 -71.907661 -73.233888 -54.761870 -55.586729 
-50.071036 -54.504607 -65.227074 -60.608172 -67.791407 -39.686792 -63.873458 -55.863009 -53.812344 -59.848766 -55.185315 -52.381198 -56.208559 -71.706478 -49.062572 -60.534481 -70.803246 -70.807159 -37.587438 -74.646074 -53.328964 -61.271703 -72.542642 -53.383060 -52.040035 -62.989624 -54.679807 -74.563466 -56.178193 -64.048929 -56.693177 -71.030971 -46.348175 -59.205779 -55.627953 -56.324817 -57.227950 -62.729177 -46.533871 -64.899092 -56.682108 -66.918610 -60.939309 
-50.599905 -54.578955 -60.376837 -66.698060 -61.795830 -37.784883 -48.298916 -55.207632 -67.861974 -60.637450 -55.185315 -54.763865 -56.130893 -59.180326 -46.903707 -46.339957 -65.142006 -39.186517 -70.930102 -56.119045 -53.491644 -72.315488 -72.749913 -46.127696 -69.193974 -48.670248 -54.708653 -57.735482 -66.288246 -57.686087 -56.606580 -64.642011 -66.461802 -68.683609 -55.367491 -56.159413 -64.717433 -68.889944 -63.804795 -68.634825 -57.398741 -46.693897 -58.714532 -67.416707 -56.460455 -74.877226 -51.891582 -69.716403 
-62.701353 -58.696750 -57.942758 -65.134078 -57.678576 -39.320126 -41.161821 -55.304584 -55.586383 -60.517331 -55.414210 -54.719919 -56.130893 -49.544262 -46.723284 -53.447415 -40.629621 -65.599928 -70.549262 -57.243717 -50.857444 -57.043934 -71.085611 -45.649703 -70.926141 -47.220781 -55.003621 -66.966388 -62.743009 -70.416212 -56.449207 -67.865916 -63.755965 -47.991451 -54.893600 -62.728068 -55.419096 -64.696723 -54.147154 -68.711781 -66.753618 -60.782232 -60.455293 -67.332860 -40.922516 
-55.531968 -58.532534 -51.444880 -48.232808 -58.573458 -38.494932 -55.361017 -63.373530 -45.010887 -60.514044 -55.807051 -61.117091 -56.130893 -56.385926 -55.168464 -64.571619 -51.496955 -65.432384 -53.187654 -57.235094 -60.356215 -47.140165 -72.383883 -57.227292 -72.332836 -55.485148 -54.922872 -57.722959 -64.344465 -70.683842 -65.140975 -62.838460 -68.640634 -53.282195 -55.133706 -47.224210 -56.363907 -53.757195 -55.977280 -63.635969 -56.306947 -55.677650 -64.030402 -65.903516 -73.770130 -66.809692 -45.902600 -63.643832 -60.890566 -68.078843 -46.808469 
-74.569799 -60.658289 -50.784271 -48.684427 -52.648426 -60.221434 -58.653003 -36.117916 -45.766096 -60.773967 -55.121915 -46.086664 -55.979940 -63.949000 -68.233640 -64.274130 -50.113377 -40.777638 -54.762290 -57.153422 -68.235108 -64.305765 -72.009982 -64.428577 -64.896069 -55.479152 -54.975415 -47.353590 -66.419574 -70.741412 -64.107486 -67.396176 -64.271189 -54.519601 -55.774901 -65.050287 -62.515264 -61.157969 -55.977280 -53.982183 -61.929493 -72.631197 -71.873170 -57.098122 
-65.441723 -65.895962 -50.791364 -51.726922 -59.836351 -60.679137 -71.239329 -65.860006 -47.131305 -62.595974 -67.510961 -62.501463 -56.097526 -69.034552 -70.990949 -54.979142 -65.052177 -54.125677 -55.829571 -56.622287 -39.979489 -52.667496 -62.401140 -56.688330 -70.600278 -55.291428 -55.043111 -60.384062 -65.083743 -38.784442 -60.704665 -62.481533 -57.626235 -70.247714 -66.373485 -52.287062 -68.239433 -53.557495 -50.830908 
-52.007074 -56.441800 -54.189088 -60.616686 -39.489419 -38.870979 -73.340580 -54.425828 -46.940373 -73.056118 -68.539383 -49.075411 -56.112858 -59.050507 -54.842435 -55.539757 -65.374950 -47.022263 -55.590180 -56.913788 -71.786952 -62.636610 -53.426739 -55.765181 -71.361069 -39.539188 -54.720635 -66.840778 -52.338045 -64.742934 -58.633355 -69.252447 -55.256029 -53.827360 -58.667615 -55.760279 
-63.266680 -60.812979 -65.580035 -60.958449 -39.411594 -39.089667 -73.853231 -50.777590 -60.807812 -72.302561 -65.686480 -59.079740 -56.112858 -62.021540 -55.506673 -55.601272 -67.011320 -49.311814 -59.852608 -56.911284 -69.244091 -72.559998 -53.152303 -55.489631 -70.242516 -36.802580 -55.122338 -70.785442 -57.150172 -54.891987 -68.643256 -61.641013 -53.619005 -59.928286 -46.028758 -54.579315 -59.127605 -61.807866 -57.392471 -69.125768 -39.994962 -55.515544 -61.017839 -52.470832 -36.771047 
-48.117027 -58.962716 -50.825569 -51.758750 -60.700981 -39.142680 -72.210305 -72.778849 -54.109920 -72.373027 -63.835247 -60.076708 -56.112858 -47.004531 -55.005885 -55.511831 -51.260095 -48.013135 -53.931186 -57.220558 -52.150084 -64.246510 -53.443927 -55.633905 -70.830998 -68.172229 -54.565228 -55.057867 -40.550201 -58.919956 -55.179942 -58.471287 -55.935493 -53.858006 -68.770198 -61.349348 -55.997556 
-60.644206 -52.376445 -58.754234 -54.570585 -60.122864 -38.583156 -74.694628 -63.507464 -47.192835 -56.336336 -62.772702 -55.111947 -56.219006 -58.258250 -54.342761 -55.697216 -55.309649 -57.516610 -67.917703 -56.917740 -48.989804 -66.206802 -53.875341 -59.065567 -68.359065 -64.254898 -54.478592 -50.770987 -39.049126 -58.741214 -56.802652 -54.836734 -60.230037 -56.086007 -59.987351 -55.355172 -65.448109 -42.251191 -68.702152 -66.801125 -62.411194 -59.978310 -54.954050 -66.405044 -61.065870 
-48.853167 -53.394232 -54.050912 -54.086500 -60.302740 -37.731106 -50.540432 -52.913320 -46.956887 -65.398599 -57.151652 -62.635577 -56.275353 -64.202650 -55.233136 -55.624904 -50.984110 -53.527114 -51.372851 -57.265158 -48.282877 -68.833974 -53.691961 -61.853061 -60.155075 -65.214384 -54.225312 -66.693669 -39.386538 -61.723325 -57.276522 -52.014005 -57.959383 -57.200629 -67.217259 -55.750406 -48.512399 -71.878595 -61.467005 -70.941414 -68.699495 -65.698780 -58.363935 -69.180636 -69.032856 -69.582498 -71.980709 -66.395143 -65.797479 -58.342404 
-60.201160 -62.758830 -54.514909 -54.278543 -60.130602 -37.297746 -52.874068 -67.007664 -47.179181 -66.673230 -58.375069 -68.621269 -56.478747 -57.410226 -64.700521 -55.180445 -48.626846 -51.571091 -68.559654 -57.117763 -48.746419 -47.214489 -54.473268 -56.957769 -55.512333 -54.901881 -54.440620 -54.133521 -39.531075 -57.840066 -53.293683 -66.791208 -57.914675 -61.667390 -67.492372 -58.248644 -53.535777 -59.563763 -60.718163 -65.591080 -52.751734 -67.275571 -68.123669 -63.695278 -66.740673 -55.346576 -52.932123 -55.503036 -52.607302 
-63.642427 -59.976344 -54.570648 -53.557525 -56.681917 -37.541321 -65.206611 -52.697028 -46.977816 -51.509662 -67.724859 -64.301985 -56.753327 -70.942612 -50.272085 -51.970097 -68.220259 -53.181898 -49.230050 -57.567266 -66.522645 -47.934581 -54.685569 -53.468540 -56.325068 -48.522872 -53.667255 -58.826570 -39.607671 -51.710376 -61.646540 -60.355934 
-69.393204 -68.397303 -57.802009 -54.361814 -57.835549 -37.420852 -52.771960 -63.390567 -61.957535 -54.719562 -62.788696 -54.252073 -56.425868 -46.274655 -72.197379 -60.118308 -39.495817 -53.570726 -59.606937 -57.952510 -66.988890 -47.755033 -54.573432 -52.576591 -72.578275 -53.369144 -55.242582 -62.382461 -39.750128 -68.048141 -63.768279 -71.700850 -56.110048 -56.116512 -44.228348 -51.721156 -51.222393 -68.642676 -51.294019 -35.958087 -40.038667 -72.461941 -61.873873 -50.013241 
-60.034745 -43.292719 -57.747099 -57.972745 -57.115169 -54.045789 -69.271332 -63.273011 -51.566399 -54.456229 -47.744639 -57.969787 -56.425868 -50.278349 -69.419930 -59.761371 -39.338760 -68.442637 -54.117342 -59.144771 -59.588438 -49.518679 -58.537075 -53.721326 -55.808326 -54.572836 -55.438456 -62.321874 -54.478162 -67.133381 -65.409916 -53.324851 -59.460993 
-56.885753 -42.172787 -57.818177 -57.014396 -58.893576 -54.896864 -54.996126 -48.477945 -71.226633 -54.954760 -49.512253 -71.818719 -56.539979 -49.774958 -68.140674 -47.809107 -72.324792 -65.801240 -59.027640 -65.872219 -53.897579 -48.521255 -55.442868 -67.229772 -56.035582 -54.823098 -53.449344 -41.293949 -59.772571 -68.072432 -52.239699 
-59.928682 -50.881007 -58.113315 -39.098127 -59.510535 -54.762288 -50.135854 -46.868048 -56.777300 -54.818027 -68.735831 -35.849579 -71.365866 -52.050343 -57.151881 -60.615812 -46.197992 -58.686541 -64.299626 -61.730057 -52.869073 -56.249141 -67.783394 -49.786273 -55.947497 -54.880204 -63.501831 -61.058871 -66.049626 -46.103951 -74.554436 
-42.861554 -57.966475 -57.769693 -62.268742 -59.715564 -54.703341 -48.968370 -46.846111 -56.943264 -54.695151 -64.538463 -54.839616 -63.029648 -55.532363 -54.973007 -56.942119 -62.782259 -65.147980 -63.204077 -59.441958 -53.613023 -55.543981 -68.692858 -58.020422 -47.625027 -50.913465 -57.431057 -61.102733 -66.925680 -66.314635 -63.011324 -58.077346 -50.015877 -60.276241 -49.408175 -52.374959 -53.488175 -62.511651 
-47.134737 -59.120715 -58.529070 -52.270128 -59.063766 -54.810616 -49.949102 -55.268544 -57.414570 -54.708290 -55.476402 -53.496814 -51.506961 -61.857348 -55.124212 -61.913247 -62.962386 -44.407969 -50.452530 -51.373587 -68.240618 -59.890084 -70.464342 -39.501749 -52.017069 -53.937602 -47.232286 -64.292556 -68.055446 -58.815763 -49.992265 -49.318282 -46.338545 -55.405448 -69.293305 -37.061419 -63.456939 -48.937220 -63.537216 -61.944260 -58.308758 -56.961533 -74.006623 -53.640655 -72.149584 -66.712892 
-50.634497 -74.765272 -74.500613 -53.271534 -58.891408 -55.117402 -52.794375 -51.795626 -57.909000 -54.955644 -57.115765 -54.401177 -53.654550 -56.475611 -55.776592 -69.470184 -50.547930 -56.691803 -58.039569 -37.769217 -61.214338 -58.144332 -55.712961 -51.893157 -46.481762 -57.497786 -66.024880 -61.853867 -58.115359 -75.069812 -71.354302 -66.422243 -65.314384 -70.460672 -65.943195 -67.200849 -61.778231 -63.940344 -65.534331 -63.408831 -66.769139 
-52.368773 -58.418896 -47.002832 -75.583034 -58.700082 -54.952439 -65.873240 -64.064502 -57.731877 -54.955644 -50.263558 -55.082877 -54.024621 -57.661368 -56.159600 -56.406449 -58.976143 -62.525106 -67.155323 -39.541187 -64.037060 -57.301563 -55.204779 -74.169406 -47.208478 -60.406769 -72.709889 -68.249208 -47.717452 -60.923287 
-51.817387 -47.947638 -62.643750 -72.856973 -58.635531 -54.767474 -56.445334 -40.243662 -57.574774 -55.006841 -51.814704 -47.237057 -53.423171 -57.168201 -60.844378 -59.655270 -68.610118 -57.272392 -57.997634 -47.583276 -70.972931 -56.988078 -56.677228 -55.893252 -46.323350 -54.180924 -52.668311 -54.299590 -67.525785 -71.796419 -68.478506 -54.685006 -57.579722 -62.953747 -62.069391 -60.946228 -67.798256 -62.380321 -64.577165 -63.383089 -47.965822 -50.743998 -67.423366 -57.665553 -46.374656 -67.638352 -47.768057 -37.496499 -47.038612 -53.837143 
-63.856540 -52.605086 -65.441116 -62.522707 -58.016285 -54.878520 -55.035259 -46.336504 -57.601698 -50.655635 -57.921361 -48.937988 -53.454644 -45.733735 -62.226194 -72.771549 -58.549892 -53.915382 -59.230809 -65.101451 -54.406513 -50.973273 -57.809612 -55.774002 -49.534000 -70.268782 -62.770644 -59.986445 -56.384810 -53.803016 -72.263960 -65.818838 -56.857349 -56.445145 -70.314694 -56.604139 -56.803495 -67.730210 -41.125491 -35.239739 -53.722987 
-67.665270 -44.359230 -53.089019 -55.720522 -58.930513 -55.008368 -54.804724 -64.254186 -57.340365 -52.831990 -56.133563 -49.079856 -53.291519 -70.036154 -57.416570 -47.414451 -58.439481 -55.635387 -63.195197 -39.820567 -54.771018 -51.962617 -71.423742 -66.053783 -56.912090 -65.511798 -52.836456 -53.185971 -55.899128 -52.824166 -45.560863 -61.783076 -59.435967 -57.304989 -58.983421 -73.249380 -65.783561 -57.622339 -62.577211 -62.396060 
-62.789632 -53.194037 -49.065535 -64.028124 -59.157937 -55.221174 -54.764875 -72.737113 -57.541767 -61.499995 -55.681489 -49.349950 -64.511239 -68.661833 -62.496469 -47.371236 -58.434258 -55.518864 -45.901983 -57.903119 -53.630724 -53.254677 -60.356604 -57.116193 -41.791739 -57.106775 -53.777619 -52.914549 -63.945655 -69.110573 -68.764504 -62.736017 -40.718228 -61.797331 -64.877610 -68.842873 -58.057360 -52.611422 -51.413204 -72.433201 -62.236814 
-59.950834 -53.090144 -35.864513 -47.400568 -59.231998 -55.368398 -55.034094 -58.049457 -57.039891 -57.914145 -54.905442 -49.827507 -62.539542 -46.143539 -62.507334 -54.852224 -57.653979 -55.718708 -46.712721 -56.583178 -54.598491 -53.306245 -53.178737 -64.736790 -68.889178 -67.186095 -46.678478 -67.842829 -53.847944 -44.206544 
-62.940583 -52.945695 -35.708011 -58.500675 -58.931833 -55.302445 -55.443446 -63.870404 -57.015056 -70.487258 -59.399514 -40.778800 -69.090708 -67.452032 -63.092002 -65.236021 -57.882237 -56.128758 -59.485784 -71.071802 -55.222446 -52.541455 -53.306431 -58.565467 -60.842585 -67.131051 -51.758035 -56.749847 -55.064970 -67.270154 -61.077520 -57.886962 -62.497199 -64.756613 -50.572401 -69.386925 -65.109331 -45.786914 -65.982913 -62.336738 -71.499993 -61.068582 
-56.822937 -52.805280 -34.932122 -49.950945 -59.602011 -55.291195 -64.718948 -57.541651 -56.640571 -57.985919 -44.333303 -61.612819 -61.631422 -61.365037 -65.457172 -54.779576 -57.867077 -56.123742 -75.071436 -62.606710 -62.348088 -53.252277 -53.462976 -72.433174 -61.860742 -71.469078 -55.025594 -65.519605 -59.599291 -46.647346 -54.664931 -69.277744 -75.582652 -59.383685 
-54.786224 -72.605345 -65.891912 -50.123071 -59.856460 -54.840920 -72.951625 -64.711959 -56.617672 -54.427429 -43.179935 -71.629947 -57.484366 -75.034554 -53.457051 -54.101674 -57.892923 -55.872434 -66.265583 -50.565686 -39.284995 -55.615098 -54.877491 -52.067550 -63.197686 -63.951039 -52.569805 -67.549631 -68.430258 -56.635372 -56.322777 -56.509678 -56.138713 -68.360486 -73.244230 
-54.386574 -59.269811 -70.774529 -48.860556 -59.866577 -54.830377 -53.899122 -58.646432 -56.576776 -56.847041 -43.387832 -64.077404 -53.242657 -53.695107 -61.511601 -54.595546 -58.450913 -55.568906 -73.821695 -36.049490 -71.921281 -66.538035 -52.924530 -73.431945 -50.110056 -64.938312 -58.656844 -58.439785 
-60.773875 -57.727443 -70.833875 -60.640386 -59.112771 -54.456290 -61.594109 -50.991794 -56.737696 -64.717970 -63.478968 -47.679759 -42.448728 -54.390278 -52.218747 -54.720854 -58.130191 -55.683090 -65.719739 -37.686142 -71.135505 -68.007494 -65.156441 -71.687520 -53.116443 -61.755942 -45.871661 -61.544354 -53.970089 -58.536180 -54.548395 -47.799387 -59.369393 -70.174860 -46.800650 -56.168636 -55.237570 -68.489202 -47.195565 -61.982712 -58.993420 -60.771484 -65.452584 -68.266156 -46.330882 -70.003984 -69.493564 -52.256956 -63.366930 -60.620319 -56.217782 -38.249448 -70.388951 -54.003573 -52.580884 -56.369616 -62.713967 
-68.254394 -58.583004 -70.331112 -47.195267 -65.395485 -54.299381 -54.868496 -49.992622 -56.565474 -58.644735 -69.530932 -49.992640 -69.264909 -53.988728 -52.840557 -62.810647 -58.098737 -55.240033 -71.888562 -59.793989 -38.847519 -69.367829 -58.998287 -71.926866 -52.415647 -54.657425 -53.608673 -66.643408 -53.632518 -44.922460 -57.556409 -51.778520 -56.587177 -57.921459 -63.725769 -68.827127 -52.381190 -66.943350 -45.062843 
-62.823586 -53.646967 -64.446532 -54.956193 -58.228708 -54.224655 -55.567693 -40.829126 -56.453464 -47.745124 -64.798526 -54.423699 -73.651476 -54.865868 -35.672710 -46.776979 -58.161102 -63.552424 -69.768065 -53.930077 -48.666948 -52.093207 -60.142520 -50.304477 -66.496417 -54.625550 -51.623330 -64.167085 -53.283986 -46.066365 -62.929603 -57.073965 -63.765470 -52.712879 
-62.794096 -59.010852 -54.243970 -40.591521 -52.235973 -54.430526 -54.604029 -39.431995 -56.569722 -60.548981 -56.440133 -56.009291 -51.684331 -59.868048 -36.121393 -54.530119 -57.348538 -55.669852 -56.759890 -50.295265 -44.684512 -52.342095 -59.751190 -75.589975 -39.862314 -54.379732 -55.812928 -70.452666 -60.103197 -55.125686 -53.907421 -64.889892 -48.669967 -57.719040 -74.152878 -68.793855 -64.690354 -57.176016 -63.424400 
-55.943185 -68.208330 -50.379435 -53.710741 -61.322194 -54.640180 -54.871532 -71.836599 -56.569722 -59.321486 -62.780229 -56.490393 -61.744380 -59.159858 -56.136575 -53.059609 -58.178732 -55.552641 -55.653445 -61.038143 -59.890443 -51.143884 -60.012088 -35.657995 -46.717757 -62.267244 -47.244015 -63.957409 -39.801704 -53.738387 -65.489432 -50.565574 -50.544838 -66.092011 -58.962938 -53.516596 -56.150263 -39.829819 -53.903616 -64.386112 
-67.884011 -63.794724 -51.263826 -57.451259 -66.433684 -48.188654 -69.190024 -54.124990 -56.569722 -67.507472 -53.638262 -57.446759 -57.536043 -48.489731 -53.390872 -62.128510 -57.376657 -55.425884 -55.916101 -69.353138 -53.503247 -52.860778 -59.998193 -52.041916 -45.781129 -59.864032 -67.655111 -51.790152 -64.928904 -54.646010 -59.761144 -54.624895 -53.002265 -52.628615 -65.071922 -36.162452 -52.111056 -52.309653 
-53.972535 -51.624856 -72.322632 -53.179767 -73.868973 -50.098319 -59.229030 -66.834982 -56.712355 -40.362330 -54.789461 -60.346207 -53.530797 -49.301825 -53.553707 -53.643055 -57.832049 -55.846816 -55.942946 -59.635900 -63.741880 -53.354953 -59.549718 -52.197771 -46.757658 -54.379619 -51.645328 -64.759317 -62.750429 -57.242343 -58.390845 -64.645259 
-54.060160 -65.227567 -53.127407 -54.421887 -55.371392 -71.219640 -60.644016 -63.927873 -56.529614 -50.108045 -64.963976 -54.681569 -64.663951 -49.025985 -53.838718 -61.769682 -57.799512 -56.036524 -56.866956 -54.711609 -68.446921 -41.169327 -60.112794 -52.078803 -46.088021 -54.456674 -48.674273 -49.882051 -65.007142 -60.559232 -59.926727 -75.900288 -55.015102 -67.872339 -47.498458 -59.484585 -75.279259 
-53.952481 -45.588562 -53.875346 -52.704260 -55.037097 -69.492574 -64.349272 -53.255097 -56.796127 -61.709812 -68.480737 -36.084868 -69.934115 -47.594559 -68.558226 -52.055072 -57.033123 -56.247583 -56.651442 -55.012248 -60.999783 -52.183388 -60.119512 -54.267694 -45.712801 -54.084665 -73.606959 -63.325294 -63.130860 -68.808726 -67.193251 -58.448688 -47.559087 -59.843314 -65.458622 -66.381609 
-54.425517 -52.894195 -53.247386 -71.580780 -57.945034 -70.850577 -39.859008 -46.137495 -56.906664 -59.859346 -51.940949 -38.384997 -50.444235 -72.940691 -60.864479 -61.677890 -71.387025 -55.119674 -57.303004 -54.154507 -57.521182 -73.776484 -46.929279 -53.919412 -49.526649 -54.182033 -48.997048 -52.512088 -64.186546 -47.997957 -61.372888 -66.741698 -62.064474 -73.042700 -58.728617 
-54.464170 -47.608288 -54.968140 -57.070071 -66.591341 -46.083544 -61.019990 -46.226587 -56.764394 -60.108373 -51.674662 -59.308609 -47.725200 -54.411267 -61.440038 -49.165208 -67.407231 -55.374389 -64.359090 -56.936212 -57.558444 -61.992151 -67.402316 -53.824705 -41.575237 -54.989326 -49.680653 -61.242654 -66.050190 -51.408092 -50.894418 -63.413414 -70.648321 -62.593679 -59.753927 -53.103609 -66.594483 -46.533444 -53.760423 -42.170678 -60.104613 -74.606797 -64.722202 
-54.602898 -61.383420 -54.650647 -59.559965 -53.033611 -55.830359 -59.741909 -46.650196 -56.863186 -60.083399 -59.111867 -49.932632 -49.521381 -54.143594 -51.202526 -62.679291 -64.439772 -55.458147 -60.238547 -52.047810 -57.410053 -52.807398 -63.995948 -60.343906 -41.452499 -52.563063 -55.290051 -70.572972 -64.826116 -70.732032 -56.459145 -61.501183 -70.108112 -53.462934 -48.111646 -59.817203 -49.882388 -60.897648 -65.477858 -64.651968 -68.998925 -64.428465 -63.807075 -69.124402 -67.254867 -54.643114 -47.026460 -62.247770 -66.934379 -70.745815 -66.074265 -67.041670 -51.308525 
-53.333700 -51.719681 -42.961733 -69.179193 -67.605274 -54.196887 -61.866738 -71.993849 -56.732507 -59.050289 -61.180033 -55.442792 -57.592987 -54.235481 -49.931603 -62.796615 -57.269801 -55.492345 -54.431761 -65.338783 -57.168308 -67.288319 -66.721251 -71.612352 -54.621233 -45.898526 -53.667941 -69.127930 -47.592250 -47.077037 -65.271126 -68.800734 -51.471541 -68.825743 -48.264222 -54.358403 -39.023429 -52.396961 -63.556945 -56.654471 -74.020335 -55.879404 -61.599252 -59.890252 -62.714373 -56.449967 -58.405475 -63.881712 -59.107454 -56.457120 -59.100180 -64.953164 -56.363100 -69.117728 -55.874919 -51.535659 -61.884028 -53.384081 
-39.948900 -57.339935 -69.473938 -70.853895 -51.405752 -60.342103 -45.733409 -68.321800 -56.717648 -58.813921 -58.509315 -48.192768 -57.980956 -53.594684 -49.078781 -57.601217 -52.261818 -55.835765 -54.883024 -54.596227 -51.003496 -48.031907 -53.405139 -65.864335 -61.539885 -58.190527 -53.652170 -63.872459 -51.197748 -61.123713 -48.387272 -58.766701 -40.641336 -51.824620 -61.030168 -45.952988 -53.284402 
-39.329632 -50.805164 -54.847530 -64.144747 -61.492285 -56.287519 -45.947900 -52.186607 -56.950542 -59.719959 -60.714823 -59.698507 -69.143195 -54.196602 -49.233845 -66.428886 -52.430315 -56.115791 -50.896728 -58.961850 -70.055263 -47.459208 -53.610807 -64.551109 -47.703893 -58.009675 -61.463221 -46.648252 -69.332318 -52.813042 -54.270517 -55.027942 -71.299680 -55.210201 -72.714504 -51.070598 -71.568900 -60.673006 
-39.091461 -67.498542 -68.559932 -62.297869 -48.914809 -56.304017 -46.000271 -53.050925 -56.775579 -53.953092 -59.790251 -59.559664 -60.834740 -54.587943 -65.419525 -59.973245 -59.156684 -55.052096 -72.097961 -50.443769 -51.661145 -54.389445 -53.444562 -71.186019 -46.168064 -58.009207 -53.720197 -55.942552 -69.496333 -68.081758 -53.753624 -61.572401 -58.354138 -52.440755 -67.849836 -69.590624 -58.327978 -67.278875 
-50.759961 -48.569351 -70.601330 -71.755767 -59.730694 -47.170091 -46.932778 -62.815777 -56.540323 -42.460400 -59.455956 -59.721444 -65.660561 -52.969074 -53.667094 -64.282671 -53.065174 -55.514837 -59.947355 -48.555161 -35.856646 -55.611666 -53.446655 -67.642795 -48.567226 -57.893008 -53.325611 -47.093837 -66.305997 -51.561227 -72.420365 -71.313190 -55.379819 -60.598395 -72.808434 -66.347326 -50.166826 
-63.572323 -52.984026 -56.474446 -47.877914 -52.739102 -36.095918 -52.680217 -49.303597 -56.505595 -75.299705 -57.948752 -59.861074 -49.068768 -73.536653 -53.753585 -63.160997 -47.901387 -64.078088 -55.910202 -60.735749 -57.809131 -55.041701 -53.446655 -50.895566 -47.041008 -57.621676 -58.072279 -52.545695 -55.511512 -66.937488 -46.576510 -59.383507 -49.773176 -65.406123 -48.304706 -55.841243 -58.739653 
-61.050800 -55.473029 -51.417662 -59.569532 -56.964248 -36.520741 -42.329577 -65.143892 -56.828326 -63.860526 -57.476156 -53.736462 -49.236299 -66.032946 -53.831095 -63.245815 -71.682493 -52.055126 -56.130137 -62.710153 -59.475235 -58.402448 -53.446655 -51.120545 -48.622984 -57.590005 -53.986552 -53.108016 -65.858119 -64.233160 -40.900139 -57.698731 -51.116275 -51.861421 -64.787718 -63.967818 -59.375491 -49.788036 -57.693973 
-64.633520 -46.756325 -62.517905 -59.699556 -57.180380 -57.719828 -41.844993 -65.896668 -56.805134 -64.542715 -66.007273 -53.699793 -69.024767 -65.606890 -53.429453 -52.948626 -48.043126 -50.544582 -56.067771 -52.271690 -62.362903 -62.536416 -53.446655 -60.159347 -48.513332 -58.065936 -54.751603 -52.933515 -59.083790 -55.065415 -68.643454 -63.851001 -59.704969 -73.586906 -61.310652 -39.487376 -71.761041 -54.203326 
-65.168443 -46.938623 -56.848060 -58.899719 -63.112724 -54.331332 -64.718415 -57.220969 -56.797713 -48.925568 -74.762791 -72.533483 -39.342848 -71.578268 -53.618635 -68.321690 -49.300745 -47.525520 -55.975226 -60.686920 -72.667817 -71.481592 -53.496946 -50.339851 -47.657340 -58.064058 -54.342172 -52.838657 -54.105173 -70.944855 -58.761816 -63.018156 -65.863777 -52.251504 -63.949599 -59.001451 -65.133109 -71.370838 -50.747326 -49.182392 -67.268059 -67.748678 -69.920534 -66.161489 -37.916404 -48.266762 
-52.382267 -50.850113 -63.517714 -58.292379 -73.772552 -69.310714 -68.710106 -63.314464 -56.753128 -69.540191 -45.974961 -58.096622 -38.312623 -66.955155 -53.618635 -64.669710 -55.929794 -47.967577 -55.466432 -58.056857 -64.919508 -59.108782 -53.496946 -57.878532 -47.634824 -58.719086 -55.132407 -53.045753 -61.873365 -72.495310 -61.487497 -58.976284 -57.881367 -58.566500 -51.998094 -54.884514 -63.319186 -50.890869 -63.432137 -63.962441 -65.505491 -53.061451 -71.395930 -66.118133 
-52.285321 -50.711997 -65.594423 -58.874230 -67.492679 -67.011385 -69.270446 -47.634013 -57.131701 -53.230310 -50.118819 -57.649196 -48.930436 -40.444443 -53.604317 -60.410638 -55.704204 -60.671852 -55.574562 -58.777022 -52.861268 -52.766309 -53.496946 -59.077852 -46.854793 -72.498530 -66.473517 -63.100355 -59.834202 -63.357058 -69.055335 -75.523545 -53.711359 -61.248197 -54.019175 -51.325207 -63.191903 -63.652249 -61.839030 -63.079263 -56.547746 
-53.496946 -50.320153 -54.003541 -58.676572 -58.290768 -54.690990 -51.763577 -47.076926 -57.780959 -73.335299 -62.403539 -58.004526 -49.474925 -64.794525 -53.383855 -53.617203 -54.650964 -50.551331 -71.343810 -58.610862 -60.500280 -67.298032 -68.062506 -72.933726 
-53.462676 -67.833551 -53.248721 -58.504521 -57.949512 -55.159278 -57.466127 -48.081806 -57.286021 -66.109740 -53.884919 -57.835249 -48.182216 -66.282835 -53.650041 -53.371821 -52.484735 -53.343742 -60.297985 -35.935412 -49.340978 -67.903259 -62.049930 -65.916444 -71.597910 
-53.609788 -53.809373 -54.110432 -58.754875 -59.152426 -55.026744 -74.559500 -63.589083 -56.929572 -39.458385 -50.559344 -58.110486 -47.436901 -66.383525 -53.640572 -62.851448 -39.354987 -72.560061 -48.867161 -57.783753 -54.540206 -69.448651 -54.793776 -57.237949 -50.696216 -47.236331 -65.827056 -61.694413 -71.220612 -53.987700 -64.797504 -74.826163 -39.023743 -73.607024 -66.987205 -58.513756 
-53.603755 -53.926730 -54.004717 -59.317314 -53.718997 -57.162565 -53.211986 -64.145438 -57.149332 -53.740064 -65.013781 -58.030146 -48.817715 -68.061343 -53.730200 -57.370987 -39.170412 -58.630651 -71.080302 -66.551520 -48.259083 -62.262885 -52.780256 -68.429213 -75.663945 -63.324275 -50.275811 -61.727847 -58.376464 -52.358750 -65.943642 
-53.547127 -59.512081 -54.266488 -55.868103 -63.281990 -57.490530 -52.484984 -63.546359 -57.158613 -53.518853 -65.061578 -56.224981 -49.830756 -63.298588 -53.372419 -56.926550 -63.282150 -66.019987 -56.958565 -72.962309 -46.582691 -57.652071 -54.347759 -72.731797 -50.702816 -57.837650 -59.498845 -51.921150 -55.672522 -61.778540 -67.590544 -63.117540 -40.472875 -66.802920 -61.598095 -63.220629 -66.396350 -68.992242 
-53.523618 -53.758020 -54.544315 -55.394527 -66.908456 -56.847471 -52.848641 -59.801334 -57.277457 -53.575501 -47.276847 -51.026380 -47.835725 -48.620922 -67.195670 -57.190968 -69.544630 -63.404882 -58.142075 -70.604970 -46.434417 -57.527623 -54.248580 -48.023483 -50.178507 -56.940311 -59.270879 -52.333259 -69.386867 -62.685441 -66.977115 -72.316196 -38.249732 -61.692953 -55.018633 -56.611933 -69.074914 -68.362981 -68.284471 -53.889208 -53.520052 -60.261601 -65.960836 -57.265145 -69.041911 -46.009545 
-53.057299 -67.346923 -54.987658 -59.069955 -59.138286 -56.717282 -57.608666 -49.878823 -57.317011 -67.363635 -61.982076 -58.057385 -52.018221 -55.235410 -57.296754 -66.487918 -69.753502 -62.618807 -36.073906 -70.283112 -53.204802 -57.087130 -67.578582 -59.222449 -55.284210 -56.803003 -74.226900 -51.440884 -52.681862 -51.386588 -48.095475 -55.773992 -67.944454 -57.975614 -69.058696 -62.870483 -49.257198 -55.465406 -72.032218 
-53.420611 -67.082883 -54.612466 -61.604090 -58.879234 -55.730462 -59.190404 -48.991764 -57.644281 -68.576107 -66.570052 -56.248701 -39.389660 -58.462494 -59.959514 -75.576827 -68.057788 -58.759151 -36.000998 -57.255178 -54.630893 -57.551442 -60.228075 -75.779403 -63.920010 -56.351936 -52.546248 -54.659869 -70.914153 -60.902229 -54.092018 -53.854640 -59.146580 -62.200207 -54.490327 -60.333805 -48.496551 -47.716616 -61.509083 -59.119364 -68.823429 -60.360184 -65.597771 -64.890002 -62.139235 -54.500777 
-49.719428 -57.234216 -54.938765 -74.746676 -59.532320 -57.879347 -46.375420 -48.485681 -57.466719 -49.622897 -65.738219 -54.142566 -60.551610 -50.705611 -70.586157 -51.018186 -55.615495 -54.848548 -36.231597 -55.020091 -62.218298 -62.315127 -55.358262 -50.547833 -67.730407 -55.575494 -49.786795 -53.726859 -54.790668 -46.871923 -67.420674 -68.000659 -53.938808 -44.336641 -69.245240 -64.694791 -64.052303 -56.394120 -61.728237 -38.500045 -50.961160 -39.178919 -39.723383 -74.919774 -64.726575 
-69.805090 -48.925143 -54.824031 -39.725361 -59.343430 -58.008977 -38.903149 -56.048151 -57.543772 -48.820061 -65.587873 -61.019602 -62.675581 -41.570347 -62.564021 -49.092352 -71.431082 -54.210657 -57.940291 -54.711808 -66.107645 -35.893295 -54.931713 -65.675198 -48.271949 -55.273088 -65.130896 -60.071300 -54.250221 -47.161105 -55.409989 -37.169241 -66.518155 -47.816407 -50.092155 -58.412367 -61.727064 -66.576694 -52.074894 -61.237642 -36.306680 -58.528014 -57.782176 -62.341037 -55.564980 -74.782425 -65.474249 -37.197996 -38.209263 -67.113696 -63.092165 -72.687980 
-57.329760 -51.947462 -54.691629 -55.525459 -65.686450 -58.029254 -58.697858 -59.250198 -56.890951 -48.480936 -64.544005 -50.546140 -50.282755 -51.605869 -61.705506 -74.946751 -68.142326 -53.327426 -60.805811 -54.765431 -62.830945 -55.886307 -55.652690 -72.094895 -49.788755 -56.342514 -75.045640 -52.471756 -55.066369 -36.595844 -56.157538 -47.131241 -36.363650 -67.818853 -57.334555 -39.186865 -57.708263 -50.141904 -73.189785 -40.591407 -66.541406 -58.108890 -47.664494 -54.300552 -48.087832 -53.305782 -64.057203 -60.604356 
-51.982439 -65.641270 -57.515809 -51.800210 -47.414127 -57.873052 -66.520679 -59.281104 -56.839627 -48.269704 -46.734225 -53.477743 -39.288123 -36.674506 -63.736794 -56.352670 -70.959633 -57.374737 -53.531588 -54.441909 -53.583373 -40.349804 -59.091734 -54.200557 -55.083185 -55.632948 -67.812526 -54.701252 -37.205027 -36.657774 -68.493377 -36.953098 -48.026555 -54.094959 -67.107959 
-48.107841 -55.841199 -62.320039 -66.967982 -56.019226 -57.874558 -64.710841 -59.443684 -57.038098 -50.228800 -46.770675 -58.085536 -39.178625 -36.161792 -56.558527 -59.294560 -55.923976 -51.527965 -53.602065 -55.158259 -37.215157 -68.672864 -62.763085 -68.821767 -55.278355 -55.374279 -45.892972 -54.916735 -48.735107 -36.420084 -69.382152 -69.167117 -51.952380 -64.249643 -65.814525 -63.625980 -73.348031 -58.126656 -56.108938 -61.245086 -59.215608 
-74.478748 -69.050653 -53.101486 -46.279889 -48.357107 -57.882650 -49.284654 -59.680189 -57.180426 -64.761053 -54.356408 -50.584854 -48.076125 -35.898652 -47.347819 -71.548246 -51.570095 -63.355684 -53.814477 -55.841127 -46.662702 -48.848913 -75.394567 -68.469948 -56.181031 -55.437122 -36.379113 -53.848074 -62.907340 -39.367223 -57.629960 -52.532828 -66.033345 -55.587912 -36.148961 -58.434981 -62.892945 -64.374706 -44.960575 -61.162043 -57.536286 -50.600846 -50.242558 -48.943545 -59.093169 
-67.629354 -60.085037 -52.322389 -38.871526 -52.720750 -57.667440 -63.723929 -59.512075 -57.142963 -65.118027 -53.939409 -50.365597 -49.885608 -36.971156 -66.814968 -50.440730 -51.479705 -48.540586 -53.530519 -55.618199 -60.713799 -62.836441 -58.842995 -66.279263 -56.822347 -55.540581 -66.997829 -53.844359 -71.765762 -63.100762 -54.996037 -56.625657 -39.669990 -52.616047 -60.569042 -52.860216 -47.641661 -57.450986 -62.124170 -64.417105 -65.031685 -63.987140 -57.737356 -68.750655 -64.403161 -61.835495 -65.755180 -58.885109 -70.010164 -69.856951 -67.504110 -47.330503 -63.100435 -40.350088 -69.069914 -59.140908 
-57.328487 -58.929119 -43.554479 -53.601414 -52.677002 -48.187551 -63.540687 -59.523396 -62.443741 -62.856556 -59.548904 -50.168842 -62.063092 -36.609239 -48.084012 -53.081650 -51.374608 -46.000607 -53.461933 -47.450926 -62.960796 -52.955527 -56.783073 -40.189083 -48.373162 -55.628713 -48.865101 -53.649978 -73.715268 -63.329977 -53.827947 -66.251454 -39.745264 -67.948083 -47.893506 -42.232924 -56.824677 -68.497156 -56.856025 -58.274012 -69.992412 -48.435994 -57.331556 -57.862380 -59.787924 -64.290059 -48.184433 -54.245993 -63.841455 -61.089098 -56.367011 -49.320087 
-64.592826 -51.460507 -58.520421 -55.606005 -54.590896 -66.684953 -58.954961 -59.460355 -53.625653 -41.548808 -55.447218 -47.936638 -59.779712 -36.380414 -61.968453 -53.467754 -52.494059 -47.591519 -52.868644 -68.510581 -68.855861 -56.856025 -55.137950 -48.640150 -40.845908 -55.454440 -40.375671 -53.634648 -65.053020 -40.513653 -61.055742 -55.480169 -55.599596 -69.137816 -66.187615 -46.924967 -74.452275 -42.443106 -67.935129 
-65.988347 -49.889644 -58.081857 -55.350369 -54.668547 -54.870494 -59.544143 -59.267950 -47.486146 -71.561162 -59.274328 -47.930904 -67.708130 -64.158144 -46.757259 -53.538863 -52.494059 -62.713042 -52.868644 -58.268658 -36.423665 -56.836849 -53.572688 -57.491423 -62.223028 -55.908937 -49.127372 -45.594419 -65.456063 -68.461895 -61.252100 -48.354167 -43.136086 -58.212390 -67.282161 
-52.142713 -68.981554 -58.046262 -54.345566 -53.491135 -69.297238 -65.317791 -59.418905 -60.222751 -56.433286 -39.290965 -50.026370 -50.584000 -67.380407 -46.255818 -53.587423 -51.779503 -49.269734 -53.131481 -67.912436 -61.311887 -56.839594 -53.369712 -75.019046 -53.611878 -55.104140 -49.225078 -62.816664 -45.433532 -59.793505 -67.452578 -70.379737 -39.234187 -64.454674 -57.813244 -40.794809 -70.632063 -69.537529 -63.683633 -69.081290 -69.391097 -46.296933 -56.565298 
-53.881620 -53.927087 -58.951759 -53.800703 -53.965777 -62.377624 -61.568388 -57.834460 -70.447096 -57.707377 -38.514444 -62.512084 -50.094972 -69.444960 -56.902451 -53.669438 -52.084325 -50.224175 -54.105826 -48.292920 -45.032767 -56.839594 -54.577656 -59.567245 -68.615618 -54.354834 -49.301376 -65.752515 -50.256507 -47.882376 -65.945191 -60.302839 -62.291931 -50.090015 -66.377653 -56.186723 -61.351389 -62.345916 -40.593836 -72.710628 
-53.422447 -45.557205 -59.032000 -62.981139 -53.863413 -50.429176 -53.080657 -58.535135 -49.129429 -58.639262 -65.688112 -42.113814 -50.018255 -64.274685 -55.611948 -53.889389 -72.328009 -69.353720 -57.312267 -54.900676 -52.348103 -56.839594 -53.961395 -59.567245 -51.937022 -54.664037 -58.302616 -65.809372 -63.914420 -72.726253 -63.579513 -59.192444 -60.178159 -47.106703 -45.734989 -47.046873 -64.656271 -58.699750 -51.815208 -50.998062 -69.653874 -75.414708 
-53.551074 -56.474486 -57.370180 -62.823430 -35.842426 -72.337885 -54.516115 -45.600948 -49.098881 -57.066320 -58.129173 -69.707537 -50.343314 -64.843857 -54.011225 -53.993293 -62.980506 -63.054325 -53.751383 -72.809233 -70.674814 -56.499913 -54.323110 -59.985353 -72.736076 -55.148317 -60.760895 -47.191812 -70.891800 -70.236857 -61.875887 -46.908756 -41.944885 -64.418911 -75.315691 -60.496553 
-63.740719 -63.573123 -64.283135 -69.310227 -59.450663 -66.559176 -53.125642 -43.129674 -65.153332 -47.053120 -63.595181 -39.264781 -50.636852 -55.482819 -54.545495 -54.416320 -39.044185 -66.581214 -54.766455 -59.999746 -61.829362 -56.401915 -71.514048 -60.038194 -56.565338 -63.083076 -54.557898 -48.933580 -57.354456 -65.671941 -61.790942 -57.596184 -68.434278 -69.767907 -55.548559 -62.112822 -54.052662 -64.115029 -53.775818 -52.788115 -59.201774 -64.384162 -65.189842 -55.760496 -67.150920 -57.450139 -61.269513 -62.564913 -54.373467 -58.441805 -66.889149 
-62.864322 -63.488634 -70.768774 -47.963628 -59.269079 -47.032885 -45.727758 -48.460315 -58.462447 -52.376477 -68.778104 -65.345508 -50.453444 -72.790791 -54.855356 -54.380551 -65.224309 -55.437574 -61.363058 -55.706631 -68.601555 -56.475271 -64.343847 -60.033584 -35.855645 -54.197207 -54.269704 -62.083005 -58.807805 -68.592637 -62.521279 -57.896393 -58.775762 -49.469185 -52.668324 -68.193703 -53.700810 -63.578067 -70.578756 -51.958981 -62.856531 -69.125450 
-48.386062 -53.083159 -66.178207 -52.351883 -69.145955 -46.862918 -47.374289 -47.540959 -50.455534 -58.456684 -53.589159 -60.930765 -54.917553 -62.084472 -54.820434 -54.424160 -57.879769 -55.329370 -63.025120 -56.883871 -57.253101 -56.592730 -57.992012 -57.885070 -37.427982 -56.546698 -54.589405 -61.503562 -61.973690 -47.345735 -57.868365 -57.662190 -52.634675 -67.675585 -71.241711 -57.993163 -59.036112 -53.753288 -68.390776 -68.604746 
-57.062301 -68.798855 -53.199460 -63.334659 -71.000533 -47.759386 -48.592694 -55.427341 -61.150410 -58.483531 -69.185356 -47.489599 -54.226288 -63.684397 -53.639584 -51.397876 -59.400240 -55.472242 -60.616188 -64.519928 -58.648888 -57.274620 -48.749664 -57.747627 -62.766710 -61.267338 -54.424584 -54.584187 -57.840546 -67.909849 -57.388248 -39.254771 -54.427737 -50.178523 -49.172648 -60.668009 -69.607340 -60.227474 -46.775295 -58.528870 -64.912997 -60.108995 -52.968579 -75.162991 -56.887154 -49.369332 -56.717977 -64.230055 -61.466995 -58.173569 -49.093714 -63.496776 -57.111524 -52.217636 -58.639239 -67.702182 -61.275599 -49.194985 -46.736759 -53.888422 -65.313367 -63.678115 -68.217615 -65.050213 -56.596103 -54.894732 
-46.885197 -66.672542 -59.041132 -55.732638 -62.316891 -51.480219 -49.319027 -52.876759 -50.027450 -58.625363 -47.513293 -61.390956 -54.537071 -52.995938 -53.955632 -50.589792 -71.168486 -55.256519 -69.975399 -74.562518 -72.301838 -57.302765 -49.982339 -57.755098 -56.984606 -59.872465 -54.254534 -62.701731 -58.210529 -53.887292 -59.364219 -55.017109 -54.302826 -67.756310 -48.899238 -70.789191 
-46.167014 -57.404696 -63.266214 -57.302442 -54.780785 -63.956983 -49.695888 -55.892878 -68.168340 -58.381565 -51.714711 -69.258250 -53.776026 -54.024312 -53.825037 -65.127009 -65.855658 -54.876736 -53.545716 -73.889060 -63.840147 -57.215926 -50.179579 -58.456520 -49.972084 -65.909037 -53.973454 -63.293670 -47.846268 -56.616564 -58.288083 -53.423907 -71.026365 -65.149426 -62.423853 
-47.340555 -50.300607 -55.206143 -62.109497 -58.218249 -67.584148 -50.653432 -64.658178 -67.535891 -58.500210 -51.176811 -47.651566 -53.342828 -53.969145 -53.845342 -62.576061 -65.967163 -54.782099 -52.839598 -51.885986 -66.493318 -57.258427 -63.992395 -58.888004 -56.703285 -61.796717 -54.057154 -49.930673 -51.887207 -53.639164 -57.826715 -51.259005 -67.361335 -72.086795 -69.182103 -63.904865 
-52.422745 -74.380652 -47.350974 -58.533383 -59.092619 -49.073726 -58.758764 -51.346411 -61.728495 -59.120972 -50.063877 -52.770009 -54.024594 -53.995011 -53.591666 -61.080223 -62.283624 -55.364426 -65.959714 -54.057154 -53.318971 -57.641329 -60.764059 -58.296809 -48.869494 -48.783613 -58.113290 -51.853827 -51.148365 -62.250244 -69.842411 -64.402760 
-52.784624 -58.486830 -67.663484 -62.344950 -59.338164 -47.318112 -61.707060 -52.603529 -47.330382 -59.002799 -48.176282 -50.939962 -53.217371 -53.952154 -53.381163 -70.962156 -63.344896 -55.210575 -69.292282 -53.794411 -54.129216 -57.819126 -59.893859 -66.132546 -59.654929 -59.318756 -44.392854 -68.640305 -53.997744 -60.722022 -53.378982 -64.316221 -52.183142 -52.216655 -72.582500 -60.133966 
-51.429828 -58.673219 -55.194709 -65.677127 -57.412089 -73.342002 -53.503696 -49.335582 -46.484247 -59.027400 -66.812225 -62.937432 -53.487772 -53.952154 -61.940916 -62.208461 -53.401651 -54.899283 -46.414336 -53.862530 -64.083219 -57.205042 -48.192192 -63.459853 -52.347465 -41.133277 -52.933788 -56.125970 -74.252850 -68.529789 -59.252367 
-72.552190 -57.261689 -47.522149 -59.737215 -59.274828 -62.871209 -52.536278 -51.110591 -46.175490 -59.342314 -69.578441 -56.932519 -54.265400 -54.035369 -50.625059 -48.625104 -67.116073 -54.803876 -65.892462 -54.320742 -53.653028 -56.863675 -48.483343 -63.850229 -51.509406 -56.881789 -53.373332 -51.848271 -65.913285 -63.934273 -75.213826 -58.874976 -59.682797 -55.320775 -61.397237 -51.048121 -49.605242 -56.947254 -57.378289 
-50.743956 -57.353345 -48.094631 -71.570113 -66.396137 -56.902124 -61.267916 -48.276044 -46.087047 -59.478948 -63.216739 -56.844321 -54.571522 -54.204596 -50.507728 -48.253258 -70.924467 -56.556346 -50.847525 -55.129702 -53.505202 -63.763583 -49.484704 -67.560384 -59.621655 -59.779498 -52.106031 -60.218241 -57.104349 -63.866880 -61.529472 -62.517945 -67.509142 -69.394152 -48.522843 
-66.304236 -56.984548 -42.664655 -60.942074 -54.702779 -54.775896 -36.106836 -66.087328 -50.727638 -59.211841 -50.677683 -58.158946 -53.700557 -53.935420 -50.214215 -49.479537 -71.975879 -56.660992 -45.978425 -55.780137 -53.629072 -64.118094 -50.599014 -55.150116 -60.921346 -57.242962 -50.824250 -56.281561 -56.884126 -63.210223 -70.128391 -57.360781 -65.994663 -49.115859 -63.385761 -65.704614 -49.260382 -67.438106 -57.917284 -60.427117 -62.224751 -68.964551 
-50.202734 -52.956029 -58.008067 -67.632686 -51.148931 -50.514080 -35.627549 -55.851055 -67.056569 -59.187193 -53.418109 -72.816171 -48.407948 -53.764336 -49.087426 -65.765070 -63.886724 -51.969318 -48.055124 -57.808617 -53.694530 -53.777781 -57.368374 -54.205399 -60.080764 -58.030219 -60.439687 -58.697086 -57.565763 -62.774568 -65.096789 
-49.543952 -60.506675 -62.120635 -66.965890 -56.730611 -52.508713 -65.395115 -56.142058 -46.129880 -59.088456 -51.486590 -49.518421 -73.654574 -53.614819 -50.792302 -63.295541 -64.094284 -37.216111 -60.889010 -57.395863 -53.505435 -53.908270 -66.050763 -53.927120 -41.644601 -59.974586 -67.728284 -66.866733 -53.167357 -59.630134 -53.430114 -41.106261 -70.358395 -58.977562 -71.574874 -52.839200 -54.053245 
-48.332699 -59.811531 -68.095635 -59.608784 -55.887627 -67.313993 -65.313111 -48.820766 -43.427433 -59.517317 -52.351075 -53.940741 -57.421896 -53.554192 -66.452963 -63.236604 -59.521981 -66.225114 -53.828318 -57.111913 -53.953508 -49.677998 -70.298669 -54.065144 -57.127555 -52.575790 -64.418045 -68.414983 -50.587104 -57.221600 -59.301887 -49.601628 -57.717832 -55.000545 -63.423186 -62.506321 -69.066591 
-68.153004 -67.474560 -72.571301 -63.045785 -56.376259 -55.016775 -65.225439 -47.791395 -40.923743 -73.683352 -56.847962 -72.437038 -72.020177 -54.481702 -53.926374 -62.274248 -58.126381 -54.929347 -39.969134 -56.932011 -54.241164 -57.561363 -51.364681 -53.860293 -56.695245 -53.095463 -68.061458 -56.773509 -68.864119 -47.809528 -59.615977 -60.459287 -61.479603 -64.760073 
-65.521319 -63.512850 -55.123528 -64.123841 -55.672622 -46.199100 -71.566053 -48.374817 -41.665854 -57.278441 -69.265561 -64.891960 -68.833863 -54.054688 -54.496708 -59.053733 -56.938060 -63.022690 -49.920366 -56.632376 -54.916204 -55.468119 -53.520074 -54.187263 -57.094164 -61.503329 -56.378197 -55.144486 -60.870878 -59.760045 -59.828359 -52.701559 -53.819367 -64.221683 -53.336933 
-67.048583 -61.989723 -55.234926 -49.417426 -55.804960 -46.145352 -70.869655 -49.236784 -39.165255 -57.674310 -54.634236 -42.577613 -53.559450 -63.783424 -54.611711 -58.070886 -52.304062 -59.461863 -50.198093 -56.582391 -54.728883 -56.963386 -50.861218 -66.229365 -57.226196 -65.389207 -65.407492 -67.074590 -63.245047 -57.555467 -52.586769 -59.233821 
-57.838654 -46.290246 -55.425071 -51.180455 -55.172692 -49.247040 -52.241515 -54.960535 -54.074729 -57.415056 -54.328328 -51.314081 -53.845264 -59.953517 -56.417102 -58.399323 -60.760920 -61.945228 -66.324736 -56.587150 -67.147838 -59.994925 -54.194318 -48.570112 -56.188443 -60.401147 -53.824307 -52.634710 -70.396202 -59.481280 -53.623468 -58.011846 -35.097457 -55.328551 -41.262335 
-57.022760 -55.781483 -56.012860 -60.270577 -56.041268 -48.396366 -38.551511 -60.394147 -67.229891 -57.271474 -57.992290 -63.117938 -52.916438 -67.261378 -52.094132 -56.632235 -53.969142 -68.284158 -47.289953 -56.370690 -48.221325 -55.262338 -53.880282 -49.511673 -57.115371 -55.196354 -64.191703 -60.145519 -62.497065 -66.400082 
-53.659999 -56.031719 -55.959670 -61.341084 -55.440282 -48.786519 -52.021176 -59.721310 -45.997795 -57.020760 -64.438924 -66.102843 -52.643588 -64.138225 -60.025030 -56.862407 -54.118237 -47.706677 -46.294864 -56.066918 -37.014696 -55.194428 -65.736747 -48.916777 -56.348849 -63.299908 -62.414284 -57.276041 -39.268530 -62.820551 -60.018612 -61.072086 -65.409485 -65.569297 -56.830362 -57.517160 -49.571287 -51.214160 -48.338006 -49.149616 
-53.993747 -58.753856 -55.508640 -59.034672 -58.768864 -52.431936 -52.006194 -60.055901 -49.941114 -57.195567 -71.311916 -55.693207 -53.088382 -60.097551 -54.867593 -56.248850 -56.471516 -73.170245 -46.876894 -56.264098 -58.896247 -55.256732 -65.382970 -66.339203 -55.997941 -56.308354 -63.414227 -61.650219 -46.905627 -58.867564 -75.784970 -50.430045 -66.254008 -61.751732 -47.125764 -56.480480 
-54.380050 -50.086719 -55.780022 -51.357741 -60.763016 -57.731678 -67.145856 -59.921616 -68.260394 -57.663407 -69.612291 -66.591809 -47.536175 -54.268720 -54.280701 -67.283524 -61.921992 -58.282922 -72.632231 -56.252165 -61.973307 -68.700766 -53.291647 -69.056943 -55.923409 -57.266046 -63.990326 -52.887156 -58.158600 -46.052164 -62.120263 -62.524179 -57.740890 
-54.520202 -50.191630 -55.600659 -55.626302 -46.985515 -53.008664 -59.033069 -60.247396 -56.028543 -57.674719 -70.252292 -72.112816 -46.863412 -54.161555 -54.799485 -65.745467 -62.733832 -57.883998 -69.358080 -56.145986 -62.017118 -67.875953 -52.872924 -63.038578 -55.795788 -60.619448 -48.822118 -67.938195 -68.932712 -62.981100 -62.322507 -58.226482 -63.036841 -48.034864 
-54.525260 -49.275434 -55.597579 -70.534414 -58.408463 -42.923744 -48.358208 -59.972692 -51.108785 -57.959716 -55.303591 -58.817966 -46.471600 -53.668096 -54.288363 -57.361010 -38.654319 -63.386974 -61.937820 -56.347792 -52.922438 -67.247965 -52.175233 -57.244566 -69.406606 -64.528502 -62.384949 -64.029411 -59.625341 -56.619429 -49.663254 -53.090375 -72.321112 
-54.954639 -64.257299 -55.511572 -62.754249 -51.706676 -47.051099 -63.975885 -59.638426 -49.279054 -57.773101 -66.438975 -66.309931 -54.972100 -50.269591 -47.959041 -53.712259 -37.545142 -49.711721 -69.997112 -56.414205 -70.535773 -55.934305 -54.874882 -55.712138 -55.341426 -50.833422 -60.847586 -56.850094 -57.904978 -49.845536 -56.859815 -66.048737 -46.327089 -64.854777 -60.826444 -53.501054 -57.483958 
-55.764935 -48.973478 -55.511572 -48.665496 -52.157035 -39.217939 -65.579115 -59.605503 -53.136476 -64.016536 -67.074978 -64.717602 -55.439693 -50.716545 -62.741292 -53.789966 -64.634359 -67.301790 -69.452230 -56.414205 -55.348015 -65.523683 -50.751701 -55.634255 -57.112621 -58.226595 -68.069272 -57.537708 -53.250403 -58.006912 -56.303754 -55.045528 -46.633490 -65.379833 -62.550332 -55.116420 -64.395267 -52.447380 -49.199559 -58.892356 -57.817856 -66.283614 -63.407424 -57.990092 -58.189808 -66.813306 -56.384734 -64.582973 -68.396952 -62.008975 -68.804430 -52.099314 -51.291628 -50.425921 -69.926996 -58.123367 -53.577961 
-55.485328 -38.298716 -56.425621 -60.800553 -66.444921 -37.898878 -69.334467 -60.071213 -50.643501 -52.636860 -55.539575 -68.920603 -55.955791 -49.980927 -52.584735 -73.092631 -55.318378 -68.331521 -53.422294 -56.366800 -55.201989 -50.573685 -68.578523 -56.197651 -56.244043 -49.363012 -64.636723 -56.913467 -53.191602 -57.360535 -63.421404 -56.057103 -47.636304 -55.370671 -65.051589 -54.777851 -61.921734 -57.778182 -65.630779 -62.598199 -67.852982 -65.449801 -51.582061 -73.084121 -52.886372 
-55.485328 -38.428495 -41.165142 -64.867919 -61.312946 -63.304963 -49.350368 -59.772132 -68.421201 -67.076650 -54.467198 -64.696710 -55.350323 -60.963134 -59.380374 -49.310753 -58.551986 -48.099077 -51.223107 -56.366800 -51.605186 -68.066791 -52.459808 -64.740517 -57.465140 -48.455192 -68.892914 -54.683335 -53.517067 -57.770375 -60.706904 -55.602375 -45.088810 -63.274051 -51.069178 -50.171978 -66.722263 -63.355531 -54.602827 -48.823165 -61.546886 -69.652429 -71.811438 -65.945660 -62.446179 
-55.800424 -39.083383 -49.268261 -41.479190 -59.090104 -52.493678 -53.855528 -60.077577 -61.306059 -68.673537 -55.544084 -53.522402 -53.799751 -69.499992 -65.292624 -49.590060 -59.279866 -64.703441 -47.723516 -56.366800 -69.860975 -58.606688 -61.032232 -64.539267 -58.227428 -48.015252 -51.160416 -54.821354 -71.368327 -57.992019 -46.442587 -55.409165 -61.163914 -59.139609 -60.923666 -65.814921 -65.180282 -66.944432 -50.563359 -61.154954 -52.880031 -60.238408 -53.153090 -43.021751 -61.567537 -60.063200 -63.686883 
-55.030493 -63.588802 -54.198001 -51.686267 -55.944280 -52.573078 -66.730765 -60.106397 -56.923642 -55.774127 -56.464384 -48.648848 -54.792803 -49.560050 -48.158031 -46.206519 -53.531815 -65.998508 -58.759712 -56.366800 -53.241180 -60.637588 -53.116683 -57.677404 -63.281387 -48.145229 -69.371240 -67.003982 -51.769671 -57.869246 -56.464112 -55.771323 -51.610448 -68.793482 -39.104878 -60.218662 -60.330826 -58.178358 -66.260568 -48.128329 -72.460269 -57.761334 -72.145919 -51.750238 -50.504557 -62.021953 -68.214371 -64.537061 -65.444953 -51.738611 
-55.118333 -66.305976 -65.841858 -74.463480 -60.627590 -52.640790 -67.749486 -59.741279 -68.577095 -53.113384 -46.395716 -48.644405 -53.048172 -50.609935 -69.489559 -64.632542 -55.945788 -39.149533 -63.679130 -56.366800 -70.216748 -67.842117 -53.002204 -46.398277 -47.228203 -47.738439 -54.539243 -58.205013 -62.858369 -57.328207 -70.263509 -56.878096 -52.628216 -47.187864 -53.533148 -53.651552 -57.082824 -72.692590 -55.254477 -64.769328 -65.961700 -59.985270 -59.357503 -66.783967 -50.673968 -70.140828 -71.748405 -52.420033 -60.180448 -49.124971 -67.498753 -68.590818 
-54.983932 -63.404663 -53.247093 -60.079232 -69.084390 -52.722048 -37.298261 -41.432809 -59.996775 -69.257255 -65.769995 -48.088072 -53.092129 -63.779841 -58.690927 -46.985352 -40.126972 -60.443988 -63.166077 -56.449287 -64.230641 -73.118246 -53.002204 -49.003190 -60.858273 -47.376661 -60.222546 -58.689135 -58.093031 -57.705690 -61.723748 -56.084177 -61.337290 -50.528763 -53.492509 -52.535141 -61.051107 -68.536794 -72.242524 -38.092603 -55.705200 -59.392821 -39.756398 -66.624086 -66.479331 
-52.258419 -70.874403 -66.155496 -55.485291 -41.423240 -52.714487 -37.484747 -54.567237 -59.972016 -38.003463 -52.348824 -47.903224 -52.511089 -55.857159 -58.772248 -59.610935 -69.225756 -46.775576 -59.513194 -56.449287 -64.416555 -63.488230 -53.014587 -50.473248 -51.407099 -47.186200 -51.263740 -65.548441 -67.392141 -57.823411 -54.565181 
-55.374937 -63.866022 -65.302199 -59.211398 -48.407679 -52.714487 -49.436984 -51.608725 -59.972016 -37.490557 -67.307554 -54.885205 -52.488206 -56.128140 -51.223544 -53.568477 -48.920268 -46.976133 -70.258190 -56.449287 -62.788692 -48.440870 -53.138703 -59.884044 -59.902162 -49.983852 -38.978016 -58.487286 -65.613523 -57.885949 -54.724579 -58.797982 -65.697671 -54.561135 -66.571251 -60.965796 -39.137134 -61.295569 -53.509503 -65.216344 
-63.515783 -55.782157 -38.361438 -53.370337 -57.596330 -52.714487 -68.195993 -62.627026 -59.910273 -53.844158 -63.420093 -48.611479 -52.523886 -56.839424 -66.090754 -60.785507 -48.321467 -65.422681 -48.789358 -56.403727 -47.168216 -47.863027 -54.071088 -63.412388 -50.728577 -50.115189 -47.182563 -63.339580 -48.330172 -65.061841 -69.927712 -50.684296 -59.202912 -65.339368 -58.632798 -50.329031 -39.480121 -52.402730 -63.032304 
-71.594478 -55.683045 -63.700804 -59.276138 -71.106468 -52.770080 -56.385485 -52.679700 -59.504681 -53.866500 -46.674742 -66.149243 -52.644449 -56.741405 -56.955571 -59.324682 -56.024873 -50.081696 -68.674082 -56.403727 -61.442398 -36.291154 -53.988661 -59.512925 -50.249662 -50.010677 -58.623506 -47.209281 -50.450369 -67.233987 -64.333808 -62.802747 -49.503283 -61.078076 -67.385503 -67.245825 -67.310550 -59.751692 
-41.097304 -55.520319 -60.389369 -64.611999 -50.857167 -53.119017 -51.639047 -72.396788 -58.995666 -54.292701 -72.662014 -66.633768 -52.078403 -55.712315 -57.805209 -67.100727 -51.601306 -57.371431 -47.002728 -56.299456 -59.569567 -37.323389 -53.375055 -58.433264 -58.327619 -66.777823 -57.111703 -42.476838 -72.968121 -49.536431 -52.801082 -55.083646 -66.977212 -70.636771 -54.828770 -62.487064 
-55.418610 -68.984690 -59.158979 -70.009884 -63.684326 -53.138375 -67.315137 -53.796413 -59.115902 -55.451883 -63.962184 -53.112969 -58.448247 -55.827230 -57.926619 -58.820734 -59.356839 -46.775893 -47.305546 -56.313836 -49.899777 -36.172771 -53.393690 -56.556853 -52.964065 -65.740820 -57.171380 -52.406922 -56.991946 -49.658664 -62.220454 -67.848161 -64.461816 -62.671555 -61.033716 -67.699773 -46.229584 -65.312995 -65.493237 -67.570646 
-59.219067 -41.873430 -56.693974 -60.969000 -55.404208 -53.125192 -65.630870 -54.550320 -59.889481 -50.050770 -66.225352 -53.417295 -57.283338 -55.938168 -57.273461 -66.668349 -55.276412 -66.922723 -60.070086 -56.601604 -66.207508 -65.258361 -53.487401 -45.633148 -52.420599 -47.444248 -56.855105 -51.164733 -56.729104 -48.452905 -36.458270 -64.610629 -62.112882 -53.420719 -65.296490 -68.683140 -63.817456 -41.202766 -56.378618 -35.323427 -66.354540 -57.499323 -58.835792 -44.277085 -62.804352 
