232.989560 10.298217 103.721530 0.460446 2.013202 0.816684 1.383824 1.888434 42.056238 0.471707 10.937098 13.840150 64.006441 373.157093 167.155346 3.923650 60.110216 805.479966 1.460738 66.846513 0.303365 33.178762 23.829978 98.599788 0.388778 13.840536 6.380160 0.170924 7.547683 7.662367 75.265092 1.059244 1.471560 8.970983 77.586391 0.277425 6.148030 21.383256 10.263948 
56.958233 39.812098 0.200991 0.207502 0.331809 0.650743 3.080130 10.433277 178.527648 1.730060 12.979060 7.706256 0.639380 72.396731 119.032209 1.212131 65.003919 126.447991 82.928298 105.510179 27.709893 5.065070 9.197684 125.031045 4.472917 2.381506 11.274531 0.185637 56.271377 74.871380 5.454810 0.177651 2.661951 3.293720 14.608264 52.860277 0.277655 3.367551 97.669365 23.693994 71.063097 
0.117080 41.663453 23.069712 0.403082 6.433144 0.655135 19.686534 4.652725 8.839676 2.717274 32.300367 42.611495 0.126717 467.505313 3.108230 0.167430 214.530355 18.780849 35.679382 271.164459 182.556094 4.212463 8.930256 0.701523 2.405636 135.548570 10.713990 49.408949 6.053098 42.273795 1.622208 87.556487 3.721071 85.002480 
0.208404 5.013202 10.640836 0.903685 4.770127 0.565860 158.788639 1.982333 6.211153 31.975965 62.292759 16.002749 5.993176 161.222184 27.368831 0.129317 114.470958 1.115041 3.423764 399.599347 52.098119 28.819915 1.982009 8.386236 510.018963 163.234099 15.351720 6.264140 200.263995 51.666504 42.716607 3.460162 0.258982 1.262937 1.336673 5.415469 0.650418 165.442173 16.668570 33.467519 119.485926 14.470973 0.080932 18.084300 4.530012 42.659096 3.816672 
0.089443 0.949875 11.535549 15.288585 30.043012 0.431469 21.850353 5.997480 0.235925 81.189301 116.687464 2.060903 4.922902 147.148140 401.379170 1.216763 164.964999 1.543162 4.521440 80.620068 0.894877 3.074209 33.261452 20.425246 34.053375 22.415185 17.972839 116.857437 7.982994 54.200104 6.085902 7.433932 0.073718 0.823021 10.762305 6.133370 29.666472 54.950533 613.759293 17.084880 9.900552 492.761665 104.824110 0.068702 0.723346 35.346632 7.875134 3.446767 17.767366 24.962728 50.020038 
0.361364 7.074931 17.550554 2.844538 9.080821 0.462470 1.317629 0.362945 5.236441 97.854522 162.268920 1.629683 5.240093 46.359391 53.120855 6.144057 138.142356 4.976356 147.765243 329.481391 9.711169 11.956295 3.946413 112.099795 181.036505 11.157290 25.291210 17.861968 6.371432 45.278981 13.230609 94.025533 77.633946 5.736082 13.037300 2.038570 14.720602 41.081708 0.131590 3.849299 20.074761 2.054631 96.748359 0.155964 0.482423 1.920887 4.503123 31.329370 6.196000 546.152353 4.920279 2.839528 2.199550 25.791713 293.002410 31.148068 31.211377 1.274228 25.853112 3.132929 5.259147 34.852726 1.712932 2.788992 
0.595283 31.434663 1.746097 0.839247 390.515887 0.700208 0.181886 43.241820 1.897904 4.637905 10.804295 45.057108 17.080756 367.750340 2.192138 3.440466 150.638488 125.108215 0.594958 336.912437 3.070595 13.907378 119.761512 8.618887 0.193818 20.231930 2.704380 7.152085 917.720296 35.966462 0.369491 31.434598 86.924647 13.235205 30.816861 12.070788 1.864380 6.162847 297.720623 0.611191 6.167967 9.764651 14.449397 0.547220 67.344621 
0.620073 78.057334 3.120967 5.002833 85.991031 0.460644 0.145259 334.646053 7.246618 13.540810 31.894425 65.791935 35.338390 76.559613 9.358442 4.580117 555.706290 71.856512 55.011606 105.611616 46.622484 13.199327 2.865224 3.414077 0.108262 11.448268 49.171333 0.411345 124.524186 24.094665 4.965605 8.688425 6.220957 5.055761 
1.487623 64.091575 5.227159 3.305077 28.153772 0.418762 0.149853 17.829973 0.098091 0.131064 117.769213 0.679967 126.322083 0.252287 10.543936 282.314167 59.244369 6.540828 408.702418 289.472224 3.209492 2.612068 0.103115 0.795246 0.066631 22.716307 7.291292 12.862835 21.018891 5.812541 12.537407 12.739790 53.868097 0.098274 0.161728 83.376232 5.049284 10.785324 95.938688 7.202736 27.285341 78.107282 2.369319 
1.283670 3.402113 2.607629 64.984773 9.687894 0.562141 3.012625 9.751498 0.430407 0.179905 10.236627 7.270915 185.948963 0.604096 10.760103 4.422803 170.204594 8.211559 9.918057 7.910049 28.329799 191.552035 19.091574 211.618821 0.158793 42.972925 2.445896 46.842495 50.986965 14.553212 5.524870 0.324462 460.253909 13.775826 
1.983257 1.429146 2.353792 78.362764 65.236356 0.500147 0.802369 37.899637 1.064660 0.186887 1.757929 4.693240 293.581487 0.593831 42.237185 11.808188 695.046697 29.999888 4.311615 6.567705 49.694968 183.495770 0.423507 89.158869 0.205616 22.532671 3.060811 5.500373 0.141132 1.572069 374.797696 1.524634 3.758368 27.643767 0.493624 9.378926 11.846440 28.171908 0.399790 45.609463 3.512486 19.917441 6.613117 65.988961 18.132729 10.177395 3.198069 7.571197 224.802660 
0.488508 2.456349 5.908964 51.232835 30.169942 0.622551 6.141790 0.731962 7.345896 12.652412 66.898959 8.029393 90.488375 0.354407 86.171393 1.011993 197.558552 9.789230 0.840194 0.451987 0.097776 157.886695 104.748458 208.876077 0.171048 8.346871 59.462442 31.810221 101.351540 7.075680 2.401721 72.068868 11.279665 31.757620 6.348083 0.845157 36.285617 450.382430 3.188117 14.289878 71.787354 14.831120 17.578231 148.357218 40.644496 17.911779 148.178098 
0.251248 2.147202 85.929643 6.960004 1.562480 0.445693 1.624103 871.309904 10.022179 12.345067 0.144036 7.916970 169.452592 5.793979 300.279439 43.615750 160.153975 20.797065 3.271424 4.045742 7.155633 143.097518 1.527505 146.189315 0.162149 12.220987 2.580302 6.520777 71.889176 7.597587 0.765790 127.281691 15.005180 57.850526 2.081666 147.869967 2.180582 3.255184 57.785254 231.382647 362.434623 4.414524 2.494261 
1.831645 2.738019 0.720516 15.710039 4.453045 0.529817 751.821361 4.918133 4.413145 23.922458 0.632645 2.732400 119.809287 32.747173 140.083668 0.256227 117.589830 25.704682 202.795361 16.261571 0.786917 34.342709 23.947751 382.623262 0.135393 9.919474 122.192115 26.192905 4.084878 68.078705 9.017351 4.293644 10.336849 42.334146 130.292550 0.107291 1.650886 12.533643 17.200033 208.964281 7.559903 
0.734754 5.261123 46.326470 1.517732 14.745871 0.450748 73.634746 134.784339 12.220902 3.450674 21.391343 86.567273 288.292286 0.553473 40.521863 0.735532 80.858822 1.910015 264.631871 5.209483 1.063693 0.172028 12.800135 146.299972 0.091556 6.836673 1.461786 5.375285 48.345060 10.394427 
91.112096 9.662567 5.907043 158.770295 363.396537 0.566996 10.767478 19.067795 13.295523 2.337020 2.129035 5.508535 2.621996 0.160235 41.031438 55.466339 588.239015 674.902377 3.552461 0.636015 0.098449 84.794771 16.350956 22.669859 302.211406 24.893355 
244.007225 13.211334 31.501745 218.689093 368.252494 0.550644 9.143247 4.848436 13.552536 13.022646 0.375704 0.247942 28.251574 0.964303 1.055456 8.570013 11.280118 2.015464 7.489116 43.818363 1.880769 25.228190 27.860995 0.553365 10.649672 0.220140 94.070951 4.075151 179.226202 5.225079 30.127772 16.406446 9.085354 
193.516583 36.940116 2.777846 126.103376 231.966027 0.521842 26.264030 241.060841 0.553621 3.186803 15.338521 0.443240 85.933344 16.926072 77.709999 36.417961 0.936371 31.289451 42.954313 43.123558 1.372457 311.554046 177.013736 1.473964 22.007589 0.333805 7.690484 0.196235 4.583909 0.644660 2.477217 924.747621 5.686071 16.743291 6.386538 16.636923 62.182612 36.222566 211.513464 23.604883 0.952122 72.004891 
14.686828 154.660039 13.487026 254.882607 90.682965 0.477811 537.122894 9.299714 1.651391 15.054729 231.103672 0.307786 19.910769 1.677203 20.899372 3.160048 11.960086 18.301436 9.821299 11.015208 1.990761 321.324248 550.604696 0.308529 4.695958 0.352594 106.878363 3.121730 54.489268 0.077357 14.461052 6.045388 
13.167570 2.291351 0.216135 50.109601 66.093841 0.473590 5.536141 2.682948 43.070398 7.235658 695.413274 22.457428 23.303391 3.001189 3.171310 6.523851 13.801202 23.493025 21.664060 0.142933 1.472822 202.831959 48.556650 1.719848 115.783134 2.846548 0.484150 26.493983 21.165003 26.209657 17.641060 3.100349 35.620464 
187.768957 11.358517 0.169238 344.231823 707.267116 0.549251 2.690959 8.574083 293.160875 3.273314 173.818687 19.130801 174.856764 24.440043 9.047470 19.072143 18.978801 48.266860 6.026253 0.408654 6.215677 108.217830 51.798022 1.261626 3.347395 1.310984 1.024955 28.862270 5.467678 1.970494 591.832800 1.030438 1.441150 50.598647 9.070106 9.918856 17.216934 9.311392 2.395759 242.839027 14.226949 
14.367128 0.109173 0.101071 550.175567 207.128005 0.770728 292.887954 1.795322 1.608262 1.483719 387.303569 6.380134 0.501146 0.143367 9.650258 29.185364 69.168309 46.705000 101.588361 0.126081 1.014223 28.452297 146.934970 83.463388 49.530173 2.258048 18.987465 0.551494 4.764678 8.660064 12.989363 23.372331 0.141900 13.732550 7.337646 118.778433 
5.474151 15.115831 0.091721 230.017951 193.000520 0.565997 106.193611 10.861641 2.891075 13.088571 480.977949 8.308228 4.690739 15.095035 151.209995 0.520175 61.428666 0.828325 155.288631 0.790949 0.418376 18.417622 4.194566 200.206741 2.317990 5.759172 43.684346 0.435286 6.506251 34.725120 
10.419442 0.626295 0.328649 599.697041 1.389528 1.217364 3.769222 0.813316 95.097007 729.042265 515.087863 8.219735 41.580297 65.381394 67.528996 1.074836 67.445820 60.123484 119.630662 0.329463 2.232983 24.256831 25.173220 5.102804 3.203078 23.632935 460.638520 13.358064 71.126586 69.604109 2.527526 47.477211 22.157745 23.956554 10.135868 56.949400 
122.504851 180.909146 0.140476 253.404682 75.567681 0.856693 36.092163 0.233865 0.430710 1.457745 74.274672 8.343156 77.801883 11.468412 7.921688 0.592254 3.113419 0.485510 21.828805 0.585662 1.757118 17.677843 13.546029 1.057914 6.088236 1.649151 299.803336 2.585942 586.595977 195.349630 7.594696 4.656372 0.218928 3.979579 3.558149 498.153599 1108.661344 10.494959 36.600167 80.153827 389.069570 283.138723 0.909375 42.161613 4.864962 
0.389453 11.694296 0.156536 3.852170 44.438693 0.723804 118.793472 0.376928 0.596809 20.616743 19.479695 11.559380 14.787895 898.690140 16.165903 0.338667 88.313511 21.927849 41.833068 0.320370 22.647969 0.317630 8.140204 63.917698 71.780345 0.391479 301.745316 4.312888 2.130532 565.787427 9.498466 11.098954 6.549079 70.164467 0.771963 26.211534 99.621720 212.822379 19.542923 
0.970375 157.387279 0.173765 14.855004 17.053708 0.858835 18.496979 0.575917 5.394162 31.101524 447.641417 16.187764 7.705297 429.210570 34.363398 904.755805 277.148477 18.765457 0.566548 0.117949 3.303403 0.156234 37.333604 128.993598 0.326332 21.928272 556.662345 71.209248 0.181054 158.724339 9.605694 7.128338 168.971032 204.789478 6.816633 45.393986 1.925271 0.913820 4.336552 30.948518 56.796827 0.523118 16.538914 3.239989 60.894792 160.294743 3.163455 20.333313 5.927303 29.358970 
1.167840 85.937400 0.265833 21.789338 41.067419 0.647335 155.709811 1.787443 201.696487 57.185358 16.171346 10.714507 38.543399 1.299686 175.288754 7.131971 51.083979 6.756722 0.456020 0.658828 1.798970 6.197352 194.224001 169.557967 11.243439 26.628765 185.883316 2.778016 2.546997 12.674355 80.954185 13.643142 28.057261 1.559051 2.956120 15.476786 
47.368326 70.995476 14.885558 75.888001 485.739016 0.733858 0.444012 1.591232 37.071184 533.465282 688.887818 11.232540 3.887261 1.925265 1.307785 0.224599 67.967955 36.773410 6.917697 0.321878 1.044755 0.248536 4.833697 212.826119 16.140121 5.623896 89.844360 8.473242 148.353049 124.396326 28.630577 7.085823 
0.634999 67.831499 38.587015 34.920551 24.244677 0.740044 386.492814 1.442302 56.756849 41.878738 39.941468 12.143393 3.383744 3.100812 728.738470 0.434920 256.498740 1.995711 2.859459 0.151828 2.168120 3.313125 4.224505 205.971004 596.008449 2.761206 100.027708 0.852796 1.172490 762.650600 2.709484 16.867599 7.765990 2.471645 37.822977 
3.858516 71.895372 0.227859 142.030289 6.521216 3.278629 323.298845 53.029769 1.129341 161.664645 8.803785 20.840481 1.719642 3.538429 4.054307 17.189769 327.234865 2.252185 11.855352 0.202592 0.931978 54.418388 0.786544 0.319779 1368.642522 11.370463 259.243703 0.467221 10.748933 17.845242 13.085397 728.468993 7.358522 8.077112 24.835964 
0.172288 46.323215 8.554289 446.068521 3.716846 5.864876 197.639037 1.253191 20.053086 1271.695255 12.070638 13.086650 1.218647 887.212254 51.739893 0.823029 227.081313 1.016419 8.861604 0.280541 0.622635 7.126683 0.599255 1.538056 5.411846 1.838899 573.124840 4.203250 318.942607 69.436489 257.216765 488.867837 0.897368 82.914910 
0.474152 7.869962 64.327662 44.131168 1.197699 7.838209 179.352808 1.408328 128.598129 8.644272 3.822856 12.209755 5.847160 9.671391 9.030798 1.229518 42.920714 1.025356 7.069562 0.220016 50.250593 17.697717 0.806270 93.357598 75.227488 237.457196 195.940947 48.715394 2.378492 3.383850 4.861556 90.633015 
0.207077 85.397964 4.892113 6.598270 0.870945 1.206009 264.157672 1.645951 11.350210 26.792402 5.505074 18.075743 1.532286 4.851932 69.633277 0.774503 216.403819 0.800299 1.266435 0.231815 7.308363 208.436487 0.576499 32.556459 6.181717 229.388211 192.432593 10.180050 0.174211 519.582087 2.333271 12.454741 20.950042 43.782206 157.950758 64.987920 3.007038 396.872196 9.703768 0.534993 2.842974 21.444316 25.337618 
0.216859 40.846124 121.836523 6.433304 0.933188 3.981845 193.522963 4.391509 26.156734 95.200718 0.717257 31.437142 0.215284 6.932835 0.614557 4.453790 141.901063 0.973674 545.242322 4.578163 1.976059 15.083357 0.466995 76.549018 1.748571 569.831533 18.732936 10.326607 
0.218858 5.554928 70.337259 1.115857 0.601636 51.978132 541.079936 167.443302 131.694551 14.145594 21.631332 65.396548 8.570128 3.674536 0.540025 4.524271 53.941699 0.304608 4.224265 248.674040 4.013518 62.014714 0.589302 63.574182 1.717544 890.739435 3.548150 9.818678 140.787214 2.549139 3.173213 3.614233 1.139455 4.255990 38.291657 12.502690 24.900976 8.352805 10.898415 161.947094 5.696238 28.771921 6.326866 11.107032 34.745622 41.578880 7.596327 
0.313526 58.493127 2.336168 152.578159 937.388914 0.169285 811.981446 155.979602 1039.665373 52.353065 47.998068 0.631638 0.977259 10.265278 22.093262 38.312052 91.155394 5.935612 7.332251 7.325345 11.191072 1.994912 0.614111 18.351452 1.486940 420.868964 4.257562 19.966845 8.653669 0.566608 6.979176 18.131599 
0.208202 71.799797 56.336669 104.273418 390.376305 0.223480 191.643914 2.261662 147.588626 348.957640 71.932500 1.129537 2.847030 6.096885 3.212931 9.974411 496.228283 2.897940 503.711463 9.142955 56.341903 7.259379 0.740678 17.104731 5.336563 486.121650 580.854469 6.685431 3.730886 3.922121 6.851011 1.563497 1.288361 18.761394 0.466143 0.273948 73.412560 5.651609 0.597692 4.913590 10.768259 3.080708 7.046725 17.037802 6.411591 
0.210249 59.202949 9.320761 76.723816 243.606965 25.321011 404.219409 0.330913 1.614107 174.574160 2.870704 3.210268 10.116201 0.360288 548.880313 16.047107 4.546617 14.469225 10.847404 13.942519 11.812846 271.827502 0.691335 0.369588 0.773670 252.446895 283.199509 261.122799 23.999551 2.809803 12.724952 91.064463 8.276842 
0.185752 78.406198 3.366074 1080.638588 68.638360 3.575114 203.851381 2.357723 0.229886 206.042205 2.275320 7.899385 15.700785 2.169370 151.804377 30.401381 137.835654 11.412127 11.019817 4.750071 965.430344 32.739548 0.883827 0.447303 66.139745 126.041424 6.725995 58.217337 24.018552 12.853964 119.733628 66.811259 26.222790 
0.218250 27.765167 2.495292 2.806400 93.253138 4.746431 9.308057 722.452654 0.255758 98.250874 6.207879 138.632184 14.017957 1.093601 56.254407 293.163908 349.808773 8.118725 12.216590 7.401211 2.868041 4.112489 0.624923 0.462223 52.493249 12.686022 34.291140 0.497151 8.531118 13.525387 13.498214 57.672646 2.191905 
0.490499 1.998501 366.958426 0.307129 41.056285 2.579700 1.129289 219.539157 6.184730 241.080677 6.149557 125.060531 2.441250 1.692677 243.543604 205.191039 2.143595 8.592418 79.337561 163.710477 27.727309 115.556760 0.896634 1.066915 72.150134 2.355856 39.556451 0.507350 7.823113 31.091376 36.402711 2.827830 337.326251 1.988287 76.439881 12.294810 54.925352 15.766332 17.564068 5.546471 3.075489 14.938588 
0.149831 41.490551 0.539027 0.163915 10.896062 23.712833 75.705748 155.618004 48.017425 1139.372010 15.738176 137.639329 129.915284 0.686127 441.488487 32.819776 6.338937 15.970032 377.365906 1.812958 34.263260 191.858413 0.578734 10.743364 55.612158 4.539341 9.144530 1.143151 1.358987 69.236135 295.322523 13.239680 3.299820 19.215741 25.593442 33.477534 1.226103 2.097029 2.970209 188.766724 4.967376 0.553145 20.035311 
0.348743 18.037446 34.137907 0.167408 47.119521 1.621017 1.804380 131.504782 11.067966 585.634687 11.306824 125.850952 84.256539 22.673640 11.586422 5.484642 3.715650 21.236511 5.202223 58.502388 543.522949 41.715210 0.520075 4.482987 8.828731 1.106296 0.616959 0.342367 14.330245 9.824389 3.990620 5.490234 2.610209 10.619140 15.490282 0.151293 57.954034 12.607263 38.227565 11.110177 632.938550 71.810491 229.990556 27.364733 6.176337 3.637816 3.942409 
0.177019 0.281633 7.390173 0.177753 7.079948 14.749647 118.024689 290.825020 106.088172 212.525761 10.548371 1.010604 0.544865 653.982094 4.196745 41.405102 0.196087 26.284999 21.998940 25.561552 489.412971 0.197533 0.475685 0.754171 1.294611 2.288661 7.164869 8.305872 1.250121 4.468155 91.157534 223.534420 15.946656 1.961720 14.336197 2.287108 94.874941 135.276169 5.259384 0.155956 147.967932 
0.299318 79.953650 0.607752 18.895230 0.543067 27.610625 82.838917 275.127972 2.022852 335.927946 10.389588 14.801489 2.327277 0.182767 2.065549 201.969602 0.137195 4.516413 4.461470 9.997148 244.247123 3.877721 0.453161 5.010763 1.560386 7.145891 12.606749 22.520086 205.400664 2.976440 1.710153 125.898835 3.825022 11.526167 484.671183 188.083652 6.649079 3.941836 20.239038 29.898715 
0.571347 80.994072 91.042347 14.025779 157.521368 28.516154 5.739610 455.973597 2.403154 446.871780 4.174937 0.131384 2.658676 40.037324 1.436523 81.097688 31.957087 51.771422 0.271622 30.541055 57.747772 4.769710 0.486422 5.929806 11.453559 4.593384 2.044358 1.174280 4.189472 1.664001 3.535292 171.703325 0.529823 10.408586 8.466670 28.500268 5.909833 0.684075 41.650422 0.763053 78.751621 119.397878 10.798512 
0.775551 0.113685 0.829828 16.208139 424.467997 12.194453 288.729141 13.211973 17.363516 253.624331 6.437679 0.269569 1.642048 8.600699 1.674727 74.711454 176.198376 0.302744 16.095402 12.173722 592.059447 117.292825 0.465689 1.066978 3.180205 27.246269 118.742820 15.379518 5.551910 3.397302 0.314628 5.066480 4.057179 19.500693 9.579812 0.189309 0.474354 1.822257 35.759155 2.008257 218.329569 4.727565 8.845429 103.383369 3.966335 22.118654 3.528440 2.425299 84.818739 
0.062347 3.234864 5.605908 36.681415 27.950951 34.345805 339.035934 1.744524 16.062010 498.229659 0.065819 5.054700 1.774836 0.670362 2.001740 2.936462 171.301301 63.690537 38.015814 5.916083 218.150167 17.665066 0.550045 68.644840 10.053624 1.035821 20.347069 13.073406 3.331919 8.203046 7.237027 28.495330 0.551549 9.864369 0.800493 5.303778 0.133122 10.622453 42.182924 11.519117 
0.103538 0.430714 5.024199 3.849321 63.503989 24.613379 142.012179 126.035836 9.753412 203.522502 3.377212 43.447587 7.944529 0.925666 2.290646 4.577551 276.019977 663.256851 4.842808 6.964877 104.815802 14.869993 0.647480 5.462603 14.433711 0.107627 16.115158 53.410426 
0.374663 0.128017 147.168094 412.778031 78.023079 26.870928 269.583266 14.678792 0.341804 135.075814 1.924774 80.462185 0.562839 17.660073 1.954872 1.222827 360.041582 11.845526 7.265107 2.199544 319.093018 5.337690 30.307259 9.386295 4.340896 11.025155 13.577425 62.935127 2.820262 43.789063 
0.216018 0.255352 8.426329 5.071109 13.532002 19.103130 2.099788 80.127678 18.097628 165.930926 6.440390 43.361277 0.795353 99.118480 2.496970 12.873479 93.643145 11.664399 0.746573 16.549663 486.905946 3.397701 58.776684 20.785943 23.971441 
0.234349 0.144019 5.936055 14.981254 14.159740 179.754027 2.363525 14.909989 153.147121 477.407253 7.534860 4.704246 0.946164 101.552999 2.072305 3.254492 288.491963 11.156470 179.500436 62.871152 221.762207 35.198659 105.692768 20.727780 3.325614 3.751954 
0.217229 13.037422 4.650656 178.140365 2.721254 11.012132 38.466254 11.146877 24.225739 272.183139 0.158698 14.481637 0.684647 2.833030 78.983248 0.218039 413.058715 9.688140 5.172598 525.934479 111.448761 6.024005 26.168049 15.581160 1.960530 2.463969 3.759644 21.705008 42.478631 
0.115792 50.824931 1.462522 71.789840 4.029769 0.742852 89.458665 671.652789 62.338197 542.296535 0.144739 16.180575 0.739877 3.270826 8.453232 1.347622 361.423604 14.874789 6.988415 94.473106 34.541818 41.317981 11.526272 13.097101 0.265116 3.077496 108.210286 6.864599 110.378710 7.136293 1.735634 8.072169 0.950871 3.506852 303.581681 260.904969 96.125224 3.640219 44.867605 5.059334 7.411134 182.050646 0.250392 
0.258271 68.261423 2.166816 79.829075 0.936993 7.832779 3.525384 49.610453 4.041433 138.436268 0.343414 10.242488 0.623186 143.299305 4.661800 37.000480 424.332997 5.124436 4.155363 35.024501 4.301684 0.471548 28.259912 32.726051 160.745377 89.054207 325.951820 1.530747 3.125197 0.161947 0.352141 227.286470 1.073150 24.463585 0.888596 11.794739 69.441345 1.315653 47.361132 8.599098 221.680338 0.616825 5.580114 14.127543 
0.216614 727.514184 9.736472 309.689057 0.945848 14.657852 45.745790 11.510341 218.746602 45.190165 214.318348 0.293366 0.601733 0.792372 8.281832 7.591448 302.780896 1.530034 393.966351 0.519905 153.680251 65.854525 9.208396 4.164899 0.565463 7.074680 67.925373 3.110217 6.477454 275.030369 175.399952 0.576062 0.262286 0.896755 6.178982 2.438062 6.623527 538.786655 0.127540 1.030672 3.639693 29.622049 1.764445 4.802594 
0.177353 163.566723 308.187689 19.842758 4.407278 25.517311 42.637721 1.257717 5.038016 34.462740 29.653139 0.238132 0.843254 10.176361 213.499320 0.282980 211.150121 102.093702 52.226566 1.789549 1.429080 22.824356 9.295918 40.271406 7.348153 2.587513 2.529810 0.436148 10.577897 56.906446 50.243110 0.825036 94.220356 4.801915 0.866579 2.123635 
0.201512 398.705637 4.371598 10.253650 448.697060 18.232037 0.176932 0.129052 3.968409 62.482925 8.255139 6.729268 0.791412 0.217434 218.000241 0.588739 473.725171 122.648192 7.021837 0.496474 6.313171 32.999121 21.766203 1.514312 8.333875 2.025913 271.770683 0.140725 7.590952 41.873071 16.444513 3.715271 98.869716 199.706327 12.748228 0.522182 153.546179 64.013326 6.649206 0.242531 65.905507 130.588328 64.994509 30.535505 15.361206 11.882642 2.269721 46.255299 
0.160419 343.778114 22.235587 0.910060 193.934045 0.380151 14.262028 2.659427 45.745889 119.876612 0.387686 117.632116 0.761152 0.125868 0.192113 14.329527 406.681200 9.260685 22.745154 0.177422 5.661396 10.798627 5.965403 27.742853 3.920852 7.040428 5.669986 430.374515 7.199102 77.249224 76.592893 12.031656 4.176454 0.269957 0.625374 66.529288 0.655727 0.952995 5.909117 59.618135 8.415752 25.413324 3.995358 4.927688 3.969968 4.296355 401.660892 746.158298 1.825783 0.088980 46.164844 252.243928 14.903450 12.254092 5.941489 
0.427690 30.238474 4.775718 139.393736 28.003244 4.086376 1.664397 7.123825 1.092856 72.603709 0.803504 22.471043 0.578553 1.600652 9.064944 79.891413 298.169082 42.403853 8.255929 7.771820 1.717781 7.299176 10.981379 1.124829 4.445654 16.819614 56.210193 300.194174 0.597595 84.344064 87.060832 73.224331 135.915533 0.152705 103.086886 9.414601 0.458983 8.901974 32.251310 0.576831 9.082022 3.277661 2.609294 134.208180 4.655504 7.133788 7.049913 119.223393 45.004389 8.589732 10.631081 
0.285590 1.969093 3.559758 3.075830 3.899869 48.854709 16.291360 6.742280 0.511184 179.164857 2.303891 214.717524 0.684539 30.683528 22.976727 76.671032 826.134626 11.585643 6.302543 0.371838 17.926832 10.006660 10.651354 5.990394 4.684508 7.996015 3.747762 38.869574 14.082412 0.306482 61.491308 143.424604 189.816956 0.252708 19.587303 35.871488 20.268667 16.722446 0.220107 8.768687 2.026785 1.762432 26.728663 
4.607579 21.638512 699.990368 4.438700 4.612420 119.727024 13.739125 7.271101 2.608087 278.550829 389.763683 202.996638 0.623765 16.514430 2.084709 89.584613 341.922777 2.507515 0.413700 0.098206 0.099136 13.183719 32.272033 11.031913 3.216501 0.376751 25.352981 13.606637 8.442061 4.345874 145.598381 1.900327 6.545429 25.676500 36.460289 13.885505 0.337069 5.294720 10.402115 24.607607 
9.155927 78.571026 11.576884 7.940332 134.407633 25.491250 0.473457 407.333908 0.718973 465.863892 4.350497 118.899967 0.557260 3.198494 3.618929 9.255222 127.066133 93.807421 3.441897 0.214267 0.090877 8.781603 208.011829 5.781132 18.419420 24.264313 0.526549 15.332360 38.385211 30.969598 30.938351 17.488752 0.426291 8.934286 10.085831 3.194812 3.281895 6.198876 30.373159 4.368918 0.561009 69.378655 2.359755 8.805574 35.388781 31.716994 1.225916 
133.252418 336.889667 0.069711 1.969919 1.487731 287.118187 1.929832 28.803897 0.250106 208.602581 2.310761 191.482356 0.676341 8.783380 0.068101 27.604723 206.951584 61.103805 9.930163 0.336146 0.365401 7.895032 319.148381 26.971935 16.220346 1.181008 15.777397 48.442885 1.068613 5.786284 10.519077 0.093097 134.898246 118.509830 1.812049 181.711838 0.983033 83.409055 
42.519226 2.390237 0.569468 2.050634 3.103972 7.472678 60.050186 5.128620 53.359115 134.002326 3.785312 4.600838 0.547483 1.753866 0.278667 34.734039 331.498334 22.593508 315.304914 0.601489 0.254840 8.719256 256.366790 0.099271 10.745930 2.971440 0.356363 5.349121 54.402367 1.030851 1.231164 0.877389 89.110946 4.170263 5.679186 4.876823 9.837399 73.941706 
6.681482 15.571393 710.666710 1.538841 8.302172 0.072076 0.117351 22.260092 59.536034 54.405357 37.194994 58.731368 0.609624 6.368722 0.265743 15.735806 572.461207 192.472463 20.518729 0.163722 0.479113 0.130969 329.614662 18.170834 2.175547 0.281631 0.184881 48.075388 116.430658 45.403056 5.095428 
107.763778 55.046905 0.340051 2.189500 4.971652 1.201279 6.428688 0.798782 39.795211 87.754345 32.718299 0.224499 0.367110 27.430451 8.619640 1.821045 175.726211 634.404792 16.072675 3.222118 0.119113 39.714203 235.381334 0.223012 21.796325 2.265379 9.348109 38.338206 42.228052 6.403213 
10.518319 109.928925 6.998066 2.342909 63.529648 63.900158 14.246309 1.391429 32.175021 226.047669 0.139246 42.640284 0.503653 1.228304 3.723551 39.113833 188.373747 59.780235 2.004039 2.003277 0.119697 1.175379 182.202107 0.152904 16.739086 4.305277 3.681116 3.010741 0.914675 10.569800 29.585458 512.201585 38.853216 1.093346 87.115939 1.196154 1.096793 0.928122 7.346328 11.466583 55.268240 37.885539 3.580144 6.363785 0.480653 4.540857 27.300888 
7.903415 68.533348 58.076285 7.551683 150.909705 0.203673 18.668671 2.541570 65.154592 473.395919 1.877708 2.055859 0.517955 0.704138 223.689235 1.066493 338.630733 14.181255 68.821372 0.129007 0.224195 0.644147 21.022819 0.325274 511.089525 31.038847 50.528115 2.951279 132.816076 1.278916 3.073125 42.071630 87.131092 0.591133 0.244271 9.915964 22.018436 5.315594 3.450085 17.766780 133.109556 9.610017 11.536388 6.715224 6.090510 
18.017865 82.786753 22.071949 4.929805 127.280617 0.296865 1.098579 1.765359 5.112837 111.375722 139.006625 0.072761 0.505031 0.308402 0.101064 0.440768 449.644769 60.084649 180.670857 3.577220 0.128123 120.137075 0.844146 0.284746 153.883698 243.939492 3.430504 50.657018 0.095331 44.563561 4.369359 26.211352 7.364480 6.608755 7.127109 10.550913 225.151749 1.769455 2.857598 12.305638 
14.839619 178.069536 134.109666 6.098638 33.550494 2.245688 0.258276 93.038453 8.286329 277.244330 0.534768 216.003205 0.472305 2.288647 11.441095 0.872898 188.723188 55.725097 254.698451 0.568045 0.256148 2.639950 9.283215 295.134396 177.555192 2.806244 3.379134 95.686395 0.393860 38.268092 39.942876 6.169762 9.930807 25.490418 21.190604 35.890108 2.986762 10.004267 40.140946 1.725129 16.475119 45.338054 4.294128 0.624986 25.573533 2.484612 55.341023 115.495584 0.847353 3.985192 22.715936 391.126537 3.265781 42.503313 14.137847 2.011379 47.260489 7.229530 7.301339 167.525192 12.769216 
10.362788 22.260636 1.762553 37.167197 1.042398 217.219057 0.254568 486.941902 0.093264 117.326893 21.853247 4.135500 0.224464 1.504413 2.772973 4.206370 435.818261 260.796879 3.472568 1.851714 1.107968 155.774576 81.713528 0.598900 67.272761 71.804374 3.325596 1.195127 0.380956 12.932896 0.277585 3.084203 21.348784 14.542948 18.456568 44.136652 1.652585 4.033190 146.851002 3.041637 1.926287 103.548410 0.310207 11.185264 25.804741 77.667606 43.400870 0.172285 9.069875 31.955893 1.323516 89.253495 0.809118 481.855691 7.052292 28.002909 393.650447 
11.799421 10.988998 0.370717 5.967499 3.332466 148.985100 0.089394 119.743965 114.349058 94.635639 67.177857 6.306886 0.269119 0.790249 3.135636 16.077669 281.746360 134.008194 37.808673 0.254203 9.731816 15.998021 14.063081 0.339631 58.086381 4.057991 13.537929 84.789845 2.388365 10.469982 4.885603 1.004467 5.845987 78.757564 33.163072 6.796198 0.746042 0.615977 545.204708 112.501100 2.489033 0.286272 2.497080 43.949803 0.067555 17.894584 3.587032 14.029531 0.108918 45.868611 0.522635 1.878692 98.999396 0.778777 116.767130 
12.831279 11.702926 612.577753 1.091310 201.018619 9.425531 0.236927 334.096770 104.637466 106.741029 1.203811 6.173058 0.493236 0.466856 13.757830 1.117563 90.378693 8.355603 81.119523 22.674967 8.988730 92.836433 3.291091 0.429375 118.863094 3.510413 44.261142 38.723220 1.379830 17.774721 0.977636 0.483251 10.578813 230.043255 0.358608 58.369470 0.138002 0.643744 101.629581 18.434358 8.521573 29.062095 0.069648 0.234449 2.619885 5.522772 
21.300460 16.415842 2.055633 1.460080 83.964408 0.132724 0.922225 69.296258 66.224994 138.024997 0.080881 9.062362 0.472739 0.275516 4.069533 22.611453 228.770172 16.971398 273.180433 1.505659 38.421380 14.547497 0.232635 31.340277 0.216800 0.172553 46.385610 4.299597 2.111180 25.246946 0.103214 0.518824 171.675897 2.873144 2.832379 51.632093 0.116159 7.049604 15.466875 74.914753 1.898950 8.711016 7.694170 50.656088 278.739016 158.444438 41.663022 2.015297 27.749491 1.523720 2.491899 1.278763 16.866835 54.074404 40.890669 24.071186 82.238864 33.872034 17.074170 0.876909 18.382723 19.078270 3.751538 
0.520522 9.058768 5.071467 3.216847 4.671926 51.618349 24.847480 40.100022 131.870474 36.408814 0.093901 8.275933 0.419423 0.623632 321.934174 10.318654 51.632433 37.184772 12.610814 16.108333 4.058771 8.010248 77.119281 1.198403 229.093918 2.063691 2.566796 77.230602 0.841710 11.147876 0.338937 0.548237 6.533116 10.802107 58.009619 1.656878 3.801790 16.106919 118.823712 24.976274 
108.484897 53.019659 55.311444 1.483425 9.826551 37.710148 6.026106 0.364838 111.667612 7.396389 0.170169 3.186938 0.710749 3.086301 40.912424 0.214564 680.940796 152.280543 144.873276 0.180330 3.800882 5.551592 71.238172 7.189748 14.353177 7.633616 8.790499 277.496803 0.147536 625.381096 0.176674 0.468900 503.750107 0.160324 3.587297 6.248705 100.531898 121.792625 382.274497 76.883739 
168.534204 0.284415 9.718015 0.359067 1.181962 6.090000 23.014684 1.731202 410.192359 49.057699 0.210672 48.886031 0.782311 0.669736 23.274807 76.070745 1.832541 11.726434 2.095294 7.973759 51.267278 19.255787 188.146357 7.021297 0.470329 6.655221 12.150815 257.769674 1.089010 646.101465 0.132316 0.575684 54.285203 0.411796 65.040575 9.100650 243.385764 0.266151 12.005143 0.082054 68.367541 25.373875 6.738796 4.061064 71.839393 501.418205 
41.048867 10.920208 7.680566 0.440735 3.052881 2.557810 0.285223 16.354888 134.402747 19.216866 0.148603 2.386913 0.533715 5.062849 419.342477 6.623152 6.614589 511.061522 0.491192 0.373389 0.608427 16.265103 8.740812 16.107369 66.973779 0.410381 420.140930 413.648716 192.113274 0.114167 0.175534 0.559860 176.950576 4.477535 23.420970 2.743808 306.891956 6.484789 0.884779 0.219062 
3.487161 85.957076 4.015638 0.263839 757.232257 24.474641 28.136503 4.107490 0.330521 0.153882 0.493249 46.067324 0.448057 209.223919 74.092695 1.552756 6.996257 9.090431 0.511317 9.707330 0.766335 8.126322 6.775317 16.846397 961.729916 0.898820 525.827651 17.701024 250.344851 226.074945 4.362207 3.985401 361.533899 8.491971 108.797325 0.280818 103.165990 177.569778 23.784182 8.005986 0.188636 0.552086 16.453465 17.846568 
395.024876 29.034914 13.775633 0.725538 1.512940 73.952936 16.661025 5.437501 0.232532 30.875914 0.822367 1.564983 0.871670 595.097277 0.335637 18.702695 0.276535 250.965360 0.585909 154.686458 19.419407 1.408409 1.689131 14.884660 3.695372 2.093312 827.905282 3.254300 714.681056 14.840249 954.001507 0.304367 705.391299 7.443921 38.648112 32.586429 8.692793 
6.499730 89.358927 13.926782 0.783836 23.733117 6.692857 26.192731 5.863224 0.191067 144.706140 0.510790 16.995795 0.673974 97.611607 5.155367 5.725343 0.542103 71.373145 45.542407 1.208962 32.183762 3.237778 0.648719 31.079986 6.031808 36.631412 120.864960 2.361245 292.378939 15.492504 479.093424 31.528882 3.672131 26.705098 0.506401 9.684723 7.878189 17.500612 0.542328 45.160065 20.779081 
0.444799 11.610915 3.269579 0.179356 0.092125 30.007976 4.707337 1.243509 30.334623 190.386551 0.333694 9.032453 0.682708 132.111251 5.934210 10.624260 41.524784 0.499923 70.730225 4.436661 31.238195 3.768958 0.396562 25.636820 0.659241 276.022340 366.624954 1.811736 3.085223 30.449370 227.279106 59.324709 17.681079 3.994062 3.859633 14.136813 2.750052 3.450743 26.528469 11.662353 1.159638 8.162273 0.926623 2.956939 1.046308 72.653351 43.710582 3.865480 2.921425 
0.289035 20.677346 16.989003 748.930988 4.151806 224.349752 4.005252 0.836935 4.692191 328.759553 0.296590 25.621208 0.919882 4.461850 7.183490 11.785868 159.015138 61.580154 67.880045 28.787531 47.243238 30.037196 0.571830 12.798975 0.528979 2.058118 587.269441 61.095186 3.055065 2.631564 154.624148 8.693219 121.502638 1.557205 4.328527 12.462869 0.774486 18.228350 2.890521 88.567879 38.596752 24.934159 5.045509 
0.202425 4.347795 8.151217 0.377111 2.124881 77.450761 33.339754 0.183518 47.791031 75.903477 0.152265 20.726243 0.745158 0.386039 7.530786 2.312711 11.009453 22.486279 166.197832 1.693325 119.259629 240.693636 0.532127 132.637719 7.422281 1.564174 379.214323 3.196561 185.641081 16.810828 73.880574 0.930282 65.399979 1.688242 6.245853 13.898015 0.986023 278.197217 30.417731 8.475512 502.967537 37.617342 30.138049 8.200376 17.391026 0.226496 0.266326 7.475590 
1.185501 0.508243 62.835428 7.035473 9.418706 68.119041 6.728784 0.148869 61.860741 117.864701 0.199533 25.969295 0.662629 1.623743 8.655584 0.268466 222.349169 11.841259 103.577214 318.284881 175.014547 4.472625 0.550366 125.213821 549.833392 0.397185 148.967846 6.365057 8.511853 777.498525 81.130445 0.288287 1.929727 3.428705 6.931256 2.560359 8.455567 89.764448 153.978958 9.757852 51.216249 4.665539 14.107225 293.778589 107.218835 
8.856909 1.292609 0.519869 3.708302 117.640767 58.834125 9.083035 9.497857 251.291109 137.817891 0.344574 56.171397 0.719431 27.454575 5.980886 17.704301 20.680048 15.557315 123.815655 304.581524 1.892877 4.785465 0.532926 336.356483 64.416989 16.032494 373.272720 1.478884 7.298873 407.463879 2.497810 6.852338 1.849439 0.117756 9.276861 10.453194 5.022866 1.036254 0.631887 0.294267 146.875905 44.649701 28.163272 19.857104 4.661449 14.686018 22.532073 4.322253 25.183872 45.659877 12.196316 
0.140909 2.133568 0.348014 3.509824 155.855703 13.608234 84.782160 71.338912 164.489734 122.158874 0.103619 10.438470 0.577009 0.232617 5.940121 14.600854 22.978037 1.367201 22.917021 53.796635 4.336574 227.419703 0.524169 7.194277 8.803621 13.109297 254.369272 5.389870 20.433222 218.638310 45.213884 0.645989 3.484856 0.304987 2.974586 1.122855 1.310867 0.422325 0.860633 24.525993 34.044269 31.853882 180.172937 5.117067 
3.387883 0.164968 1.357456 8.673677 1.413184 102.355923 0.563895 47.664242 468.949229 2.491160 10.093758 22.455552 0.576609 8.926183 177.978490 0.173577 3.371863 267.221491 0.785301 109.122016 24.052974 9.346983 4.910584 3.357553 58.098056 11.136475 118.974197 106.521667 11.433398 66.798824 2.039658 9.502807 141.302585 231.050412 16.743812 23.556232 1.069694 9.827416 3.586654 
0.555895 86.119056 11.809693 422.710227 9.996198 219.324909 0.120439 71.518844 548.966135 1.717646 17.644418 12.254859 0.836405 0.379466 10.250383 0.237711 13.396326 13.650753 0.523755 97.533153 48.584891 2.035220 0.126506 17.111452 594.922972 66.924880 743.744251 0.205007 11.475181 34.765389 19.535313 80.911959 5.075023 6.400910 21.118741 3.058727 
0.290932 17.214501 13.086670 601.170477 58.561250 84.548596 0.277643 0.675207 3.289524 2.331320 35.543888 0.824757 0.770956 7.753625 15.496956 0.485091 9.489126 11.939210 1.897429 109.715507 1.374274 17.829576 0.315761 7.900173 377.670037 48.583457 592.820933 129.199252 42.900106 11.446197 0.557792 0.372718 29.084670 8.669021 195.903244 42.047198 8.058032 26.608300 11.125197 0.116262 0.810672 1.263070 148.385489 9.455052 60.714194 
255.651945 2.780627 8.662232 0.414155 417.912932 61.913287 1.831951 0.219691 21.366537 31.461947 0.827250 0.467162 0.779386 126.217479 13.285966 0.268156 4.750766 3.162219 112.060179 101.803452 23.209982 28.785920 0.126282 51.867296 565.957770 21.537160 84.471606 0.369463 24.342179 8.812176 0.335176 36.652800 3.275750 5.031077 2.863217 3.802830 14.259749 
15.802753 0.409589 3.095509 68.315288 103.561651 86.347112 11.625669 148.464513 115.352171 6.322015 5.874939 2.590990 0.632122 51.742856 11.758099 1.107265 3.038294 2.708290 6.800880 251.102607 6.048128 3.570031 0.232777 4.807812 256.247102 4.839904 651.095994 1.843559 46.459452 0.912526 10.171185 11.601317 1.762169 7.692959 5.109142 0.592688 6.728352 38.167398 7.760411 195.875265 3.506353 4.502849 13.313424 20.009433 2.158425 
7.814635 0.793354 161.188713 91.985368 236.301029 299.464379 2.368995 2.748456 51.863670 22.923848 6.712961 6.086921 0.704991 3.496594 8.163705 1.339535 23.262515 19.843173 0.334869 57.529735 5.122458 31.686789 0.175041 7.016630 8.091605 74.822972 162.130181 8.816410 7.630908 2.380310 8.832878 4.003194 33.881136 4.111476 18.301727 0.084327 1.527266 1.724597 1.408578 28.526491 17.350604 9.053548 7.708861 1.464512 4.954946 2.127917 542.600496 1.931674 59.616843 15.575719 
53.948944 19.528596 103.792661 460.827865 100.087997 501.197139 26.577902 8.223905 44.883270 3.823840 71.673834 21.095473 0.745671 0.377955 5.423599 0.295326 3.214811 0.148408 231.039602 266.674129 8.320346 11.876839 1.062308 6.912669 0.997311 7.736752 277.665892 4.151084 6.443320 45.062337 2.764204 31.471393 12.861022 3.500405 14.805475 0.142793 1.046688 26.768496 75.158335 21.386011 0.075233 1.680724 2.107581 35.650101 0.649473 2.289981 4.731928 3.061439 37.959520 
3.557259 165.235083 75.487666 32.999248 4.883307 225.189744 17.740548 0.496551 52.917649 3.034666 6.841629 19.414083 0.752822 298.696196 0.715174 0.389954 1.059084 0.105178 4.577494 147.440352 9.887820 5.222381 0.812431 2.289178 1.399900 1.862844 133.588580 43.291957 12.950601 54.946701 7.303160 1.439230 
0.696276 1.011812 237.474374 37.857737 5.198076 141.101566 14.036656 5.780922 0.301944 8.617665 0.220334 25.898301 0.592324 24.964042 376.071825 127.403115 35.256164 0.370091 0.178526 33.352348 23.165786 4.190155 0.259136 0.631540 43.518972 225.344199 11.901491 14.816056 0.835440 99.496676 47.012018 34.791640 1.166809 1.727095 135.582967 0.233399 21.769357 570.502925 0.239046 84.033781 134.448685 24.987667 2.365868 0.352672 
0.873930 115.533462 154.399547 0.406012 4.492527 0.268533 152.641942 2.897645 15.979434 16.044540 0.461129 4.582763 0.645069 0.174113 0.484679 69.123722 69.001511 8.399505 5.276368 163.829121 2.152514 5.953485 85.521446 72.717174 2.703351 525.177174 6.273684 53.862453 0.117762 1.516843 1.406483 8.179444 18.984434 
8.539027 101.544028 234.048452 1.529835 739.896213 0.130833 15.532766 4.818211 82.679786 16.011084 0.204229 67.342318 0.653820 0.106716 127.230693 62.129888 45.010342 24.722535 3.134233 1.380184 520.024898 8.067200 3.083809 21.269888 2.301970 346.437217 0.906222 29.485402 6.036031 1.877480 10.542655 
3.980788 0.151499 344.189327 48.513365 267.010702 0.134585 0.390477 20.262065 0.958783 13.024835 357.216127 82.799311 35.746330 2.148813 7.490008 18.671516 31.570919 0.289132 97.557483 3.482400 63.431387 3.564450 2.052519 56.694519 0.512552 40.040144 1.983419 12.857768 8.633998 73.351263 69.632852 
110.662674 59.987938 161.584116 1.151297 352.010807 0.536668 0.137035 30.669983 0.806955 16.350936 1.290899 876.652678 389.964465 0.361670 4.987318 65.272025 1.612767 12.370194 0.907520 3.564678 98.295679 1.598548 66.238395 2.892001 32.956073 0.211184 8.368473 12.326405 0.882081 22.304580 0.841356 4.109419 0.267119 29.947890 4.954139 7.645537 794.690470 447.588650 
531.750731 10.214608 163.499294 2.155252 391.124759 0.249538 28.789797 154.036849 0.765963 12.977043 2.647007 208.449317 34.474318 233.765022 11.149869 3.475961 2.209892 150.935613 3.276141 3.222574 491.826154 2.130609 138.775291 56.683354 4.060053 0.233075 33.255609 6.570112 0.837548 3.738017 0.740358 3.212249 18.475897 59.617715 6.075867 59.650707 3.903596 1.447953 0.590328 33.856984 76.647577 5.593700 30.174510 33.918790 25.821710 107.777861 
3.149120 701.617999 175.791029 58.576939 491.276394 0.282885 0.134085 0.286590 0.738812 12.655742 1.810327 296.926339 122.968615 8.213438 1.332388 0.885348 9.712452 6.430338 229.655209 63.619085 13.321352 128.564633 59.374735 2.141858 369.213779 1.282805 50.363117 2.382258 3.538248 23.550858 45.019090 31.805011 99.559512 10.992955 50.230734 6.096417 1.122273 3.746790 12.923865 1.398298 2.209350 
3.002378 12.812389 5.377132 0.943773 524.020634 0.323478 18.289051 0.625096 0.877025 14.422042 0.250378 310.691561 57.891930 7.913186 1.595260 1.523737 2.930716 20.210753 6.293496 73.512540 4.080123 191.038050 16.672218 13.913566 96.455116 8.081644 59.790394 122.130924 18.334120 2.770692 
0.770564 6.964453 9.663656 0.832964 247.046563 0.372796 21.024939 72.342216 0.927017 4.681993 0.185688 4.695305 159.930756 0.466364 1.560313 1.954204 18.295798 6.847868 3.421737 64.494168 180.137404 37.012626 2.377183 0.205135 14.124239 298.030046 32.473998 6.427985 37.412598 25.589937 3.168723 8.153401 78.729549 5.227790 9.861639 62.367624 6.996666 23.166614 51.421821 2.412790 1.879734 19.944886 3.582964 116.841658 204.492947 15.141350 3.789437 69.453494 7.973579 10.406482 
7.798966 27.632703 19.424968 1.571912 221.825306 0.298830 8.991691 73.302594 0.766726 0.296618 1.606230 2.325063 11.431799 369.091751 1.886967 93.270371 571.423981 4.838268 0.587889 43.800046 298.570586 0.480301 291.693174 0.793625 5.247438 3.649243 9.229614 314.968541 8.952149 200.197912 2.224688 307.185265 11.407896 9.362329 47.622503 2.412208 80.758848 2.016950 113.422359 66.339634 149.616036 
2.470449 274.245539 1.007149 7.405720 58.417666 0.325106 14.349181 1.409799 0.645575 9.021126 5.716654 1.313511 11.932419 50.548933 20.902915 69.698260 215.390504 0.520169 83.841937 64.443853 113.320188 48.982461 8.642791 99.447429 1.984045 0.227622 0.131689 156.735057 2.520321 84.253419 5.607816 27.439428 94.441344 2.239860 9.146955 37.675079 13.156866 3.156483 65.976118 5.549624 
1.081301 6.451510 2.911940 98.152105 391.276584 0.688406 30.762094 26.827427 0.518925 13.883051 8.417789 1.449426 0.948384 10.956759 5.511443 62.079404 298.312234 2.833505 219.180916 0.507437 524.105045 0.091338 0.634221 0.525324 85.173886 12.896124 2.233768 192.240742 49.685274 21.861420 5.465865 13.938161 54.615987 13.538620 12.190032 7.951602 51.627830 32.827694 79.562633 18.412212 9.182363 
1.097298 3.515399 63.359857 11.359262 130.258496 0.177304 79.699935 3.654809 0.831283 69.015947 10.188118 2.021308 218.285142 310.549708 3.486899 32.776479 39.232654 2.767152 128.785317 6.493858 377.427629 0.116638 42.415132 3.053837 156.757832 10.856252 2.963739 4.467787 4.413089 124.580813 
5.190308 0.549069 66.796689 11.323491 135.302810 0.260450 42.253239 39.759513 0.744331 138.168604 13.155495 120.866331 0.407575 1.903732 5.434990 3.439750 278.165033 1.322206 1.687143 38.417226 586.511597 0.122214 33.150589 0.508704 49.379277 9.324831 67.303010 3.081290 24.643299 198.161631 39.973557 1.185947 0.394045 3.569941 5.625725 13.239613 0.168405 109.956106 16.987391 127.219600 25.503713 99.873206 
1.657448 0.366594 69.168329 12.847148 380.158852 1.310943 163.842057 6.907641 0.691749 5.134429 109.638377 3.557495 0.307668 1.733735 316.952612 258.815794 67.762320 1.656195 2.881802 0.284866 120.924964 0.406891 28.991637 103.847381 8.396995 29.805956 64.087056 12.720096 50.087088 72.525740 28.370024 0.081034 1.719939 100.699243 
29.131302 23.893882 9.656852 7.758116 112.518505 0.288278 1.283807 72.290100 0.524235 13.971386 107.341884 59.184627 5.360163 98.421771 77.395314 104.661837 133.498675 1.606283 1.484380 44.268679 68.149505 20.891979 12.936456 0.152566 8.563425 52.766189 0.213277 26.191531 4.126982 4.279533 2.055510 3.222171 3.051962 36.730481 4.059263 
13.734983 3.159106 81.008460 8.592370 85.987445 0.591514 6.142980 2.160806 0.752622 7.136426 155.265610 6.799438 0.235430 202.017745 2.020364 146.053546 360.801674 1.742973 421.226147 65.738999 19.506806 0.699312 0.486031 5.229582 36.074721 63.854917 2.460405 97.806972 
125.867979 141.200221 216.243195 33.097251 102.822601 0.286634 31.423709 151.478289 0.602623 92.885436 9.522480 3.020609 2.016013 426.175807 10.486726 439.037699 568.155340 1.788182 32.534990 585.018840 92.637804 37.959190 44.204333 2.286610 0.135306 2.219548 80.922880 6.219031 15.926451 7.424631 1.173329 2.006273 5.062262 2.469536 0.971711 3.049265 6.452178 0.262653 12.318029 1.772912 0.391819 1.621930 5.445408 0.419400 9.299357 160.103256 1.036730 0.688376 1.519345 1.777941 2.800780 54.299874 0.271216 5.801087 2.434871 3.322657 6.814852 
11.883683 20.477322 562.284263 9.555920 20.680510 0.205314 10.336461 27.575689 0.723663 3.199155 25.375305 0.237544 3.416537 802.515553 0.935955 7.936348 270.521572 1.803635 173.891537 0.536297 80.416186 0.325086 107.659010 1.877838 1.059456 348.224800 438.419734 93.551545 5.914627 417.041098 2.563798 0.479318 7.060666 1.608909 238.194242 0.409439 1.006212 3.799451 59.369597 
3.297457 0.668905 4.377728 1.659574 5.476986 0.322649 1.031530 23.838514 0.577379 4.423654 13.659243 14.120456 26.443496 61.158760 105.195639 2.027516 55.739342 0.913660 19.130200 149.413244 14.530238 0.195885 161.257251 0.281264 3.138304 336.440887 14.964162 172.322313 15.246652 107.471555 4.509446 5.141156 12.970160 8.922816 
0.215284 0.105719 468.384840 5.135518 42.901814 0.146393 5.630067 33.649921 0.699199 40.399817 5.705124 16.112073 2.272807 2.822488 163.475777 5.845097 292.511222 0.115295 11.386838 3.556415 55.981375 0.110580 128.936790 200.065851 37.438997 370.909059 2.183548 37.532019 19.999641 208.319065 0.901465 21.410376 174.253744 7.898872 105.895547 0.081436 15.578267 2.151105 67.980556 
7.297448 0.511594 2.847368 328.694450 2.264732 0.148848 4.053969 39.201834 0.789153 5.834136 3.501554 15.159813 3.358353 11.875780 9.460599 11.787452 268.784924 0.073027 2.687325 0.371487 223.789847 0.130987 292.137025 144.372268 69.873718 3.905905 154.383604 58.130526 8.935371 118.661958 32.046566 1.785642 14.092684 4.710470 25.145330 21.836792 1.213318 32.604125 196.497950 9.930931 
4.797631 3.513080 1.666107 2.775311 2.045031 2.119047 1.042745 1.283073 0.783415 27.817936 6.649153 4.788695 19.323033 15.072981 256.990770 5.662964 79.503207 0.496545 5.563036 68.182149 207.525491 19.943588 142.195757 0.159427 351.243723 40.964899 12.499601 32.632445 6.207367 0.114525 0.457668 108.353992 1.281190 3.898992 71.281082 69.447955 0.699154 0.945415 
0.066721 0.762005 46.483074 32.124283 113.806377 33.434788 5.727111 3.132286 0.823394 71.779960 18.387554 0.477041 0.440563 18.956057 258.519332 5.000921 336.916312 0.964072 1.541965 4.310772 236.292338 4.251845 361.106179 0.070076 434.652321 36.604358 3.337458 190.873272 7.433755 24.164572 6.278928 39.724262 
0.930516 28.926820 0.142314 115.915953 8.758419 137.456744 1.300143 2.363626 0.399062 6.123258 31.597472 64.183712 3.231519 15.503903 41.714523 21.394142 131.129154 0.247513 16.028347 5.520206 0.696785 65.202173 132.989708 0.277040 88.549658 216.877986 1.221635 22.073702 89.398292 8.515453 10.489165 4.115529 6.891631 10.703409 24.101578 2.533460 10.617836 
0.883901 1.331365 63.087705 31.094630 7.539305 32.322714 53.992749 0.461185 0.423804 5.935766 51.749464 73.806643 0.424069 11.984928 269.090389 3.425863 67.515530 0.150108 9.592763 4.327518 6.640362 0.123229 70.527849 129.055431 153.865685 85.113604 99.450795 22.173572 6.462369 0.827250 37.743945 6.408649 2.106086 2.436700 0.931619 12.479534 
1.209643 1.632736 13.381628 50.818260 6.702721 18.631560 8.889413 158.402815 0.462151 222.918980 0.194052 64.019475 1.950171 8.911056 20.857258 3.627228 70.821815 0.435126 10.624535 15.035752 116.671145 30.285924 57.409891 211.930176 1.000988 247.517769 16.070928 0.045928 3.530766 8.542446 103.899388 11.089761 5.808077 39.373219 4.303199 
0.619435 11.814012 61.030648 5.746799 25.266604 3.280420 2.876793 131.204564 0.438537 96.988356 0.050876 6.307127 2.373081 355.399505 34.782213 8.463730 12.781712 1.506886 2.586008 5.418084 106.325046 143.468814 3.076437 63.558271 46.382094 4.951682 143.619629 0.298710 109.873039 0.176741 0.370794 5.474104 156.145963 2.844124 30.468119 63.589168 406.821410 0.266507 61.799788 4.386322 0.362756 290.955073 9.383039 
0.568144 28.804579 20.296218 0.520082 39.642289 5.382031 0.607675 118.053035 0.443973 137.999920 34.301927 207.400330 2.896583 255.230919 1.465272 1.400040 11.762867 1.365845 7.049869 0.108928 615.378378 0.374274 9.515288 0.768375 55.904282 1.354235 7.076069 12.485986 10.571332 27.127891 4.061220 41.247447 335.113229 367.853695 1.221499 10.005955 101.707298 1.715043 66.929155 1.008745 57.964509 47.866621 10.373054 3.217778 6.359852 12.120039 2.810322 2.690173 4.883325 14.969647 3.011924 11.095674 25.120252 
0.583784 0.372339 433.608748 3.502773 3.937497 0.721836 26.250093 0.109608 0.459921 338.038744 8.244423 4.100251 74.774964 144.271427 6.134186 0.891857 1.346425 1.590265 490.625094 7.188643 295.955785 4.993340 1.775457 283.249002 11.052054 142.530281 8.533070 47.921535 22.146906 1.748220 86.884610 7.742864 0.459100 27.122212 3.677395 8.650438 55.382563 28.874206 158.243870 6.072695 179.098448 475.102162 2.547421 0.075211 6.122151 0.434554 9.780716 4.540274 0.105830 123.452739 1.212278 153.632647 22.270322 20.988279 2.263223 0.123377 0.254847 1.028327 
59.780121 2.698937 11.426774 212.733456 0.122193 2.360609 99.946128 0.725390 0.467772 356.459722 112.058122 300.015881 19.234468 84.945868 5.413832 65.835759 52.659675 1.403872 31.652035 24.935159 8.844852 0.171653 0.111936 28.013972 17.261588 314.750894 15.404518 1.281527 0.064271 72.465988 4.876247 0.762551 3.419257 4.514664 5.689029 24.038232 6.990813 
63.810691 0.305487 395.375946 5.252796 1.542653 4.923598 114.216347 0.196990 0.486646 242.503897 17.485689 188.135546 1.194610 343.750694 14.599572 0.906228 10.123665 2.309031 27.762661 0.302986 8.708918 33.571032 0.106022 82.490093 5.924209 101.513785 62.846307 0.620179 33.528819 0.056379 18.927124 5.025021 37.601331 41.989832 122.128599 0.181639 232.513775 61.512821 
65.153895 19.439041 5.701013 4.406757 7.724265 4.860389 125.320821 1.240109 0.416128 6.625477 12.362516 54.124798 9.891349 195.097363 140.615281 13.816299 5.704801 1.889540 38.245402 0.095330 0.191222 25.752726 0.076875 3.236713 13.231969 117.949098 54.989836 114.291887 5.546408 41.805187 18.953575 1.136382 1.586506 0.623173 8.294754 9.379488 4.317030 38.401042 
0.039869 0.196007 35.319836 0.499883 4.035540 21.519993 238.018142 2.741393 0.513408 10.990237 12.944947 366.117135 12.948545 9.016453 10.473693 28.043821 256.409210 1.487028 6.645634 0.408913 62.777802 10.209657 0.094667 0.518715 17.811549 174.771693 46.364143 1.188408 10.947170 8.095700 30.777042 30.223267 0.157692 9.216857 88.358803 7.952952 0.074645 
5.097751 254.469035 3.304285 9.583600 1.879403 62.436041 0.304281 16.734771 0.482653 3.030503 52.448389 60.625618 19.924931 94.005381 10.780213 2.047875 0.090337 15.169999 1.722674 13.590242 0.169762 9.029536 0.052697 0.313989 14.776290 120.431069 96.012425 66.682563 33.994031 14.293114 160.458438 0.574720 0.762940 1.779369 7.318621 2.000590 0.331213 
9.551125 18.840467 41.746731 255.524298 3.529186 75.301969 3.759240 0.227572 0.429410 0.356753 27.529319 2.677266 8.799587 46.912189 15.885449 21.030096 36.889673 2.002291 1.221768 15.621378 0.492501 8.543085 0.169153 0.070505 155.232229 320.133995 355.408222 39.002592 6.984578 5.562549 3.386900 5.394818 2.304200 2.416218 6.463301 16.266341 1.281271 181.505873 11.622288 
74.361230 146.388760 10.496055 502.281166 3.021557 14.286061 3.531763 3.212615 0.472979 0.129662 0.868785 1.911718 1.015032 22.521674 13.659306 20.913294 1.331574 0.186687 2.416073 1.734890 9.548748 0.331360 0.124295 3.411748 19.305099 491.468723 70.606163 45.260192 10.052277 22.260616 29.893671 0.467829 89.940867 5.991966 1.490574 76.724406 34.365970 21.163311 
328.673537 133.139784 3.456392 230.678592 3.042086 4.347407 3.955711 7.203104 0.653139 13.167658 1.996781 45.674295 73.645338 11.740548 9.951546 28.772935 0.655384 4.595371 1.298741 8.879454 66.695320 0.304392 0.065596 0.225230 18.220587 66.031563 75.282234 136.646919 18.887497 2.284994 3.288580 3.456212 1.299385 0.408429 2.168804 22.161177 0.811983 69.333108 14.129010 2.870191 5.695715 1.489193 37.691321 468.588943 73.780077 2.376653 
1.688435 0.144879 150.867310 450.109949 20.475907 2.639450 1.639956 3.064989 0.662877 39.082610 152.902213 68.410852 62.823857 0.722704 8.208749 5.446125 3.895336 1.894287 1.204717 1.766690 27.568769 5.406438 0.395007 126.980343 17.682227 78.290673 152.655321 210.701337 18.477919 50.013881 0.599833 2.712405 9.149775 9.099327 15.589685 27.280693 124.663874 91.473872 0.392812 3.908606 1.562037 0.362593 30.291866 0.983594 
11.674796 0.193737 24.798072 70.246036 18.877129 21.381902 0.115525 197.814789 0.742996 230.592315 1.902707 67.144717 3.265366 69.087497 19.194527 434.249041 6.779694 61.500326 1.809708 0.135178 4.685217 36.805915 0.119756 24.208223 289.958145 81.568073 2.865270 32.906866 11.144183 3.241394 27.603563 43.488014 190.874692 3.856244 1.177100 0.061142 4.878305 0.719415 7.787793 1.335201 5.070723 
0.132615 0.158381 516.838834 59.783411 2.130970 1.139391 0.399348 86.479971 0.746626 26.767550 739.065356 196.962066 1.954771 3.034083 18.242036 91.115571 9.694796 21.882274 6.799523 4.890638 5.085031 17.336698 190.219666 8.638382 
0.098029 44.466585 612.033538 226.569156 2.845915 1.103852 22.970160 147.541333 0.782778 0.425749 19.360823 40.394107 1.641199 66.179307 10.717252 50.064062 0.309513 0.173310 6.327453 68.503350 0.330972 23.960483 0.409590 1.026554 28.520778 
0.096082 3.477993 68.744518 459.376295 4.807018 1.338101 37.439849 13.553525 0.848144 43.986227 5.303190 265.431165 3.047197 83.121596 13.932364 8.364817 83.227703 212.284472 11.335378 5.630029 97.169231 26.730972 13.464328 1.505052 0.272181 301.879852 3.870052 5.785141 24.846450 28.725825 0.958517 3.130938 1.938172 1.266160 2.176115 40.869705 
0.094368 1.565223 684.787650 713.700479 14.349984 3.854373 111.292150 10.166963 0.742830 0.223390 0.194347 294.019811 1.584024 19.257391 19.685278 3.661847 70.947488 0.397552 25.497191 187.963863 111.261672 0.623961 0.817486 14.549757 95.084944 6.939384 0.201434 2.468621 252.305825 9.264734 0.540712 
0.274230 0.288718 140.227294 32.255182 10.533474 3.032757 675.432759 31.995404 0.678735 0.234960 0.427108 19.145175 1.678962 152.343692 28.953670 0.845814 1.237027 30.793584 5.598386 90.288720 153.981317 306.410799 0.355942 528.967467 1.631643 717.185124 406.101643 0.133810 4.001129 1.514262 2.806002 5.365774 76.151307 3.493701 5.486842 6.978160 24.083200 22.055487 
0.173863 15.820345 153.327448 11.499361 0.692221 2.587182 393.508079 29.828439 0.441041 0.836471 18.308451 0.431653 1.687410 1.272765 128.590163 53.901472 0.199060 16.929076 3.385647 184.004347 18.209958 192.213096 9.825988 88.836123 4.354001 0.098009 163.699067 10.838292 24.088249 3.993736 2.602924 285.987957 66.934617 29.796050 5.623699 3.930302 363.121095 3.934584 16.795190 40.432458 5.266550 1.913115 98.843196 2.520253 10.078863 259.506129 
0.166298 59.325036 591.726972 115.984919 80.431817 1.448406 30.859609 3.240085 0.513199 1.400025 4.969007 1.991027 26.760504 14.386727 0.378190 25.530165 87.360864 0.607254 64.932269 12.668789 28.680530 443.310564 6.137610 15.503824 1.413625 0.453494 56.195520 31.203363 161.215749 1.876942 157.594739 1.034777 1.644796 6.359417 1.618412 2.239899 1.052546 13.763223 129.359644 
0.301220 20.096235 101.616690 11.035770 59.716557 1.817168 14.302525 10.890968 0.508275 9.435977 195.871129 1.733292 67.274179 3.211539 7.582717 54.499611 14.996694 61.461818 77.676118 8.879146 289.330136 188.076613 27.117131 21.318506 3.237774 0.987081 40.315343 1.430882 279.750335 1.637991 2.018137 10.601583 855.638054 2.760339 9.543584 0.607006 1.641501 95.571274 12.538468 39.969996 1.959012 21.829065 50.102143 19.174585 16.070380 10.901533 
45.729946 0.899019 526.759839 20.603580 119.678623 483.253175 28.678973 1.497147 0.466474 5.270446 106.082710 45.424601 33.892475 119.907282 77.009516 0.212530 4.515820 163.176686 72.483276 0.285913 3.018733 20.627803 21.575866 0.747315 6.359525 2.002980 4.274085 15.920782 3.909166 12.626203 2.742145 5.737597 3.228723 330.034777 154.223842 13.814870 91.990890 1.262250 21.883221 150.715034 1.212112 76.778087 27.381061 1.319123 125.001068 
3.662850 19.506085 371.882743 31.735160 156.282706 255.428932 632.075184 5.176186 0.565757 0.401119 23.114258 1.963520 3.177565 1.704496 40.669725 1.782213 283.395984 197.548839 465.779144 0.440693 3.691180 386.679114 10.455522 2.769741 832.033548 1.226044 14.584602 3.352678 4.268712 1.296137 10.743655 36.646481 11.097341 34.633926 0.227056 0.127864 0.098172 5.029033 0.150854 431.459777 11.285664 0.383123 0.635334 0.333761 2.820648 8.822241 9.479019 11.516653 443.624691 15.324051 3.069770 55.586039 
16.863466 79.743295 300.340925 61.739143 9.580551 109.856003 3.072118 434.852290 0.691303 13.820801 10.910452 0.612049 5.065559 13.574177 9.767400 396.666010 7.045748 41.390614 5.260528 0.664646 1.017424 0.184095 4.750161 139.742296 7.780563 1.747239 1.547796 0.133076 15.298175 30.304982 2.949418 0.425589 429.719341 11.923812 2.796366 47.189265 166.549559 0.376559 14.298946 229.834429 269.220270 23.632915 148.418286 0.410237 80.058292 143.804406 7.132972 2.994995 
0.631648 71.158713 3.173821 0.482249 9.496546 290.052570 8.283076 80.657308 0.597853 1.535802 919.398745 4.631839 21.001953 369.761240 3.296582 4.144993 71.238769 54.097047 39.142312 0.744149 16.333228 416.956398 5.415120 10.670132 11.753960 1.711990 46.098816 160.736079 16.455252 36.813959 14.734878 3.350268 133.114330 41.264998 7.662734 
18.040043 7.536207 4.829543 2.489045 8.737641 214.843561 62.225133 167.089077 0.722082 1.380039 287.460462 35.117685 25.010365 1115.558419 1.851968 0.341884 0.548606 0.126252 45.276891 0.880236 317.617475 34.962097 10.098208 6.867948 22.024757 1.455205 65.006091 617.493725 466.326625 36.574344 48.118258 1.077102 0.277163 18.996135 4.084484 38.529497 57.988377 0.571133 1.878088 22.182076 28.784968 
372.295990 68.520867 0.472751 67.892856 3.090414 217.569681 1.029826 221.048611 0.905997 16.690668 10.397246 6.472178 1.450553 1087.114998 3.577219 749.920524 99.392493 6.834286 28.591353 1.088378 18.591683 48.200100 11.084259 3.805779 4.434211 0.818780 111.763103 248.113632 377.874334 27.085871 67.279843 0.140646 3.356507 40.855854 32.227813 0.330586 7.556335 53.006240 216.310319 17.853823 1.001565 0.259334 3.259792 6.905443 8.022868 
163.681024 2.953892 0.286645 45.577721 0.350050 280.066563 17.661890 332.565933 0.977055 4.972559 32.463703 9.895298 1.888504 360.273024 66.753952 161.318656 0.555344 193.202190 30.584836 0.890412 0.999386 2.694541 34.430255 1.908267 5.007919 1.837343 12.943238 188.668704 87.925921 0.857469 13.059440 1.089317 6.996171 1.011375 523.821823 0.602195 411.328820 31.071717 917.790423 1.226012 2.384749 6.299806 672.083976 8.593074 87.604465 10.417251 6.638635 1.541666 60.137495 12.216882 203.227436 224.316023 7.698323 47.841655 1.583645 3.559947 
131.860247 0.494282 302.873826 3.523485 42.120626 5.643231 212.612630 719.572947 11.344128 8.699177 4.993061 0.245652 11.698209 235.216105 10.074857 0.297768 1.043651 549.192205 47.072875 8.080005 5.769855 18.391435 1.466650 0.820168 26.878006 1.585111 52.395923 800.898363 207.542105 2.440964 8.650254 307.348331 7.627546 1.134413 28.217237 39.181577 111.925883 1.121749 1.027587 15.779205 7.456896 0.157390 45.656684 1094.212276 52.286889 1.137674 8.556741 0.809487 10.778097 9.151602 3.676921 0.254804 
36.531294 0.574129 447.863982 3.409331 4.333676 1.589164 53.748547 239.509270 4.865125 36.479828 56.142670 5.182449 2.312274 476.159066 4.556266 0.267519 1.212917 445.896707 270.341551 28.806251 385.224852 0.719135 93.909443 20.083620 3.483273 1.700046 7.316485 697.862767 5.079991 4.805728 4.196761 13.570886 1.745867 9.783687 5.469012 173.845952 72.022731 4.322842 0.749241 
16.040548 0.153252 152.777155 3.018543 123.499303 2.692437 101.235949 241.175674 12.661977 117.513409 29.718967 16.832662 2.155420 16.866032 281.914286 0.448195 1.299250 12.157614 64.690018 11.116939 69.915196 0.891664 18.528957 8.848493 1.506479 2.275804 2.536927 274.978456 32.973181 1.865230 5.818864 4.853049 39.483521 4.301236 28.963901 
0.157479 14.746398 578.337128 4.784739 461.281925 410.894743 1.286626 49.907113 796.360912 4.841908 72.826475 25.968450 0.348597 5.324640 74.622427 0.193992 0.936261 14.810007 126.309998 2.179736 0.193914 0.725767 44.797773 403.585150 0.880468 0.982746 2.956280 267.199256 165.104143 501.602496 332.264544 23.312926 2.347460 48.724315 1.546983 28.688221 45.907217 89.519933 0.161818 10.554518 108.966829 104.692299 14.421882 
254.248279 165.188860 1239.405865 2.449125 102.282894 3.703896 3.008726 104.018237 161.590526 3.552304 65.044666 5.334136 0.237760 2.809932 8.076546 0.621479 4.390939 15.545772 17.812392 13.460486 153.719546 0.710620 10.031918 91.042274 5.973135 0.992041 3.311758 19.407227 0.379053 119.557658 186.478547 1.344127 74.912595 5.035654 27.613866 1.408615 1.802732 11.527853 19.112309 65.648984 
191.662304 0.162204 160.637199 1.368607 128.987807 5.675724 9.700597 10.562705 13.832118 3.574855 3.749436 66.047136 0.282991 27.507885 17.148061 0.245360 67.335764 40.856658 11.730775 29.169036 5.104836 0.884159 163.559160 218.658462 1.704681 1.375118 7.719796 2.577853 322.814902 68.682307 21.215553 0.620720 4.138755 0.724699 218.455716 83.368570 0.641743 41.942022 41.594806 4.789544 14.899525 22.519340 
79.895705 52.263414 188.588539 1.586265 62.492941 101.206435 10.328733 61.851052 8.181489 3.914786 37.851628 1.061440 0.410046 18.715380 433.587178 0.127151 6.141926 0.547199 37.480040 86.334555 188.830240 0.822728 17.402554 100.455750 11.587952 0.671763 3.802609 0.834381 1127.067763 5.745120 10.783504 16.858189 530.804626 395.739253 16.628251 4.352185 
53.981954 5.002632 37.516420 976.455282 1.684091 8.110022 8.861793 130.027637 58.782236 24.265092 10.969319 18.221905 0.158082 21.131251 266.858359 0.173325 64.762364 0.632507 7.488365 14.249951 1.835574 0.759564 179.715474 530.329070 38.628530 0.761335 29.336678 12.468399 2.486983 0.885774 2.682551 70.653923 5.102111 14.439817 1.701234 10.644813 504.762828 9.291521 6.638402 7.503508 28.712634 118.155867 3.286867 58.773507 22.676688 3.022998 9.166416 3.753133 31.137640 6.983876 40.679922 
222.069239 3.648208 52.717818 17.601115 0.852491 18.051151 325.402434 746.858578 3.261820 3.521067 53.712126 25.660987 0.265510 140.585542 525.074458 0.188415 4.581588 2.642980 2.154134 4.809021 137.879069 0.820197 10.697219 66.349981 58.830127 10.890939 12.027561 1.954013 22.210423 1.836588 0.708026 202.264362 470.413009 1.960923 28.857251 0.270605 112.992726 6.932265 12.730878 1.282327 0.883501 3.670288 
15.561296 50.792452 5.560781 0.112603 423.892595 788.808558 9.604222 87.504563 0.313254 476.919482 2.370914 58.231962 71.341077 2.712601 105.387670 0.110677 595.481201 0.992189 326.327920 6.513491 1.883256 0.643126 3.059930 131.544794 55.137517 1.907047 14.053487 0.099594 3.134237 208.502240 0.742218 0.376445 55.350181 5.329659 241.768072 0.357978 12.556160 0.543317 52.481757 10.099739 
5.267674 156.377023 20.222055 11.483523 16.248582 125.278412 6.443396 0.141130 2.156514 274.790282 132.804571 94.067132 240.514771 6.181606 133.340207 1.112580 40.334446 1.114124 57.074058 290.441600 0.157785 0.879226 0.776265 118.889110 28.997710 0.634290 185.459865 9.063624 5.314002 8.328662 16.042506 75.253910 0.593550 144.321822 2.293780 9.741431 0.951205 83.384024 118.254270 223.241323 0.665808 0.290234 0.098914 111.632159 6.185277 1.313408 9.162437 1.011999 11.879971 1.499179 15.944996 0.176109 4.224517 0.293462 0.938742 6.801111 4.251798 6.650904 64.090757 10.138424 3.051705 4.398702 118.197936 18.565957 1.737847 2.733519 
76.989192 11.058090 0.173562 6.433260 22.383497 5.448167 5.654368 11.377750 0.198186 93.716527 153.601688 7.160657 210.717839 0.163252 395.809271 11.768369 24.764442 1.053151 0.492637 22.335802 82.047905 0.668319 0.536320 94.373658 9.662013 114.232800 15.498969 4.021247 40.219670 3.319284 6.230692 0.130938 0.111178 32.096663 4.515956 40.016343 
83.471471 1.241732 6.614717 12.497568 13.578646 2.626782 6.343441 10.548540 1.788144 147.657280 0.188663 23.335426 155.850587 0.074005 61.242784 28.145109 12.632694 1.317175 3.130821 74.425492 1.360919 0.965776 0.195203 248.407896 0.220931 117.815796 16.839654 121.434564 10.105629 2.731564 2.629364 0.264937 4.212290 2.964461 5.641979 
69.289827 0.185875 15.776549 23.032018 1.518779 160.787839 72.745889 16.044309 3.933743 356.145879 5.462992 290.840930 134.099370 0.205142 62.634299 0.235234 11.212895 1.464404 14.404372 0.468266 2.605085 0.776532 9.570232 439.142802 0.457549 3.900262 10.595773 1.281391 1.033778 5.457416 36.917377 0.602671 3.632476 27.645868 0.449609 35.991720 
0.275077 381.497411 90.569742 12.717155 0.565889 1.579857 37.636801 20.138892 305.231466 279.484738 5.769217 2.736919 196.323025 0.069209 169.535480 2.129262 2.908706 1.783913 10.775014 11.975401 1.811428 0.757095 39.600486 254.016982 1.577270 29.397547 1.282794 43.254919 8.479089 4.920826 32.467744 21.920671 
0.659486 306.310770 48.139158 195.932404 3.914896 1.118100 2.126586 0.140861 49.338412 178.168295 11.019323 0.257646 47.897480 0.067328 332.817914 11.450394 61.465171 1.529887 40.825187 17.871604 18.866374 0.631645 1.442373 36.271772 0.439896 18.216056 119.793261 0.048208 14.440419 3.296326 2.619191 3.376927 25.857904 10.514847 274.920792 4.982516 
2.908773 171.136769 26.305979 27.667624 6.581271 37.751791 296.241115 0.199242 79.232086 226.720210 31.771201 2.799415 539.121661 0.136600 0.856711 11.741745 0.111625 1.533255 93.049408 25.458329 3.709981 0.607158 8.627139 40.484489 12.084584 47.646245 3.828797 9.563682 112.520268 18.376977 5.300873 
531.336533 51.301476 37.081823 28.520697 3.151238 0.604455 2.716586 1.807741 117.504041 274.432311 12.676220 1.373195 282.119479 0.334342 0.280969 12.778354 7.469429 1.481618 2.100893 13.234288 96.470037 0.917391 4.635155 345.907883 1.100793 6.643926 3.018833 31.480951 26.814103 5.392372 0.997731 5.365994 14.402607 4.318700 2.714425 70.591658 6.849725 2.894993 17.121086 
0.201129 330.031708 41.188391 40.365648 36.811259 8.826896 24.080373 36.191752 94.903686 254.840085 48.642247 0.985082 15.787434 0.185597 0.334890 19.490888 17.746164 0.539770 20.140499 9.222169 440.603712 1.072368 2.104513 19.441453 0.379250 6.130507 2.121337 124.218631 0.830769 5.068520 21.494978 18.486780 3.726923 17.639387 11.766255 
1.851554 82.484243 4.524634 14.466668 37.017343 2.411914 63.286837 57.488296 0.358630 77.844741 8.359602 0.293524 25.343484 0.052848 1.276043 4.627114 84.131744 0.893851 130.912224 16.423208 177.555924 4.799365 0.505760 10.984655 3.039016 0.718776 34.839846 23.295552 4.559697 1.851049 52.424332 23.269052 79.018716 5.314262 27.755169 3.477389 0.519875 0.197630 279.599986 22.759704 123.313639 0.221066 
14.394187 0.140606 88.078794 1.500481 0.872665 13.054714 62.160386 1.234733 52.704433 106.742463 10.349140 293.902488 0.170482 0.077667 0.126315 19.420555 2.960435 0.087850 467.134969 0.574121 38.951509 226.430847 117.725501 11.538871 232.871206 4.803996 42.456718 2.498171 8.496820 17.758080 11.269305 
17.746491 69.957111 463.141822 1.476711 101.426584 0.604660 7.753991 0.975711 237.206679 144.847959 0.904724 9.988584 36.526482 0.065170 0.160871 2.225038 7.379342 62.420553 2.884964 0.952877 287.618068 37.504511 185.650247 11.595594 108.185998 9.488401 231.738488 4.753582 0.159898 47.325389 16.152299 2.066619 48.067129 5.910567 75.631355 76.666356 15.354591 
25.079986 5.173914 0.111334 46.593023 0.582315 17.593739 284.287683 4.368938 76.422068 35.771076 2.198605 71.327112 20.920544 0.178764 4.282600 1.064318 1.311004 0.164807 13.217096 0.913645 35.041251 12.750988 50.473481 7.531757 27.178106 23.616295 8.684036 3.391237 0.071692 4.776937 134.955606 0.541360 413.790592 48.012054 13.219118 8.239829 0.330825 
3.451517 102.018610 6.320303 12.883555 0.946716 60.836270 22.459576 5.017337 72.173192 39.706335 0.871084 48.349838 5.309706 0.357898 20.646795 1.438659 127.797664 0.479183 70.120920 0.646638 268.465199 163.659289 0.132527 8.672965 4.830020 0.135717 0.127335 4.759424 47.708463 151.916871 146.285140 2.452016 4.173165 48.766232 
73.619845 249.823494 0.968928 9.267830 0.147774 361.892178 77.047085 9.306596 68.206012 64.685484 0.350749 4.059731 211.654943 0.817281 18.917246 11.460748 3.417330 18.685383 0.243247 0.754244 179.790175 23.957992 2.660887 158.844821 8.116717 0.948120 1.467771 23.700432 20.522646 2.587386 408.486212 2.379730 25.789769 5.645106 0.101490 
109.932265 0.957877 3.367676 3.458237 0.974349 127.940400 21.349082 10.048095 83.786711 183.255102 17.182010 0.739090 0.139842 69.741605 27.003533 0.939785 34.347885 99.244159 0.142021 1.036679 243.785983 49.715776 0.234591 136.411528 5.626155 35.380463 2.334425 1.446921 1.563936 5.764334 4.712249 17.036234 
14.585027 162.042730 0.323814 5.475723 0.321383 0.419591 79.364365 260.617247 6.625574 91.669531 21.109208 0.481747 0.278724 86.338523 2.129361 2.309410 2.286410 5.277160 30.041169 0.730206 1.154887 1.207464 79.864668 4.999186 3.872666 668.284218 244.871962 0.682620 16.332995 613.147639 2.224690 7.155379 63.457819 4.040773 7.898715 
15.002776 502.632393 0.415015 13.833950 1.283792 0.103704 65.715047 64.411240 25.035017 196.920854 1.913841 29.437714 0.349280 17.055528 0.084682 6.052707 4.753794 34.190292 350.406141 0.781027 3.405420 19.466692 407.079332 7.039891 7.172647 51.015953 5.280152 0.293019 0.815419 9.384848 
650.141426 83.461554 0.287273 65.692601 4.433356 0.092235 0.168575 128.898213 15.544033 498.103707 2.418273 56.058509 0.359329 73.652779 8.933600 8.017368 4.069939 10.915327 114.318805 0.747129 99.161349 35.455747 3.330766 6.929950 2.440570 4.368450 32.640344 2.775202 39.750019 4.694193 0.289445 2.606618 15.733782 0.131084 4.099712 79.351795 0.153645 0.246089 17.122750 9.889188 
68.010878 0.094248 0.087695 0.326036 63.206673 12.412803 1.542661 344.290447 7.395935 434.591911 14.401724 2.244280 0.108906 2.293503 16.294328 3.672087 92.607399 52.285814 84.431889 0.926117 0.063222 67.903958 100.426348 2.517045 2.019514 205.346341 2.823489 5.036659 5.059792 81.726537 23.036431 0.203481 3.917889 26.148805 74.020071 5.767900 
270.817637 1.332091 0.074405 10.365412 3.013768 29.630387 9.165939 83.161210 12.169706 186.059862 18.648108 100.159051 67.817495 64.831359 15.041751 0.465564 1.357157 3.671589 54.303642 0.959200 54.373106 2.815764 0.453535 30.376254 1.197118 3.461683 5.407870 0.848126 11.357667 109.555250 0.124282 89.403697 162.283233 
47.311756 0.609126 0.516432 89.068189 248.804884 9.844817 2.860760 133.608697 2.265358 122.891733 26.385483 46.662733 67.607152 22.902745 13.836091 20.157571 9.745339 12.114981 10.273778 0.689863 0.466851 1.097348 0.095457 10.361827 1.642624 52.872961 10.797821 25.455129 12.478729 15.944316 1.921227 64.213745 0.848505 8.578861 
234.775817 2.691986 0.310042 60.185600 0.829950 1.200560 8.811333 282.260491 18.263593 123.681237 1.250078 20.496681 343.533979 33.586178 13.235684 35.502461 63.416863 3.823554 5.005783 1.067135 0.790514 1.007782 0.082002 0.456127 5.349488 22.320874 4.860797 25.182275 1.165961 5.531338 2.320288 0.686350 28.416282 
6.424780 1.914651 3.519649 3.620058 0.338990 1.630772 11.093929 335.370030 6.433097 117.893278 0.734637 25.408131 27.049056 2.502123 14.741068 128.301501 67.435555 12.846951 19.701320 0.706409 63.622324 1.876140 0.359773 0.061573 43.865890 0.101943 0.902787 29.549862 0.386356 15.071569 2.665558 49.850876 188.702752 25.124418 42.887996 14.885398 74.741255 
3.973277 16.585708 2.948951 7.687930 0.188685 87.633762 22.781915 89.096682 4.145366 4.086582 1.010508 5.668413 238.463155 0.834716 2.121192 91.546665 4.129259 31.157220 15.431779 0.586222 31.090017 220.693058 12.297747 0.405010 25.896172 1.995783 7.433641 24.181651 5.492080 101.686869 0.576016 1.411771 139.928532 2.347658 1.537520 13.290660 144.734757 3.916069 0.155143 9.183189 0.797363 9.683981 13.882949 3.475419 9.086345 46.837027 3.258374 6.295041 321.839073 6.217061 21.996994 3.657683 19.577469 0.076666 121.905817 6.099989 38.867882 
4.401558 65.104945 4.118381 2.879065 8.565058 79.166545 58.985568 59.076660 0.066404 0.533377 0.230794 2.166023 523.426042 0.196276 4.059855 34.171663 7.133202 6.178487 0.177532 0.474386 40.427907 21.458820 4.105797 0.419982 68.001531 6.743424 3.949854 2.799997 133.460527 223.424912 2.355327 1.184057 111.325477 0.175629 241.028655 41.677539 14.382014 56.393921 58.652107 17.258239 1.629084 0.450504 9.935836 14.030021 5.548641 
5.579024 62.381871 2.580463 70.769971 4.131303 0.270738 1.097876 107.626456 62.024155 0.408947 1.005579 1.614667 53.445503 1.987759 345.664263 0.239206 5.287214 2.654192 27.530929 0.386510 8.520510 475.996731 1.543568 3.116255 2.892468 13.458657 22.194312 16.132430 87.338352 322.778354 8.986646 1.760030 146.122790 4.350286 0.537069 4.001052 3.511152 4.431856 7.074690 38.756482 7.163373 9.387481 41.707547 1.754525 60.899656 
9.321671 69.350168 9.702888 21.770926 1.143899 0.125384 5.191938 559.871376 1.342812 8.306879 0.551434 91.189051 119.567164 76.947271 148.242235 0.419234 8.292225 16.123989 5.126698 0.447069 1.447790 340.858510 4.877431 5.911457 6.484017 20.737087 2.834550 36.586997 25.478062 308.966444 424.478673 1.460637 1.894905 436.598585 5.959490 84.471803 12.124760 2.217014 2.528805 7.319034 34.765134 10.077588 8.685037 4.272534 1.602567 3.227461 9.185955 
6.272835 9.812777 35.302138 102.686345 15.384389 0.199147 2.994948 849.627369 8.798431 7.498101 0.294449 0.164958 305.259387 0.240550 9.143889 106.520583 0.194821 85.193869 29.898193 0.476924 122.675095 69.081136 14.867734 65.373480 2.980585 26.096553 29.614018 78.401472 2.884174 162.544646 6.491585 1.052540 27.909364 1.767994 75.168135 1.390681 30.895896 0.918556 10.532613 14.962511 38.014959 2.265933 18.281828 2.250175 29.107060 0.464357 32.011485 4.086553 11.261653 53.090703 
5.807222 171.172923 14.354015 8.971397 7.941453 0.150021 0.542075 421.660807 33.662077 1.612837 191.315034 0.243649 64.430841 0.142673 1.310037 2.297110 0.392065 61.916776 11.334127 0.635635 23.296870 9.088404 7.387966 41.195138 4.620744 10.225267 15.915120 54.132825 3.484589 164.084156 21.405184 8.330071 34.577724 603.649990 172.677110 0.155571 4.562852 238.856713 61.188411 60.304774 13.175259 0.748786 23.724674 13.066965 6.101364 10.620601 87.606942 13.419398 21.691061 34.458240 12.345988 4.259409 
3.642842 125.801739 0.869689 4.875928 6.675745 0.692627 149.748154 0.713174 390.512357 20.843336 25.118527 0.128447 902.862853 7.561661 250.102920 58.114622 5.975273 145.103314 0.593290 0.457342 15.262237 15.516189 9.844435 2.208468 1.443683 19.476637 13.013471 0.806320 3.266810 84.673647 0.837640 1.016309 54.053812 0.325835 84.378230 14.999205 12.969327 605.030914 75.453784 55.065458 16.383964 3.396643 3.317164 9.451993 8.350403 
23.581545 63.276551 1.040098 5.681313 0.106068 0.183571 195.294972 1.722464 192.805351 62.940773 0.261148 0.324067 260.059513 2.141761 18.519054 16.379065 7.691801 45.885101 0.407662 0.516495 40.195071 3.376571 11.305484 0.426239 67.437794 14.319814 1.052952 517.582254 18.677758 217.566640 117.553173 
10.160797 3.743900 1.209692 0.651530 45.855760 0.167943 0.467071 0.501032 136.144102 79.065933 2.848560 12.917781 174.253908 1.623609 72.830433 4.541573 5.701024 306.136369 40.202134 0.494284 8.564300 10.141300 27.355781 9.012332 2.636101 0.558284 6.308668 8.517688 513.524881 710.572735 45.967611 7.345707 2.328408 14.437551 1.825739 1.382112 54.645371 17.978322 1.341254 2.672029 
1.152957 7.304754 61.056750 1.542443 277.115928 0.187091 9.533474 32.886350 46.432625 48.907861 0.219349 94.271415 204.939996 3.331208 2.757621 2.866526 1.854716 64.907274 11.455514 0.451051 135.974800 8.469013 6.165997 1.190154 21.630560 0.400693 551.949614 12.487546 180.243393 7.152686 37.993494 0.311652 170.983333 9.349485 11.295746 1.362128 123.537437 0.697496 9.956814 
52.359677 7.348110 4.964649 40.688883 15.137698 0.150644 5.561872 1.300681 222.509765 126.045016 130.839050 736.946810 209.235369 1.724664 785.463924 2.832737 26.390377 73.980131 21.711458 0.423234 15.837518 62.744168 7.315700 35.780274 21.401003 0.327181 6.360798 10.845938 1.222381 11.259702 6.223815 27.850868 0.147411 0.172469 4.087744 12.832164 1.281886 36.897909 
123.954142 27.486633 6.197797 13.691665 26.507419 0.151450 0.190874 320.823512 760.453388 13.842782 5.645538 6.999801 5.033822 0.275640 251.404732 32.549937 0.243407 9.490404 639.984574 0.520882 21.507774 58.191985 8.919851 2.097751 0.576298 4.597932 15.431170 60.047270 59.056146 2.803212 931.087724 91.058243 5.153824 51.283608 7.990508 8.680967 
8.595565 42.740575 2.038638 18.020955 0.684711 0.223254 44.559536 55.629921 81.397735 6.882646 8.211621 525.339250 917.062790 0.202846 223.758804 4.232121 0.127812 297.550261 388.644200 0.414992 6.988683 63.031973 10.847996 3.405702 0.711304 14.304643 7.780096 121.505420 32.215804 1.281560 46.249722 2.721547 6.927558 6.400944 7.583817 7.232451 57.889457 3.730960 11.196075 13.632505 
0.285705 140.866940 3.149496 41.739000 26.330757 0.286186 164.878285 6.266814 618.964193 10.419794 0.560974 577.249473 198.722264 0.511170 517.003240 13.737217 9.746074 1.017806 0.412447 0.485016 10.297666 4.356946 10.210454 91.894999 0.200826 171.345443 8.361389 0.860109 4.512169 2.924765 68.485035 2.665163 4.615227 396.529492 82.678629 563.575623 4.933623 5.864810 61.896472 35.868042 0.959215 4.395654 51.117899 379.609296 56.926803 
