 -6.305336 -71.993841
 -4.336633 -62.099365
 -4.443424 -70.372694
 -6.679520 -49.554919
-20.840029 -40.886369
 -4.851522 -65.292293
-10.640182 -64.320756
-14.979025 -62.916651
 -6.759733 -65.975938
 -8.674865 -54.359372
 -6.381311 -55.586231
-12.592365 -53.103043
 -8.215081 -71.181760
-12.261880 -51.614206
 -7.230490 -65.407776
-13.784407 -58.581435
-11.138490 -63.227362
-13.396346 -69.185646
 -8.452301 -57.178498
-13.321212 -55.733865
-11.191260 -52.291841
 -8.614110 -36.693824
-10.855392 -48.912932
 -7.502896 -54.627127
-17.375109 -40.597784
-11.520853 -66.972429
 -7.166215 -54.334609
-11.084380 -66.142681
 -0.909942 -47.809561
-14.726343 -58.932040
 -6.685288 -59.712076
 -5.014318 -54.907319
 -3.998657 -56.692097
 -1.314925 -47.721450
 -8.305182 -58.815999
 -2.247569 -53.150895
-10.613026 -56.519938
-13.072348 -59.694236
-12.142885 -63.059648
 -7.752294 -71.487245
 -5.530873 -50.929539
 -7.268403 -67.509402
-12.188236 -61.272668
 -6.995297 -73.430403
-13.782473 -55.855763
 -5.487049 -53.383338
 -7.328811 -71.394495
