 -3.375997 -66.676446
 -4.604026 -58.626226
 -3.766894 -57.612347
 -7.926286 -69.837113
 -3.936534 -71.938927
-10.229246 -67.655414
 -6.350426 -75.020499
 -3.522137 -66.548427
-13.284205 -53.716668
-14.187286 -57.132420
 -4.818909 -57.602832
 -3.800211 -53.743999
 -9.265434 -68.218873
 -5.378537 -65.358793
 -5.202216 -67.576697
 -5.125591 -52.022699
-12.023936 -57.757199
 -4.301524 -56.303355
-12.567988 -54.448604
 -8.214086 -54.246173
-10.510951 -52.611778
 -4.664850 -51.464776
 -9.165546 -57.030701
 -7.670394 -48.791865
-10.838110 -56.098633
 -6.183518 -69.031420
 -4.686189 -46.158637
 -5.669589 -66.765674
-12.338180 -66.295811
 -5.696697 -55.429312
 -7.038030 -63.960803
 -2.446366 -47.621940
 -8.920414 -54.836089
 -5.813545 -46.377480
 -7.223336 -51.678394
 -5.129335 -62.370107
 -5.519784 -62.428128
 -5.748646 -56.537108
 -4.836777 -65.698442
-13.731400 -60.050154
 -7.881811 -55.372067
 -9.406196 -64.987558
 -7.203804 -67.376732
 -7.492494 -69.153362
 -7.167173 -62.740120
 -9.147050 -65.373510
-12.826260 -58.686093
 -8.856650 -66.182372
 -4.090717 -46.258844
-14.162355 -58.412847
-12.911919 -57.539676
-11.380491 -65.875880
 -7.120941 -55.720786
 -4.194038 -58.405554
