  122.334414 10756.556714
  134.595164 10766.119262
  152.520637 10765.801457
  136.746228 10778.707698
  119.779894 10769.081972
  124.234197 10774.301899
  112.863630 10777.269690
  102.397498 10767.975109
   83.303351 10767.708067
   97.437027 10776.572269
  123.091018 10772.598492
  116.103821 10770.739817
  112.813343 10776.576358
   89.293546 10762.775445
  101.449201 10756.060737
  110.760690 10768.611537
  101.721729 10771.608156
  110.743677 10778.968200
   93.886728 10754.394027
  115.215172 10762.855118
   93.884699 10770.596699
   95.592989 10753.221136
   85.738795 10767.041002
  103.464138 10768.151738
   99.074128 10772.991761
   96.749132 10762.556400
  102.007489 10772.732934
  100.303337 10772.484340
   94.834506 10769.308835
   97.923878 10765.389900
   92.072713 10772.788296
  105.449339 10774.433187
  111.106741 10765.567787
   99.848484 10764.222461
   92.224264 10750.935920
  107.359065 10760.570167
   97.533279 10763.103789
  127.698400 10774.231585
   94.541469 10756.094741
  128.141254 10770.718740
  145.968032 10776.398574
  124.145302 10771.186195
  108.971156 10757.310780
  109.929245 10775.206901
  112.446413 10774.921261
   89.977091 10767.722555
  125.820502 10760.665847
  110.228634 10777.004824
  128.222183 10759.449472
  102.162853 10763.075982
  110.971682 10786.030167
   95.348128 10785.166985
  104.358594 10780.557417
  108.244753 10760.922725
  113.069133 10788.220658
  105.627132 10777.422141
  135.646968 10770.286976
  114.128633 10765.548462
  116.610918 10764.375003
  102.713305 10769.020846
   77.438054 10772.241548
  105.842566 10767.441210
  133.863281 10758.686847
  107.469443 10772.494725
  110.242682 10783.937634
   92.167405 10775.332497
  119.733342 10778.182127
  122.841429 10776.738767
  117.975657 10768.596011
  124.641721 10758.206421
  103.434723 10768.371678
   94.948753 10768.878327
   98.093012 10782.608214
  118.949932 10781.296870
   94.649749 10771.958965
  102.036611 10763.710485
   86.543237 10771.884512
  106.950871 10768.641039
  109.775838 10765.931886
   93.297714 10768.010677
  101.563268 10773.816295
   97.070829 10783.277612
   85.615794 10758.120119
   70.175643 10759.135115
   77.800353 10771.610457
   76.087899 10772.004117
   95.775425 10762.981324
   92.496118 10761.177085
  103.470628 10774.877417
  108.266526 10769.565818
  121.367694 10758.092553
  103.351222 10769.358532
  125.628455 10774.015965
   83.336234 10763.514455
   88.519881 10775.744636
   82.186011 10765.033605
  107.760314 10772.807747
   80.169372 10757.422825
   91.707774 10763.779576
   91.128818 10767.978743
