0.825044 1.635459
0.809799 1.229373
0.641484 1.393022
0.863343 0.914431
0.924182 0.787766
0.833894 1.338808
0.878803 0.755912
0.931711 1.229223
0.977466 0.975053
0.832512 0.913786
0.966338 0.715107
1.074200 0.818118
1.174011 1.147099
1.053382 0.929601
1.014649 1.055307
1.132785 1.636472
0.969302 1.055296
1.107194 1.107747
1.061687 0.965946
1.198137 0.981337
1.187215 0.582703
1.117901 1.049622
1.313630 0.822642
1.298742 0.854101
1.295132 0.836894
1.376210 1.578616
1.387588 0.937253
1.237193 0.905611
1.010194 1.047143
1.032852 0.783490
1.003519 0.981632
1.157382 0.696101
1.146223 0.807971
1.045457 0.777515
1.123390 0.634529
1.302376 1.005574
1.262924 0.925983
1.105932 1.238454
1.084094 1.098894
1.145830 0.794806
1.280536 0.768308
1.176680 0.851544
1.130650 0.659813
1.141764 1.539648
0.948682 1.329379
1.014919 1.027001
1.026979 0.894422
0.982045 1.039667
0.904894 0.736903
0.944165 1.091169
0.923855 1.183487
1.066530 0.624452
1.095587 0.953340
0.997740 0.597013
1.212681 0.948091
1.245259 0.874757
1.008389 0.917929
1.163556 0.482313
1.102881 1.025392
1.195949 0.685140
1.160984 0.914763
1.070101 0.905334
0.794011 0.987319
0.850699 0.788502
0.854836 0.610373
0.823005 1.414854
0.641507 1.113130
0.674271 1.012426
0.769789 0.697088
0.939353 0.747044
1.022878 0.446752
1.111185 0.842443
0.983168 1.135979
1.127217 0.882466
1.076295 0.688700
1.054512 0.755626
0.925422 0.987917
0.924656 0.879996
0.923890 0.944529
0.962838 0.764812
1.062167 1.125220
1.027878 0.817788
1.083841 0.852511
1.011438 0.769354
0.970711 1.294868
1.050610 1.123518
0.959891 1.158320
1.000632 1.196704
1.052186 1.201330
1.031650 0.961534
1.180653 0.637785
1.190290 0.814405
1.205051 1.003203
1.180630 0.945176
1.178352 0.955929
1.133546 1.146420
1.016771 0.888725
1.013003 0.719715
0.918680 0.908892
0.930381 0.949634
