-0.664185 -47.4168
-0.65332 -47.42
-0.642212 -47.4168
-0.634705 -47.4108
-0.613281 -47.4103
-0.605286 -47.4047
-0.594177 -47.4033
-0.586609 -47.4094
-0.58252 -47.4314
-0.588013 -47.4397
-0.59082 -47.4505
-0.59082 -47.4575
-0.599182 -47.4616
-0.604309 -47.4533
-0.610779 -47.465
-0.618896 -47.4706
-0.625793 -47.4706
-0.638 -47.4692
-0.649719 -47.4669
-0.686584 -47.4627
-0.699707 -47.4625
-0.722412 -47.4669
-0.735413 -47.4663
-0.727783 -47.4575
-0.718323 -47.4533
-0.707214 -47.4505
-0.701904 -47.4383
-0.710022 -47.4328
-0.723083 -47.4322
-0.732788 -47.428
-0.738892 -47.4203
-0.745789 -47.4135
-0.747192 -47.4013
-0.751892 -47.3922
-0.764099 -47.3911
-0.772522 -47.385
-0.780579 -47.385
-0.789429 -47.3897
-0.80188 -47.3911
-0.812805 -47.3938
-0.812805 -47.4022
-0.804688 -47.4074
-0.79303 -47.4083
-0.780579 -47.4067
-0.770203 -47.4103
-0.767517 -47.4211
-0.767517 -47.4419
-0.765503 -47.4669
-0.768799 -47.4911
-0.76001 -47.493
-0.747803 -47.485
-0.735413 -47.4836
-0.727783 -47.4897
-0.709412 -47.4989
-0.699707 -47.5028
-0.691589 -47.5083
-0.676697 -47.5205
-0.668213 -47.5261
-0.661377 -47.5261
-0.649719 -47.5281
-0.641602 -47.5335
-0.636597 -47.5425
-0.635193 -47.555
-0.639404 -47.5644
-0.646912 -47.5705
-0.643005 -47.5789
-0.634094 -47.5836
-0.64502 -47.5906
-0.657227 -47.5917
-0.677795 -47.5985
-0.695007 -47.6089
-0.701904 -47.6158
-0.719727 -47.64
-0.728577 -47.6583
-0.736084 -47.6644
-0.73938 -47.6886
-0.744385 -47.6972
-0.751892 -47.7055
-0.756104 -47.715
-0.757996 -47.7269
-0.757996 -47.7378
-0.747192 -47.7405
-0.737976 -47.7358
-0.717529 -47.715
-0.707214 -47.7116
-0.693604 -47.7116
-0.671692 -47.7172
-0.661377 -47.7208
-0.639404 -47.7397
-0.635193 -47.7494
-0.636597 -47.7616
-0.640198 -47.7719
-0.64502 -47.7811
-0.663513 -47.8022
-0.668884 -47.8097
-0.677185 -47.8125
-0.686584 -47.8144
-0.695007 -47.8144
-0.704407 -47.8175
-0.712219 -47.8219
-0.715027 -47.8302
-0.698303 -47.8438
-0.690796 -47.8481
-0.6875 -47.8557
-0.695496 -47.8653
-0.703918 -47.8705
-0.712219 -47.8778
-0.720276 -47.8822
-0.727112 -47.89
-0.733887 -47.898
-0.755188 -47.933
-0.761414 -47.9414
-0.768799 -47.9486
-0.775208 -47.9569
-0.777222 -47.9667
-0.770203 -47.9825
-0.761414 -47.9886
-0.753296 -47.9919
-0.744995 -47.9933
-0.737488 -47.9961
-0.723083 -48.0125
-0.715027 -48.018
-0.707214 -48.0213
-0.7005 -48.0292
-0.7005 -48.0371
-0.702515 -48.045
-0.7052 -48.0522
-0.710815 -48.0605
-0.73468 -48.0913
-0.753296 -48.1175
-0.771118 -48.1291
-0.779175 -48.1361
-0.784729 -48.1436
-0.79303 -48.1497
-0.799988 -48.1572
-0.807983 -48.1599
-0.822998 -48.1592
-0.841675 -48.1522
-0.856689 -48.1497
-0.866394 -48.1497
-0.867798 -48.1583
-0.858887 -48.1667
-0.853882 -48.1819
-0.85321 -48.1894
-0.850586 -48.1975
-0.849976 -48.205
-0.853882 -48.2222
-0.867798 -48.238
-0.90332 -48.26
-0.921082 -48.273
-0.929382 -48.2806
-0.945007 -48.2922
-0.97998 -48.3108
-0.98938 -48.3147
-0.999084 -48.3175
-1.01581 -48.318
-1.0238 -48.3161
-1.03278 -48.3136
-1.04108 -48.3094
-1.05609 -48.3053
-1.07111 -48.2932
-1.08002 -48.2881
-1.10059 -48.2813
-1.11029 -48.2772
-1.1178 -48.2711
-1.11908 -48.2611
-1.11499 -48.2516
-1.11279 -48.24
-1.11218 -48.2269
-1.1178 -48.2203
-1.11908 -48.2392
-1.12799 -48.2577
-1.12799 -48.2755
-1.13892 -48.273
-1.14722 -48.2786
-1.15741 -48.2792
-1.16309 -48.2702
-1.16681 -48.2608
-1.17578 -48.2558
-1.18549 -48.2516
-1.18549 -48.2586
-1.1767 -48.2633
-1.17188 -48.2722
-1.17249 -48.2907
-1.1958 -48.3086
-1.20691 -48.3114
-1.21918 -48.31
-1.22571 -48.3169
-1.23688 -48.3194
-1.24719 -48.323
-1.2561 -48.3277
-1.27521 -48.3236
-1.28778 -48.325
-1.29718 -48.3291
-1.30829 -48.3316
-1.31769 -48.3358
-1.3219 -48.3458
-1.31641 -48.3539
-1.3136 -48.3647
-1.31158 -48.3764
-1.31219 -48.4002
-1.3089 -48.4106
-1.30328 -48.4189
-1.28961 -48.4325
-1.28638 -48.4428
-1.28638 -48.4539
-1.29578 -48.4717
-1.30188 -48.4792
-1.31079 -48.4869
-1.3739 -48.4922
-1.40887 -48.4989
-1.4458 -48.503
-1.45831 -48.503
-1.46771 -48.5005
-1.47388 -48.4922
-1.47528 -48.48
-1.47601 -48.453
-1.47333 -48.4436
-1.46863 -48.4361
-1.46161 -48.4197
-1.45752 -48.4002
-1.45551 -48.3833
-1.45551 -48.3647
-1.4527 -48.3567
-1.45001 -48.3325
-1.4494 -48.325
-1.45001 -48.3175
-1.448 -48.3078
-1.44659 -48.29
-1.44861 -48.2806
-1.4458 -48.255
-1.448 -48.2311
-1.448 -48.2235
-1.45331 -48.205
-1.45752 -48.1975
-1.46362 -48.1894
-1.47192 -48.1844
-1.47241 -48.1933
-1.46771 -48.2091
-1.47137 -48.2331
-1.47333 -48.2414
-1.47388 -48.2503
-1.48358 -48.2772
-1.48358 -48.2867
-1.48779 -48.31
-1.48828 -48.3175
-1.49719 -48.3469
-1.50079 -48.3647
-1.5014 -48.3744
-1.5036 -48.3825
-1.50189 -48.39
-1.49939 -48.4135
-1.49658 -48.4291
-1.4953 -48.4455
-1.49719 -48.4633
-1.5 -48.4717
-1.50751 -48.4792
-1.51581 -48.4818
-1.52411 -48.4786
-1.53278 -48.4735
-1.55048 -48.4667
-1.55688 -48.4594
-1.5719 -48.4469
-1.59113 -48.438
-1.61249 -48.4305
-1.63409 -48.425
-1.64661 -48.4239
-1.65887 -48.4239
-1.66168 -48.4305
-1.6355 -48.4455
-1.62891 -48.4525
-1.62531 -48.4627
-1.62469 -48.4757
-1.62659 -48.4875
-1.62531 -48.4997
-1.61859 -48.5066
-1.59668 -48.5122
-1.58832 -48.5175
-1.5863 -48.5375
-1.57751 -48.5422
-1.55408 -48.5464
-1.54529 -48.5514
-1.53778 -48.5575
-1.52942 -48.5628
-1.5144 -48.5752
-1.49799 -48.5861
-1.47858 -48.5968
-1.46362 -48.5996
-1.46582 -48.6075
-1.47137 -48.6155
-1.48029 -48.6203
-1.49048 -48.6239
-1.49799 -48.6355
-1.50079 -48.6464
-1.49298 -48.6525
-1.48779 -48.6608
-1.48499 -48.6719
-1.47241 -48.6869
-1.46918 -48.6972
-1.48071 -48.7005
-1.48828 -48.7066
-1.49249 -48.7163
-1.4953 -48.7271
-1.50189 -48.7342
-1.51392 -48.7364
-1.52411 -48.7394
-1.53223 -48.745
-1.54529 -48.7594
-1.55328 -48.765
-1.5719 -48.7738
-1.57941 -48.78
-1.58832 -48.7972
-1.59851 -48.8005
-1.60608 -48.8069
-1.61249 -48.8141
-1.6355 -48.813
-1.64441 -48.8177
-1.64581 -48.8289
-1.64581 -48.8411
-1.65192 -48.8485
-1.66248 -48.8519
-1.67187 -48.863
-1.68079 -48.8816
-1.68689 -48.8889
-1.6972 -48.8897
-1.70551 -48.8841
-1.71722 -48.8819
-1.72601 -48.8869
-1.73218 -48.8944
-1.7486 -48.9056
-1.7533 -48.9144
-1.7547 -48.9253
-1.76642 -48.9261
-1.77551 -48.9294
-1.78558 -48.9397
-1.80139 -48.9514
-1.8233 -48.9566
-1.83362 -48.9602
-1.83972 -48.9677
-1.84442 -48.9769
-1.85211 -48.9966
-1.85419 -49.0083
-1.85419 -49.0205
-1.85681 -49.0313
-1.85889 -49.0432
-1.85889 -49.0569
-1.85553 -49.0808
-1.85468 -49.0938
-1.85968 -49.1028
-1.86639 -49.1083
-1.8728 -49.1158
-1.87799 -49.1239
-1.88019 -49.1358
-1.87531 -49.1583
-1.87799 -49.1693
-1.88361 -49.1775
-1.89801 -49.1905
-1.93909 -49.2188
-1.94861 -49.2228
-1.97278 -49.2405
-1.99438 -49.2597
-2.0033 -49.2647
-2.01361 -49.268
-2.02661 -49.2686
-2.03778 -49.2713
-2.05609 -49.2802
-2.0766 -49.2871
-2.08502 -49.2928
-2.10138 -49.3008
-2.14581 -49.3114
-2.17041 -49.3139
-2.17999 -49.318
-2.20471 -49.3344
-2.22241 -49.3438
-2.23138 -49.3496
-2.25 -49.3583
-2.26721 -49.3686
-2.28638 -49.3769
-2.30829 -49.3822
-2.31689 -49.3872
-2.33771 -49.4078
-2.34583 -49.4132
-2.35468 -49.4181
-2.38361 -49.4305
-2.39441 -49.433
-2.40668 -49.4344
-2.42041 -49.4344
-2.4458 -49.4364
-2.4588 -49.4358
-2.48279 -49.4325
-2.49359 -49.435
-2.50891 -49.4475
-2.51831 -49.4516
-2.53003 -49.4672
-2.53748 -49.4735
-2.5553 -49.4829
-2.565 -49.49
-2.54431 -49.5086
-2.5238 -49.4886
-2.5033 -49.4806
-2.48071 -49.4746
-2.46161 -49.4735
-2.42999 -49.4695
-2.40613 -49.4695
-2.3855 -49.4746
-2.3772 -49.4789
-2.35669 -49.4858
-2.34021 -49.4961
-2.31439 -49.5064
-2.25751 -49.5058
-2.25189 -49.4975
-2.2453 -49.4908
-2.23688 -49.485
-2.21503 -49.4797
-2.20801 -49.4728
-2.19659 -49.4569
-2.185 -49.4483
-2.17529 -49.4441
-2.16443 -49.4414
-2.15472 -49.4372
-2.1275 -49.4236
-2.11578 -49.4228
-2.10748 -49.4283
-2.09723 -49.4319
-2.08551 -49.4297
-2.0752 -49.4264
-2.0636 -49.4244
-2.05078 -49.4236
-2.03961 -49.4208
-2.03082 -49.4161
-2.02521 -49.4078
-2.02051 -49.3988
-2.01361 -49.3922
-2.0061 -49.3861
-1.99658 -49.3816
-1.99438 -49.3922
-1.95752 -49.3755
-1.9472 -49.3719
-1.92938 -49.3675
-1.92188 -49.3666
-1.90558 -49.3728
-1.89801 -49.3694
-1.8905 -49.3644
-1.84583 -49.3208
-1.8219 -49.3075
-1.81439 -49.3003
-1.79791 -49.2896
-1.78168 -49.2817
-1.76642 -49.277
-1.74799 -49.2775
-1.72931 -49.2752
-1.72058 -49.277
-1.71252 -49.2817
-1.70831 -49.2896
-1.71161 -49.2989
-1.71301 -49.3064
-1.71161 -49.3139
-1.71301 -49.3302
-1.71918 -49.3456
-1.72748 -49.355
-1.73541 -49.3619
-1.75281 -49.375
-1.76019 -49.3789
-1.7691 -49.3864
-1.7738 -49.3947
-1.77612 -49.4031
-1.77332 -49.4103
-1.76361 -49.4119
-1.74109 -49.3925
-1.73358 -49.398
-1.74109 -49.4247
-1.74249 -49.433
-1.75 -49.4508
-1.76251 -49.4742
-1.7691 -49.4817
-1.77808 -49.4969
-1.79053 -49.5119
-1.79938 -49.5202
-1.81641 -49.5311
-1.8327 -49.5347
-1.84253 -49.5353
-1.84998 -49.5367
-1.85138 -49.5517
-1.84918 -49.5619
-1.84918 -49.57
-1.85211 -49.5877
-1.85608 -49.5978
-1.86029 -49.6057
-1.86859 -49.6166
-1.87329 -49.6278
-1.87531 -49.6361
-1.87659 -49.6447
-1.8761 -49.6621
-1.8775 -49.6875
-1.8808 -49.6977
-1.8877 -49.7318
-1.89661 -49.765
-1.89722 -49.7792
-1.89661 -49.8044
-1.90002 -49.8147
-1.90692 -49.8216
-1.91779 -49.8244
-1.9303 -49.8244
-1.9411 -49.8272
-1.95081 -49.8313
-1.9411 -49.8333
-1.92798 -49.8325
-1.91718 -49.8297
-1.90692 -49.8333
-1.90271 -49.8417
-1.90973 -49.8442
-1.93158 -49.8388
-1.96362 -49.8408
-1.98499 -49.8347
-2.01721 -49.8366
-2.05548 -49.8355
-2.06641 -49.8339
-2.0827 -49.823
-2.10193 -49.8147
-2.10193 -49.823
-2.078 -49.8388
-2.05139 -49.8532
-2.05408 -49.8614
-2.08081 -49.8758
-2.08832 -49.8819
-2.08081 -49.8861
-2.07251 -49.8805
-2.06299 -49.8764
-2.05469 -49.8711
-2.04431 -49.8619
-2.013 -49.8525
-2.00079 -49.851
-1.98688 -49.851
-1.97461 -49.8496
-1.96161 -49.8503
-1.95142 -49.8539
-1.92938 -49.8594
-1.9364 -49.8689
-1.94519 -49.8739
-1.95221 -49.8805
-1.96021 -49.8861
-1.96362 -49.895
-1.91919 -49.8711
-1.90973 -49.8669
-1.89801 -49.8678
-1.8869 -49.8703
-1.87799 -49.8753
-1.87799 -49.8875
-1.84851 -49.9264
-1.83411 -49.9533
-1.83221 -49.9647
-1.8327 -49.9781
-1.8255 -49.9842
-1.82001 -49.9922
-1.82001 -49.9991
-1.8219 -50.01
-1.8266 -50.0191
-1.8327 -50.0266
-1.83698 -50.036
-1.84192 -50.0589
-1.84253 -50.0786
-1.84381 -50.0911
-1.84723 -50.1014
-1.85211 -50.11
-1.85608 -50.12
-1.85681 -50.1361
-1.86169 -50.1552
-1.86908 -50.1628
-1.8775 -50.1682
-1.8869 -50.1719
-1.89581 -50.1725
-1.90613 -50.1711
-1.92529 -50.1644
-1.93359 -50.1664
-1.93781 -50.1739
-1.9267 -50.1889
-1.91919 -50.1958
-1.91168 -50.2011
-1.90332 -50.2047
-1.89581 -50.2102
-1.8938 -50.2177
-1.8952 -50.2253
-1.89441 -50.2333
-1.883 -50.2486
-1.88019 -50.2561
-1.883 -50.265
-1.90417 -50.3033
-1.91498 -50.3214
-1.93909 -50.3467
-1.94299 -50.3539
-1.94659 -50.3622
-1.9494 -50.3789
-1.95081 -50.4083
-1.95221 -50.4164
-1.95081 -50.4419
-1.9494 -50.4522
-1.94391 -50.4616
-1.93549 -50.4699
-1.92798 -50.4714
-1.92041 -50.4677
-1.91351 -50.4588
-1.90417 -50.4317
-1.90131 -50.4219
-1.90002 -50.4131
-1.8938 -50.4047
-1.8855 -50.4074
-1.8822 -50.415
-1.88501 -50.4308
-1.8775 -50.4389
-1.86859 -50.4419
-1.86029 -50.4466
-1.85468 -50.4547
-1.84918 -50.4733
-1.84918 -50.4807
-1.84583 -50.4911
-1.83972 -50.5186
-1.8302 -50.5425
-1.82751 -50.5514
-1.81641 -50.5741
-1.80078 -50.5985
-1.79388 -50.6068
-1.78961 -50.6144
-1.78821 -50.6236
-1.79578 -50.6228
-1.80469 -50.618
-1.81079 -50.6103
-1.8186 -50.605
-1.82611 -50.6061
-1.83411 -50.6111
-1.82611 -50.6255
-1.82141 -50.648
-1.81439 -50.6686
-1.81042 -50.678
-1.82019 -50.6853
-1.8252 -50.6872
-1.8313 -50.6947
-1.84692 -50.7066
-1.85529 -50.712
-1.85999 -50.7138
-1.86639 -50.7147
-1.8833 -50.712
-1.89771 -50.7058
-1.91138 -50.6989
-1.92249 -50.6964
-1.9328 -50.6928
-1.9422 -50.6886
-1.96503 -50.6764
-1.96832 -50.6728
-1.97711 -50.6681
-1.98328 -50.6675
-1.98608 -50.6717
-1.98468 -50.6769
-1.97998 -50.6858
-1.96362 -50.6966
-1.953 -50.7002
-1.9339 -50.7086
-1.92999 -50.7111
-1.92291 -50.7181
-1.92029 -50.7222
-1.91888 -50.7278
-1.91888 -50.7347
-1.92108 -50.7464
-1.92291 -50.7511
-1.92908 -50.7586
-1.92999 -50.7647
-1.9278 -50.7694
-1.92639 -50.775
-1.92719 -50.7797
-1.93048 -50.7833
-1.93469 -50.7858
-1.9361 -50.7914
-1.93469 -50.7969
-1.9361 -50.8025
-1.93939 -50.8058
-1.9444 -50.8078
-1.95441 -50.818
-1.95721 -50.8222
-1.96271 -50.8236
-1.97528 -50.8222
-1.98798 -50.823
-1.99359 -50.8216
-1.9964 -50.8175
-2.00049 -50.8078
-2.0033 -50.8036
-2.0072 -50.8011
-2.01361 -50.8017
-2.01831 -50.8036
-2.02252 -50.8064
-2.02863 -50.8072
-2.03418 -50.8058
-2.04358 -50.8017
-2.05188 -50.7961
-2.06219 -50.7928
-2.0697 -50.7867
-2.07019 -50.768
-2.07501 -50.7672
-2.07861 -50.7708
-2.08331 -50.7702
-2.08752 -50.7672
-2.09308 -50.7672
-2.09778 -50.7694
-2.10321 -50.7708
-2.10937 -50.7702
-2.1236 -50.7639
-2.13519 -50.7661
-2.14502 -50.7702
-2.15582 -50.773
-2.17358 -50.7702
-2.1748 -50.7679
-2.17187 -50.7303
-2.1814 -50.7228
-2.1925 -50.7125
-2.2005 -50.7008
-2.2019 -50.6891
-2.2088 -50.6994
-2.22058 -50.7063
-2.22461 -50.7138
-2.22388 -50.7228
-2.21301 -50.7256
-2.20551 -50.7307
-2.1991 -50.74
-2.19659 -50.7511
-2.19629 -50.7633
-2.1922 -50.7722
-2.18658 -50.7806
-2.18469 -50.7853
-2.18329 -50.7907
-2.1853 -50.8025
-2.18469 -50.8086
-2.17859 -50.8078
-2.17169 -50.8011
-2.16888 -50.7969
-2.15991 -50.7922
-2.1319 -50.7858
-2.1189 -50.7853
-2.10858 -50.7885
-2.09491 -50.8025
-2.08661 -50.8147
-2.08191 -50.8236
-2.0777 -50.8333
-2.07501 -50.8442
-2.07159 -50.8478
-2.06549 -50.8483
-2.06079 -50.846
-2.04968 -50.8436
-2.03943 -50.84
-2.02631 -50.8394
-2.02252 -50.8419
-2.02631 -50.8655
-2.02631 -50.8722
-2.02582 -50.8783
-2.02161 -50.888
-2.01691 -50.9106
-2.0141 -50.9146
-2.01001 -50.9175
-2.00519 -50.9197
-1.99969 -50.9208
-1.98938 -50.9244
-1.9903 -50.9305
-1.99359 -50.9341
-1.99689 -50.9375
-2.0094 -50.9455
-2.01971 -50.9497
-2.02582 -50.9505
-2.03192 -50.9497
-2.03809 -50.9505
-2.04218 -50.953
-2.04498 -50.9572
-2.04828 -50.9675
-2.05298 -50.9767
-2.06219 -50.9811
-2.0661 -50.9839
-2.0722 -50.9847
-2.08612 -50.9847
-2.11359 -50.9778
-2.125 -50.98
-2.1394 -50.9861
-2.14502 -50.9872
-2.15112 -50.988
-2.16418 -50.9872
-2.16968 -50.9889
-2.17859 -50.9944
-2.19031 -50.9964
-2.2005 -50.9997
-2.20801 -51.0058
-2.21558 -51.0191
-2.22028 -51.0211
-2.22638 -51.0216
-2.23248 -51.0211
-2.23749 -51.0191
-2.258 -51.005
-2.2627 -51.003
-2.27582 -51.0025
-2.30579 -51.0066
-2.33331 -51.0066
-2.34637 -51.0058
-2.3689 -51.0011
-2.38251 -50.9944
-2.3866 -50.9914
-2.39691 -50.9811
-2.41058 -50.9605
-2.41681 -50.953
-2.41931 -50.9489
-2.42639 -50.9422
-2.42908 -50.938
-2.43579 -50.9311
-2.44 -50.9283
-2.44269 -50.9244
-2.44971 -50.9175
-2.45251 -50.9132
-2.45911 -50.8997
-2.46051 -50.8805
-2.46191 -50.875
-2.46613 -50.8655
-2.46881 -50.8614
-2.47778 -50.8564
-2.4928 -50.851
-2.49689 -50.8483
-2.50391 -50.8417
-2.5058 -50.8366
-2.50769 -50.84
-2.50861 -50.846
-2.50769 -50.8525
-2.5025 -50.8604
-2.495 -50.8667
-2.48999 -50.8689
-2.47919 -50.8717
-2.47559 -50.875
-2.47418 -50.8805
-2.47968 -50.8886
-2.48328 -50.8922
-2.495 -50.9011
-2.4989 -50.9092
-2.4989 -50.9164
-2.49548 -50.9197
-2.48248 -50.9203
-2.47083 -50.9225
-2.46613 -50.9244
-2.45911 -50.9311
-2.4516 -50.9444
-2.44891 -50.9552
-2.44409 -50.9641
-2.44 -50.9667
-2.42908 -50.9694
-2.42078 -50.975
-2.41888 -50.98
-2.41931 -50.9861
-2.42169 -50.9908
-2.41931 -50.9944
-2.41608 -50.9978
-2.39691 -51.0058
-2.39362 -51.0091
-2.38519 -51.015
-2.36749 -51.0175
-2.36188 -51.0191
-2.35718 -51.0211
-2.34491 -51.0292
-2.32501 -51.0286
-2.31 -51.023
-2.29779 -51.0216
-2.29218 -51.023
-2.28809 -51.0258
-2.27771 -51.036
-2.26471 -51.0369
-2.2558 -51.0414
-2.25299 -51.0456
-2.24689 -51.045
-2.23389 -51.0371
-2.22919 -51.0353
-2.22223 -51.0353
-2.21832 -51.0381
-2.21753 -51.043
-2.22351 -51.0505
-2.22498 -51.0558
-2.22351 -51.0614
-2.22028 -51.065
-2.21613 -51.0675
-2.2016 -51.0736
-2.19641 -51.0722
-2.1969 -51.0661
-2.19641 -51.06
-2.1936 -51.0492
-2.18329 -51.0252
-2.17719 -51.0175
-2.16461 -51.0091
-2.15472 -51.0058
-2.14832 -51.005
-2.1347 -51.005
-2.1225 -51.0039
-2.11749 -51.0019
-2.11078 -50.995
-2.10571 -50.993
-2.08191 -50.9964
-2.0614 -50.9964
-2.04968 -50.9944
-2.03888 -50.9914
-2.03278 -50.9908
-2.02631 -50.9914
-2.01831 -50.9969
-2.0047 -51.0108
-2.0025 -51.0152
-2.0058 -51.0258
-2.00659 -51.0319
-2.00049 -51.0394
-1.9903 -51.043
-1.98181 -51.0483
-1.97858 -51.0517
-1.97308 -51.06
-1.96973 -51.0636
-1.94031 -51.0752
-1.9314 -51.0805
-1.9278 -51.0839
-1.92719 -51.09
-1.92859 -51.1025
-1.93188 -51.1128
-1.93939 -51.1189
-1.9444 -51.1211
-1.9483 -51.1239
-1.94641 -51.1272
-1.92291 -51.123
-1.90991 -51.1222
-1.90192 -51.128
-1.89911 -51.1319
-1.89221 -51.1458
-1.88892 -51.1561
-1.8866 -51.1585
-1.8847 -51.1542
-1.88141 -51.1505
-1.87579 -51.1505
-1.87158 -51.1533
-1.86548 -51.1608
-1.85999 -51.1621
-1.84918 -51.1594
-1.84271 -51.1603
-1.84021 -51.1644
-1.84082 -51.1703
-1.84271 -51.175
-1.84583 -51.1792
-1.84637 -51.1841
-1.84271 -51.1875
-1.83051 -51.1875
-1.8244 -51.1883
-1.823 -51.1936
-1.8327 -51.2047
-1.83551 -51.2094
-1.83191 -51.2102
-1.82251 -51.2061
-1.81641 -51.2066
-1.81 -51.2141
-1.81 -51.221
-1.81219 -51.2257
-1.81219 -51.2314
-1.81079 -51.2354
-1.81281 -51.2403
-1.81689 -51.243
-1.82251 -51.2444
-1.82581 -51.2478
-1.82391 -51.2528
-1.8183 -51.2539
-1.80719 -51.2511
-1.80109 -51.2505
-1.79498 -51.2511
-1.79071 -51.2539
-1.79358 -51.258
-1.80658 -51.2655
-1.81 -51.2691
-1.80719 -51.273
-1.80249 -51.2752
-1.79919 -51.2786
-1.79498 -51.2882
-1.78748 -51.2943
-1.78131 -51.2936
-1.77161 -51.2894
-1.76642 -51.2894
-1.7641 -51.2943
-1.76361 -51.3075
-1.7655 -51.3122
-1.7688 -51.3155
-1.77771 -51.3205
-1.80249 -51.3308
-1.83191 -51.3494
-1.83411 -51.3528
-1.82861 -51.3539
-1.8252 -51.3575
-1.8252 -51.363
-1.82861 -51.3664
-1.83801 -51.3705
-1.84363 -51.3719
-1.86279 -51.3733
-1.86829 -51.3744
-1.8833 -51.38
-1.89221 -51.3847
-1.89771 -51.3861
-1.90381 -51.3855
-1.90808 -51.3828
-1.91211 -51.3828
-1.91553 -51.393
-1.91968 -51.4025
-1.92639 -51.4094
-1.93048 -51.4121
-1.96411 -51.4267
-1.97241 -51.4328
-1.97919 -51.4397
-1.98419 -51.4425
-1.99408 -51.4389
-2.0108 -51.443
-2.02301 -51.4444
-2.02631 -51.448
-2.02722 -51.4608
-2.02917 -51.4658
-2.03278 -51.4692
-2.03668 -51.4719
-2.04169 -51.4739
-2.06891 -51.4807
-2.07581 -51.4807
-2.0827 -51.4739
-2.08472 -51.4692
-2.09222 -51.4575
-2.09961 -51.4514
-2.11139 -51.4533
-2.11749 -51.4525
-2.13141 -51.4458
-2.1366 -51.4444
-2.15112 -51.4505
-2.15808 -51.4505
-2.16278 -51.4486
-2.1825 -51.4344
-2.1889 -51.4347
-2.19971 -51.4444
-2.20581 -51.4519
-2.21002 -51.4547
-2.22101 -51.4575
-2.23328 -51.4575
-2.24438 -51.4547
-2.25299 -51.45
-2.26831 -51.4364
-2.27112 -51.4322
-2.27771 -51.4253
-2.28943 -51.4094
-2.30939 -51.3883
-2.31329 -51.3855
-2.32721 -51.3786
-2.33252 -51.3786
-2.33331 -51.3814
-2.3313 -51.3861
-2.323 -51.3986
-2.3161 -51.4056
-2.31189 -51.4083
-2.29828 -51.4219
-2.29279 -51.4303
-2.29071 -51.4347
-2.28473 -51.4425
-2.27362 -51.4519
-2.2572 -51.4627
-2.24689 -51.4733
-2.23889 -51.4789
-2.23328 -51.4803
-2.22101 -51.4803
-2.21472 -51.4793
-2.2016 -51.4803
-2.1955 -51.4793
-2.18188 -51.4793
-2.15808 -51.4828
-2.1463 -51.4807
-2.1333 -51.4814
-2.12909 -51.4842
-2.1189 -51.4947
-2.10529 -51.5014
-2.09961 -51.5028
-2.09308 -51.5028
-2.08752 -51.5014
-2.08051 -51.5014
-2.07111 -51.5052
-2.06689 -51.5083
-2.05658 -51.5186
-2.04639 -51.5219
-2.03668 -51.5177
-2.03058 -51.5186
-2.02441 -51.5177
-2.01691 -51.5116
-2.01361 -51.5014
-2.01141 -51.4897
-2.0127 -51.4842
-2.01501 -51.4793
-2.01501 -51.4728
-2.0127 -51.4677
-2.00659 -51.4669
-2.00189 -51.4692
-1.99969 -51.4739
-2.00049 -51.4803
-2.00391 -51.4905
-2.0025 -51.4958
-1.99908 -51.4991
-1.995 -51.5019
-1.98541 -51.5061
-1.97241 -51.5069
-1.96222 -51.5033
-1.93469 -51.4967
-1.92719 -51.4905
-1.92389 -51.4803
-1.92029 -51.4767
-1.91498 -51.4781
-1.90613 -51.4828
-1.89972 -51.4836
-1.89362 -51.4828
-1.89081 -51.4789
-1.88892 -51.4739
-1.88751 -51.4616
-1.88611 -51.4561
-1.8833 -51.4519
-1.8764 -51.4452
-1.8739 -51.4411
-1.8703 -51.4378
-1.86548 -51.4355
-1.85193 -51.4355
-1.84778 -51.4328
-1.84222 -51.4244
-1.83801 -51.4219
-1.8327 -51.4203
-1.82721 -51.4219
-1.8136 -51.4355
-1.80389 -51.4397
-1.80048 -51.443
-1.80048 -51.4486
-1.80389 -51.4586
-1.80469 -51.465
-1.80328 -51.4706
-1.80109 -51.4753
-1.79779 -51.4789
-1.78131 -51.4897
-1.77863 -51.4939
-1.77722 -51.4991
-1.77863 -51.505
-1.79358 -51.5172
-1.79687 -51.5205
-1.80249 -51.5288
-1.8053 -51.5396
-1.80939 -51.5494
-1.81 -51.5555
-1.80939 -51.5933
-1.8053 -51.6028
-1.80249 -51.6068
-1.79779 -51.6089
-1.79578 -51.6061
-1.79779 -51.6014
-1.79968 -51.583
-1.79779 -51.5714
-1.79358 -51.5547
-1.78943 -51.5453
-1.78278 -51.5382
-1.78003 -51.5272
-1.77771 -51.5227
-1.76361 -51.5094
-1.75861 -51.5008
-1.76001 -51.4883
-1.76221 -51.4836
-1.7655 -51.4803
-1.77441 -51.4753
-1.78058 -51.4677
-1.78131 -51.4616
-1.78003 -51.4561
-1.77722 -51.4519
-1.76831 -51.4472
-1.76221 -51.4466
-1.75189 -51.45
-1.74579 -51.4505
-1.74219 -51.4472
-1.745 -51.443
-1.758 -51.4355
-1.76361 -51.4344
-1.77661 -51.4347
-1.78131 -51.4369
-1.78558 -51.4344
-1.78558 -51.4286
-1.78131 -51.4192
-1.77161 -51.4083
-1.7627 -51.4033
-1.75519 -51.3972
-1.74078 -51.3911
-1.73541 -51.3897
-1.72711 -51.3841
-1.71753 -51.3597
-1.70801 -51.3556
-1.7019 -51.3547
-1.69501 -51.3547
-1.68939 -51.3557
-1.6767 -51.3556
-1.66681 -51.3514
-1.65381 -51.3438
-1.64691 -51.3369
-1.64441 -51.3327
-1.64771 -51.3308
-1.65381 -51.3316
-1.65668 -51.3275
-1.65668 -51.3136
-1.65808 -51.308
-1.66083 -51.3039
-1.66748 -51.2972
-1.67578 -51.2849
-1.67908 -51.2813
-1.68329 -51.2786
-1.68799 -51.2766
-1.69501 -51.2766
-1.70612 -51.2792
-1.71558 -51.2833
-1.72168 -51.2842
-1.72571 -51.2813
-1.72998 -51.2716
-1.73328 -51.2683
-1.73889 -51.2664
-1.75189 -51.2655
-1.75519 -51.2622
-1.75659 -51.2569
-1.7533 -51.2491
-1.74438 -51.2444
-1.73749 -51.2444
-1.73419 -51.2408
-1.73279 -51.2354
-1.72858 -51.2328
-1.72308 -51.2314
-1.71082 -51.2328
-1.70612 -51.2307
-1.7052 -51.2246
-1.70331 -51.2197
-1.70331 -51.2156
-1.70941 -51.2163
-1.72388 -51.2224
-1.72998 -51.2231
-1.73468 -51.221
-1.73053 -51.2127
-1.72711 -51.2094
-1.70721 -51.2019
-1.70392 -51.1986
-1.70251 -51.1928
-1.70251 -51.1861
-1.69971 -51.1822
-1.70331 -51.18
-1.71631 -51.1875
-1.72308 -51.1944
-1.72571 -51.1986
-1.73328 -51.2047
-1.73889 -51.2033
-1.74359 -51.2052
-1.7464 -51.2094
-1.74908 -51.2206
-1.7525 -51.2239
-1.758 -51.225
-1.7641 -51.2257
-1.76752 -51.2224
-1.76971 -51.2177
-1.76752 -51.2061
-1.76752 -51.2005
-1.77521 -51.1944
-1.77771 -51.1903
-1.77863 -51.1841
-1.77661 -51.1725
-1.78192 -51.1644
-1.78387 -51.1594
-1.78131 -51.1552
-1.77722 -51.1525
-1.77112 -51.1533
-1.76642 -51.1552
-1.75519 -51.1581
-1.7511 -51.1567
-1.74969 -51.1511
-1.75659 -51.1441
-1.7608 -51.1416
-1.76361 -51.1375
-1.7547 -51.1328
-1.74298 -51.1305
-1.73889 -51.128
-1.73608 -51.1239
-1.72919 -51.1047
-1.72919 -51.0992
-1.73328 -51.1003
-1.7464 -51.115
-1.75391 -51.1211
-1.76831 -51.1272
-1.77441 -51.128
-1.77917 -51.1272
-1.78278 -51.1239
-1.78558 -51.1197
-1.79028 -51.1178
-1.79498 -51.1197
-1.79687 -51.1244
-1.79779 -51.1305
-1.80048 -51.1347
-1.80469 -51.1347
-1.80798 -51.1314
-1.81891 -51.1333
-1.82111 -51.1286
-1.82111 -51.1244
-1.8114 -51.0805
-1.81079 -51.0675
-1.81219 -51.0619
-1.82111 -51.0505
-1.8313 -51.0403
-1.83331 -51.0353
-1.83331 -51.0286
-1.83051 -51.0175
-1.8291 -51.005
-1.8291 -50.9983
-1.8313 -50.9869
-1.83612 -50.9769
-1.83881 -50.9731
-1.84491 -50.9586
-1.85059 -50.9505
-1.86078 -50.9403
-1.8764 -50.9283
-1.88141 -50.9197
-1.88049 -50.9146
-1.87781 -50.9106
-1.87439 -50.9072
-1.86639 -50.902
-1.86279 -50.8983
-1.86078 -50.8866
-1.86279 -50.875
-1.86688 -50.8655
-1.87531 -50.853
-1.89362 -50.8305
-1.89832 -50.8216
-1.89832 -50.8147
-1.89691 -50.8094
-1.89581 -50.7969
-1.89221 -50.7858
-1.88611 -50.7783
-1.88141 -50.7763
-1.87579 -50.775
-1.86359 -50.7736
-1.84363 -50.773
-1.83472 -50.768
-1.83002 -50.7525
-1.8277 -50.7475
-1.82251 -50.7392
-1.81219 -50.7289
-1.79828 -50.7222
-1.78601 -50.7138
-1.78351 -50.7105
-1.77191 -50.7208
-1.75409 -50.7303
-1.74658 -50.7367
-1.74719 -50.7246
-1.75281 -50.7167
-1.7597 -50.7097
-1.76501 -50.7014
-1.77551 -50.6704
-1.7677 -50.6639
-1.7569 -50.661
-1.74438 -50.6592
-1.73218 -50.6592
-1.71161 -50.6661
-1.68829 -50.67
-1.66351 -50.6728
-1.6405 -50.6769
-1.63019 -50.6805
-1.6214 -50.685
-1.61298 -50.6905
-1.59943 -50.7044
-1.58771 -50.7199
-1.5672 -50.7405
-1.54791 -50.7625
-1.53961 -50.7658
-1.53082 -50.7708
-1.5 -50.7811
-1.47333 -50.7953
-1.4494 -50.8125
-1.4397 -50.8166
-1.42798 -50.8189
-1.42108 -50.8189
-1.41083 -50.8147
-1.40417 -50.8078
-1.39301 -50.8064
-1.38641 -50.8133
-1.3808 -50.8216
-1.37329 -50.8275
-1.36359 -50.8316
-1.35278 -50.8344
-1.34058 -50.8358
-1.33362 -50.8358
-1.32251 -50.833
-1.31439 -50.8275
-1.30188 -50.8261
-1.29028 -50.8275
-1.28278 -50.8269
-1.27521 -50.825
-1.25891 -50.8189
-1.24298 -50.8116
-1.21973 -50.8055
-1.20331 -50.8036
-1.17389 -50.8022
-1.15668 -50.8036
-1.1308 -50.8078
-1.11499 -50.8116
-1.09021 -50.8208
-1.06439 -50.8255
-1.05609 -50.8261
-1.03888 -50.8255
-1.03223 -50.8236
-1.00751 -50.8261
-0.981384 -50.825
-0.969177 -50.8261
-0.956604 -50.8261
-0.949097 -50.82
-0.938904 -50.8166
-0.930481 -50.8222
-0.925293 -50.8291
-0.920288 -50.8377
-0.916382 -50.8474
-0.913513 -50.8583
-0.916382 -50.8694
-0.917786 -50.8886
-0.912109 -50.9106
-0.910828 -50.9228
-0.915527 -50.9455
-0.921692 -50.953
-0.933289 -50.955
-0.9422 -50.9502
-0.9552 -50.9358
-0.960815 -50.9441
-0.95752 -50.953
-0.9505 -50.96
-0.9422 -50.9652
-0.9328 -50.9694
-0.922485 -50.9728
-0.920288 -50.9829
-0.925293 -50.9922
-0.930481 -51.0003
-0.938904 -51.0058
-0.949097 -51.0091
-0.961609 -51.0077
-0.971008 -51.0036
-0.987488 -50.9928
-0.998596 -50.9928
-1.0047 -51.0003
-1.01831 -51.0139
-1.02661 -51.0194
-1.04169 -51.0317
-1.04858 -51.0389
-1.0589 -51.0558
-1.06299 -51.0655
-1.06641 -51.0894
-1.07111 -51.0983
-1.08221 -51.1147
-1.08691 -51.1239
-1.09253 -51.1319
-1.10553 -51.1606
-1.11548 -51.1778
-1.1225 -51.1844
-1.1322 -51.1805
-1.13409 -51.1922
-1.13409 -51.2047
-1.14111 -51.2114
-1.15002 -51.2163
-1.1972 -51.2372
-1.2052 -51.243
-1.21222 -51.2497
-1.21832 -51.2572
-1.22333 -51.2661
-1.23499 -51.2956
-1.2514 -51.3203
-1.26019 -51.3388
-1.2569 -51.3478
-1.24799 -51.3431
-1.2439 -51.3333
-1.23541 -51.3347
-1.24799 -51.3772
-1.24799 -51.3841
-1.25 -51.3958
-1.25549 -51.4042
-1.27472 -51.4121
-1.28351 -51.4168
-1.29169 -51.4225
-1.31769 -51.4375
-1.32471 -51.445
-1.32941 -51.4539
-1.33698 -51.4724
-1.34778 -51.4889
-1.35553 -51.5089
-1.36029 -51.5319
-1.36578 -51.5403
-1.37939 -51.5675
-1.38831 -51.5996
-1.38971 -51.6122
-1.3938 -51.6355
-1.40002 -51.6567
-1.40472 -51.6657
-1.40472 -51.67
-1.41919 -51.6855
-1.42999 -51.7019
-1.4494 -51.7239
-1.45612 -51.7447
-1.46161 -51.7528
-1.46863 -51.7594
-1.48029 -51.7752
-1.4939 -51.8028
-1.5047 -51.8194
-1.51721 -51.8341
-1.52411 -51.8411
-1.52942 -51.8494
-1.54999 -51.87
-1.55609 -51.8775
-1.55969 -51.8877
-1.565 -51.9097
-1.5705 -51.918
-1.57751 -51.9247
-1.58771 -51.9419
-1.59192 -51.9514
-1.60071 -51.9836
-1.60468 -51.993
-1.61108 -52.0008
-1.61578 -52.0097
-1.6178 -52.0211
-1.61029 -52.0414
-1.60889 -52.0533
-1.61249 -52.0639
-1.6178 -52.0719
-1.62469 -52.0789
-1.6275 -52.0883
-1.6239 -52.0989
-1.61908 -52.1214
-1.61908 -52.128
-1.6214 -52.14
-1.62531 -52.1494
-1.6452 -52.1783
-1.66351 -52.1941
-1.67328 -52.1983
-1.68549 -52.1994
-1.69189 -52.2069
-1.69391 -52.2188
-1.70551 -52.248
-1.7041 -52.2578
-1.68219 -52.268
-1.67889 -52.263
-1.66858 -52.2386
-1.65887 -52.2317
-1.65082 -52.2289
-1.6239 -52.2275
-1.61639 -52.2275
-1.59808 -52.2297
-1.5813 -52.2344
-1.57391 -52.24
-1.54999 -52.2619
-1.54321 -52.2691
-1.53693 -52.2769
-1.53351 -52.2853
-1.53491 -52.2932
-1.54321 -52.318
-1.55408 -52.3543
-1.55548 -52.3633
-1.56158 -52.3872
-1.5625 -52.3955
-1.565 -52.4031
-1.5705 -52.4106
-1.57892 -52.4258
-1.58502 -52.4405
-1.58698 -52.4497
-1.58771 -52.4652
-1.5863 -52.4831
-1.57751 -52.5066
-1.5733 -52.5222
-1.5719 -52.5407
-1.5733 -52.5525
-1.57611 -52.5636
-1.58081 -52.5996
-1.5863 -52.6216
-1.58832 -52.6333
-1.59851 -52.6778
-1.59998 -52.6903
-1.60278 -52.7011
-1.60321 -52.7127
-1.5946 -52.7126
-1.59729 -52.7206
-1.63959 -52.7347
-1.7171 -52.8756
-1.7453 -52.9886
-1.77362 -53.1861
-1.83002 -53.3271
-1.88647 -53.4964
-1.94281 -53.6656
-1.97101 -53.8067
-2.02753 -53.9477
-2.08392 -54.0606
-2.16858 -54.117
-2.25311 -54.1734
-2.30951 -54.2016
-2.33783 -54.2863
-2.39423 -54.3991
-2.36603 -54.4837
-2.36603 -54.5684
-2.33783 -54.7376
-2.30951 -54.8505
-2.22498 -55.0198
-2.16858 -55.1326
-2.11212 -55.2455
-2.08392 -55.3583
-1.99921 -55.5276
-1.94281 -55.6969
-1.94281 -55.8943
-1.97101 -56.0636
-2.14032 -56.2611
-2.30951 -56.3739
-2.45068 -56.4868
-2.59167 -56.5996
-2.61981 -56.6842
-2.56348 -56.8253
-2.59167 -57.051
-2.59167 -57.2203
-2.53528 -57.2766
-2.39423 -57.3895
-2.39423 -57.446
-2.47888 -57.5588
-2.61981 -57.6715
-2.73279 -57.7563
-2.76099 -57.9538
-2.81738 -58.0384
-2.90198 -58.123
-3.07129 -58.1794
-3.2124 -58.2359
-3.18408 -58.3205
-3.12769 -58.4051
-3.18408 -58.4616
-3.2406 -58.518
-3.3252 -58.6308
-3.3252 -58.8283
-3.26097 -58.9957
-3.2124 -59.3079
-3.15588 -59.4771
-3.08328 -59.73
-3.15001 -59.8794
-3.22564 -59.9809
-3.32407 -60.1299
-3.297 -60.2953
-3.2688 -60.4928
-3.28846 -60.644
-3.48911 -60.7883
-3.58739 -60.9315
-3.59342 -61.1134
-3.60516 -61.3918
-3.74841 -61.5084
-3.83301 -61.6212
-3.8894 -61.6776
-3.9458 -61.988
-3.82991 -62.0621
-3.74841 -62.2701
-3.77661 -62.4392
-3.80481 -62.5804
-3.86121 -62.6932
-3.9176 -62.8625
-3.974 -62.9754
-4.05942 -63.0919
-3.9176 -63.1728
-3.83301 -63.3139
-3.83301 -63.4831
-3.77661 -63.7088
-3.69189 -63.9063
-3.6637 -64.1038
-3.5791 -64.3012
-3.43799 -64.4706
-3.40035 -64.5573
-3.30126 -64.6967
-3.08528 -64.9554
-2.84054 -65.168
-2.73279 -65.3451
-2.73279 -65.5144
-2.52118 -65.7401
-2.46478 -65.9093
-2.49298 -66.1068
-2.54938 -66.2478
-2.40839 -66.3043
-2.38013 -66.4735
-2.54938 -66.5864
-2.69049 -66.7839
-2.69049 -66.8684
-2.69049 -67.1224
-2.60571 -67.2071
-2.63391 -67.3199
-2.69049 -67.3481
-2.71869 -67.4892
-2.80328 -67.6584
-2.9444 -67.7713
-3.05719 -67.8277
-3.23382 -67.9234
-3.36918 -68.0812
-3.35022 -68.2895
-3.3937 -68.5019
-3.48041 -68.8433
-3.48041 -69.1254
-3.5368 -69.2947
-3.6214 -69.351
-3.73431 -69.4074
-3.84711 -69.4357
-4.01642 -69.464
-4.12921 -69.5204
-4.29852 -69.5768
-4.35492 -69.7743
-4.242 -69.9153
-4.10101 -70.0282
-3.9317 -70.1974
-3.84711 -70.3385
-3.83723 -70.42
-3.81891 -70.5642
-3.87531 -70.677
-3.94161 -70.8348
-3.95339 -70.9506
-3.99415 -71.0418
-3.9599 -71.1566
-3.84711 -71.2694
-3.87531 -71.3823
-3.81891 -71.5234
-3.53703 -71.7496
-3.39569 -71.8337
-3.39569 -71.8901
-3.45209 -72.003
-3.50861 -72.1722
-3.52818 -72.4426
-3.46906 -72.6685
-3.45209 -72.7929
-3.51523 -73.0153
-3.63655 -73.103
-3.70837 -73.1804
-3.9881 -73.1314
-4.10101 -73.2442
-4.12921 -73.3007
-4.18561 -73.3571
-4.29852 -73.4135
-4.39516 -73.4716
-4.49863 -73.5587
-4.55243 -73.6957
-4.50342 -73.8623
-4.48327 -73.9395
-4.56462 -74.1195
-4.65276 -74.3059
-4.60621 -74.373
-4.46681 -74.57
-4.58371 -74.7712
-4.72168 -74.8241
-4.74988 -74.9369
-4.77808 -75.0498
-4.77808 -75.219
-4.77808 -75.3883
-4.89081 -75.5011
-5.03198 -75.5293
-5.11902 -75.7218
-5.32709 -75.8354
-5.51642 -75.93
-5.66779 -75.949
-5.93268 -75.9868
-6.17871 -75.9868
-6.46421 -75.882
-6.68885 -75.7873
-6.83853 -75.7031
-7.00462 -75.4939
-7.18977 -75.1948
-7.30252 -74.8091
-7.34532 -74.5091
-7.54347 -73.93
-7.56915 -73.6336
-7.72103 -73.3185
-7.88162 -73.0134
-8.13801 -72.581
-8.77279 -72.1085
-9.30774 -71.2328
-9.42814 -70.3198
-9.87588 -69.8601
-10.3968 -69.5398
-11.0165 -69.4286
-11.2539 -69.4795
-11.5857 -69.5244
-11.8766 -69.5687
-12.2154 -69.6285
-12.7263 -69.6474
-13.0859 -69.6285
-13.3697 -69.5526
-13.5022 -69.4581
-13.54 -69.3067
-13.4848 -69.1296
-13.0313 -68.8821
-12.7905 -68.692
-12.7353 -68.3757
-12.6717 -67.9667
-12.5333 -67.3389
-12.3917 -66.9559
-11.9836 -66.8513
-11.9696 -66.7607
-12.0589 -66.6743
-12.1375 -66.6654
-12.1529 -66.6291
-12.1262 -66.6028
-12.0751 -66.5828
-12.0374 -66.5541
-12.076 -66.5049
-12.1205 -66.4838
-12.1087 -66.4488
-12.0745 -66.4366
-12.1137 -66.4232
-12.1329 -66.3986
-12.3127 -66.3743
-12.4548 -66.3248
-12.486 -66.2691
-12.445 -66.1863
-12.3792 -66.1495
-11.9803 -65.7133
-11.9765 -65.4947
-12.0105 -65.2447
-12.2627 -64.9477
-12.4657 -64.656
-12.6158 -64.3156
-12.7867 -63.9412
-13.0528 -63.5921
-13.1433 -63.1722
-13.3342 -62.8465
-13.5913 -62.7734
-13.8272 -62.6824
-14.0764 -62.6341
-14.0205 -62.8357
-13.9672 -63.1314
-13.959 -63.2075
-13.9999 -63.2785
-13.9463 -63.3295
-13.8859 -63.4304
-13.8621 -63.5054
-13.8546 -63.6014
-13.9133 -63.6653
-13.9903 -63.7163
-14.1253 -63.7106
-14.2056 -63.6871
-14.7126 -63.8064
-15.004 -63.8911
-15.8902 -63.3891
-15.6781 -62.029
-15.0805 -60.5709
-14.997 -60.2611
-15.1107 -60.0152
-15.2431 -59.7124
-15.2999 -59.4096
-15.3756 -59.1637
-15.4134 -58.8041
-15.3944 -58.3878
-15.3596 -58.0254
-15.2928 -57.7033
-15.2125 -57.453
-15.1383 -57.1938
-15.0326 -56.9097
-14.9204 -56.5946
-14.8331 -56.3706
-14.7082 -56.0653
-14.5709 -55.7724
-14.4338 -55.4937
-14.2724 -55.1791
-14.1365 -54.9104
-13.8904 -54.5142
-13.6529 -54.1274
-13.4291 -53.8053
-13.2503 -53.4715
-13.0783 -53.1779
-12.9211 -52.8664
-12.7608 -52.5752
-12.6385 -52.2323
-12.5496 -51.8997
-12.4626 -51.6446
-12.3943 -51.3707
-12.336 -51.1108
-12.2599 -50.7824
-12.154 -50.4459
-12.0393 -50.1991
-11.9812 -50.0484
-11.9106 -49.8911
-11.7714 -49.6892
-11.5821 -49.4875
-11.3344 -49.2655
-11.1348 -49.0669
-10.9003 -48.8609
-10.7747 -48.7336
-10.6286 -48.6134
-10.4549 -48.5005
-10.2529 -48.3678
-9.98907 -48.2101
-9.79071 -48.0572
-9.58051 -47.9099
-9.37921 -47.7417
-9.1441 -47.5804
-8.90961 -47.4326
-8.52991 -47.217
-8.20288 -47.0269
-7.97089 -46.8953
-7.67023 -46.7336
-7.46069 -46.6021
-7.3429 -46.5392
-7.19019 -46.4618
-7.01532 -46.3713
-6.83618 -46.2815
-6.65839 -46.206
-6.54022 -46.1712
-6.3916 -46.1369
-6.26959 -46.0865
-6.12793 -46.05
-5.95001 -46.0213
-5.68359 -45.9891
-5.4787 -45.9579
-5.33893 -45.9146
-5.23621 -45.8943
-4.97638 -45.8568
-4.71979 -45.8153
-4.4024 -45.7439
-5.01452 -43.3587
-8.73523 -36.673
-9.42331 -37.0345
-10.092 -37.5557
-10.6287 -37.9832
-11.3618 -38.6065
-12.3658 -39.5288
-13.0213 -39.7805
-16.6458 -40.3967
-18.4817 -40.972
-20.3579 -41.8576
-22.098 -43.442
-22.3266 -43.8246
-23.0656 -43.5967
-22.9902 -43.1377
-22.9728 -43.0088
-22.9872 -42.6359
-23.0178 -42.0135
-22.8076 -41.8466
-22.6563 -42.0016
-22.5227 -41.9154
-22.3456 -41.6678
-22.1526 -41.2013
-22.0146 -40.9792
-21.8303 -40.9874
-21.6634 -41.0156
-21.5357 -41.0677
-21.3732 -40.9729
-21.2442 -40.964
-21.0963 -40.8213
-20.9148 -40.7909
-20.8504 -40.6876
-20.8291 -40.6379
-20.5074 -40.3267
-20.1962 -40.1889
-19.7587 -40.0186
-19.675 -39.796
-19.2941 -39.6838
-18.8994 -39.7641
-18.4419 -39.6852
-18.0445 -39.5492
-17.9019 -39.3031
-17.7056 -39.1334
-17.3449 -39.2039
-16.9236 -39.1122
-15.8741 -38.8373
-15.728 -38.9507
-14.9655 -38.9771
-14.7202 -39.0843
-13.9306 -38.9241
-13.7844 -38.9849
-13.5312 -38.9978
-13.3897 -38.9556
-13.1442 -38.7993
-12.9293 -38.7471
-12.7045 -38.7256
-12.6986 -38.5587
-12.8597 -38.4958
-13.0311 -38.5406
-12.8625 -38.21
-12.6107 -37.9875
-12.2098 -37.744
-11.5152 -37.382
-10.9072 -36.9919
-10.5893 -36.6115
-10.5302 -36.4237
-10.3569 -36.2954
-10.1614 -36.0618
-9.88992 -35.8852
-9.62175 -35.686
-9.27386 -35.3109
-8.86247 -35.1135
-8.55847 -35.0059
-8.27133 -34.9165
-8.12367 -34.8906
-8.03075 -34.9726
-3.66374 -42.9205
-3.0694 -45.4417
-2.91132 -45.3929
-2.4809 -45.4096
-2.21759 -45.3913
-1.91132 -45.3919
-1.5965 -45.3865
-1.5835 -45.39
-1.58191 -45.3936
-1.5722 -45.3975
-1.5661 -45.398
-1.55249 -45.3975
-1.54779 -45.3952
-1.54431 -45.3919
-1.54248 -45.3869
-1.54309 -45.3855
-1.54468 -45.3819
-1.54419 -45.3761
-1.54071 -45.3725
-1.53601 -45.37
-1.53082 -45.3686
-1.51251 -45.3658
-1.50299 -45.3617
-1.4989 -45.3586
-1.49408 -45.3564
-1.48279 -45.3539
-1.47711 -45.3553
-1.47662 -45.3572
-1.47559 -45.3604
-1.47559 -45.3661
-1.47668 -45.3719
-1.48181 -45.3733
-1.48389 -45.378
-1.4928 -45.383
-1.49188 -45.388
-1.48639 -45.3891
-1.48218 -45.3861
-1.47571 -45.3791
-1.47058 -45.3708
-1.46863 -45.3658
-1.46521 -45.3625
-1.46082 -45.3556
-1.46198 -45.351
-1.46222 -45.35
-1.45862 -45.3402
-1.44751 -45.3241
-1.4408 -45.3172
-1.42908 -45.3147
-1.41821 -45.3114
-1.41498 -45.308
-1.41919 -45.3055
-1.42078 -45.3
-1.41528 -45.2986
-1.39771 -45.2978
-1.3783 -45.2989
-1.37299 -45.3
-1.36108 -45.3072
-1.35553 -45.3083
-1.34253 -45.3086
-1.3327 -45.3122
-1.32428 -45.3175
-1.3161 -45.3227
-1.31329 -45.3266
-1.30908 -45.3438
-1.31299 -45.3532
-1.31641 -45.3568
-1.3197 -45.3592
-1.32581 -45.36
-1.3313 -45.3589
-1.33972 -45.3536
-1.34998 -45.3519
-1.35278 -45.3557
-1.36688 -45.3625
-1.38141 -45.3755
-1.39301 -45.378
-1.39771 -45.3761
-1.40253 -45.3766
-1.40442 -45.3816
-1.41388 -45.3847
-1.42688 -45.3844
-1.42749 -45.388
-1.42468 -45.3919
-1.4267 -45.3966
-1.4314 -45.3989
-1.4436 -45.4013
-1.45221 -45.4063
-1.45551 -45.4103
-1.45972 -45.4128
-1.46558 -45.4192
-1.46753 -45.4242
-1.46722 -45.4294
-1.46252 -45.4272
-1.46051 -45.4225
-1.4566 -45.4197
-1.4314 -45.4167
-1.42908 -45.4214
-1.42969 -45.4264
-1.43359 -45.4361
-1.44299 -45.4405
-1.45441 -45.4427
-1.45972 -45.4511
-1.46362 -45.4541
-1.47638 -45.4605
-1.48053 -45.4605
-1.48608 -45.4597
-1.49438 -45.4544
-1.5097 -45.4494
-1.52081 -45.4469
-1.52692 -45.4466
-1.53778 -45.4497
-1.54248 -45.4519
-1.54498 -45.4561
-1.54541 -45.4622
-1.53961 -45.4703
-1.53711 -45.4688
-1.53583 -45.4633
-1.52441 -45.4608
-1.51141 -45.4611
-1.5022 -45.4656
-1.4989 -45.4688
-1.49658 -45.4735
-1.49359 -45.4778
-1.4964 -45.4818
-1.50159 -45.4833
-1.50439 -45.4875
-1.5097 -45.5091
-1.5072 -45.5083
-1.49719 -45.4975
-1.4892 -45.4919
-1.48499 -45.4916
-1.48029 -45.4936
-1.47443 -45.5016
-1.47028 -45.5044
-1.46808 -45.5091
-1.46918 -45.5144
-1.47333 -45.5172
-1.48468 -45.5197
-1.48938 -45.5219
-1.49359 -45.5255
-1.49432 -45.5382
-1.49249 -45.5358
-1.48859 -45.5331
-1.47137 -45.5292
-1.46808 -45.5252
-1.46411 -45.5225
-1.46161 -45.5183
-1.46051 -45.513
-1.46051 -45.5061
-1.46271 -45.5011
-1.46863 -45.493
-1.46942 -45.4869
-1.46558 -45.4842
-1.46002 -45.4842
-1.44891 -45.4864
-1.4422 -45.4864
-1.39661 -45.4757
-1.3905 -45.4764
-1.3844 -45.4753
-1.3797 -45.4731
-1.37408 -45.4717
-1.36938 -45.4694
-1.36359 -45.4616
-1.36389 -45.4563
-1.3653 -45.4508
-1.36359 -45.4405
-1.35553 -45.4347
-1.35498 -45.43
-1.35791 -45.4261
-1.35748 -45.42
-1.35553 -45.415
-1.35211 -45.4114
-1.34741 -45.4092
-1.33661 -45.4063
-1.32971 -45.4061
-1.32501 -45.4078
-1.31891 -45.4083
-1.3147 -45.4056
-1.30389 -45.4022
-1.29858 -45.4036
-1.29279 -45.4094
-1.28998 -45.4135
-1.28961 -45.4203
-1.29498 -45.4486
-1.29718 -45.4386
-1.29681 -45.4261
-1.29968 -45.4308
-1.30609 -45.438
-1.31079 -45.4469
-1.3125 -45.4519
-1.31769 -45.4602
-1.32361 -45.4746
-1.32831 -45.4769
-1.33502 -45.4771
-1.34332 -45.4722
-1.34833 -45.4703
-1.35358 -45.4717
-1.35779 -45.4746
-1.36749 -45.485
-1.3728 -45.4936
-1.3847 -45.5022
-1.39551 -45.505
-1.40442 -45.5103
-1.41101 -45.5172
-1.41608 -45.5258
-1.41608 -45.5313
-1.41193 -45.5335
-1.40631 -45.5322
-1.40308 -45.5288
-1.40051 -45.5247
-1.3963 -45.5216
-1.38409 -45.52
-1.38019 -45.5172
-1.37689 -45.5133
-1.37219 -45.5111
-1.3689 -45.5078
-1.36041 -45.513
-1.35498 -45.5127
-1.35168 -45.5091
-1.34778 -45.5078
-1.34131 -45.515
-1.33722 -45.5164
-1.33472 -45.5122
-1.3313 -45.5086
-1.32501 -45.5091
-1.3208 -45.5116
-1.3175 -45.515
-1.31641 -45.5211
-1.32111 -45.523
-1.3266 -45.5222
-1.3313 -45.5244
-1.33862 -45.5375
-1.34381 -45.5392
-1.34998 -45.5385
-1.35321 -45.5422
-1.35529 -45.5472
-1.34491 -45.5489
-1.34082 -45.5514
-1.3338 -45.5511
-1.328 -45.5432
-1.3269 -45.5378
-1.32361 -45.5344
-1.31189 -45.532
-1.3078 -45.5344
-1.30969 -45.5394
-1.31439 -45.5414
-1.31641 -45.5464
-1.31281 -45.5497
-1.31 -45.5503
-1.29639 -45.5497
-1.29028 -45.5503
-1.28778 -45.5461
-1.28918 -45.5418
-1.28809 -45.5297
-1.28418 -45.5295
-1.27441 -45.5342
-1.27271 -45.5394
-1.27661 -45.5494
-1.27692 -45.5555
-1.28021 -45.5589
-1.28918 -45.5639
-1.31281 -45.575
-1.32501 -45.5755
-1.3269 -45.5802
-1.3252 -45.5855
-1.32111 -45.5883
-1.315 -45.5888
-1.30609 -45.5836
-1.30188 -45.5863
-1.29968 -45.5911
-1.29639 -45.5942
-1.28918 -45.5811
-1.28528 -45.578
-1.27972 -45.5766
-1.27692 -45.5805
-1.27441 -45.5922
-1.27441 -45.6119
-1.27771 -45.6158
-1.29138 -45.62
-1.29749 -45.6211
-1.3064 -45.618
-1.31049 -45.6153
-1.32111 -45.6122
-1.33472 -45.6128
-1.34558 -45.6158
-1.36499 -45.6239
-1.3725 -45.6302
-1.37408 -45.6352
-1.37408 -45.6422
-1.37158 -45.6522
-1.37109 -45.6644
-1.37219 -45.6769
-1.37189 -45.6839
-1.3703 -45.6961
-1.36798 -45.7005
-1.36438 -45.7041
-1.35431 -45.7002
-1.34491 -45.6889
-1.34021 -45.6883
-1.33698 -45.6914
-1.33191 -45.6933
-1.31891 -45.6936
-1.31549 -45.6969
-1.3158 -45.703
-1.31769 -45.708
-1.31769 -45.7133
-1.31409 -45.7167
-1.30798 -45.7158
-1.30188 -45.708
-1.29321 -45.7027
-1.28113 -45.7011
-1.26941 -45.7014
-1.2594 -45.7122
-1.2464 -45.7192
-1.24329 -45.7231
-1.2522 -45.7282
-1.2547 -45.7325
-1.25049 -45.735
-1.24438 -45.7354
-1.23889 -45.7342
-1.23169 -45.7275
-1.22351 -45.7219
-1.21881 -45.7197
-1.20752 -45.7186
-1.2019 -45.7169
-1.198 -45.7141
-1.19519 -45.71
-1.19141 -45.7069
-1.17249 -45.6983
-1.14801 -45.6947
-1.14191 -45.6952
-1.13019 -45.7111
-1.1275 -45.7172
-1.13 -45.7203
-1.13861 -45.725
-1.1441 -45.7269
-1.15112 -45.7269
-1.15582 -45.725
-1.16193 -45.726
-1.16669 -45.7282
-1.17749 -45.7311
-1.17999 -45.7354
-1.18329 -45.7389
-1.1875 -45.7419
-1.1969 -45.7464
-1.20081 -45.7491
-1.2063 -45.7508
-1.21051 -45.748
-1.21582 -45.7483
-1.21918 -45.7516
-1.22101 -45.7566
-1.21692 -45.7591
-1.21332 -45.7627
-1.21753 -45.7652
-1.23218 -45.7714
-1.24188 -45.7702
-1.24719 -45.7719
-1.2514 -45.7747
-1.25751 -45.7755
-1.26721 -45.7719
-1.27332 -45.7727
-1.27722 -45.7755
-1.27863 -45.7813
-1.2702 -45.7811
-1.26752 -45.7849
-1.26581 -45.7903
-1.2655 -45.7972
-1.26831 -45.8014
-1.28021 -45.81
-1.28998 -45.8205
-1.29889 -45.8241
-1.30438 -45.823
-1.30859 -45.8205
-1.3183 -45.8166
-1.32111 -45.8128
-1.32611 -45.8108
-1.3222 -45.8211
-1.3186 -45.8241
-1.31299 -45.8322
-1.30939 -45.8355
-1.30469 -45.8375
-1.29919 -45.8386
-1.29279 -45.8391
-1.28668 -45.838
-1.28351 -45.8347
-1.28168 -45.8297
-1.27753 -45.8269
-1.26331 -45.8203
-1.25189 -45.8178
-1.2489 -45.8219
-1.24408 -45.8236
-1.23798 -45.8241
-1.22443 -45.8236
-1.21112 -45.8308
-1.20831 -45.835
-1.21082 -45.8377
-1.22137 -45.8347
-1.23279 -45.8355
-1.24298 -45.8395
-1.2572 -45.846
-1.26331 -45.8469
-1.27191 -45.8519
-1.27917 -45.8583
-1.28113 -45.8633
-1.27972 -45.8686
-1.28082 -45.8741
-1.28418 -45.878
-1.28583 -45.8825
-1.28308 -45.8844
-1.28058 -45.8802
-1.27661 -45.8775
-1.26721 -45.873
-1.263 -45.8703
-1.2597 -45.8667
-1.25519 -45.8644
-1.2511 -45.863
-1.2514 -45.8691
-1.24658 -45.8711
-1.23608 -45.8611
-1.23328 -45.8622
-1.23248 -45.8672
-1.23499 -45.8714
-1.25891 -45.8955
-1.26001 -45.8997
-1.25391 -45.9002
-1.2478 -45.8991
-1.24298 -45.8969
-1.23499 -45.8911
-1.23248 -45.8869
-1.22821 -45.8841
-1.21362 -45.878
-1.2063 -45.8719
-1.2016 -45.8697
-1.19751 -45.8719
-1.19519 -45.8769
-1.1922 -45.8808
-1.18689 -45.8819
-1.17139 -45.8766
-1.16779 -45.88
-1.17029 -45.8841
-1.1778 -45.8905
-1.17938 -45.8955
-1.198 -45.8966
-1.2027 -45.8989
-1.21051 -45.9047
-1.21252 -45.9083
-1.2077 -45.9085
-1.1983 -45.9042
-1.19409 -45.9069
-1.19141 -45.9108
-1.18439 -45.9106
-1.17578 -45.9056
-1.16571 -45.895
-1.15991 -45.8872
-1.15381 -45.8864
-1.1427 -45.8886
-1.13861 -45.8914
-1.1358 -45.8952
-1.14252 -45.9022
-1.16101 -45.9114
-1.16919 -45.9168
-1.19659 -45.9308
-1.2077 -45.9342
-1.22137 -45.9289
-1.22333 -45.9339
-1.22748 -45.9366
-1.23358 -45.9364
-1.23828 -45.9344
-1.2439 -45.9361
-1.2478 -45.9389
-1.25049 -45.943
-1.25159 -45.9472
-1.25 -45.9525
-1.24719 -45.9566
-1.24158 -45.9577
-1.23071 -45.9547
-1.22461 -45.9539
-1.21863 -45.9544
-1.21442 -45.9566
-1.21082 -45.9602
-1.20801 -45.9641
-1.2063 -45.9695
-1.20551 -45.9756
-1.20612 -45.9818
-1.20551 -45.9942
-1.2041 -45.9994
-1.20111 -46.0036
-1.1955 -46.0047
-1.19031 -46.003
-1.18298 -45.9969
-1.17358 -45.9925
-1.16571 -45.9983
-1.16083 -46.0003
-1.15613 -45.9991
-1.15363 -45.995
-1.15741 -45.985
-1.15833 -45.9789
-1.15631 -45.9742
-1.14862 -45.9614
-1.14771 -45.9491
-1.13501 -45.9566
-1.13409 -45.9616
-1.14191 -45.9742
-1.14191 -45.9782
-1.1369 -45.9803
-1.12219 -45.9742
-1.11658 -45.9742
-1.11249 -45.9767
-1.11188 -45.9731
-1.11328 -45.9692
-1.11218 -45.9636
-1.10828 -45.9605
-1.10553 -45.9647
-1.09918 -45.9652
-1.09583 -45.9672
-1.09363 -45.9719
-1.09253 -45.978
-1.08862 -45.9792
-1.08832 -45.9675
-1.0863 -45.9627
-1.0827 -45.9633
-1.07501 -45.9746
-1.07471 -45.9803
-1.07751 -45.9844
-1.08661 -45.9889
-1.09637 -45.9905
-1.10248 -45.99
-1.1142 -45.9925
-1.1153 -45.9972
-1.11279 -46.0019
-1.10468 -46.0075
-1.09528 -46.0114
-1.10608 -46.0186
-1.11829 -46.0186
-1.13 -46.0205
-1.1402 -46.0238
-1.1452 -46.0313
-1.15472 -46.0369
-1.16498 -46.0333
-1.1889 -46.03
-1.2005 -46.0322
-1.21021 -46.0432
-1.21021 -46.05
-1.2005 -46.0475
-1.1944 -46.0396
-1.18408 -46.0392
-1.17529 -46.0439
-1.16779 -46.05
-1.18079 -46.0575
-1.19659 -46.0691
-1.20612 -46.0733
-1.21161 -46.0816
-1.21021 -46.0871
-1.2088 -46.0925
-1.20001 -46.0972
-1.18781 -46.0958
-1.17889 -46.0911
-1.1452 -46.063
-1.13361 -46.0636
-1.12579 -46.0739
-1.11829 -46.0808
-1.10938 -46.0855
-1.07721 -46.0944
-1.0766 -46.1019
-1.08411 -46.1079
-1.09583 -46.1239
-1.10608 -46.1275
-1.1178 -46.1266
-1.12939 -46.1247
-1.13611 -46.1247
-1.16858 -46.1336
-1.17749 -46.1383
-1.17938 -46.1472
-1.16779 -46.148
-1.15668 -46.1452
-1.14722 -46.1411
-1.13611 -46.1383
-1.12329 -46.1377
-1.11499 -46.143
-1.11908 -46.1513
-1.13831 -46.1597
-1.1463 -46.165
-1.14911 -46.1761
-1.15613 -46.1966
-1.15613 -46.2033
-1.15131 -46.2125
-1.1452 -46.2199
-1.14771 -46.228
-1.15741 -46.2322
-1.16571 -46.2378
-1.17889 -46.2522
-1.18359 -46.2597
-1.17188 -46.2591
-1.16351 -46.2533
-1.15417 -46.2491
-1.14301 -46.2467
-1.13269 -46.2364
-1.1239 -46.2307
-1.10248 -46.2246
-1.09637 -46.2172
-1.09167 -46.2083
-1.0683 -46.2097
-1.05939 -46.2116
-1.06549 -46.2192
-1.05609 -46.2177
-1.04858 -46.2116
-1.03748 -46.213
-1.02863 -46.2097
-1.02252 -46.2022
-1.01361 -46.1972
-1.01001 -46.2075
-1.01581 -46.2158
-1.01221 -46.2246
-1.00391 -46.2192
-0.998596 -46.2108
-0.992493 -46.2033
-0.981384 -46.2005
-0.974426 -46.2005
-0.965027 -46.198
-0.95752 -46.1919
-0.953918 -46.1816
-0.958008 -46.1747
-0.949097 -46.17
-0.9375 -46.168
-0.924377 -46.1672
-0.915527 -46.1719
-0.914185 -46.1953
-0.912109 -46.2069
-0.921082 -46.2389
-0.927979 -46.2461
-0.939697 -46.248
-0.951416 -46.2472
-0.942993 -46.2307
-0.9422 -46.2192
-0.951904 -46.2167
-0.953918 -46.2269
-0.973083 -46.2307
-0.965027 -46.2364
-0.966309 -46.243
-0.975708 -46.2472
-0.988892 -46.2616
-0.997803 -46.2666
-1.0094 -46.2658
-1.01971 -46.263
-1.02191 -46.2733
-1.02722 -46.2802
-1.03888 -46.2811
-1.05609 -46.2708
-1.08752 -46.2472
-1.09528 -46.2491
-1.08551 -46.2533
-1.078 -46.2597
-1.06641 -46.2752
-1.0589 -46.2817
-1.03888 -46.2892
-1.03601 -46.2975
-1.06158 -46.2979
-1.07391 -46.2994
-1.08502 -46.3022
-1.09381 -46.3069
-1.10889 -46.3194
-1.10321 -46.3261
-1.09253 -46.3236
-1.0636 -46.3111
-1.05188 -46.3103
-1.02582 -46.3239
-1.02191 -46.3322
-1.03601 -46.3456
-1.04431 -46.3507
-1.05328 -46.3528
-1.06219 -46.3481
-1.07611 -46.3481
-1.08331 -46.3542
-1.0766 -46.3611
-1.06689 -46.3653
-1.05548 -46.3672
-1.02942 -46.3658
-1.0177 -46.368
-1.00659 -46.3653
-0.991089 -46.3536
-0.986877 -46.3644
-0.992493 -46.3728
-1.01501 -46.3914
-1.0238 -46.3961
-1.03418 -46.3995
-1.04028 -46.4069
-1.03748 -46.418
-1.03131 -46.4255
-1.02808 -46.4358
-1.04303 -46.4483
-1.04858 -46.4563
-1.04919 -46.4681
-1.04028 -46.4658
-1.03131 -46.4611
-1.02191 -46.4652
-1.02051 -46.4746
-1.02722 -46.4817
-1.03131 -46.4911
-1.03082 -46.503
-1.02808 -46.5139
-1.03082 -46.525
-1.03223 -46.5358
-1.02521 -46.5428
-1.01581 -46.5469
-1.00519 -46.5503
-0.999084 -46.5578
-1 -46.568
-1.0094 -46.5722
-1.02191 -46.5736
-1.02051 -46.5833
-1.01581 -46.592
-1.02301 -46.5969
-1.02942 -46.6042
-1.03748 -46.61
-1.02863 -46.6119
-1.01971 -46.6072
-1.0116 -46.596
-1.0047 -46.5895
-0.994385 -46.5858
-0.986084 -46.5802
-0.97998 -46.5727
-0.971924 -46.57
-0.962219 -46.5741
-0.951416 -46.5769
-0.951904 -46.5844
-0.960205 -46.5938
-0.965576 -46.6021
-0.971924 -46.61
-0.990295 -46.6186
-0.986877 -46.6261
-0.979309 -46.6325
-0.979309 -46.6394
-0.981384 -46.6508
-0.97998 -46.6632
-0.967712 -46.6783
-0.966309 -46.6905
-0.970276 -46.7002
-0.977112 -46.7072
-0.992981 -46.7188
-0.996399 -46.7289
-1.00189 -46.7372
-1.0108 -46.7422
-1.01831 -46.7483
-1.00891 -46.7503
-0.998596 -46.7469
-0.990295 -46.7414
-0.987488 -46.7306
-0.969727 -46.7152
-0.963623 -46.7077
-0.956116 -46.7016
-0.953918 -46.69
-0.9552 -46.6778
-0.945801 -46.6736
-0.935486 -46.6703
-0.926697 -46.6653
-0.93689 -46.6592
-0.945801 -46.6558
-0.949097 -46.6455
-0.949707 -46.6339
-0.939697 -46.6167
-0.93219 -46.6104
-0.922485 -46.6064
-0.910828 -46.6072
-0.90332 -46.6133
-0.909424 -46.6208
-0.898621 -46.625
-0.89502 -46.6147
-0.888916 -46.6072
-0.867798 -46.601
-0.859985 -46.6072
-0.85321 -46.6139
-0.831909 -46.62
-0.824402 -46.6261
-0.822998 -46.6372
-0.830505 -46.6433
-0.843079 -46.6447
-0.850586 -46.6386
-0.863586 -46.6311
-0.8703 -46.638
-0.873901 -46.648
-0.86908 -46.6572
-0.856689 -46.6583
-0.847229 -46.6625
-0.838806 -46.6682
-0.832703 -46.6755
-0.831909 -46.6861
-0.838013 -46.6933
-0.846375 -46.6989
-0.856689 -46.7025
-0.868286 -46.7002
-0.877197 -46.6955
-0.886108 -46.6989
-0.892212 -46.7066
-0.929382 -46.7244
-0.93689 -46.7306
-0.945801 -46.7422
-0.93689 -46.7469
-0.927185 -46.743
-0.911377 -46.7311
-0.900513 -46.7214
-0.892212 -46.7161
-0.881897 -46.7127
-0.8703 -46.7147
-0.85791 -46.7325
-0.850586 -46.7389
-0.830017 -46.7455
-0.825806 -46.7536
-0.834717 -46.7586
-0.861389 -46.7591
-0.8703 -46.7641
-0.863586 -46.7694
-0.851929 -46.7689
-0.853882 -46.7763
-0.861389 -46.7824
-0.867798 -46.79
-0.875793 -46.7871
-0.887512 -46.7813
-0.899109 -46.7792
-0.893616 -46.7871
-0.884094 -46.7914
-0.877197 -46.7983
-0.86908 -46.8036
-0.860779 -46.7997
-0.852478 -46.7942
-0.842224 -46.7907
-0.816406 -46.7922
-0.80658 -46.7961
-0.816895 -46.7983
-0.825806 -46.803
-0.838013 -46.818
-0.832703 -46.825
-0.823914 -46.8202
-0.813599 -46.8169
-0.80188 -46.8325
-0.794312 -46.8128
-0.783875 -46.8133
-0.775818 -46.8175
-0.770203 -46.7997
-0.761414 -46.803
-0.756104 -46.8114
-0.746399 -46.8128
-0.741577 -46.8036
-0.731812 -46.7997
-0.723877 -46.8053
-0.718811 -46.8139
-0.712708 -46.8216
-0.713623 -46.8316
-0.718323 -46.823
-0.726685 -46.8189
-0.729187 -46.8297
-0.736084 -46.8366
-0.748291 -46.8366
-0.756592 -46.8478
-0.768311 -46.8564
-0.778625 -46.8669
-0.786682 -46.868
-0.788086 -46.8557
-0.793579 -46.8478
-0.80249 -46.8521
-0.80719 -46.8614
-0.815002 -46.8675
-0.794312 -46.8791
-0.791687 -46.89
-0.800476 -46.895
-0.827209 -46.8955
-0.836914 -46.8908
-0.845825 -46.8886
-0.845825 -46.8997
-0.86499 -46.9011
-0.865479 -46.9128
-0.861389 -46.9208
-0.861389 -46.9319
-0.858887 -46.9427
-0.864197 -46.9511
-0.875793 -46.9519
-0.885498 -46.9478
-0.897705 -46.9478
-0.908081 -46.9511
-0.903809 -46.958
-0.896301 -46.9641
-0.885498 -46.9667
-0.872498 -46.9661
-0.862793 -46.9622
-0.855286 -46.9558
-0.850586 -46.9469
-0.849182 -46.9344
-0.843628 -46.9264
-0.834717 -46.9217
-0.824402 -46.925
-0.828613 -46.9344
-0.818298 -46.9353
-0.810791 -46.9291
-0.803894 -46.9291
-0.80188 -46.938
-0.805298 -46.9469
-0.794312 -46.9455
-0.783875 -46.9422
-0.778625 -46.9505
-0.781311 -46.9586
-0.788879 -46.9647
-0.775818 -46.9697
-0.767517 -46.9641
-0.757202 -46.9605
-0.744385 -46.9614
-0.732788 -46.9591
-0.723083 -46.955
-0.713623 -46.9525
-0.704407 -46.9547
-0.701111 -46.9647
-0.712708 -46.9724
-0.731384 -46.9811
-0.743591 -46.9811
-0.7547 -46.9839
-0.757996 -46.9942
-0.7547 -47.0047
-0.756104 -47.0141
-0.765503 -47.0183
-0.788879 -47.0141
-0.79303 -47.0225
-0.792175 -47.0328
-0.799988 -47.0389
-0.817505 -47.0483
-0.825195 -47.0547
-0.83551 -47.058
-0.846375 -47.0566
-0.857483 -47.0539
-0.86969 -47.0553
-0.859375 -47.0628
-0.849182 -47.0661
-0.844421 -47.0752
-0.837524 -47.0805
-0.827209 -47.0777
-0.816895 -47.0786
-0.815002 -47.0669
-0.809998 -47.058
-0.799194 -47.0483
-0.787476 -47.0641
-0.776611 -47.0614
-0.764099 -47.0628
-0.753296 -47.0655
-0.756592 -47.0744
-0.751892 -47.0819
-0.741577 -47.0786
-0.72998 -47.0794
-0.718323 -47.0813
-0.709412 -47.0794
-0.703308 -47.0716
-0.693604 -47.0744
-0.683289 -47.0725
-0.674377 -47.0772
-0.666809 -47.0836
-0.666809 -47.0931
-0.672485 -47.101
-0.681396 -47.1057
-0.692993 -47.1039
-0.703308 -47.1075
-0.713623 -47.1078
-0.711304 -47.1183
-0.733887 -47.1189
-0.743591 -47.115
-0.751892 -47.1189
-0.740295 -47.1264
-0.73291 -47.1337
-0.757202 -47.138
-0.79303 -47.1327
-0.794312 -47.1422
-0.77301 -47.1483
-0.766907 -47.1561
-0.764099 -47.1668
-0.769714 -47.1753
-0.772522 -47.1864
-0.765503 -47.193
-0.757996 -47.1866
-0.7547 -47.1764
-0.748291 -47.1689
-0.737488 -47.1664
-0.73053 -47.1594
-0.72168 -47.1544
-0.708618 -47.1538
-0.6875 -47.1603
-0.686096 -47.1697
-0.696411 -47.1729
-0.707214 -47.1703
-0.708008 -47.1875
-0.712708 -47.1966
-0.709412 -47.2066
-0.699707 -47.2105
-0.701111 -47.2206
-0.710022 -47.2253
-0.719727 -47.2292
-0.720276 -47.2369
-0.710815 -47.2383
-0.705811 -47.2458
-0.698303 -47.245
-0.694397 -47.2354
-0.687988 -47.228
-0.677795 -47.2246
-0.679077 -47.2163
-0.684692 -47.208
-0.679077 -47.2
-0.669678 -47.1958
-0.655823 -47.1966
-0.640198 -47.2086
-0.634705 -47.217
-0.628601 -47.2383
-0.627808 -47.2458
-0.636597 -47.2408
-0.644104 -47.235
-0.65332 -47.23
-0.658508 -47.2383
-0.669678 -47.2408
-0.676697 -47.2478
-0.665527 -47.2505
-0.65332 -47.2491
-0.643616 -47.2533
-0.642212 -47.2655
-0.649109 -47.2725
-0.642212 -47.2781
-0.635193 -47.2849
-0.6203 -47.2752
-0.609375 -47.2752
-0.600586 -47.28
-0.597778 -47.2911
-0.599609 -47.3014
-0.606689 -47.308
-0.611389 -47.3172
-0.614197 -47.328
-0.614197 -47.335
-0.612793 -47.3472
-0.621094 -47.3444
-0.626404 -47.3361
-0.634094 -47.33
-0.643616 -47.3252
-0.655823 -47.3239
-0.655212 -47.3341
-0.640808 -47.3472
-0.637512 -47.3575
-0.638 -47.3691
-0.644104 -47.3766
-0.653809 -47.3808
-0.660583 -47.3808
-0.670288 -47.378
-0.675781 -47.37
-0.683289 -47.3636
-0.686584 -47.3725
-0.681885 -47.3814
-0.673889 -47.3869
-0.662781 -47.3897
-0.65332 -47.3938
-0.651917 -47.4033
-0.662781 -47.4061
-0.669678 -47.4061
-0.681396 -47.4083
-0.673889 -47.4131
-0.664185 -47.4168
