 -9.182321 -52.514246
 -6.785328 -56.916325
 -0.930642 -50.875395
-11.457102 -58.492154
 -8.521241 -64.597867
-15.005254 -62.211185
 -3.900827 -59.964529
 -6.734994 -71.434675
 -7.022132 -57.829729
-10.796569 -53.936542
 -8.470009 -56.401544
 -6.937694 -56.513232
-11.033869 -56.698759
 -9.964118 -54.627660
 -8.536966 -54.846135
-10.542874 -61.099488
 -5.261450 -64.726949
 -8.797073 -63.880148
 -9.867871 -62.979206
 -6.156152 -59.043140
-13.595993 -56.200361
 -8.898578 -71.342024
 -8.002346 -66.796446
 -6.228009 -70.815807
-10.071218 -53.136396
-20.336231 -40.877004
 -6.866726 -48.886168
-10.648814 -62.954480
 -3.697784 -51.930339
 -9.709121 -62.403457
 -5.708077 -60.322902
-12.860573 -54.301833
 -2.825409 -45.548120
 -3.002753 -47.694568
 -8.915023 -59.624724
-11.129482 -68.052347
-11.782286 -55.121115
-12.139524 -66.360342
-11.958381 -62.540489
