1.076342 1.084149
1.058328 0.978000
1.073030 0.682166
1.251550 1.038316
1.323661 1.178377
1.342637 0.763271
1.297334 1.245578
1.272866 0.537881
1.377917 1.176010
1.319215 0.668711
1.282398 0.878363
1.211375 1.044663
1.257209 1.046243
1.228586 1.287249
1.160879 1.004730
1.063571 0.714170
1.111725 0.594749
1.103217 1.505256
1.154457 0.709590
1.068405 1.052755
1.161324 0.990156
1.067975 0.924606
1.084050 1.449905
1.119563 0.893580
1.005603 1.178390
0.936619 1.030280
0.805457 0.719434
0.835146 1.046794
0.764155 1.023330
0.663524 1.429151
0.856444 0.868155
0.684334 1.712980
0.725362 1.040598
0.755884 1.224287
0.860963 1.348205
0.897969 0.896614
0.803360 0.665143
0.713213 0.984528
0.757208 0.686367
0.750948 1.277240
0.817381 1.072347
0.953240 1.416063
0.882464 1.577241
0.996347 0.700261
0.821306 0.992768
0.891784 0.852645
0.826739 0.744449
0.897952 1.098701
0.746857 1.241032
0.728375 1.652388
0.809519 0.743446
0.714675 0.843965
0.660777 0.822600
0.707389 1.206150
0.772322 0.695196
0.701862 0.822229
0.808041 0.728157
0.914387 1.196037
0.900664 0.853065
0.738366 1.142649
0.575306 1.858947
0.719791 1.513935
0.626698 1.292006
0.657043 0.831761
0.760534 0.791695
0.875384 0.822214
0.861303 1.453952
0.964097 1.219868
1.042753 1.017962
1.118203 0.661279
1.084077 0.676941
1.034308 0.966031
1.075211 1.064657
1.087511 1.778057
0.992519 1.001705
1.017058 0.832052
1.010437 0.870650
0.983926 1.026172
0.979256 0.636126
1.011454 1.348248
0.947701 1.090849
0.642437 1.107301
0.585126 0.827987
0.548652 1.037324
0.684059 1.766508
0.540779 0.894075
0.731892 0.512989
0.834311 0.480339
0.767118 1.133655
0.777162 1.026674
0.905403 1.090959
0.731508 1.152322
0.732010 2.301856
0.784583 1.444280
0.735727 0.685968
0.731728 0.997177
0.787899 0.750379
0.855024 1.144429
0.748689 1.390877
0.729071 1.848775
