-53.789529 -52.382370 -58.806245 -70.906427 -56.540116 -47.381299 -69.444862 -70.315368 -61.341785 -42.452139 -56.625916 -54.584656 -45.932537 -59.928538 -74.117924 -58.437444 -44.803758 -55.893972 -56.271131 -55.985503 -45.954184 -55.147886 -61.746412 -46.989657 -39.206421 -54.765640 -46.817941 -41.514913 -74.333642 -45.994974 -74.877176 
-52.558183 -51.640775 -59.419919 -69.341668 -56.350821 -60.634144 -66.299688 -49.466514 -56.985110 -63.315959 -39.880020 -54.021860 -58.981897 -65.628252 -51.179662 -54.172629 -45.920032 -55.620301 -53.892366 -67.546948 -47.235736 -56.747428 -55.591651 -51.452101 -56.029895 -64.459921 -61.590098 -71.218364 -63.685799 -68.315219 -46.653587 -60.604238 -51.430606 -73.072757 
-52.115853 -74.546067 -59.480706 -46.518416 -56.458019 -66.918947 -48.589254 -60.420496 -64.229414 -58.403024 -39.148856 -54.021860 -56.209351 -61.384100 -51.723819 -60.737977 -46.388894 -55.308536 -54.391753 -54.533863 -72.126869 -63.636751 -65.533380 -73.152256 -37.323403 -70.410363 -70.216058 -41.974393 -36.497356 -59.279245 -63.760005 -64.985743 -57.873091 -60.037290 -41.344672 
-52.330160 -62.587152 -53.935436 -47.747747 -56.877270 -52.794683 -71.037191 -58.609028 -73.822553 -68.595646 -49.626474 -72.697974 -55.166665 -58.701049 -65.023199 -48.471121 -46.913935 -55.506730 -73.376593 -54.835236 -58.190610 -63.115873 -52.986886 -46.956223 -46.409986 -39.577488 -55.490198 -60.939780 -74.777511 -66.666588 -59.884407 -69.313476 -66.564811 
-49.571571 -68.190161 -60.722991 -52.093332 -56.748985 -53.127499 -75.822968 -58.859570 -73.372977 -65.834869 -65.398327 -57.606541 -55.575465 -68.885373 -46.897523 -51.000846 -46.365623 -55.566479 -60.101654 -53.809144 -59.043683 -51.586752 -53.582465 -74.923262 -65.931138 -41.055353 -54.880310 -64.628708 -60.078993 -55.493246 -65.888085 -67.493519 -63.955370 -42.271352 
-50.847303 -59.464611 -59.449201 -67.753199 -56.544842 -52.868250 -64.450997 -58.642823 -61.690336 -67.029037 -48.366093 -71.130880 -55.715147 -54.795729 -55.793636 -50.179726 -46.318012 -55.873025 -63.439885 -73.701959 -60.885423 -60.238262 -62.000097 -53.003246 
-50.795355 -64.955567 -63.850970 -62.229479 -56.768485 -52.242915 -44.936646 -58.359247 -50.210775 -60.006724 -60.562020 -66.309442 -55.326219 -55.489124 -56.066236 -59.935323 -74.158487 -55.711007 -54.887259 -38.177189 -68.639590 -61.579682 -50.273739 -60.272817 -64.031662 -63.426440 -56.994932 -73.369626 
-61.198428 -48.434054 -46.068137 -73.827962 -56.593201 -55.769607 -75.453334 -58.539015 -50.716366 -60.536759 -52.751804 -55.659643 -72.985414 -55.539894 -56.211175 -35.714787 -61.793580 -60.439500 -67.509550 -61.490843 -60.559276 -62.338227 -60.525030 -49.547724 -63.138880 -56.808976 -64.218080 -60.081478 
-37.604923 -49.326969 -45.865506 -62.834378 -56.825448 -55.480554 -67.232313 -58.520930 -51.067242 -57.355456 -52.664261 -55.878020 -38.733699 -55.141153 -55.829409 -59.820166 -72.887440 -68.332330 -55.835947 -55.031848 -68.733038 
-38.946686 -50.541458 -61.068818 -67.169141 -57.243199 -55.545372 -62.529490 -58.815095 -51.710803 -66.278980 -52.362520 -68.353849 -54.917401 -55.503582 -55.709829 -68.807683 -62.571989 -57.097275 -70.237600 -65.802315 -75.665193 -64.804550 -64.047086 -60.031930 -66.239142 -55.279767 -47.126552 -63.847792 -56.596021 -51.373827 
-60.129247 -50.541935 -59.721017 -56.077267 -57.051103 -55.701865 -64.330298 -58.339185 -51.556615 -63.289592 -52.138977 -57.999064 -45.760388 -55.506250 -56.100595 -66.848190 -66.215932 -57.856023 -57.578195 
-49.325849 -63.684882 -55.820028 -60.938433 -57.051103 -55.162829 -68.267442 -58.355291 -51.055540 -62.084981 -53.369862 -65.771855 -64.727294 -54.936395 -56.482270 -66.058139 -60.185508 -54.827614 -68.169220 -40.288854 -48.233575 -64.820585 -58.634424 -51.838028 -55.301230 -68.186386 -65.436316 
-49.144744 -69.207748 -55.242340 -74.007152 -56.599728 -55.138007 -66.580817 -58.466952 -40.331640 -62.964753 -52.534695 -55.909672 -54.632967 -55.123422 -60.370561 -47.774765 -61.218535 -60.765553 -44.941558 -51.134640 -58.868000 -65.820198 -59.652727 -64.661110 -57.055401 -41.553040 -51.489814 -58.809693 -66.577441 -68.516025 -63.410302 
-56.357768 -56.241522 -57.287335 -53.636918 -56.652244 -56.748423 -50.868692 -58.622511 -38.100964 -58.215161 -53.235659 -56.666065 -48.305305 -47.078337 -69.859904 -65.729059 -50.159629 -69.405795 -47.149447 -62.629308 -55.124780 -53.826347 -60.688604 -46.673553 -69.093769 -64.597438 -67.234962 -68.279541 -60.453699 -60.936771 -59.901356 
-57.020488 -54.037861 -65.249547 -55.500054 -56.838646 -61.570090 -50.805582 -58.864205 -50.776490 -63.201256 -59.999781 -48.980246 -55.821961 -56.614188 -56.575596 -69.088415 -50.738346 -69.669825 -46.495324 -58.702476 -54.494050 -54.370867 -52.110145 -52.213790 -38.220780 -67.674684 -48.413017 -55.645715 -55.262451 -61.825230 
-57.810337 -73.506845 -58.573259 -70.038863 -56.838646 -66.026872 -50.773498 -58.348311 -50.576932 -60.270500 -55.697135 -64.797954 -56.116899 -55.469854 -68.489695 -48.255191 -54.419276 -46.603580 -54.889256 -55.602918 -56.797108 -54.098601 -53.007293 -38.816456 -68.911845 -38.978044 -61.524586 -68.001034 -72.123644 -66.650006 -67.922279 -46.923730 -40.105820 
-49.537204 -55.090192 -65.428404 -56.701729 -56.838646 -55.347726 -50.695209 -58.279665 -49.873539 -68.575648 -55.706653 -71.021735 -55.229337 -54.094898 -70.386746 -47.629904 -63.138777 -46.475492 -67.807377 -66.367737 -57.410117 -54.907475 -52.383670 -39.234530 -68.772157 -65.317223 -57.646547 -65.949548 -65.061393 
-71.181345 -59.602719 -62.462187 -56.592652 -56.838646 -57.417474 -48.974670 -58.397292 -59.740081 -68.416171 -56.013737 -49.337873 -55.487380 -60.223109 -65.726430 -47.909789 -64.345082 -46.838506 -63.903585 -47.648873 -53.907597 -54.067930 -53.044437 -46.314922 -63.773919 -56.096717 -64.511185 -75.297519 
-64.703420 -62.659816 -57.520652 -58.037620 -56.871468 -69.963095 -54.591006 -58.484425 -56.862957 -67.156674 -56.161526 -51.033966 -55.201648 -65.475857 -51.788820 -65.042529 -46.461930 -56.293136 -64.763166 -47.857676 -52.835011 -53.666373 -52.928868 -36.027751 -63.664251 -66.200623 -63.437936 -53.772944 -53.581431 -48.144793 -55.829993 -47.533283 -67.946618 -60.070342 -70.217698 -53.174708 -66.187638 -68.993127 -42.132047 
-62.186452 -71.407188 -50.182873 -57.260228 -56.845028 -48.687455 -71.553342 -59.259993 -56.052365 -73.610064 -55.646454 -50.789432 -54.929906 -46.796882 -58.785559 -55.718160 -66.779844 -70.247851 -70.664493 -64.873086 -55.167562 -54.153962 -53.428341 -38.045295 -60.227248 -49.570967 -62.498053 -61.064200 -58.261985 -60.700816 -64.649301 -67.055293 -64.825402 -64.725293 -47.769955 -64.084796 -47.443241 -67.914721 
-72.481502 -48.157697 -50.279942 -72.501106 -56.845028 -48.299474 -63.633917 -58.360658 -60.850982 -62.993802 -55.231857 -61.994983 -54.604882 -56.571008 -55.069267 -48.466060 -70.115541 -70.371430 -67.396470 -57.302045 -55.167562 -65.494215 -46.953381 -37.233411 -50.999022 -57.480879 -53.320510 -71.283519 -59.370179 -61.490272 -69.491186 -68.258287 -61.398048 -56.230895 -55.368349 
-62.041430 -48.161243 -50.680919 -56.879171 -56.963540 -47.554140 -67.387705 -58.324475 -39.208126 -55.100678 -55.151785 -67.976494 -63.551815 -50.803547 -55.107927 -57.800291 -63.061155 -59.129151 -69.126160 -54.815045 -68.872168 -64.582652 -71.215701 -68.864047 -52.796927 -68.301509 -61.194604 -61.919394 -61.183093 -64.185005 -60.979898 -61.186938 -48.231477 -50.466671 -54.106284 -42.622770 -50.199468 -71.478518 -47.721515 -39.421591 -61.305436 -47.572390 -65.317311 -62.393055 -36.824104 
-60.856943 -72.251122 -49.133317 -53.502130 -56.963540 -73.398757 -48.891768 -58.498731 -39.182894 -53.850762 -54.970049 -55.998808 -63.376468 -66.959868 -54.958638 -58.753320 -62.275956 -48.911671 -59.955860 -54.253310 -46.711007 -65.345403 -63.035957 -63.386668 -50.099822 -67.201057 -66.616919 -52.305851 -57.700638 -64.146630 -61.459861 -53.179541 -49.204731 -75.199600 -67.587277 
-58.048274 -53.743569 -67.670806 -54.100886 -56.964539 -58.705550 -70.930566 -57.976819 -58.586990 -58.993527 -54.088805 -54.690978 -64.209834 -60.601561 -69.047170 -49.628091 -63.611379 -47.746327 -51.009154 -54.109008 -46.312469 -64.677561 -68.384401 -41.471659 -51.589917 -55.160482 -59.112319 -70.885771 -50.114817 -67.728512 -63.693293 -70.418890 -70.813525 -59.881277 -64.545019 -42.257741 -56.930147 -56.921978 -63.901250 
-65.198659 -63.236844 -66.080447 -46.374907 -56.839992 -54.559672 -58.511052 -71.816768 -63.462972 -60.558965 -54.063441 -54.690049 -55.771054 -59.455013 -61.405641 -41.143541 -74.635235 -47.746327 -51.513274 -54.210960 -68.164025 -47.683198 
-70.193658 -65.975577 -65.845639 -47.326141 -56.650793 -53.484805 -58.914820 -51.524247 -61.623587 -61.150005 -53.717477 -55.258526 -53.550483 -67.643993 -55.594120 -63.674754 -51.633226 -49.591761 -57.467055 -58.884074 -63.991996 -58.391809 -64.765352 -51.788397 
-63.921080 -61.537439 -59.439627 -65.534634 -56.617463 -51.335804 -64.016451 -64.676735 -48.818380 -66.565252 -53.725316 -55.080610 -53.494075 -38.180841 -56.118196 -51.972576 -58.584827 -49.825497 -59.028604 -70.257705 -51.594994 -75.607371 -47.223389 -67.463672 -64.466878 
-46.833317 -64.295753 -58.647276 -62.355265 -56.799505 -66.069831 -63.033453 -71.268515 -52.827785 -50.954928 -53.590459 -55.512010 -53.411575 -71.362908 -55.237529 -52.325585 -61.935325 -50.311338 -63.055574 -53.059602 -63.999223 -60.851079 -63.712408 -73.062680 
-47.287026 -51.300355 -59.101421 -49.956127 -56.669333 -58.804366 -62.563268 -46.351642 -66.549161 -48.970519 -53.622249 -55.645657 -53.410209 -63.045391 -67.142672 -53.502764 -62.803328 -69.338253 -57.542195 -50.446733 -48.838551 -63.034376 
-47.355441 -55.479016 -58.912791 -66.032956 -56.995339 -68.865682 -53.522098 -47.466505 -47.764053 -55.547480 -53.611600 -55.801314 -53.664857 -65.723239 -67.913198 -60.789269 -49.855759 -49.770246 -53.184336 -61.885156 -70.703636 -68.605759 -48.233146 
-68.480985 -55.153702 -58.912791 -61.047731 -57.111641 -50.553185 -54.093303 -45.878460 -62.403181 -55.942977 -53.965465 -55.927391 -53.728960 -69.723323 -67.030482 -49.005324 -51.479192 -47.954363 -49.676672 -46.503878 -69.819386 -54.214483 -61.427084 -46.980716 -70.344757 -48.327869 -63.147315 -56.740399 -68.852837 -64.070813 
-46.876768 -66.801746 -58.907645 -62.296900 -57.111641 -56.066544 -54.254732 -46.041330 -54.236421 -66.151019 -54.242501 -63.416761 -71.106061 -73.317397 -49.386991 -65.831132 -65.207073 -48.117239 -47.801760 -53.545677 -64.876274 -55.367698 -52.919699 
-46.927445 -59.099565 -70.447028 -68.752098 -57.488001 -56.317559 -52.106603 -45.923616 -54.366746 -50.394898 -54.432486 -70.580868 -63.555939 -53.627206 -59.472817 -50.720291 -53.617433 -48.255283 -49.676167 -53.226374 -70.523836 -50.110164 -59.809950 -61.980766 -60.694047 
-48.548543 -58.411455 -59.065038 -57.481724 -55.463003 -56.568296 -51.928800 -45.865950 -54.517083 -70.330185 -54.538589 -67.697157 -60.297205 -53.726625 -46.791164 -55.238344 -53.570925 -48.515794 -50.239655 -56.415042 -69.975804 -49.254711 -67.648099 -51.196815 -72.524300 -63.769779 -68.382848 -48.576679 -60.110633 -64.817236 -68.328578 -59.784823 -68.662720 -69.097371 
-68.748088 -58.649100 -65.858039 -57.481724 -66.961860 -56.059320 -51.307823 -46.598311 -53.834830 -70.443820 -54.331248 -61.974903 -62.587226 -53.550633 -50.783425 -68.961282 -54.147966 -48.515794 -49.023547 -50.493831 -47.619925 -69.339379 -56.762804 -49.797901 -63.220806 -65.968554 -52.255604 -60.336159 -60.598097 -66.462577 -61.995843 -59.802662 -65.083514 -70.162657 -59.740872 -67.853021 -47.400883 
-47.812753 -58.416350 -65.725107 -57.481724 -59.371191 -55.733140 -51.332021 -47.996391 -54.771332 -51.151061 -54.840416 -61.291446 -63.192307 -53.872007 -63.493067 -70.019292 -53.608358 -48.331705 -49.661067 -48.643177 -67.675556 -50.074999 -63.260777 -60.824378 -70.450656 
-65.050218 -58.416350 -65.724933 -57.635162 -58.805653 -55.796398 -59.722412 -47.343654 -58.027028 -67.747784 -54.934287 -63.562595 -61.629394 -53.774421 -47.497532 -46.442987 -53.538658 -49.085436 -49.579138 -63.572419 -54.997185 -65.908227 -67.624199 -50.997314 -60.802143 -63.336610 -57.788299 -63.450111 -67.255165 -46.621287 -53.446091 -61.429614 
-37.489414 -58.584070 -52.527075 -57.635162 -55.431721 -56.178171 -45.976183 -66.725711 -55.519383 -67.558032 -64.787277 -47.268762 -70.943021 -53.941126 -61.800304 -57.513601 -53.643544 -46.656501 -51.192402 -50.833866 -54.724649 -48.894759 -47.516115 -68.340779 -64.367609 -49.442375 -66.361694 
-50.833591 -58.180909 -54.792640 -57.508845 -55.130238 -55.425364 -59.624128 -73.169542 -61.041260 -42.402977 -46.704540 -52.935512 -54.178212 -54.006798 -49.275876 -49.235988 -53.841737 -50.169961 -50.508730 -60.208282 -69.186228 -55.978718 
-50.310721 -58.180909 -58.249930 -57.508845 -49.408988 -55.034469 -65.398299 -49.625040 -49.678173 -43.539628 -52.524489 -60.832089 -53.958438 -54.101337 -46.810825 -48.032265 -53.863024 -64.766260 -62.539945 -62.368159 -64.622089 -66.544623 -63.758671 -60.233448 -61.646702 -58.534636 -63.521047 -68.210687 -73.673898 
-48.896387 -58.173163 -66.245177 -57.715082 -50.014151 -55.503430 -62.144661 -51.043587 -50.205015 -54.001185 -70.780591 -65.117523 -54.036737 -54.060244 -58.001990 -44.442829 -53.895374 -67.063675 -40.318574 -70.203899 -48.246555 -46.636864 -48.320805 -65.865158 -56.891283 -63.697913 -48.298586 -50.948543 -43.106691 -61.024366 
-57.631464 -58.173163 -46.456180 -57.715082 -68.823260 -55.764709 -73.951471 -52.668892 -50.527534 -40.492470 -67.617387 -69.601833 -55.048464 -54.832954 -47.458990 -75.664068 -53.573032 -62.452224 -49.415467 -43.229850 -48.271962 -53.582294 
-62.273241 -58.936610 -46.449195 -57.330907 -44.802731 -55.702040 -47.657994 -54.867610 -53.349512 -38.837824 -69.534337 -50.011532 -60.264748 -54.561500 -62.766497 -62.250680 -54.129427 -45.765202 -49.892433 -55.509604 -48.417211 -68.597249 -71.866588 
-55.288584 -58.583560 -69.880211 -57.313233 -69.304533 -55.771666 -64.693698 -54.203199 -53.338786 -40.027241 -62.538701 -49.745631 -62.259303 -54.858699 -49.422080 -57.522194 -53.958253 -47.170531 -50.645753 -63.975318 -58.555384 -40.986299 -47.422450 -57.414909 -68.242572 -39.401011 -62.519161 -60.695835 -56.990428 -60.407850 -62.070771 -63.590670 -41.238851 -59.095851 
-55.962421 -58.446886 -66.183902 -57.313233 -46.787838 -63.442249 -65.618693 -54.668527 -53.151793 -71.799693 -59.795589 -46.504292 -56.336905 -54.858699 -40.957038 -61.103788 -54.698508 -64.989207 -64.222302 -72.117094 -56.851135 -46.274142 -47.450021 -62.972093 -36.761074 -68.115584 -58.600644 -50.945805 -60.539027 -48.934204 -57.400437 -62.284662 -59.121444 -47.282307 -61.343670 -59.555792 -67.269945 -46.535038 -59.756407 -61.583445 -72.739378 
-56.971204 -58.288151 -56.408805 -57.313233 -72.194665 -47.374095 -52.711076 -49.725832 -58.271498 -64.970733 -50.070979 -54.812845 -56.213193 -64.015173 -61.925073 -53.078943 -54.195218 -54.350686 -37.475642 -65.887845 -68.082824 -46.740180 -49.433466 -68.307339 -50.003348 -51.278262 -56.383266 -63.589871 -58.886598 -39.292918 -68.630570 -40.194655 -57.369907 -56.821518 
-53.634537 -58.584095 -53.784778 -57.313233 -51.300333 -54.257015 -64.555423 -61.890336 -69.326686 -38.964810 -49.467843 -54.669427 -56.315018 -49.645125 -49.530778 -60.624842 -52.778956 -53.139722 -71.803031 -63.992066 -58.035135 -48.165318 -48.545682 -69.257795 -69.951372 -56.121591 -57.993929 -58.685297 -61.444267 -47.183605 -58.517010 -61.795038 -67.394043 -66.153042 -67.625270 -64.855634 -57.885578 -55.229813 -59.285667 -65.646981 
-54.007689 -58.565719 -53.815578 -57.369736 -61.211979 -66.840304 -65.960831 -68.121792 -74.431501 -37.919365 -54.814863 -54.729389 -56.142561 -49.370540 -59.678919 -48.254377 -53.455936 -62.744684 -65.468331 -64.520997 -46.682308 -69.360863 -48.286584 -64.393227 -53.004370 -52.826990 -52.419489 -56.360278 -55.628454 -62.331116 -58.280511 -68.699844 -39.934230 -48.445261 -59.070153 -66.090430 -61.646920 -59.373135 -48.868642 -57.228502 -54.135802 -41.901803 -47.856757 -54.998117 -60.804718 
-54.241266 -58.698845 -54.269860 -57.369736 -39.527671 -62.267117 -69.235520 -55.154775 -49.435452 -49.978691 -51.244328 -54.537584 -56.473769 -49.574904 -39.349679 -49.173797 -71.760568 -46.173038 -47.837642 -42.420817 -60.243357 -52.189892 -47.625986 -61.516907 -57.274326 -38.272387 -54.901980 -58.543297 -45.920962 -39.259669 -60.006018 -55.476943 
-54.073646 -58.143523 -53.794000 -57.369736 -39.249385 -48.556328 -62.144588 -60.228754 -50.611386 -52.502399 -59.858867 -55.404954 -54.963011 -49.874243 -48.980139 -58.488294 -66.967111 -66.617549 -68.020023 -62.512756 -55.461543 -60.220592 -61.202589 -56.109635 -53.274669 -69.039136 -47.277825 -69.356352 -57.504078 -47.486244 -48.003505 -60.138745 
-54.387572 -58.962524 -53.331490 -57.209741 -39.835942 -65.237939 -67.908409 -49.030856 -49.769102 -59.040308 -62.860812 -55.248682 -54.965883 -56.116133 -51.923146 -67.131770 -40.239980 -67.038580 -44.150453 -67.078390 -55.257374 -56.844074 -72.597802 -68.835199 
-54.867612 -49.103288 -51.878106 -57.209741 -42.452690 -46.746976 -54.421655 -49.058163 -62.665570 -62.178748 -56.636368 -55.166866 -55.116705 -63.258577 -58.181585 -72.886616 -59.534167 -39.506203 -58.821497 -67.619554 -57.590067 -38.661273 
-54.992534 -69.078806 -52.374693 -57.341462 -48.673376 -45.784012 -62.670749 -49.928212 -57.713325 -57.037723 -55.420877 -55.209519 -67.320749 -69.185610 -58.475423 -65.651713 -56.829302 -37.960996 -72.377563 -62.649979 -50.816588 -63.836553 -62.491554 
-54.716145 -61.221962 -52.173118 -57.341462 -67.633216 -63.613790 -60.138782 -49.947266 -56.214771 -56.797724 -54.248602 -55.178551 -49.874758 -59.309855 -58.073108 -67.186084 -46.253362 -42.090244 -67.289255 -66.173106 -55.859086 -66.654733 
-54.174152 -51.496934 -69.561668 -57.289848 -53.777977 -62.333780 -55.362510 -64.155070 -56.420225 -51.529609 -53.011647 -54.630539 -43.337566 -54.896857 -58.566530 -68.219623 -62.207938 -64.040390 -66.113780 -69.523642 -63.857771 -60.214854 -55.311443 -66.788063 -71.663296 -71.767335 -66.213499 -71.662887 -58.091791 -59.837921 
-54.730349 -49.395639 -64.583655 -57.288655 -63.895286 -60.699660 -62.593063 -72.297259 -56.420225 -50.838736 -54.303163 -54.855581 -43.423102 -51.540169 -59.086707 -51.923022 -75.817973 -54.617647 -39.385221 -67.158649 -58.316545 -73.039558 -42.541955 -54.692794 -66.280625 -58.596246 -73.803863 -47.486504 -48.041755 
-54.619556 -46.552927 -57.827549 -57.659442 -52.654318 -41.683698 -62.669910 -64.207783 -55.937689 -60.052917 -51.152646 -55.040463 -45.774923 -54.786807 -58.999192 -51.846956 -66.067100 -54.318405 -67.795315 -62.325120 -59.307333 -47.119314 -69.370359 -67.199035 -69.984039 -67.940187 -66.584981 -61.315474 -65.726075 
-54.587328 -58.409168 -67.158802 -57.659442 -49.273151 -41.989782 -58.628248 -63.419277 -41.679765 -65.294662 -50.926508 -55.227855 -56.235522 -54.300044 -59.162985 -52.849333 -63.238414 -66.600398 -52.152817 -55.707168 -69.685646 -47.729036 
-54.577539 -58.724959 -55.918099 -57.659442 -48.550015 -47.777827 -49.409220 -65.468776 -64.272541 -58.384483 -51.349832 -55.404393 -50.208592 -57.188787 -58.650460 -55.298400 -67.349750 -60.431737 -53.107305 -53.536440 -45.600851 -62.314171 -47.125096 -51.883016 -57.477247 -69.778116 -46.949863 -60.294786 
-55.349090 -66.724469 -62.200375 -57.523286 -49.275038 -73.819610 -50.936583 -55.593567 -52.214985 -50.402411 -58.972294 -55.249798 -69.136901 -56.073308 -58.650460 -55.437284 -62.170695 -74.705059 -69.773594 -75.898740 
-54.898280 -52.047009 -64.778035 -57.642298 -47.339582 -55.759804 -55.508094 -66.387936 -64.286090 -50.288592 -57.836771 -55.247232 -61.878583 -63.547081 -58.696285 -55.389189 -68.436607 -71.640877 -58.785531 -68.192569 -71.456276 -58.277018 -63.861304 -57.527858 -62.360445 -69.459352 -63.871837 -60.308612 -62.420153 
-55.536551 -52.055909 -68.916022 -57.181549 -45.928073 -57.213279 -55.508094 -60.573048 -65.997747 -50.233806 -73.950363 -55.247232 -50.444021 -66.307108 -58.831425 -55.254712 -68.058967 -60.709650 -65.929558 -65.744469 -52.467240 -59.905069 
-44.139811 -51.997869 -66.655370 -57.181549 -67.645884 -55.992636 -54.945485 -50.938440 -66.590874 -72.202690 -37.186653 -54.933035 -51.586982 -58.419856 -58.861204 -54.775425 -57.484082 -41.792038 -36.015044 -60.085206 -66.833848 -58.163433 -71.537012 
-59.595745 -51.997869 -66.238637 -57.181549 -71.803754 -56.714869 -54.945485 -49.822937 -55.648581 -43.748819 -75.224348 -55.306206 -67.281427 -68.498803 -58.861204 -55.322652 -71.252129 -55.213493 -67.811756 -66.740084 -46.964968 -68.513993 -61.031269 -63.418430 -51.225182 -61.250611 -74.805586 -69.197824 -59.956826 -57.442229 -55.193113 -36.389517 -59.454893 
-58.758311 -51.984445 -75.815706 -57.181549 -54.634384 -48.041013 -55.226807 -49.562511 -55.524768 -66.987448 -69.111425 -55.628022 -56.030694 -62.023611 -59.304009 -54.890598 -55.203382 -43.629656 -57.403977 -60.888425 -57.123905 -46.830479 -61.000747 -65.959847 -57.973746 
-52.456166 -51.892832 -69.163136 -57.051457 -52.982292 -70.592212 -55.030608 -48.832740 -54.220343 -65.029149 -57.520849 -55.577000 -53.519453 -67.924937 -58.833900 -66.421826 -61.559194 -46.657189 -66.464987 -61.715433 -65.507140 -59.792931 -62.090480 -67.881351 -67.277493 
-69.548960 -51.562701 -57.448992 -57.051457 -53.354863 -60.229725 -55.495208 -48.961260 -54.977522 -72.500145 -63.688345 -55.100904 -65.890733 -53.032970 -59.429040 -72.608565 -50.951010 -45.075076 -62.807888 -57.249824 -68.676943 -63.548218 -62.334037 -63.260582 -60.833063 -67.985322 -60.465830 
-61.336889 -66.957496 -60.097091 -57.051457 -55.908903 -62.779038 -55.724691 -48.191127 -63.910985 -68.954545 -71.661694 -55.183933 -48.514443 -40.757611 -63.451152 -61.963865 -51.284998 -49.247131 -48.062349 -57.036849 -66.118780 -68.291513 -66.368142 -59.415900 -61.225799 -54.030859 -54.637995 -63.583088 -56.490123 
-63.531108 -60.050500 -72.084948 -56.910866 -55.913874 -46.959486 -55.436369 -48.504805 -62.444835 -48.727240 -68.153835 -55.114073 -56.880906 -41.039922 -54.992725 -69.618494 -52.278733 -55.665297 -60.952428 -67.156763 -67.376182 -69.231825 -55.033671 -59.620077 -56.580015 -68.342824 -67.472376 -71.934072 -73.088154 
-67.231726 -56.697012 -60.569324 -57.054771 -56.004063 -56.948860 -55.627863 -61.417226 -51.927519 -64.258192 -61.541701 -55.034744 -59.132137 -46.198530 -54.940377 -54.875253 -48.090138 -60.282382 -66.275858 -61.998591 -48.754709 -71.456548 -72.914974 -58.588715 -66.972915 -55.673163 
-54.788364 -65.438787 -61.675467 -57.017102 -51.850951 -65.071077 -55.156520 -45.790136 -58.800308 -56.534386 -69.708823 -54.898751 -58.831546 -61.509044 -68.142107 -54.929212 -47.218680 -67.247135 -39.225296 -54.495111 -58.091095 -59.500403 -46.989534 -67.413021 -58.301520 -72.180400 -69.481674 
-63.408450 -64.624638 -75.221583 -56.924410 -52.676480 -69.477588 -55.156520 -44.424326 -59.818965 -56.920476 -57.532396 -55.020357 -59.043599 -59.044861 -59.858865 -54.895541 -47.388439 -64.148861 -55.438483 -39.207592 -63.425175 -72.213147 -57.791108 -71.298530 -66.986400 -56.730355 -57.689017 -60.379042 -63.639290 -65.125722 -64.984314 -65.374055 -56.218619 
-65.830633 -73.536307 -60.164050 -56.397490 -53.068720 -59.487794 -55.805767 -46.157972 -56.171286 -55.171028 -55.408472 -55.567142 -58.925479 -69.131560 -75.542485 -62.188238 -46.946884 -74.014351 -61.977628 -35.517477 -57.045740 -57.256969 -67.178944 -68.612547 -57.953620 
-57.872264 -63.006775 -56.740482 -56.397490 -53.191866 -68.192530 -55.602058 -45.427210 -43.006607 -53.452418 -55.349202 -55.618483 -59.372085 -75.193425 -61.855234 -64.128084 -48.256123 -42.015368 -35.976784 -64.113857 -56.310611 -56.204843 -63.820330 -65.049647 -68.019153 -72.716270 -60.786398 -68.100196 -61.838714 -60.259882 -69.619914 
-57.249912 -56.111230 -67.775622 -56.203137 -53.191866 -53.485399 -55.537634 -38.316867 -62.360027 -65.377990 -55.045501 -55.591348 -59.351296 -46.529117 -64.814709 -59.915132 -47.647327 -69.808446 -66.367529 -66.394109 -55.537780 -64.068615 -72.720925 -64.950191 -59.508077 
-65.878539 -63.024265 -74.305060 -56.203137 -53.298264 -37.025811 -55.932378 -64.083371 -61.219936 -66.517674 -55.150984 -56.205013 -59.487023 -46.036574 -68.734543 -48.949347 -48.936800 -61.609765 -60.519289 -58.955993 -55.789317 -58.326940 -56.531984 -61.821849 -59.708251 -46.980421 -66.798513 -68.727012 -67.901596 -67.072378 -68.556939 -42.327548 -69.240109 
-64.696784 -61.742201 -64.678433 -56.203137 -53.280484 -38.609066 -55.932378 -46.686083 -57.086931 -60.033603 -54.875797 -54.976303 -58.944573 -57.708599 -56.840391 -59.703700 -47.357330 -59.376237 -65.413526 -67.222545 -55.223933 -58.148336 -70.425040 -66.384025 -59.519892 -46.965439 -68.959220 -58.339388 
-69.017757 -61.443894 -67.021262 -56.525846 -52.308325 -66.809807 -55.482760 -43.270972 -64.479387 -46.177935 -54.641307 -54.976303 -59.615492 -58.130479 -58.047018 -47.893488 -48.126663 -36.478531 -65.658491 -59.016091 -55.591409 -62.593074 -58.903278 -63.424021 -57.610066 -56.524907 -68.798045 -65.906695 -50.241054 
-42.207472 -66.234611 -67.361563 -56.383797 -52.737554 -75.179574 -54.998700 -55.542591 -64.897177 -50.306397 -54.132950 -55.410002 -59.615492 -54.353031 -47.092515 -50.871260 -75.263233 -48.583784 -61.612947 -50.581088 -64.916475 -69.178174 -49.417394 -65.413024 -70.714772 -69.402789 -61.484561 -56.433741 -58.050511 -46.955565 -50.985659 -49.908237 -71.153824 -57.290207 -66.639564 -48.246991 -54.310938 -58.743979 -71.234755 -67.339612 
-64.306504 -53.321926 -49.599216 -56.383797 -48.170768 -59.601244 -55.191371 -63.217127 -63.730250 -72.246457 -53.647247 -55.230444 -56.530648 -55.558067 -67.990200 -49.452708 -56.258983 -61.221099 -46.380690 -65.787518 -69.250411 -37.721155 -66.359726 -61.867136 -65.334689 
-67.887878 -61.022955 -49.381472 -55.595922 -62.785565 -60.128902 -54.629084 -53.162465 -62.493107 -62.969545 -54.209401 -55.266413 -68.495127 -54.824948 -64.587445 -48.669363 -57.167545 -48.192370 -61.613104 -66.298851 -63.231812 -56.955393 -66.193160 -72.248004 -66.103200 -69.124647 -62.688311 -60.595525 
-69.180563 -69.847252 -72.119768 -56.397825 -47.913170 -59.441366 -55.185335 -52.737489 -62.434166 -60.939987 -54.689251 -55.597014 -57.998104 -54.921878 -65.033657 -49.508209 -61.719365 -46.127372 -55.126650 -74.323995 -58.796272 -62.186536 -58.421808 -50.341775 -61.158060 -50.570660 -55.035834 -63.430474 
-64.779804 -68.551826 -61.110458 -56.397825 -59.673784 -59.348212 -58.357116 -72.250625 -49.249892 -67.686806 -55.009454 -55.954399 -67.658524 -54.734721 -53.109867 -49.854923 -51.608905 -47.400715 -55.718166 -68.433588 -64.316165 -62.309130 -56.732319 
-54.971554 -44.310597 -59.125172 -56.225721 -54.240854 -59.604003 -58.361077 -55.593751 -48.048814 -53.129585 -54.908915 -72.383157 -60.229270 -58.863971 -53.043569 -52.936453 -58.887939 -47.668560 -61.780350 -72.259646 -48.707906 -69.496107 -57.371666 -70.439111 -50.999548 -65.188794 -62.314906 -62.852709 -48.511428 -57.248911 -58.974022 
-56.090215 -43.662924 -47.302765 -56.398349 -56.966830 -58.938861 -63.008592 -55.790598 -60.005549 -58.304117 -54.925308 -73.676662 -61.058417 -52.127934 -53.535063 -60.696362 -48.977299 -65.987243 -42.424215 -58.175047 -61.012792 -64.615946 -72.272193 -65.364294 -60.344873 -72.104743 -72.476563 -42.145915 
-56.120905 -42.766702 -61.182375 -63.383951 -56.197444 -58.529192 -64.294647 -49.505045 -48.343944 -56.405705 -54.516311 -69.223989 -65.464266 -52.668861 -53.912185 -66.241402 -65.804421 -70.744978 -43.293514 -56.211077 -48.562839 -54.029770 -64.448741 -57.974052 -62.773628 -73.836709 -60.213919 
-55.660966 -43.757557 -55.840198 -58.168461 -56.254095 -58.442348 -64.217451 -71.794381 -49.399201 -56.101772 -53.903418 -54.325853 -58.134113 -53.665418 -54.687262 -65.636545 -47.751290 -57.589429 -63.489675 -50.716743 -63.478894 -63.330658 -48.730305 -66.606100 -73.352710 -73.415237 -72.381188 -40.995400 -57.133056 -66.644715 -66.370988 -60.325535 -64.246826 -63.873221 -48.588425 -48.002658 -65.635933 -48.492493 -72.268784 -61.276410 
-55.505096 -60.265635 -55.756779 -37.098026 -68.015122 -58.729571 -46.729341 -59.473930 -50.282974 -64.697440 -53.291650 -55.687335 -53.796934 -53.376101 -58.630781 -71.920648 -48.227535 -57.589429 -46.971023 -55.752366 -65.609331 -51.425245 -58.987885 -66.374075 -72.514333 -68.181560 -60.163863 -46.517412 -47.604654 
-55.259915 -52.446984 -55.466277 -38.186163 -65.816380 -58.762013 -46.793377 -65.065279 -50.688842 -63.417896 -53.187169 -67.347553 -54.753780 -51.378370 -48.844932 -56.563306 -48.329626 -57.589429 -62.029265 -61.549923 -70.683531 -55.391184 -49.082859 -57.159071 -47.185184 -72.654751 -67.118090 -68.949489 -61.918135 -71.249663 -55.179229 -59.393005 
-55.404951 -71.406191 -55.466618 -38.141925 -64.597849 -58.516621 -46.810645 -62.542252 -49.990391 -68.584361 -55.177858 -62.184873 -54.694952 -61.254941 -63.994962 -46.910536 -60.493397 -57.652897 -57.511696 -65.390402 -66.487300 -67.083178 -39.281087 -48.937297 -64.109112 -49.776646 -53.358640 -69.644620 -62.924839 -47.438678 -67.135215 -56.415390 -61.454935 -70.585580 -61.089019 -58.211413 -61.480278 -73.918605 -56.260969 -62.731343 -62.130697 -39.714764 -48.741758 -40.503907 -51.115888 
-55.594465 -58.377668 -55.662912 -39.385636 -72.892953 -58.526473 -45.832448 -69.343250 -50.825111 -73.041409 -50.657685 -64.755982 -55.281585 -57.080960 -55.536087 -49.627217 -59.329024 -58.680743 -56.518975 -70.651537 -47.115812 -50.760193 -69.190718 -48.188987 -63.870288 -68.643945 -65.823690 -46.350925 -55.061692 -57.457420 
-55.595253 -70.125582 -55.449532 -38.998065 -48.040739 -58.526473 -45.201556 -53.936442 -70.827726 -66.393049 -50.728689 -67.366293 -54.893826 -67.797143 -66.022561 -50.714611 -68.533656 -61.050568 -46.889357 -57.306143 -74.806809 -59.835493 -63.336451 -59.336996 -56.451622 -58.372510 -69.285576 -49.641229 -69.278526 -39.145696 -62.958319 -51.571837 -73.831568 -57.957344 -46.698814 -45.746717 -62.867456 -72.686812 -67.584840 -53.357536 -71.214995 -56.441878 -61.999921 
-55.661326 -69.990959 -55.370349 -39.224198 -49.329228 -58.370331 -45.713277 -55.491812 -60.882587 -47.870669 -50.277969 -60.530812 -55.979911 -47.123887 -62.172584 -51.387867 -56.186550 -63.281852 -56.009353 -57.306143 -66.794191 -64.056747 -68.825170 -62.058205 -47.323499 -64.312434 -48.587790 -68.962741 -39.028624 -68.896786 -47.938783 -41.777660 -55.821140 
-55.673310 -66.819109 -55.713324 -39.273263 -59.836906 -59.085854 -70.630602 -55.088242 -65.021515 -47.986468 -49.471682 -48.853497 -46.605314 -64.072313 -67.465848 -61.237905 -47.826487 -61.347377 -56.687206 -56.980725 -46.775081 -63.273281 -39.319412 -64.195228 -39.989748 -60.861620 -49.870631 -66.670857 -61.831664 -71.699834 
-55.673310 -67.733416 -55.713324 -69.698200 -50.582236 -60.664465 -51.640472 -54.569126 -64.351785 -50.568199 -59.964076 -75.040634 -41.531634 -61.257201 -59.211875 -61.361526 -48.988888 -65.674818 -56.587786 -57.041304 -64.756409 -67.008383 -72.887056 -70.766026 -65.765206 -59.923466 -59.983784 -75.772590 -66.834238 -74.367067 -59.217969 
-55.673310 -57.811975 -55.700947 -42.267465 -49.668981 -61.122961 -56.373571 -55.626962 -57.422886 -49.693641 -55.580719 -67.704262 -65.401778 -63.132136 -59.008605 -64.258810 -64.206040 -68.391972 -59.236770 -57.241075 -51.107777 -59.849338 -60.047534 -64.045253 -47.826704 -61.993098 -57.387275 -73.216885 -67.411169 -61.312623 -64.604797 
-55.556162 -56.405030 -55.534845 -41.499695 -49.987242 -50.728388 -55.956461 -55.423239 -68.441431 -67.114936 -55.225387 -67.257163 -61.932004 -66.003554 -57.965977 -65.161389 -64.110022 -66.330342 -66.105432 -56.953515 -52.587487 -63.561088 -46.863706 -56.218184 -60.876644 -63.314224 -62.752485 -60.990211 -66.096551 -58.541715 -58.746167 -60.366349 -68.374910 
-55.720113 -69.951131 -55.161410 -56.706926 -50.683381 -50.669673 -58.543597 -55.331636 -66.317992 -54.255875 -55.235966 -60.498073 -66.299362 -53.968456 -58.326624 -64.081771 -67.965623 -67.473300 -58.982771 -56.953515 -64.417304 -57.595299 -46.375536 -63.727919 -68.495953 -54.268065 -53.423577 -64.130189 -69.305064 -65.778555 
-55.928790 -57.644199 -54.290845 -65.020422 -50.665006 -49.787039 -56.792102 -54.219872 -74.100971 -68.478273 -55.231676 -46.173184 -53.157480 -60.301337 -58.540048 -64.931555 -63.553706 -59.560628 -53.348857 -56.938787 -42.337126 
-55.255681 -53.889968 -60.203305 -73.417813 -67.026982 -63.026440 -65.093152 -52.973458 -36.774679 -67.377626 -55.367595 -46.765641 -53.954473 -54.791006 -58.049329 -48.621059 -57.644929 -65.268051 -59.156112 -56.938787 -65.968644 -49.157818 -60.876226 -69.617755 
