-71.161067 -47.966523 -55.661664 -56.091755 -49.122284 -54.354405 -57.408099 -50.397406 -59.753736 -41.117839 -66.152840 -70.711929 -61.568598 -67.799176 -46.292392 -54.273664 -68.739493 -47.225411 
-56.445371 -47.141562 -54.124679 -56.091755 -47.948877 -54.354405 -56.937697 -50.399477 -60.003922 -69.233092 -66.067490 -39.123333 -69.003130 -54.644995 -68.009572 -52.571857 -75.347230 
-69.728569 -41.160524 -46.283912 -56.114984 -48.481428 -54.165801 -56.936825 -50.177236 -50.960915 -55.423308 -63.558978 -63.673386 -72.177704 -67.122936 -59.010957 -53.018899 -72.673680 -45.693648 -70.765586 -45.657966 
-46.134749 -63.064493 -69.161915 -56.114984 -48.033604 -54.734065 -57.675756 -50.079873 -74.043806 -58.883432 -47.418404 -67.429963 -54.788638 -50.407191 -70.455680 -62.173853 -72.883795 -73.855253 -64.926550 -67.929687 -65.291908 -48.550197 -66.812869 
-46.968376 -62.295606 -53.656468 -56.114984 -74.290402 -54.695493 -57.956355 -50.079873 -64.178133 -67.727727 -49.370215 -60.395733 -54.841765 -46.794900 -63.631713 -67.232708 -67.908198 -63.061797 -52.487053 -63.323320 -73.215406 -70.881207 
-45.662539 -51.908888 -63.407130 -56.089946 -54.136131 -69.266860 -57.623613 -50.166369 -60.688447 -72.252392 -49.447601 -55.292432 -61.141253 -60.797086 
-74.725944 -47.797437 -73.036005 -56.302971 -54.268763 -41.314493 -57.315426 -50.281026 -67.019893 -68.243103 -49.379261 -54.306420 -59.738306 -62.028270 -50.489339 -74.138286 -65.964211 -50.400258 
-45.589138 -63.677116 -67.402903 -56.302971 -54.092521 -62.508466 -57.483953 -50.281026 -41.174505 -73.845418 -49.180279 -55.294434 -59.727323 -64.414955 -66.368137 -66.965154 -65.069083 -61.144108 -73.715355 -65.328275 -46.677585 
-46.710268 -36.190551 -54.449040 -56.326079 -54.092521 -65.870729 -57.643458 -50.281026 -50.322114 -67.783486 -47.983193 -70.218283 -59.434470 -64.792388 -62.743567 -63.115933 -64.462918 -63.567393 
-46.482233 -60.503692 -54.437246 -56.326079 -54.092521 -69.341771 -57.804118 -50.361781 -52.921806 -72.448802 -47.975679 -35.480473 -47.030017 -71.993407 -70.135465 -62.387769 -62.433223 -46.648856 -65.878522 -49.323569 -68.739875 -71.224498 -64.352542 -68.714156 -67.830617 -61.883089 -62.239527 -61.175605 
-60.863483 -61.327384 -49.677732 -56.320743 -54.028839 -63.679075 -57.585144 -50.502745 -54.073852 -39.810472 -48.847888 -61.501891 -42.033748 -63.267503 -68.675155 -53.873762 -74.884588 -65.743421 -66.984938 -66.832314 -70.722603 -66.320429 -64.364817 -62.914573 -61.978351 -63.901533 -60.912834 -73.029047 -73.701202 -61.067986 
-41.223480 -63.369414 -51.427999 -56.320743 -54.028839 -60.335379 -56.709889 -50.502745 -70.771080 -65.174979 -49.801105 -43.917175 -67.878231 -60.663688 -60.527076 -62.371970 -68.555216 -68.758151 
-69.410852 -61.921174 -47.528274 -56.325927 -54.028839 -60.253653 -57.396796 -50.585839 -60.318174 -47.523290 -48.724349 -63.238737 -41.973223 -60.868208 -73.963053 -64.710434 -68.529052 -71.332175 
-61.297672 -62.353337 -72.056825 -56.325927 -54.028839 -59.776929 -57.339467 -50.589075 -59.907033 -64.095590 -49.946252 -47.172451 -41.872157 -45.229837 -66.944296 -64.954218 -59.021626 -47.190217 -38.931142 -64.823649 -62.663084 -62.687974 -65.711682 -75.716201 
-61.785079 -61.525928 -47.263449 -56.325927 -54.078894 -60.347249 -56.931344 -50.569026 -60.594998 -70.218633 -60.553242 -37.831819 -44.124684 -69.770782 -49.618420 -66.246408 -63.516627 
-65.713374 -64.046021 -47.511771 -56.344853 -54.078894 -60.009116 -57.217369 -50.491183 -60.390531 -68.425754 -65.532308 -60.813858 -46.135632 -69.676968 -48.747078 -64.530453 -74.013300 -35.466028 -46.690996 -48.102902 -64.913508 
-66.561720 -64.659396 -47.606804 -56.309554 -54.078894 -59.995662 -57.146665 -50.581954 -60.452747 -68.985425 -73.480911 -36.972988 -49.065991 -63.644886 -62.966667 -69.471393 -47.536620 -47.403805 -67.952897 -63.429026 -40.169410 -64.041707 
-65.286544 -69.872562 -53.595163 -56.309554 -53.599462 -62.579858 -57.313166 -50.581954 -60.638080 -66.303602 -63.196649 -35.884211 -46.721163 -61.510543 -52.105138 -68.402590 -67.053272 -46.208843 -40.830041 -68.165215 -66.476330 
-65.321674 -47.548024 -66.649114 -56.309554 -54.096467 -65.002112 -57.075765 -50.650652 -60.529219 -62.082973 -70.092707 -39.671313 -46.821750 -69.145850 -52.233696 -51.614656 
-49.234027 -48.176903 -66.501186 -56.309554 -54.096467 -63.126188 -56.969068 -50.708452 -59.005415 -71.473160 -59.679299 -45.832208 -46.584068 -71.770097 -64.110071 -67.175985 -67.905118 -70.556616 -63.072336 
-55.590315 -48.944276 -67.495328 -56.309554 -54.135282 -45.951871 -57.058735 -50.846732 -60.790281 -42.072111 -61.836735 -50.786345 
-65.114194 -48.334107 -49.293393 -56.418737 -54.135282 -46.117175 -57.288925 -50.653756 -60.195293 -56.662977 -53.204531 -69.679799 -40.728393 -39.013969 -72.501256 -52.540748 -43.299794 -55.655935 
-50.714363 -67.844250 -49.950236 -56.418737 -54.562855 -47.080523 -56.867104 -50.759584 -58.973678 -55.298970 -73.051381 -65.213368 -62.580383 -56.017136 -66.565981 -66.026618 -72.163624 
-60.576610 -55.953229 -49.894697 -56.418737 -54.648050 -47.579898 -57.112009 -50.585476 -59.734874 -64.246341 -65.512734 -53.299857 -62.795861 -56.615993 -62.841696 -39.806356 -49.028497 -73.390546 -63.372785 
-57.474346 -55.507208 -50.225164 -56.524632 -54.648050 -61.069794 -69.034308 -50.676502 -64.880219 -67.956383 -64.112676 -66.065502 -53.248298 -56.902777 -70.086236 -68.648198 -59.594456 -48.237389 -61.743707 -72.999045 -67.109628 -61.847055 -68.678635 -61.637463 -66.177691 
-57.027331 -55.904326 -49.988353 -56.524632 -54.675757 -61.140156 -59.295229 -50.868686 -64.122969 -67.579704 -62.133827 -62.781916 -52.602109 -63.363832 -56.484321 -62.110637 -68.609708 -70.478596 -47.382839 -64.999197 -64.071399 -60.247148 -36.370383 -64.171286 -41.869106 
-57.005006 -55.106922 -50.202517 -56.635083 -52.348026 -65.369582 -54.550667 -50.954605 -61.055002 -60.192815 -57.291236 -47.357407 -65.467324 -71.857922 -67.387562 -64.504070 -65.760649 -66.064362 -67.631957 
-57.012502 -54.588966 -48.947350 -56.635083 -69.330321 -63.835732 -54.269797 -50.871606 -60.919696 -52.683340 -62.243084 -62.297985 -61.851548 -39.249404 -48.490325 -36.874724 -75.749193 
-57.139527 -70.347290 -47.950375 -56.635083 -54.996172 -66.916209 -54.269797 -50.237404 -65.323853 -51.158064 -62.563018 -73.162486 -61.728329 -36.124712 -62.114465 -66.236253 -60.791663 -65.955928 -61.308975 -62.607847 -46.153790 -61.969916 -42.331635 -49.892352 -51.479037 
-57.206290 -75.106251 -47.379836 -56.635083 -54.950548 -62.091766 -64.225298 -50.542257 -58.942169 -53.649375 -42.759481 -45.561753 -66.332007 -64.205022 -66.403429 -62.030291 -54.149575 -65.772097 -75.711572 -70.170020 -73.094288 -45.447926 -49.184534 -62.733156 -48.771244 -45.954443 -69.404911 
-57.545435 -54.498262 -46.910943 -56.465941 -47.290188 -69.402056 -49.279357 -50.539221 -42.408007 -63.441153 -50.892230 -65.361463 -61.481736 -62.400668 -72.235576 -62.390898 -54.337547 -37.900113 -60.455979 -50.108959 -61.004605 -62.513829 
-57.402127 -54.850805 -48.286860 -56.400011 -63.270969 -68.826989 -65.090949 -50.435096 -62.493235 -59.880251 -45.954768 -51.379808 -62.305869 -62.109892 -45.425216 -36.899928 -54.759779 -41.000808 -60.645937 -65.421424 -62.798804 -61.474083 -61.471112 -49.326077 -65.075512 
-57.198311 -55.433083 -49.020600 -56.471792 -73.098175 -71.827552 -47.563425 -50.435096 -37.297563 -67.331649 -54.434183 -53.188062 -58.897694 -67.620005 -45.615299 
-57.269318 -55.107872 -48.591414 -56.471792 -68.275165 -65.796882 -65.746131 -50.479909 -71.214405 -59.736589 -54.243174 -44.115906 -60.276604 -47.641353 -40.014833 -67.322587 -63.497724 -63.427708 -63.757065 -70.069844 -52.266429 -63.706385 -62.718220 -62.459615 
-57.238468 -54.810967 -49.679018 -56.471792 -58.451005 -62.684084 -67.006282 -50.337247 -46.984759 -64.470895 -54.176453 -36.570234 -60.795176 -59.107362 -68.092197 -71.025526 -68.496219 -70.571344 -62.767696 -67.582580 -71.141796 -61.547652 -72.460185 
-57.429037 -54.774995 -49.304482 -56.471792 -58.699116 -46.394676 -43.511497 -50.385457 -47.434624 -60.559530 -54.380479 -35.524705 -47.038706 -59.603922 -61.095009 -64.518041 -66.074652 -66.662505 -71.074158 -64.509429 -68.987609 -62.514690 -69.355954 -66.567947 
-57.296985 -54.568265 -49.638441 -56.471792 -45.449957 -64.697983 -62.115571 -50.385457 -67.421218 -61.356067 -54.380479 -59.637458 -65.687426 -70.061284 -42.392396 -66.236904 -68.480287 -62.847872 -62.206919 
-57.493994 -54.598173 -49.369728 -56.471792 -73.051256 -70.378494 -74.606895 -50.385457 -43.780958 -61.340292 -54.515507 -58.115031 -61.662241 -67.790794 -63.613410 -67.020004 -47.109801 -68.519997 -66.253445 -67.101012 
-56.910895 -55.813006 -49.959822 -56.471792 -74.234462 -49.844506 -61.820692 -50.286933 -47.492270 -65.765060 -54.515507 -59.712849 -62.292771 -68.587123 -70.973152 -65.430470 -70.680842 -62.732404 
-57.422813 -54.515507 -49.799909 -56.458822 -64.015174 -60.325481 -62.376654 -50.286933 -46.297710 -55.409603 -72.906241 -61.709059 -52.647237 
-57.394654 -54.626452 -48.523854 -56.465462 -61.284438 -50.353791 -59.790737 -50.286933 -46.606185 -55.154747 -70.805218 -65.207876 -63.246276 -71.456797 -61.725013 -66.856792 -64.154863 -71.552892 -61.796303 -62.950347 
-57.644921 -54.626452 -46.594378 -56.465462 -61.120024 -60.426855 -47.529450 -50.628503 -46.193189 -52.077397 -72.656577 -53.885642 -54.995892 -67.092470 -69.833367 -70.648942 -70.200042 -67.047605 -72.279925 -68.156540 -64.863428 -36.668731 -62.725681 -66.043344 -62.803352 -68.624826 -68.537066 -59.320545 -69.437124 
-57.227345 -54.626452 -47.793773 -56.397636 -60.640350 -69.769506 -63.901180 -50.661195 -71.876707 -54.827718 -63.023325 -70.181839 -66.371261 -67.322263 -37.428519 -63.767468 -45.817266 -50.952927 -67.486931 -61.418676 -67.455418 -45.602386 
-57.370656 -54.373101 -67.837955 -56.397636 -61.751464 -63.289920 -68.791136 -50.401864 -64.571401 -54.707248 -51.473065 -60.662930 -69.800514 -65.887555 -40.433952 -47.599223 -43.857320 -51.547905 -46.214656 -66.587492 -47.741421 -59.442268 -65.078808 -69.077110 
-57.328835 -54.102699 -67.098323 -56.397636 -60.102059 -74.523720 -43.587674 -50.809042 -50.530895 -54.974856 -50.384883 -60.447597 -46.912082 -66.138456 -41.544591 -68.820526 -49.922378 -49.037501 
-57.342596 -53.498109 -68.239594 -56.671071 -41.715275 -41.992503 -50.514500 -51.288752 -51.108950 -55.483271 -52.697811 -60.334859 -49.839217 -67.815227 -69.754403 
-57.196282 -53.763753 -68.046205 -56.671071 -41.723231 -50.858103 -48.869289 -51.288752 -60.768644 -53.886056 -46.300944 -60.531411 -66.362183 -60.398195 -71.195172 
-57.196282 -54.015724 -72.940961 -56.671071 -66.711686 -50.887923 -49.300383 -51.288752 -54.101872 -67.083690 -45.692581 -59.350569 -62.064994 -61.337709 
-57.271623 -53.507854 -69.048606 -56.671071 -54.996208 -66.913379 -48.694342 -51.135739 -55.619454 -63.404884 -46.285509 -60.715437 -49.725177 -51.681196 -68.037324 -69.262538 -69.439813 -65.239631 -61.374205 -34.987615 
-57.131042 -53.684076 -63.261202 -56.627966 -48.896287 -51.995594 -47.424788 -50.917147 -53.977417 -50.128679 -45.883310 -59.441876 -69.761390 -73.077936 -64.962297 -62.585549 -69.370274 -62.020772 -63.993098 -75.329079 -59.960956 -63.790371 
-57.110926 -53.694249 -48.621674 -56.627966 -43.773540 -65.491456 -69.870121 -50.926073 -54.427491 -49.199588 -66.299630 -58.958142 -68.781823 
-57.214770 -53.694249 -63.722249 -56.499107 -37.206377 -39.448831 -68.926524 -50.984703 -54.155054 -50.001088 -64.717000 -59.228331 -65.677879 -46.423949 -63.792909 -74.333095 -61.356890 -45.417093 -64.536844 -60.034398 -68.776844 -52.753132 -48.453609 -61.613846 
-57.271815 -54.063655 -47.880778 -56.499107 -73.830300 -39.316540 -51.024977 -50.916176 -36.917508 -61.152788 -42.132364 -59.901275 -54.439964 -65.415773 -48.288553 -64.521409 -40.315759 -67.887198 -63.495145 -74.032687 -62.362102 -72.576294 -63.899080 -47.921547 -50.355189 
-57.069822 -53.900857 -50.562651 -56.499107 -68.033359 -42.173898 -65.864130 -50.963776 -67.907357 -55.816999 -48.745487 -59.953107 -38.496501 -75.460770 -40.845826 
-57.181414 -53.626151 -65.503327 -56.556874 -75.240799 -43.031411 -55.652483 -50.976707 -62.455507 -75.564517 -48.742538 -60.447420 -40.691094 -63.166688 -73.050777 -64.339390 -61.850666 -61.159617 -51.744667 -73.797225 -51.507235 -66.960841 -68.214751 -65.493233 -53.950474 -67.477060 -40.937789 
-57.181414 -53.950474 -51.956176 -56.602288 -66.301557 -67.855244 -54.147942 -50.976707 -67.179703 -65.551209 -61.539411 -60.763912 -41.274329 -49.099643 -34.934569 -63.791686 -68.763100 -42.864042 -48.373629 -62.241561 -62.954053 -46.602746 
-57.134948 -53.839610 -49.863909 -56.602288 -46.277529 -61.708143 -54.187109 -50.934015 -61.823033 -65.698304 -60.276216 -71.019999 -62.685528 -49.939869 -68.896937 -70.392664 -74.733776 -58.319383 
-57.120766 -53.857171 -66.749706 -56.602288 -60.473915 -65.236277 -55.399071 -50.868390 -49.717961 -70.027349 -63.963883 -39.241327 -44.991551 -50.437822 -68.029905 -47.956964 -57.655533 
-57.429009 -54.135789 -51.902766 -56.208152 -58.699529 -63.953708 -55.004920 -50.868390 -47.825519 -62.997442 -65.210833 -40.402312 -42.887787 -66.838082 -68.250285 -65.262586 -65.645758 -64.381820 -42.008495 
-57.138566 -54.135789 -50.292604 -56.208152 -54.635152 -49.286748 -64.498988 -50.868390 -49.059141 -65.842977 -43.215208 -61.610932 -59.569941 -65.618200 -55.792331 -67.113341 -69.002411 -45.928109 -43.106498 -69.312616 
-57.380558 -54.412292 -51.507645 -56.208152 -39.578932 -67.252650 -65.872532 -50.868390 -49.273851 -68.978582 -47.233528 -43.552436 -60.530430 -62.043889 -55.654403 -64.993516 
-57.909993 -54.412292 -61.670912 -56.208152 -38.401180 -51.271354 -65.308282 -50.868390 -49.070114 -63.810942 -47.307799 -63.596513 -60.463723 -70.961965 -54.528988 -67.678619 -53.774138 -67.692849 -63.213708 -70.864501 -68.104774 
-57.412900 -55.006077 -61.421504 -56.208152 -71.049672 -64.420025 -47.812635 -50.116842 -49.052655 -36.504353 -50.883628 -47.568325 -68.431532 -60.341414 -55.264444 -68.462940 -59.999562 -46.571404 -63.759874 -61.703864 -49.762659 -66.523950 -62.008588 
-57.510380 -55.006077 -71.925498 -56.208152 -46.601478 -61.477095 -63.087694 -49.899764 -64.242392 -39.131666 -69.140827 -66.635270 -62.829199 -51.969891 -55.173172 -47.648134 -46.720297 -49.115749 -61.064513 -49.924190 -48.466925 -39.329846 -48.255001 -61.612950 -61.783009 -65.734015 
-57.039385 -55.006077 -64.539576 -56.208152 -61.268793 -61.145714 -74.057678 -50.425919 -64.486280 -51.706476 -63.241660 -47.216012 -48.632970 -39.651163 -56.075274 -64.822414 -63.116727 -66.335957 -66.281569 
-57.362674 -54.834837 -67.932469 -56.208152 -61.429025 -61.110972 -66.341094 -50.425919 -53.166282 -51.962069 -45.832601 -63.819030 -48.596444 -70.362027 -54.894626 -40.116708 -65.688532 -69.033128 -71.000338 -64.576074 -47.237805 -62.352645 -53.047795 
-57.436002 -54.378292 -68.939727 -56.208152 -66.712176 -63.366654 -68.948337 -50.418498 -53.253852 -45.892371 -60.269736 -36.015258 -49.456446 -63.622351 -54.805846 -74.191190 -60.106295 -48.163843 -40.455719 -65.436603 
-57.436002 -54.751964 -59.400261 -56.060615 -49.199015 -46.434210 -69.016425 -50.418498 -39.281111 -68.627549 -64.771129 -55.356811 -51.360067 -68.477780 -68.064524 -67.327912 -67.240027 
-57.501757 -54.645646 -68.532087 -56.060615 -49.192717 -42.341608 -65.614804 -50.464439 -50.318063 -65.704414 -50.152191 -54.901024 -61.825642 -35.434562 -72.654957 -67.104323 -61.039766 -67.641360 -62.948031 -49.900476 -41.371757 
-57.466719 -54.645646 -66.465783 -56.060615 -47.954282 -71.052945 -71.407543 -50.500121 -35.276800 -50.509550 -65.669449 -54.561063 -60.250356 -66.119796 -65.149241 -46.554312 -69.549790 -69.776284 -47.826627 
-57.548018 -54.312294 -47.871631 -56.060615 -65.100429 -47.542315 -71.496034 -50.459599 -66.078725 -61.364291 -36.395021 -70.423032 -59.422394 -62.944082 -53.123759 -67.247746 -63.068544 -67.869448 
-57.473288 -54.040033 -47.489778 -56.060615 -54.791955 -46.171160 -68.855626 -50.510138 -71.812491 -65.008948 -40.527497 -62.700827 -49.377084 -60.496099 -53.063431 -64.863629 -47.908389 -68.409887 -61.056222 -62.592989 -67.186522 
-57.076890 -54.149681 -50.384672 -56.060615 -54.748599 -46.583781 -72.787788 -50.860235 -71.356120 -47.517761 -59.256168 -64.088681 -47.734025 -70.592044 -67.004529 -65.498831 -60.830623 -63.792950 -62.074202 -74.249857 
-57.285895 -54.138585 -50.418201 -56.060615 -54.837028 -44.891813 -60.102102 -50.815878 -64.650836 -47.006445 -60.364010 -65.778424 -65.837839 -46.635689 -40.774931 -46.441729 -66.856939 -64.452629 -68.219986 -67.978638 -66.058109 -65.440613 -45.655588 -69.012675 -61.494547 -67.975662 -74.325098 -67.939804 -69.102453 -72.942115 
-57.449879 -54.138585 -65.921292 -55.782392 -61.017060 -46.818116 -63.397123 -50.575046 -64.930511 -68.999222 -61.212159 -68.593368 -60.841117 -52.122080 -65.044722 -68.900898 -65.190306 -40.044475 -66.234528 -66.223656 -64.219976 -47.460196 -62.581793 -67.789196 -63.594213 -72.402289 -67.276081 -63.220880 -69.114390 -65.838462 -63.690416 
-57.225385 -54.138585 -55.262381 -55.782392 -61.372461 -68.761682 -66.338761 -50.623285 -66.755509 -73.868887 -60.776013 -51.732300 -60.357137 -46.752169 -47.656629 -63.442964 -68.672235 -63.822000 -62.063153 -36.899466 -53.001617 -68.971832 -64.477140 -63.661532 -60.609981 -62.838778 -68.584684 -52.143042 -70.460783 -71.271355 -67.450012 
-57.045099 -54.379187 -39.852430 -55.782392 -68.428206 -67.372811 -51.466016 -50.606938 -71.031123 -66.925385 -61.019989 -61.247785 -60.910588 -45.708701 -47.733261 -66.031091 -63.601354 -42.734611 -68.223735 -65.378154 -67.991829 -62.344432 -53.654169 -50.826567 
-57.460780 -54.379187 -38.366044 -55.732120 -63.081968 -51.922459 -60.132679 -50.606938 -48.067326 -68.545847 -49.711583 -61.411758 -65.776207 -71.988093 -66.863247 -62.879062 -68.235004 -63.555784 
-57.542747 -54.665788 -71.010873 -55.732120 -47.410976 -60.499538 -64.234450 -50.507600 -45.713265 -46.431533 -41.550934 -53.456071 -51.163281 -65.924215 -72.411320 -67.678317 -70.551132 -47.406890 -66.631374 
-57.378476 -54.665788 -62.549658 -55.844655 -46.392601 -60.831166 -67.805673 -50.507600 -50.804638 -65.710505 -44.216862 -66.990354 -65.773151 -62.320545 
-57.362774 -54.665788 -65.970682 -55.844655 -46.392601 -59.886934 -69.649847 -50.427864 -54.485230 -50.525787 -43.451208 -64.572888 -61.809668 -64.285222 -69.949752 -47.704981 -65.149588 -48.244304 -71.287078 
-57.528874 -54.588789 -61.706661 -55.844655 -46.481264 -61.504934 -59.697187 -50.427864 -68.348693 -50.681309 -43.260911 -68.943204 -53.807823 -65.039111 -66.877221 -72.812926 -48.599420 -63.438834 -73.628646 -69.274767 -46.001199 -71.784713 -48.818249 -60.695471 
-57.344223 -54.588789 -63.560695 -55.844655 -46.375069 -72.539538 -61.242138 -50.427864 -47.596900 -72.200214 -70.216876 -66.168305 -50.565137 -59.632033 -67.054691 -64.022356 -40.029767 -71.401897 -73.679941 
-57.416991 -54.719766 -68.943898 -55.844655 -49.017218 -60.119136 -74.606806 -50.483313 -68.446400 -52.172595 -62.084393 -63.853986 -48.105348 
-57.374058 -54.750150 -65.271373 -55.844655 -50.111414 -60.305119 -46.096981 -50.745697 -65.934351 -51.997546 -64.854321 -65.263525 -41.894659 -68.056800 -66.676504 -65.990795 -62.672552 -46.346375 -63.650892 
-57.362264 -54.750150 -63.754925 -55.780735 -50.135920 -60.788909 -47.196027 -50.745697 -66.662994 -67.206957 -51.247213 -59.501542 -62.835070 -61.729615 -64.746260 
-57.374364 -54.750150 -65.651713 -55.780735 -49.926449 -69.504157 -45.461362 -50.745697 -66.321536 -65.488183 -50.973555 -70.562465 -53.006996 -61.725574 -59.325252 -71.331686 -61.176658 
-57.434632 -54.750150 -64.777801 -55.780735 -50.132731 -51.148137 -40.497362 -50.745697 -66.657350 -64.151545 -70.178369 -65.070170 -39.777051 -58.555995 -53.764732 -74.282542 -65.278483 -68.698338 
-57.275212 -54.750150 -64.561055 -55.650161 -49.170834 -66.970996 -73.717336 -50.745697 -68.033756 -62.445598 -50.475605 -70.344168 -41.068238 -58.779296 -64.707432 -60.738233 -69.399398 -64.662998 -39.502975 -47.921229 -70.944798 
-57.391829 -54.750150 -64.768092 -55.650161 -48.520474 -53.632005 -49.722951 -50.745697 -60.242592 -72.195534 -63.226711 -37.965705 -66.200450 -60.886967 
-57.510511 -54.750150 -65.976620 -55.650161 -72.267298 -50.324855 -49.057421 -50.745697 -68.279253 -63.497958 -64.201916 -45.773026 -69.469043 -59.159197 -63.974590 -36.061862 -64.399236 -72.600388 -51.561952 -64.583587 
-65.436687 -54.750150 -45.809119 -55.563178 -57.593558 -48.490754 -42.264252 -50.745697 -66.046075 -50.912232 -58.892003 -73.020222 -46.799523 
-69.711371 -54.995170 -46.612511 -55.563178 -57.540091 -48.823752 -58.826068 -50.963439 -51.829060 -66.354144 -70.794281 
-67.654810 -54.995170 -42.536844 -55.484161 -57.537722 -49.323250 -59.356198 -50.898674 -65.395161 -53.709017 -51.080641 -38.771971 -64.781541 -64.996727 -64.438171 
-66.119496 -54.995170 -47.488099 -55.484161 -64.156216 -48.776673 -59.474100 -50.976044 -71.561209 -67.045977 -50.030000 -35.934968 -51.337841 -57.468977 
-69.238469 -54.754676 -63.734486 -55.470215 -72.036668 -49.497475 -58.899473 -50.976044 -50.768786 -57.613648 -64.137478 -36.845124 -47.145881 -70.723735 -46.137080 
-51.009842 -54.754676 -73.825267 -55.470215 -48.440850 -50.050582 -60.347677 -50.933484 -66.888473 -57.584685 -63.806837 -67.116567 -69.042249 -67.640960 -69.655331 -72.265560 -68.936072 -67.497092 
-68.625834 -54.754676 -48.701944 -55.470215 -46.719167 -49.983847 -60.939008 -50.967963 -62.000696 -57.624729 -68.699751 -70.571364 -75.610118 -74.343442 -61.487371 -52.160858 
-48.102326 -54.754676 -49.349002 -55.555743 -64.097199 -63.763415 -61.021531 -50.928812 -42.907900 -57.507090 -71.302848 -48.167304 -67.060339 -52.808257 -66.211509 -71.285367 -46.248062 -49.401063 -49.185273 
-69.010006 -54.754676 -49.166655 -55.555743 -37.584522 -47.779922 -60.180430 -50.928812 -61.760808 -57.511927 -68.906708 -52.131454 -67.544332 -67.981715 -63.526688 -69.025915 -68.179672 -71.300287 -63.098893 -46.179750 
