-8.495052 -2.864307 -2.801561 -3.813271 -4.748915 -3.663628 -3.248728 -5.215257 -13.320222 -5.293269 -2.734818 -5.463532 -15.316430 -11.879772 -2.407310 -3.282196 -4.578017 -1.580597 
-2.833199 -2.176214 -3.383623 -3.813271 -5.020265 -3.663628 -3.385527 -5.247754 -13.107500 -5.853609 -2.970087 -13.227809 -8.395974 -2.723367 -10.972851 -2.873486 -6.079446 
-7.005094 -5.043859 -3.583990 -3.827277 -5.421643 -3.672562 -3.445856 -5.517901 -2.873254 -3.290590 -9.263014 -9.310432 -7.667388 -10.880249 -14.241947 -3.631119 -5.772778 -1.709968 -8.739044 -1.946055 
-3.814559 -9.815731 -11.039562 -3.827277 -5.246776 -3.653618 -3.331291 -5.495779 -6.909205 -15.386499 -4.798815 -7.911953 -3.404361 -2.363373 -8.488884 -14.185534 -6.411892 -6.943656 -6.933925 -11.327779 -5.732446 -5.155470 -6.050373 
-3.875959 -9.872511 -3.559092 -3.827277 -4.969814 -3.634812 -3.649216 -5.495779 -9.572285 -4.611634 -5.271671 -13.467609 -3.189768 -1.951991 -9.519588 -4.655530 -9.698080 -12.234407 -1.992778 -10.632241 -7.312320 -6.821125 
-2.739301 -1.721640 -4.106844 -3.760987 -3.624617 -7.568197 -3.478029 -5.377293 -11.792858 -7.460510 -5.144152 -2.703788 -13.551449 -14.233361 
-7.025907 -3.122383 -4.736334 -3.802951 -3.633686 -5.120130 -3.495948 -5.455106 -8.290167 -6.563804 -5.102333 -3.591246 -14.432991 -10.626523 -2.145510 -5.208254 -7.570073 -3.600672 
-3.079270 -11.835571 -12.500386 -3.802951 -3.626465 -8.070310 -3.414781 -5.455106 -5.319026 -7.453362 -4.956607 -3.475994 -14.357878 -4.460294 -3.844855 -9.533095 -4.049389 -12.201552 -7.408692 -4.607516 -1.700407 
-5.517864 -10.255008 -2.609362 -3.806031 -3.626465 -8.017135 -3.520851 -5.455106 -4.617326 -5.401217 -5.071198 -6.267216 -14.050047 -8.480450 -15.064665 -7.380747 -11.063891 -5.548327 
-1.910739 -13.633079 -3.016969 -3.806031 -3.626465 -9.253814 -3.726571 -5.288464 -3.797501 -3.855524 -5.215257 -7.793735 -3.841185 -5.059416 -7.109430 -9.574430 -5.152896 -1.385215 -8.825398 -3.597626 -5.483798 -8.533111 -4.295076 -12.398538 -9.705147 -12.920686 -11.947735 -8.889480 
-13.414494 -9.217233 -3.728084 -3.811954 -3.608471 -4.410730 -3.565879 -5.039779 -2.580900 -5.534796 -4.602603 -4.887883 -4.441958 -11.780400 -6.808614 -2.505926 -6.311724 -9.235913 -10.441333 -5.173281 -5.554982 -10.514998 -5.101855 -9.963294 -13.288133 -4.618036 -14.714802 -7.453362 -7.418447 -5.572526 
-21.900620 -5.676430 -2.632897 -3.811954 -3.608471 -6.676015 -3.705035 -5.039779 -5.024160 -6.481859 -4.646520 -3.641510 -5.005477 -6.216604 -13.712476 -12.714611 -7.850300 -3.781943 
-7.229609 -5.467466 -5.557472 -3.800056 -3.608471 -6.718116 -3.371959 -5.140125 -14.310425 -2.699355 -5.105228 -5.131792 -5.152558 -5.987685 -5.472250 -11.781381 -6.204278 -6.794200 
-5.425429 -4.913120 -7.716784 -3.800056 -3.608471 -5.906808 -3.405810 -5.122957 -14.562135 -5.749313 -4.831604 -4.688672 -21.780342 -3.373631 -8.778844 -9.203778 -4.080169 -4.118209 -6.235192 -10.645713 -7.933082 -4.083976 -10.975958 -5.510180 
-4.092668 -7.740241 -5.386692 -3.800056 -3.664673 -6.952382 -3.614190 -5.114366 -13.636723 -6.969904 -5.939560 -6.516173 -4.087615 -4.572051 -4.467557 -7.837746 -11.447918 
-9.734074 -8.648119 -5.131714 -3.821981 -3.664673 -6.335393 -3.519311 -5.217514 -13.694137 -10.196191 -5.455083 -4.044027 -4.279196 -4.744929 -4.599496 -8.212884 -5.958793 -8.247865 -4.797243 -4.749989 -11.627416 
-8.671940 -9.949317 -4.978316 -3.838384 -3.664673 -6.324207 -3.601268 -5.157486 -13.590753 -5.990173 -7.155514 -10.168321 -4.450647 -11.282390 -4.486986 -12.203151 -1.620030 -3.695249 -5.842202 -11.794404 -19.671726 -12.623842 
-8.052154 -5.957851 -2.604650 -3.838384 -3.789781 -4.151710 -3.406015 -5.157486 -13.070318 -2.435688 -9.700523 -9.615210 -2.518588 -15.324620 -2.993564 -11.726168 -5.207286 -6.588072 -5.595726 -10.451669 -7.167917 
-2.921239 -5.412074 -8.936806 -3.838384 -3.669480 -5.449544 -3.578312 -5.162587 -12.966065 -10.659145 -5.485081 -6.166859 -4.683916 -5.990981 -3.991987 -3.747468 
-4.109294 -5.285090 -7.738336 -3.838384 -3.669480 -10.219125 -3.670122 -5.075728 -14.651767 -6.847802 -4.753773 -2.724824 -4.425649 -4.332571 -4.961588 -7.667689 -3.508687 -8.479625 -13.981783 
-3.002374 -5.184118 -3.219502 -3.838384 -3.636824 -4.482995 -3.593693 -4.867874 -13.163953 -21.849485 -4.145615 -3.141821 
-9.247885 -3.383700 -4.712610 -3.883314 -3.636824 -5.505502 -3.683334 -5.013806 -14.530876 -3.544858 -2.831992 -8.996288 -20.123466 -6.705749 -6.414953 -1.702603 -22.666889 -3.267056 
-4.034837 -4.880624 -4.890000 -3.883314 -3.571765 -4.043924 -3.663528 -4.874914 -14.438191 -3.037410 -7.782928 -10.990824 -8.366666 -2.698119 -8.716905 -7.897659 -8.372340 
-3.448481 -3.290893 -4.925056 -3.883314 -3.561739 -3.037147 -3.617450 -4.915431 -13.942181 -9.535387 -6.657900 -2.364835 -15.085149 -3.411480 -7.441418 -5.630800 -4.555263 -4.871061 -7.082582 
-3.660277 -3.490852 -4.741219 -3.884693 -3.561739 -10.082191 -4.569700 -4.886908 -7.170303 -6.938837 -3.879697 -8.185330 -3.483122 -3.394624 -8.518214 -9.594591 -15.092708 -3.832040 -10.027453 -4.392140 -6.820606 -13.110989 -11.448872 -13.015760 -5.066873 
-3.625647 -3.507109 -4.778064 -3.884693 -3.504317 -8.896867 -3.226449 -4.666645 -7.254296 -9.749442 -11.478957 -12.079133 -2.098777 -15.499272 -3.603526 -15.402926 -7.885357 -5.297818 -2.568905 -8.544539 -9.140378 -14.394331 -9.376181 -5.878321 -5.161686 
-3.759602 -3.289532 -4.415448 -3.892280 -3.005138 -4.777677 -3.522503 -4.585176 -9.851635 -12.834921 -3.313851 -2.096601 -11.461475 -4.776530 -10.510331 -5.681907 -7.677189 -5.478752 -8.645224 
-3.797755 -3.454443 -4.718486 -3.892280 -11.764550 -10.110528 -3.502932 -4.718443 -12.368259 -2.878880 -15.075458 -15.306593 -9.183512 -13.237989 -2.569809 -7.389664 -5.663084 
-3.753517 -6.450311 -5.138933 -3.892280 -3.315961 -5.921984 -3.502932 -5.236988 -4.260032 -1.224660 -12.750228 -7.032859 -5.667565 -8.326372 -8.729156 -6.277243 -14.327732 -6.356257 -11.501215 -12.665480 -1.267233 -6.311212 -22.952784 -2.174946 -2.338488 
-3.720701 -6.368478 -5.228486 -3.892280 -3.081522 -8.135094 -10.046686 -5.094547 -14.686013 -2.949937 -22.333265 -2.499622 -7.706593 -9.777861 -7.747021 -15.288332 -3.560267 -8.399571 -6.427428 -9.333765 -6.583723 -1.972181 -3.158938 -13.261779 -4.593907 -5.077122 -12.797594 
-3.628822 -3.492301 -6.120857 -3.868061 -4.384617 -10.945807 -2.808047 -5.162245 -4.211603 -10.199870 -4.372589 -3.653270 -4.846572 -13.723051 -7.675313 -5.529701 -3.590945 -11.868348 -13.794784 -4.027324 -7.451314 -10.593160 
-3.731539 -3.352899 -4.855986 -3.844656 -10.373391 -4.685532 -7.039502 -5.127729 -4.067163 -13.664257 -2.049641 -2.244246 -8.437636 -11.372783 -2.630562 -10.060479 -3.499487 -21.345240 -14.769002 -4.258552 -4.372536 -14.510092 -6.272640 -1.773297 -6.951824 
-3.638163 -2.778501 -4.587709 -3.836636 -7.301305 -8.094795 -3.318740 -5.127729 -10.597884 -3.512601 -3.530116 -3.384843 -14.337545 -2.921350 -3.576632 
-3.592994 -2.296461 -4.923638 -3.836636 -5.448354 -6.782044 -4.776445 -5.150078 -8.972470 -13.922985 -3.593339 -3.837005 -12.339719 -5.169522 -19.303545 -7.470432 -8.548164 -10.524405 -9.088564 -7.779548 -2.675386 -4.772745 -6.169508 -12.305165 
-3.666562 -3.342532 -4.890254 -3.836636 -15.103034 -9.005549 -10.958005 -5.260223 -4.247415 -10.804774 -3.536380 -10.360649 -12.490814 -14.362493 -7.381608 -7.247935 -10.035653 -8.974383 -9.270563 -10.202976 -7.122316 -14.097267 -7.345340 
-3.681883 -3.245888 -4.813016 -3.836636 -14.968857 -5.845004 -4.191727 -5.326355 -4.422774 -3.926350 -3.604151 -8.264711 -1.727928 -13.576346 -9.712014 -8.739844 -8.843567 -2.740198 -6.969344 -8.776081 -12.029751 -7.765556 -5.116867 -11.360228 
-3.764520 -2.892935 -4.951552 -3.836636 -2.781827 -10.895704 -10.485952 -5.326355 -11.851486 -14.881718 -3.604151 -14.007867 -6.157809 -8.783498 -4.852412 -6.297134 -5.073301 -12.737844 -11.374385 
-3.614169 -3.487682 -4.818963 -3.836636 -5.336965 -6.705806 -6.861754 -5.326355 -3.733916 -9.551654 -3.611073 -15.275813 -6.166577 -5.810384 -8.066914 -9.596623 -1.562098 -7.314563 -8.401175 -11.713858 
-3.579736 -3.146130 -5.057964 -3.836636 -4.629420 -2.781488 -7.028870 -5.261340 -3.241671 -5.454776 -3.611073 -14.025733 -7.551164 -11.897040 -9.210319 -5.559280 -5.087778 -15.084351 
-3.601841 -3.611073 -4.979437 -3.836428 -9.617166 -13.754184 -9.237608 -5.261340 -5.184430 -2.821419 -4.486436 -9.310064 -3.518835 
-3.679841 -3.606015 -5.080300 -3.849178 -8.775820 -3.527031 -14.773417 -5.261340 -4.729729 -3.317721 -5.594284 -11.368305 -15.409166 -7.536839 -15.282712 -11.175946 -7.024182 -8.963169 -15.153917 -14.800181 
-3.723694 -3.606015 -6.226066 -3.849178 -9.084165 -14.003630 -5.071826 -5.063183 -5.995964 -2.007421 -4.697677 -2.555690 -3.543652 -9.263205 -5.076324 -7.346916 -6.142848 -4.177763 -7.446977 -5.792416 -12.286908 -7.295500 -13.098835 -11.050264 -4.224527 -4.889527 -3.722983 -3.944451 -11.948205 
-3.658606 -3.606015 -4.558363 -3.824171 -13.401068 -4.572440 -8.644106 -4.943554 -4.798949 -3.435114 -13.188878 -4.862049 -11.825425 -11.269769 -7.651062 -12.205188 -4.462853 -2.375472 -5.003944 -8.168064 -10.145260 -2.429513 
-3.612904 -3.597574 -7.514699 -3.824171 -8.591794 -8.345504 -9.042241 -5.137838 -9.186133 -2.458105 -2.694343 -3.769301 -8.350185 -4.438016 -5.340351 -1.941130 -3.481309 -3.256319 -2.702573 -9.824696 -4.880410 -14.530840 -9.440881 -11.534742 
-3.554314 -3.572432 -10.053417 -3.824171 -13.436229 -4.823738 -3.993147 -4.815668 -3.158722 -2.362198 -2.616912 -12.456125 -5.373198 -3.513785 -5.058007 -9.507224 -3.562948 -1.965571 
-3.723805 -3.691610 -9.814386 -3.884149 -21.697113 -4.745938 -4.362704 -4.513346 -3.567758 -2.300291 -2.181398 -13.807894 -2.484855 -5.792195 -6.319866 
-3.724779 -3.604315 -9.792937 -3.884149 -21.422233 -3.158140 -4.048588 -4.513346 -14.435539 -2.845207 -1.182551 -13.318241 -4.057328 -14.655326 -8.289498 
-3.724779 -3.600977 -6.823812 -3.884149 -5.558454 -1.795841 -4.465338 -4.513346 -2.515496 -10.156921 -2.609040 -14.414585 -9.844747 -13.338176 
-3.687175 -3.697000 -9.111324 -3.884149 -2.932923 -5.010403 -4.494467 -4.625999 -3.152357 -8.244805 -4.390894 -12.036347 -3.096968 -3.008456 -3.610125 -11.484908 -4.203315 -9.987853 -12.211523 -8.423934 
-3.688479 -3.645851 -7.817590 -3.830895 -4.006095 -1.693742 -5.015192 -4.765145 -3.223875 -4.737396 -4.462001 -14.534026 -8.807085 -5.393288 -8.578087 -12.448630 -5.529941 -7.135009 -4.766778 -6.284693 -3.714306 -9.206917 
-3.670741 -3.644926 -2.321473 -3.830895 -3.952021 -6.676125 -5.871851 -4.716181 -2.679904 -4.330117 -12.300757 -14.382594 -10.077801 
-3.624652 -3.644926 -12.654614 -3.766837 -10.394558 -17.292492 -9.065736 -4.752246 -2.678027 -4.417474 -5.488016 -14.169760 -8.178698 -2.561476 -11.676466 -4.709528 -8.259349 -2.183368 -10.179024 -3.400905 -8.453470 -1.923867 -2.783918 -5.359808 
-3.515463 -3.582482 -1.543436 -3.766837 -5.208106 -16.911143 -2.666343 -4.795665 -10.355905 -12.575280 -5.044695 -13.652234 -3.044291 -7.019920 -4.647117 -3.713903 -5.825456 -12.426377 -6.862953 -6.689331 -3.868301 -7.018823 -11.821259 -0.843270 -2.957723 
-3.543663 -3.594891 -2.834174 -3.766837 -10.791003 -4.356991 -5.535468 -4.699668 -5.117509 -2.651392 -4.503326 -14.165804 -6.941471 -6.086775 -5.128264 
-3.576956 -3.593661 -7.394959 -3.784197 -5.586654 -4.273887 -2.504764 -4.672047 -10.575028 -5.062431 -4.408677 -13.914894 -20.583064 -6.943477 -5.482673 -10.449209 -6.342161 -11.137971 -3.351381 -6.300912 -3.385667 -9.357007 -8.089226 -10.278631 -3.554032 -8.489243 -20.645521 
-3.576956 -3.554032 -2.991627 -3.755281 -3.208961 -9.938040 -2.296418 -4.672047 -6.882095 -3.936962 -5.242236 -13.183553 -21.842856 -1.942067 -8.290867 -8.843860 -4.662713 -22.565370 -5.290432 -8.493816 -7.834570 -2.273475 
-3.610400 -3.563576 -3.410412 -3.755281 -2.837426 -10.495069 -2.883576 -4.622341 -8.040590 -6.108731 -13.510796 -6.281558 -14.718539 -4.286236 -6.576168 -4.308938 -6.246557 -15.305441 
-3.575831 -3.540828 -7.601203 -3.755281 -12.699960 -4.346871 -2.086085 -4.663461 -2.742571 -7.383384 -8.066793 -17.679599 -3.321233 -4.530840 -6.978388 -3.271167 -2.662077 
-3.285650 -3.458017 -1.668889 -3.623098 -15.393934 -9.433504 -3.048591 -4.663461 -4.090172 -12.894100 -11.185583 -20.060204 -3.845677 -9.662865 -6.346244 -9.806964 -6.862667 -11.245129 -22.126384 
-3.337976 -3.458017 -2.788043 -3.623098 -2.845917 -2.913203 -4.080554 -4.663461 -4.106507 -9.784991 -3.875014 -12.195109 -15.110893 -10.532533 -2.670839 -9.863749 -3.623335 -1.392434 -22.337521 -7.139039 
-3.375544 -3.442839 -2.276687 -3.623098 -15.979626 -8.804585 -6.777039 -4.663461 -4.227358 -4.215841 -2.259041 -3.783351 -13.497864 -9.638154 -2.101584 -11.200968 
-3.557187 -3.442839 -10.834806 -3.623098 -6.160162 -4.358384 -4.623223 -4.663461 -4.606299 -9.374487 -2.437569 -8.451668 -14.089226 -7.650860 -3.182061 -8.987516 -2.137121 -10.847015 -11.080827 -6.740129 -4.142334 
-3.213037 -3.404527 -11.104056 -3.623098 -6.666862 -5.041377 -4.960314 -5.075370 -5.107629 -9.993494 -2.457914 -0.800567 -4.611871 -3.732613 -2.582979 -9.114534 -14.553704 -6.158868 -11.327657 -14.515639 -2.725737 -2.848767 -12.866806 
-3.211346 -3.404527 -6.972156 -3.623098 -6.290908 -8.780155 -8.767211 -5.369852 -11.101336 -15.867521 -13.109048 -11.452107 -10.346337 -2.716654 -3.350544 -5.783296 -4.318629 -3.941470 -13.915049 -2.431876 -4.059337 -17.243998 -4.237383 -12.195883 -14.773301 -9.914238 
-3.468041 -3.404527 -8.800794 -3.623098 -12.157435 -9.146704 -4.549773 -4.912005 -12.221096 -3.947783 -11.617026 -2.512035 -4.528254 -5.627994 -2.686749 -6.481006 -8.381953 -7.121105 -11.760343 
-3.298158 -3.396217 -7.441753 -3.623098 -11.300181 -8.736047 -9.055966 -4.912005 -1.995136 -3.487510 -2.419507 -12.741094 -4.416711 -4.138368 -3.378217 -5.264935 -4.978008 -9.265179 -5.135061 -11.035019 -2.286353 -10.563246 -2.677266 
-3.181315 -3.425001 -10.366182 -3.623098 -10.021285 -11.291119 -7.818929 -4.876925 -3.494708 -2.925116 -13.258220 -8.515589 -4.473831 -3.867620 -2.888360 -5.305874 -14.922783 -1.805132 -20.400009 -4.072376 
-3.181315 -3.403459 -14.592433 -3.576123 -4.423129 -4.482621 -12.929390 -4.876925 -16.201516 -7.561044 -4.078387 -3.013885 -2.233856 -10.629240 -4.502819 -4.891970 -3.043588 
-3.125042 -3.426878 -10.020853 -3.576123 -4.430662 -4.384107 -11.665311 -4.871734 -2.315056 -11.143153 -3.017564 -3.251105 -11.294716 -7.933898 -6.925517 -6.904789 -12.508876 -3.876958 -15.791920 -3.483919 -20.717424 
-3.246119 -3.426878 -11.979486 -3.576123 -5.008394 -6.062601 -8.678672 -4.878076 -8.506558 -2.002061 -11.339345 -2.990511 -13.579220 -4.112436 -7.375997 -1.325559 -7.061781 -6.848492 -2.533749 
-3.110832 -3.455350 -5.456460 -3.576123 -10.278232 -3.013391 -6.012406 -4.960127 -12.291634 -4.999856 -9.918377 -5.231844 -14.365453 -8.466963 -1.888487 -6.074915 -5.571947 -10.674156 
-3.061058 -3.497079 -5.467609 -3.576123 -2.839813 -5.454432 -11.226443 -4.941447 -3.503591 -4.656139 -5.436869 -7.311138 -2.467954 -13.431578 -3.419960 -6.474832 -3.935973 -7.410942 -13.943658 -7.196962 -4.163455 
-3.112158 -3.485614 -3.549307 -3.576123 -2.545995 -4.984369 -5.606882 -4.676589 -5.710810 -5.456648 -15.191045 -11.894976 -1.043061 -7.319018 -2.923513 -10.329256 -7.044419 -10.770522 -14.073041 -5.625546 
-3.155278 -3.502241 -2.248223 -3.576123 -3.365145 -3.610433 -6.118764 -4.787647 -12.027014 -5.675116 -14.539115 -9.898339 -11.078581 -1.970043 -19.622107 -2.612513 -3.248218 -4.581583 -11.383023 -6.117275 -5.359390 -7.185696 -4.015115 -7.280775 -5.151950 -10.962894 -6.513860 -10.188899 -7.992560 -6.881738 
-2.904708 -3.502241 -5.146077 -3.536902 -5.957471 -4.342744 -7.796135 -5.000422 -9.338053 -3.815073 -12.634200 -8.324058 -7.473948 -3.800789 -10.381505 -3.981631 -12.020981 -5.762807 -7.178737 -5.757154 -4.469449 -5.868992 -13.851176 -4.729191 -8.643631 -6.431109 -6.767218 -12.782130 -4.167895 -10.107078 -7.982740 
-2.853896 -3.502241 -3.075513 -3.536902 -5.831692 -9.657381 -10.881064 -4.927978 -9.156411 -7.370285 -13.016143 -3.031920 -7.408320 -3.280754 -4.806908 -6.771619 -7.248031 -8.857826 -9.649704 -10.304038 -2.436833 -6.966949 -7.394026 -12.785711 -3.653667 -12.479334 -3.986773 -2.452807 -5.554167 -7.130926 -3.211030 
-3.191383 -3.472939 -5.602213 -3.536902 -9.537052 -9.602927 -3.687751 -4.850604 -8.121313 -10.712148 -13.666709 -6.152578 -8.276041 -3.403111 -4.487142 -7.355506 -10.392908 -22.305981 -6.838709 -7.105479 -9.011873 -5.293851 -2.449175 -2.335857 
-2.881026 -3.472939 -7.077775 -3.525905 -8.661938 -2.577656 -14.645473 -4.850604 -3.316728 -10.294583 -4.505113 -10.632352 -3.069582 -5.745718 -8.163308 -7.132650 -3.980323 -15.350437 
-2.851985 -3.442665 -7.397534 -3.525905 -5.205566 -13.855142 -7.232023 -4.874878 -2.320522 -1.214884 -4.614862 -3.189806 -3.008737 -11.674596 -4.855217 -8.981636 -8.785540 -4.765067 -5.557500 
-3.055298 -3.442665 -13.011867 -3.538656 -5.477855 -13.415100 -5.386503 -4.874878 -3.592805 -11.866222 -4.118734 -11.359314 -6.053476 -15.326865 
-2.818386 -3.442665 -3.026236 -3.538656 -5.477855 -13.729559 -6.025899 -4.903945 -3.244203 -2.581746 -3.740320 -9.683207 -11.904632 -8.852780 -4.991171 -2.088504 -9.900769 -2.711971 -7.415546 
-2.994300 -3.430455 -8.387888 -3.538656 -5.495217 -5.440895 -14.092143 -4.903945 -5.597686 -2.593370 -3.605879 -12.476748 -3.302930 -10.221278 -10.432053 -5.288719 -4.179943 -10.384647 -4.871234 -6.271876 -2.115340 -5.980194 -2.100223 -14.716981 
-2.855660 -3.430455 -8.717893 -3.538656 -5.915440 -5.354186 -11.047832 -4.903945 -3.489814 -7.441470 -8.892370 -11.282975 -2.509749 -14.687817 -10.713261 -7.433567 -5.609578 -5.666866 -7.501433 
-3.144993 -3.418960 -7.018713 -3.538656 -4.503790 -14.320637 -4.896993 -4.808045 -9.752020 -2.338467 -9.308481 -10.486312 -3.717354 
-3.006071 -3.422110 -10.196371 -3.538656 -4.307827 -13.980585 -2.501073 -4.606715 -9.420204 -2.413442 -7.440015 -10.364473 -22.487376 -6.239746 -11.174729 -8.287537 -12.447762 -2.037017 -12.990758 
-2.944541 -3.422110 -11.731269 -3.531934 -4.333070 -14.451854 -2.682210 -4.606715 -11.360206 -6.265120 -1.702560 -14.341991 -9.700952 -4.027184 -4.473754 
-2.774854 -3.422110 -7.868820 -3.531934 -4.230467 -7.233775 -3.252010 -4.606715 -7.864163 -7.589700 -2.160779 -4.412942 -2.942555 -12.948165 -13.180406 -7.822455 -11.567613 
-2.977639 -3.422110 -9.573911 -3.531934 -4.302968 -1.175709 -5.688545 -4.606715 -10.067795 -10.052762 -5.711052 -6.366999 -18.720978 -15.168970 -2.785072 -7.116464 -6.333966 -4.163981 
-2.970948 -3.422110 -9.477677 -3.490109 -4.227551 -3.525725 -6.890351 -4.606715 -3.605001 -10.092269 -2.268664 -7.041407 -21.052328 -14.808370 -6.654242 -5.724273 -4.164363 -12.343209 -6.258017 -4.004070 -6.728999 
-2.784446 -3.422110 -9.174033 -3.490109 -3.013034 -2.545199 -4.274365 -4.606715 -13.814553 -5.034854 -9.475931 -6.659028 -6.524689 -14.052198 
-2.778401 -3.422110 -8.771944 -3.490109 -8.392414 -2.574142 -4.078586 -4.606715 -8.167053 -5.320101 -9.456306 -3.532925 -10.089429 -14.475916 -4.278894 -7.785579 -6.682957 -4.410391 -2.114254 -6.759986 
-10.723292 -3.422110 -3.822122 -3.483351 -2.848244 -4.112039 -21.896340 -4.606715 -4.195955 -4.218696 -14.796922 -7.339652 -1.161997 
-9.026702 -3.428133 -2.785465 -3.483351 -2.568748 -3.874858 -14.723782 -4.445743 -1.658501 -2.761098 -8.839007 
-12.137777 -3.428133 -4.415330 -3.466328 -2.565223 -3.977821 -14.812855 -4.554619 -3.325728 -3.149546 -1.182613 -6.041064 -5.415464 -11.020173 -4.022142 
-9.393073 -3.428133 -1.040667 -3.466328 -8.907666 -3.784689 -14.540177 -4.446345 -7.084072 -3.603878 -3.555009 -7.978851 -2.330049 -2.660933 
-7.922859 -3.432743 -14.757578 -3.463469 -4.856074 -3.811143 -14.944163 -4.446345 -2.171434 -2.682740 -3.743825 -7.084152 -1.069200 -7.839846 -3.858477 
-3.554735 -3.432743 -6.523117 -3.463469 -3.697828 -4.009902 -14.194877 -4.463090 -8.240106 -2.733959 -3.789428 -9.325352 -9.595398 -5.512679 -5.399596 -3.637815 -5.063982 -6.485373 
-8.096296 -3.432743 -3.778902 -3.463469 -3.449108 -2.762656 -14.664117 -4.457548 -14.104154 -2.693784 -10.975658 -4.815195 -5.597234 -5.508521 -8.267284 -2.446507 
-1.332500 -3.432743 -3.832468 -3.471186 -9.048354 -11.529398 -12.898665 -4.516131 -4.163082 -2.550927 -4.695775 -2.917055 -6.147376 -3.617491 -10.493338 -5.483290 -3.111098 -1.993556 -2.547938 
-7.162045 -3.432743 -3.808348 -3.471186 -7.045182 -3.448168 -13.633524 -4.516131 -12.607581 -2.704242 -10.686035 -3.363408 -5.772334 -7.871204 -7.099205 -11.544382 -3.394929 -5.340076 -11.696873 -1.930388 
