   96.022157 10736.556266
   82.621918 10726.152418
   88.190609 10742.605857
   76.868319 10744.959091
   98.829685 10742.979113
   86.981848 10748.239861
   97.695996 10737.676837
   96.014221 10739.649423
   81.936810 10719.225478
   79.805132 10725.821838
   83.843860 10728.974964
   81.750808 10730.184826
   96.745110 10716.157623
   93.117640 10724.464060
  102.150464 10735.407134
   79.689923 10736.990196
   81.642365 10745.699063
   79.149737 10743.765602
  107.693978 10734.726973
   91.352878 10731.089405
   86.631726 10730.633649
   81.616904 10750.625378
   92.250970 10743.893766
   89.651569 10736.633285
   97.975441 10741.827131
   76.319413 10753.816402
   85.592126 10744.814793
   78.002269 10755.135822
   91.486858 10739.662658
   84.789094 10749.201266
   82.714887 10719.989855
   96.069651 10727.218005
  104.789744 10735.197534
   95.937487 10733.253361
   79.945049 10728.580950
  119.192102 10739.284611
   87.830563 10732.119073
  100.505827 10744.143571
   91.152943 10740.622170
  113.288304 10740.193633
   89.278136 10740.664757
   89.328979 10738.893982
   80.738967 10729.991299
  108.195971 10736.450063
  108.256166 10735.117561
  113.248053 10738.394098
   88.647278 10728.881079
   88.189928 10733.452028
   83.563033 10731.418672
   72.727082 10715.242480
   83.130256 10731.401703
   69.293882 10734.845868
   71.708102 10729.199792
   61.633005 10735.138793
   80.855020 10755.849129
   67.151338 10735.591842
   68.228879 10739.068782
   69.468832 10741.355208
   79.399743 10734.060092
   72.439918 10743.252978
   88.869193 10731.713130
  113.332829 10732.062108
   90.632065 10730.441472
   92.456547 10730.321631
   85.529366 10737.595015
   83.216785 10734.521470
   74.691294 10748.681168
   74.305826 10736.151846
   84.027167 10740.940231
   93.173015 10738.862445
   63.073000 10755.338619
   79.581649 10737.491302
   74.997945 10737.761600
   97.873518 10747.158600
   75.335659 10734.098638
   69.749701 10735.798852
   61.166726 10731.083653
   81.988988 10738.595218
   70.285669 10737.747283
   71.285574 10727.391986
   67.572391 10741.268719
  100.169972 10751.642651
   79.690616 10740.389940
   84.888078 10744.035357
   60.465055 10735.472078
   76.269000 10741.607785
   68.392758 10742.105873
   91.031641 10732.967138
   73.912658 10739.425764
   89.624938 10733.696552
   77.335034 10731.761116
   76.692666 10745.843235
   79.738446 10734.357197
   89.265849 10730.723342
   69.167133 10738.594499
   81.751441 10733.379580
   61.857899 10741.266566
   71.497494 10752.404623
   85.498239 10737.104045
   79.902586 10740.106785
