 -2.456859 -46.020675
-12.827684 -38.227061
-11.835392 -56.539468
 -4.773960 -61.969730
 -8.334848 -65.732790
 -7.446630 -70.818443
 -4.125457 -42.601530
 -4.425612 -70.796326
 -6.447000 -50.726488
 -2.544658 -50.817750
 -6.096243 -73.031861
 -9.860286 -63.596681
 -3.294580 -52.907499
 -4.025617 -64.620566
 -8.827682 -59.173322
-14.450709 -39.363124
 -5.903178 -61.327321
-12.224811 -54.945744
 -5.362654 -61.490797
 -4.429158 -42.955348
 -8.228641 -68.672420
 -7.179931 -65.381150
-11.759956 -50.944184
 -7.142631 -69.980079
 -3.054977 -48.049261
 -5.418934 -74.848372
 -6.043699 -39.400360
 -7.594023 -49.813867
-13.657896 -39.161016
 -9.055757 -68.007838
 -3.107576 -46.116447
 -4.469494 -48.552357
-12.093672 -60.334658
 -5.140366 -51.305804
 -6.647303 -38.315617
-14.404039 -58.228568
 -6.084154 -72.291107
 -6.025180 -67.975495
 -4.433554 -62.551110
-10.797032 -59.641967
-22.551487 -42.636837
 -3.181120 -51.021749
 -5.316001 -50.045417
-12.105936 -57.019842
