 -2.421639 -55.697005
 -4.288240 -72.642496
 -4.587909 -68.482600
 -9.535392 -68.695009
 -6.070016 -68.458335
 -3.675283 -72.039349
 -6.948648 -54.641901
 -5.146685 -56.765471
 -4.877165 -53.381565
 -7.113385 -64.838634
-14.558619 -63.092116
 -3.854529 -57.268246
 -8.435357 -57.456245
 -7.877793 -47.660488
 -8.992613 -55.516107
 -5.134981 -60.091022
 -8.912503 -61.092109
 -9.379541 -55.426087
 -8.046932 -58.864309
 -5.817662 -68.322620
 -7.114983 -68.323664
-10.280706 -63.916094
 -9.025595 -60.726175
-11.464259 -55.579419
 -7.306482 -55.400664
 -1.455214 -45.575997
 -8.720246 -57.766879
 -5.776502 -51.148131
-10.296813 -65.790236
 -6.286871 -64.685949
 -9.930532 -66.805375
 -3.447993 -46.323312
 -7.210226 -47.635381
 -3.542959 -64.621565
 -2.579917 -48.628243
-15.139465 -63.303397
 -5.757466 -48.501601
-11.955562 -56.911309
 -5.799864 -39.362440
 -7.232223 -54.890580
 -9.753876 -59.489171
 -8.440864 -49.438232
 -5.861211 -69.070542
 -6.234188 -69.814210
