-69.873336 -58.628192 -60.050579 -66.417203 -72.506147 -67.551645 -68.344634 -50.855985 -72.014613 -60.097136 -68.556188 -63.140490 -47.599488 -51.013481 -60.148378 -44.400297 -64.249536 -68.843866 -63.104511 -63.221082 -47.616969 
-70.236953 -58.628192 -59.876439 -66.417203 -72.523372 -42.140194 -69.453287 -51.040379 -70.843716 -59.534320 -46.609870 -63.140490 -65.569042 -52.567190 -40.007516 -68.191844 -69.221989 -43.407090 
-70.692349 -63.283208 -59.714442 -66.417203 -71.603719 -43.334853 -67.698585 -51.802534 -70.986355 -59.534320 -53.639621 -61.944711 -65.569042 -67.003481 -45.983964 -66.417541 -51.621558 -59.536134 -61.016965 -60.172203 -60.133833 -49.496154 -65.953646 
-71.129637 -50.913999 -59.375505 -66.417203 -71.711926 -42.433973 -68.145071 -52.708580 -69.718704 -59.534320 -53.188115 -62.504090 -65.411364 -58.845783 -71.190384 -47.900870 -66.620910 -66.246422 
-70.431657 -72.028357 -59.351189 -66.417203 -73.487302 -43.111984 -67.128520 -50.311603 -51.658872 -59.411272 -52.412153 -62.083081 -65.664341 -59.337221 -46.184073 -68.964684 -69.951963 
-70.699794 -66.778125 -59.672654 -66.417203 -74.801422 -50.452023 -67.246209 -45.926172 -51.836750 -59.411272 -52.391932 -62.083081 -66.028443 -59.402124 -49.531530 -47.838054 -42.339593 -66.721225 -71.225741 -61.527402 
-70.627403 -49.350224 -59.672654 -66.417203 -70.320689 -75.138902 -67.246209 -45.763637 -49.628444 -59.411272 -53.435456 -62.938174 -65.460943 -59.264842 -60.525319 -68.111394 -69.011462 -68.061994 -66.226214 -69.469117 
-70.627403 -47.950530 -59.355673 -65.785714 -70.203830 -51.563216 -67.324188 -50.164439 -50.470988 -59.411272 -74.609078 -62.938174 -63.362582 -58.561492 -47.134211 -67.516379 
-70.282468 -47.105937 -59.355673 -65.923061 -70.403582 -60.803306 -68.162513 -52.655534 -52.380809 -59.411272 -74.113549 -62.938174 -63.362582 -57.724273 -68.488156 -69.014387 -45.411334 -45.562010 -47.354193 
-70.330878 -53.751510 -59.551637 -66.649634 -73.617607 -50.618474 -61.997354 -69.595527 -51.485510 -59.411272 -66.867011 -62.938174 -51.673485 -57.992037 -46.637756 -41.872700 -63.360736 -67.672124 -69.132054 -61.310113 -62.226719 -42.121985 
-71.059420 -52.398534 -59.551637 -66.676159 -72.969799 -67.181769 -46.903235 -50.496899 -60.568500 -59.411272 -49.653076 -62.938174 -66.064317 -59.363928 -61.501846 -40.589129 -65.369359 -71.784041 -48.769733 -68.412546 
-70.945436 -53.215940 -58.885669 -66.788213 -73.669335 -67.181769 -64.020477 -57.951886 -74.341165 -59.411272 -51.522182 -62.646990 -65.186245 -58.413064 -41.651143 -41.451798 -60.889563 -52.299456 -71.770476 
-71.095042 -53.208664 -59.093449 -66.603610 -72.046433 -66.920147 -52.981497 -59.167025 -70.551065 -59.411272 -46.063087 -62.646990 -63.610368 -69.417531 -41.500716 -39.770761 -50.511274 
-70.998883 -53.655371 -58.722963 -66.293437 -72.074294 -68.069629 -51.004596 -58.327098 -70.837139 -59.411272 -41.273734 -62.646990 -63.868474 -49.552861 -40.078089 -48.800281 -61.628086 -61.887795 
-70.981571 -52.271407 -58.722963 -66.293437 -40.412451 -66.184538 -51.545814 -58.787398 -73.855552 -59.411272 -48.434045 -62.646990 -63.868474 -70.203407 -39.320906 -59.103338 -64.024054 -69.220378 -59.957771 -47.048855 
-70.491151 -51.922883 -58.816562 -66.293437 -49.035601 -66.462236 -51.309972 -57.401223 -72.607667 -59.411272 -45.127667 -62.646990 -64.554171 -72.273127 -43.971517 -71.067150 -68.578401 -67.798566 -61.062105 -69.910643 
-71.430071 -52.405948 -58.520588 -66.144993 -47.962059 -66.578305 -50.526065 -57.486071 -73.386804 -59.411272 -67.608936 -62.646990 -63.796693 -71.359833 -43.281498 -41.063663 -47.498102 
-71.430071 -52.494250 -58.520588 -66.740093 -49.006594 -47.987677 -51.289089 -57.681823 -73.386804 -59.411272 -67.978029 -62.249885 -63.807573 -70.288320 -42.149035 -50.503301 -36.819456 -68.048854 -49.371429 -45.493436 -45.300124 -47.653104 -42.842171 
-71.028363 -74.856138 -58.834461 -65.608818 -51.540712 -50.784845 -66.977275 -69.503099 -71.829314 -59.411272 -67.157916 -62.250422 -64.108522 -75.534207 -51.435687 -40.085279 -41.127261 -58.295820 -71.581782 -48.618884 
-71.028363 -73.925168 -58.834461 -66.212066 -71.325854 -51.173759 -46.634570 -47.782664 -72.322383 -59.411272 -67.055254 -62.192756 -46.456261 -73.893595 -51.731798 -39.891462 -42.516259 -58.564356 -66.383198 -35.073870 -59.370981 -59.353253 -42.717011 -63.698996 -66.103706 -45.983319 
-71.028363 -71.660974 -58.834461 -66.252766 -38.572405 -35.958332 -47.144169 -72.878595 -52.122257 -59.411272 -67.274230 -62.192756 -64.332807 -75.382401 -68.200832 -38.621696 -59.370981 -58.686037 -42.537296 -52.373146 -61.217219 -69.952230 -48.567996 
-70.925137 -71.904479 -58.834461 -66.460911 -59.348896 -58.696218 -74.348290 -72.397147 -51.407895 -59.347274 -67.048295 -62.588002 -74.121712 -48.959353 -67.987338 -39.420064 -59.370981 -70.854575 -62.708860 -53.141805 -36.913885 -40.451637 -51.399215 -70.542168 -48.726976 -47.946940 -59.173516 -59.488962 -65.726937 -40.218024 -63.989504 
-68.525419 -49.116694 -58.938129 -66.460911 -69.444599 -62.642112 -71.472467 -71.353625 -51.639839 -59.347274 -67.099699 -62.588002 -66.878192 -68.175052 -69.964285 -37.872550 -59.456023 -48.985459 -60.592070 -52.345218 -37.628366 -41.405395 -46.726163 -65.799738 -46.182847 
-57.043507 -48.535491 -58.938129 -66.650418 -71.444560 -37.536803 -71.472467 -60.699461 -51.712199 -59.661631 -73.609923 -62.547696 -63.721281 -59.571727 -66.452685 -37.643889 -59.456023 -48.921783 -69.359949 -52.238545 -64.681586 -47.625649 -67.384238 -59.166077 -47.257950 -69.006942 -52.236168 -62.262062 -60.170523 -66.728845 -69.947800 
-57.107813 -72.337973 -58.938129 -66.552504 -71.923384 -63.040774 -71.305953 -45.864144 -51.955848 -60.740861 -74.923478 -62.964285 -63.721281 -39.595277 -67.676853 -71.410454 -59.456023 -48.926721 -71.806354 -52.865368 -63.149587 -63.221756 -40.257326 -52.236168 -35.290776 -37.829018 -49.373378 -68.026193 -43.088482 -59.493267 
-57.107813 -47.880667 -58.859892 -66.213068 -52.464261 -61.568146 -71.305953 -47.077632 -69.207205 -60.173752 -62.703812 -71.521803 -65.909214 -67.696011 -49.733223 -70.969519 -59.456023 -35.235147 -66.934465 -52.595210 -51.936093 -37.484105 -49.100792 -52.236168 -68.720840 -39.385725 -75.573112 -49.656657 
-57.462436 -49.833053 -58.859892 -66.240237 -49.835856 -67.782386 -71.305953 -66.719592 -68.643561 -60.173752 -62.703812 -71.521803 -65.989203 -52.236168 -42.878798 -70.833763 -59.456023 -37.993380 -69.107412 -52.595210 -51.061202 -39.966629 -49.573138 -41.385388 -47.187017 -64.573050 -47.379337 -56.828714 -46.235846 -45.944557 
-62.506688 -65.879450 -59.153535 -66.321192 -61.052992 -67.664136 -71.264929 -67.926377 -39.637441 -60.173752 -62.703812 -71.521803 -64.229547 -52.236168 -47.717604 -70.056265 -59.456023 -37.556700 -56.828714 -48.550161 -46.595605 -48.485005 -49.475071 -52.955819 -39.992001 -51.724067 -69.217771 -63.946850 -48.973923 -50.420604 -48.016122 -69.319185 -70.074239 
-65.289137 -61.950251 -71.100858 -65.959335 -67.337162 -69.844203 -71.532336 -52.432582 -41.041590 -60.173752 -50.807105 -72.390944 -64.229547 -48.450235 -46.084122 -68.070903 -59.456023 -49.207662 -58.742127 -60.949885 -48.039198 -49.647214 -69.791839 -63.038169 -48.780473 -36.040865 -69.286654 -48.843778 -66.075918 
-64.221612 -61.950251 -70.715445 -67.378265 -67.554426 -46.206934 -62.803154 -52.687312 -38.343186 -60.173752 -51.065950 -72.390944 -36.474577 -48.933307 -59.349387 -46.253420 -59.456023 -49.475206 -58.742127 -60.707927 -44.419191 -47.588673 -38.177136 -71.407596 -68.442589 -47.939185 -50.312669 
-47.479479 -61.950251 -69.251756 -67.378265 -42.468284 -58.823228 -67.395946 -52.385540 -37.135408 -60.979636 -66.336218 -74.479044 -35.982832 -61.880563 -63.364105 -62.706488 -59.427174 -48.936057 -50.292728 -71.101204 -61.365909 -63.958802 -36.711745 -71.407596 -50.857835 -37.622112 
-67.697661 -61.468935 -69.779879 -66.734571 -46.587151 -58.981342 -68.069497 -53.937097 -38.104960 -60.979636 -38.608364 -74.479044 -61.992182 -53.318622 -63.756076 -51.182615 -59.427174 -48.989856 -47.989150 -70.054847 -70.876392 -63.212297 -58.409230 -59.857556 -68.381215 
-57.917907 -61.832534 -39.461600 -64.046859 -48.417357 -59.416947 -63.466248 -53.937097 -36.475054 -60.804335 -38.806758 -71.880659 -48.397355 -52.798595 -64.609598 -52.100457 -59.254281 -36.633592 -71.426410 -71.331030 -71.126220 -69.326142 -40.786929 -38.225838 -70.387926 
-39.461737 -61.832534 -48.825865 -65.760572 -49.784526 -59.287671 -64.287804 -54.056808 -36.798231 -60.804335 -66.501482 -73.690942 -57.097642 -38.252429 -67.822988 -63.762751 -59.254281 -47.966926 -63.569285 -71.083710 -63.969372 -63.964799 -70.643138 -47.373783 -53.315406 -57.785311 -64.402392 -50.227724 
-72.345371 -61.519266 -66.905450 -65.760572 -49.784526 -58.705010 -64.173336 -54.056808 -35.968009 -60.804335 -68.093970 -72.542897 -71.000329 -65.946718 -68.748082 -69.964064 -59.254281 -46.135322 -37.641098 -72.203594 -47.645633 -65.403630 -71.094184 -46.543554 -51.173023 -50.981049 -65.423602 -56.374151 -59.830133 -47.234167 -71.474665 -39.176961 
-59.654050 -61.516514 -49.627789 -66.269710 -71.626716 -58.705010 -63.704696 -53.722158 -35.803778 -60.804335 -71.361680 -75.057281 -54.317060 -75.620061 -67.034311 -54.043669 -59.254281 -52.248210 -37.109061 -71.502437 -74.424281 -46.444715 -51.563271 -74.454165 -73.963067 -52.199120 -47.719180 -61.986115 -52.509736 -72.449058 -73.225525 
-59.358658 -61.568957 -44.613472 -66.269710 -71.787942 -58.355963 -64.001469 -53.722158 -35.782161 -60.955947 -70.947726 -73.754933 -54.317060 -47.541711 -67.450168 -54.043669 -59.254281 -51.990948 -63.291250 -57.874670 -69.000565 -59.585802 -51.563271 -75.589755 -70.616005 -50.835840 -49.411011 -66.007281 -57.606230 -50.519428 -66.315233 -51.831391 -63.574352 -65.619857 -63.968438 -40.947651 -40.114668 -60.423379 -69.155918 -59.291321 -47.060903 -66.298797 
-51.831391 -61.700375 -48.570066 -66.330483 -73.390517 -44.281428 -63.644330 -61.410753 -71.107664 -60.607177 -70.935084 -59.406652 -54.317060 -35.731839 -67.450168 -67.782313 -59.254281 -51.024937 -60.192487 -60.670469 -39.621840 -55.118712 -51.573560 -54.460887 -61.303892 -52.406073 -61.955065 -49.542402 -61.933598 -60.015400 -65.076864 
-51.831391 -61.268011 -56.173342 -66.205704 -73.390517 -48.613867 -63.889991 -69.048478 -48.466630 -60.607177 -70.365787 -58.916962 -54.621132 -35.501536 -50.878999 -53.770263 -59.254281 -53.199761 -52.406073 -51.573560 -40.064532 -50.706976 -49.924111 -67.102094 -67.079781 -67.323690 -70.554038 -50.517816 -58.672827 -66.838435 
-51.831391 -61.268011 -59.558639 -66.205704 -73.140882 -47.535977 -63.889991 -65.188266 -34.923149 -60.607177 -70.326937 -48.918810 -70.693656 -54.585193 -49.292153 -51.788497 -59.583344 -52.498291 -52.406073 -51.573560 -41.245200 -49.914295 -63.368498 -68.006016 -67.060758 -51.366639 -61.948660 -74.694140 -66.852509 -74.470802 -65.265140 
-51.049140 -61.268011 -59.662055 -65.342870 -48.944253 -65.366035 -63.889991 -40.570325 -36.197124 -60.607177 -70.030134 -49.037720 -71.725049 -54.585193 -63.019479 -51.788497 -61.273292 -50.336697 -52.866276 -51.573560 -58.266568 -61.289972 -61.468238 -68.495087 -68.800021 -74.805108 -48.143907 -36.013552 -67.404733 -62.656898 -48.625663 -57.814874 -69.890701 -59.398301 -47.871641 
-51.300909 -61.268011 -60.026232 -65.647804 -59.750152 -49.512005 -70.367959 -40.347833 -36.543649 -60.607177 -70.509128 -58.891048 -46.367997 -54.098838 -72.419850 -51.597938 -60.771724 -49.086764 -52.568165 -51.588137 -66.261278 -63.788198 -61.759630 -67.158598 -75.129568 -74.747817 -70.059934 -67.039787 -70.599560 -75.279598 -49.008073 -70.875646 -39.508367 -63.293215 -37.313053 -49.036970 -59.528790 -50.119704 
-63.965178 -61.268011 -60.245160 -66.419486 -59.750152 -51.790099 -36.637562 -39.821414 -64.725186 -60.607177 -70.509128 -52.173729 -46.382319 -55.354824 -66.989800 -51.597938 -61.369835 -48.863965 -62.640431 -51.599942 -60.856729 -63.457276 -53.559462 -63.248600 -46.004097 -73.377281 -42.959638 -62.426766 -69.702855 -50.517366 -53.738360 -42.874253 -60.736962 
-58.769068 -61.268011 -43.271643 -66.785243 -59.713934 -51.361328 -35.036030 -39.922164 -69.893529 -49.934077 -70.509128 -52.572663 -51.505961 -50.115726 -67.236673 -53.349808 -61.494138 -50.751619 -39.400703 -52.053643 -48.583941 -63.223409 -53.039907 -47.131947 -70.864562 -73.377281 -36.780592 -49.880851 -45.318515 -46.611054 -62.486787 -60.891757 -57.570290 -66.937922 -60.056415 -55.659477 -60.284032 -38.540952 
-63.219090 -61.300754 -60.236839 -66.612998 -59.713934 -53.935620 -35.690918 -39.978265 -51.408804 -60.056415 -70.509128 -52.358298 -51.767487 -49.919209 -66.627908 -53.349808 -67.765927 -63.866848 -68.611547 -52.053643 -59.425722 -63.882368 -68.522757 -60.891757 -69.816329 -73.377281 -71.204566 -47.435445 -61.706704 -51.384555 -68.221665 -56.213472 
-52.636723 -61.300754 -60.236839 -64.510830 -58.750834 -46.575585 -51.659885 -39.978265 -51.408804 -47.819975 -68.398166 -52.358298 -59.670214 -43.047988 -56.630098 -53.556187 -66.930756 -51.453215 -41.190344 -52.748571 -70.289370 -63.581594 -42.224172 -60.891757 -72.889048 -73.377281 -61.030082 -70.598280 -62.659718 -49.397613 -54.785177 -68.023008 -69.505263 -62.723229 -61.395104 -63.210568 -59.536629 -53.383391 
-67.146917 -60.906376 -61.117213 -65.957083 -59.758519 -75.616648 -47.236088 -59.613746 -51.408804 -49.547766 -70.239574 -63.436225 -46.816270 -47.497066 -66.860409 -53.970249 -57.605237 -52.522966 -41.364519 -52.088376 -51.122182 -64.897440 -59.064227 -60.891757 -70.924678 -73.279930 -61.488766 -55.798825 -45.820147 -48.671440 -53.424310 -60.921810 
-75.041755 -61.211059 -51.444747 -65.957083 -74.451067 -60.014847 -50.168020 -59.252996 -51.408804 -73.279930 -70.620003 -60.263431 -50.035391 -47.823054 -66.920279 -53.970249 -54.098161 -52.522966 -50.153875 -53.482999 -64.099572 -63.772352 -49.882601 -60.985057 -70.810024 -66.429587 -50.242526 -57.860668 -60.090389 -58.702702 -62.532202 
-43.357872 -60.935301 -60.033561 -66.033321 -63.334545 -56.504606 -59.180976 -70.747348 -51.408804 -72.566818 -71.256847 -62.498454 -48.805834 -42.345237 -68.386756 -53.815365 -53.612010 -49.528499 -51.261239 -53.482999 -68.866668 -63.704164 -50.119206 -60.827740 -60.210865 -66.489123 -61.274410 -61.540311 -49.325740 -57.978467 -49.458629 
-40.480978 -60.935301 -50.384769 -66.033321 -60.527310 -56.962408 -58.108319 -71.148563 -51.408804 -73.688438 -71.256847 -61.052941 -60.565068 -35.305965 -68.170830 -52.726921 -53.472989 -57.910272 -51.261239 -52.476688 -72.132771 -63.355011 -53.361428 -60.562191 -51.698010 -45.468680 -48.124818 -41.432804 -60.029245 
-42.264801 -61.059388 -65.332762 -67.022664 -62.911439 -68.741769 -60.363258 -71.021937 -51.408804 -73.688438 -70.651687 -60.083435 -60.095330 -49.400412 -68.151174 -51.814695 -52.298476 -40.336911 -51.392672 -51.930802 -72.703301 -64.106016 -48.435611 -41.268414 -49.995406 -55.619116 -48.231875 -63.149059 -36.234104 -51.141087 -58.062079 -51.252058 
-70.771705 -61.075763 -58.901150 -67.022664 -66.327969 -48.426116 -60.363258 -71.037859 -51.629597 -72.702980 -38.761867 -54.008816 -48.402771 -51.512204 -68.001720 -52.318846 -62.611595 -69.139158 -51.383012 -51.835963 -65.995176 -70.367100 -47.751425 -38.484211 -46.808418 -54.712583 -52.161729 -63.334421 -59.794628 -68.642870 -59.459673 -67.953339 -68.237920 -59.845955 -70.346545 
-52.697550 -61.374153 -61.071934 -67.022664 -75.948473 -35.875331 -59.803345 -71.474863 -51.678135 -72.702980 -61.480877 -57.823953 -69.212438 -52.021106 -67.687902 -51.946965 -69.879284 -70.709082 -51.234152 -51.397567 -56.995522 -55.943155 -59.824757 -38.484211 -71.054788 -45.699437 -52.092940 -62.098707 -63.090986 -56.648886 -59.667421 -39.986375 -40.707759 
-52.717295 -62.049151 -47.093193 -67.022664 -50.640987 -36.912983 -59.803345 -58.312067 -51.678135 -70.632187 -74.253847 -63.202054 -39.302205 -48.623869 -68.065949 -51.946965 -71.264239 -51.894059 -51.300168 -51.649219 -60.622782 -67.045961 -59.824757 -39.304731 -70.722138 -47.383758 -69.319718 -56.221170 
-52.366537 -61.427437 -51.639718 -66.575742 -51.169140 -37.060490 -59.681002 -58.828799 -51.725042 -37.512397 -71.686957 -63.202054 -46.242477 -39.096462 -67.561243 -51.946965 -71.264239 -70.722138 -59.824757 -51.649219 -58.420967 -62.524660 -41.713261 -68.918974 -51.315088 -51.734409 -46.585503 -39.277496 -42.066258 -36.248313 -49.399029 
-52.263538 -61.872215 -60.406579 -66.820434 -51.169140 -62.430615 -59.681002 -50.386392 -51.725042 -75.624056 -73.232532 -63.123919 -60.844895 -39.176005 -67.830891 -51.946965 -71.336182 -70.909899 -59.795143 -51.183675 -59.977739 -43.156872 -49.513890 -57.670732 -48.254515 -68.218766 -62.604944 -48.105740 -37.675450 
-52.263538 -61.257306 -36.484683 -66.715351 -50.704997 -50.745648 -59.581344 -60.612385 -51.725042 -75.612452 -73.121651 -62.838108 -61.107352 -39.006510 -68.017037 -52.977481 -67.168797 -70.878366 -57.977766 -52.291517 -59.332629 -67.273847 -57.571426 -49.958022 -70.342463 -37.007303 -36.587826 -36.843345 
-52.251893 -61.384055 -35.901236 -65.697289 -51.807803 -49.858292 -59.581344 -71.635783 -51.725042 -75.744039 -73.121651 -63.008506 -37.302945 -40.130058 -67.174315 -52.977481 -75.298367 -70.878366 -57.977766 -52.285072 -58.412932 -70.481725 -55.402375 -66.947407 -40.021824 -50.686990 -60.195688 -69.633446 -47.015682 -62.343712 -40.131235 -69.080714 -49.483608 -65.086649 
-52.159712 -61.606044 -49.133726 -66.386570 -49.766083 -74.820980 -59.581344 -71.092728 -51.725042 -68.091686 -73.121651 -63.008506 -35.218305 -39.632311 -67.037751 -52.977481 -74.584956 -70.537581 -58.144714 -52.746926 -59.782526 -46.942177 -37.308500 -75.259194 -67.845788 -40.317980 -65.810350 -68.849530 -39.370370 
-53.273035 -61.384180 -51.078159 -66.610217 -50.123435 -70.364729 -59.581344 -70.218867 -51.725042 -44.962199 -73.735620 -63.008506 -38.246568 -48.321603 -66.828094 -52.977481 -57.160236 -65.686554 -58.144714 -52.746926 -70.178824 -35.557687 -70.745554 -69.164244 -68.482434 -48.960634 -56.622627 -58.844416 -61.097099 -47.622244 -61.019502 -66.375565 -40.390218 -59.397146 
-49.712931 -61.384180 -70.962693 -35.553046 -66.060111 -70.192864 -59.581344 -53.665778 -47.114894 -55.629658 -74.263193 -59.579801 -37.822739 -51.183314 -62.334222 -66.654521 -69.503846 -65.686554 -55.804989 -52.410101 -52.620047 -35.487221 -69.599479 -46.737831 -51.354523 -65.188287 -70.633851 
-51.284482 -61.384180 -69.072521 -35.908127 -50.518178 -70.192864 -59.581344 -55.064987 -48.921081 -63.896942 -74.482550 -60.222523 -68.292013 -52.725241 -61.952954 -66.654521 -69.301716 -65.686554 -69.463738 -53.106454 -52.790810 -39.246095 -56.421235 -62.237038 -65.627521 -58.473089 -67.908339 -60.702826 -62.598637 -65.717011 -61.608084 -47.861564 -69.721498 
-51.284482 -61.384180 -61.780282 -44.582183 -40.699975 -70.192864 -59.523924 -55.064987 -49.441823 -64.810007 -74.595809 -60.222523 -68.149883 -52.725241 -56.743533 -61.926368 -66.704319 -47.693776 -51.900472 -56.236989 -52.796459 -61.753678 -56.421235 -65.356972 -66.742004 -59.153722 -69.202219 -65.718736 -46.352483 -66.236917 -46.396475 -51.545485 -67.618854 
-51.433913 -61.384180 -54.853133 -52.168809 -66.236917 -70.192864 -59.421410 -55.064987 -69.067689 -64.313160 -74.595809 -60.878543 -64.572985 -35.676721 -62.979013 -41.713626 -48.139753 -66.475233 -48.332010 -51.597573 -52.458855 -38.465110 -56.421235 -69.941696 -66.345932 -59.191052 -62.156323 -67.889123 -42.469794 -54.472960 -54.156059 -68.306143 
-51.433913 -61.601822 -50.169386 -53.396856 -66.236917 -70.192864 -59.404855 -53.947668 -40.471262 -64.313160 -74.595809 -60.451758 -51.454422 -35.609702 -58.381507 -69.438592 -68.218815 -69.104497 -52.152337 -50.613648 -46.486828 -67.908587 -56.421235 -70.102915 -60.629513 -51.276680 -49.696658 -50.022466 -51.277576 -62.252331 
-50.548174 -61.601822 -42.509067 -53.396856 -65.515468 -70.870027 -59.404855 -54.748001 -66.371649 -48.037034 -73.411267 -60.451758 -47.686857 -35.383092 -58.381507 -70.187973 -63.141916 -50.636854 -52.152337 -61.234020 -41.054412 -65.385357 -56.421235 -51.093925 -63.289489 -69.136951 -68.920607 -50.816521 -48.116791 -37.827119 -68.364532 -49.315830 -56.972268 -58.289694 -68.238305 -65.659615 
-62.819270 -62.063616 -50.994493 -51.359061 -67.122499 -48.447106 -59.404855 -54.748001 -67.181752 -70.797444 -71.586325 -43.348899 -39.688232 -37.533675 -42.301838 -70.846027 -58.526203 -50.840750 -52.450371 -49.206981 -60.145432 -49.527302 -56.421235 -58.581160 -60.759170 -46.614227 -38.829701 -68.516056 -49.907763 -47.191190 -46.806368 
-62.819270 -61.744932 -60.106297 -51.419579 -66.932011 -50.503720 -59.404855 -63.004876 -61.796248 -70.797444 -74.291169 -69.317426 -39.150437 -37.533675 -42.591356 -70.977099 -52.007047 -51.487557 -66.403633 -57.690809 -60.145432 -48.246078 -56.269684 -59.031002 -53.795361 -48.908186 -75.499046 
-70.718116 -61.889534 -60.921962 -52.551340 -66.932011 -70.153714 -59.404855 -58.295765 -75.223907 -70.797444 -74.089392 -69.530974 -38.580370 -37.780098 -56.810465 -65.050016 -51.920941 -51.050042 -67.429920 -46.586851 -60.145432 -49.348013 -56.269684 -58.589915 -54.003936 -66.518882 -64.845113 -51.347710 -72.169277 
-70.722366 -62.162978 -61.153156 -52.141225 -66.722965 -74.808750 -59.404855 -67.238442 -65.720408 -70.598724 -74.087074 -63.181639 -37.978409 -67.658214 -65.560666 -70.600080 -52.513572 -51.563065 -45.062017 -68.215010 -60.145432 -49.085470 -56.269684 -49.466348 -68.366579 -60.491109 -35.633015 -59.338492 -62.042818 -39.229166 -54.547623 -58.164111 -47.178981 -61.244660 -68.490327 -67.180148 -49.776238 
-70.090365 -62.162978 -63.417237 -52.141225 -67.782043 -75.264980 -59.404855 -57.810040 -64.328689 -70.598458 -74.230469 -66.309575 -68.658530 -60.787657 -68.959639 -58.706571 -53.092265 -49.754277 -41.827338 -48.734260 -60.145432 -53.079325 -56.269684 -62.247277 -37.984357 -67.808414 -50.241358 -50.063195 -62.798506 -41.359659 -41.178865 -57.769009 -61.524114 -39.285884 -69.475227 -47.289589 -50.009159 -68.765078 -48.204093 -47.347217 
-71.247922 -62.162978 -50.478058 -52.627710 -65.772032 -57.779706 -59.404855 -51.030997 -70.088036 -71.037503 -74.066730 -66.362491 -49.015088 -60.717716 -67.491387 -60.561625 -53.092265 -52.307173 -60.649397 -60.059716 -60.145432 -53.079325 -56.254850 -68.623534 -35.752946 -67.959507 -69.077939 -51.601650 -58.385940 -47.436536 -66.688941 -62.711224 -69.248319 -36.840511 -70.329741 -69.252570 
-50.302884 -47.635935 -54.394485 -52.589261 -66.053997 -48.868672 -59.404855 -50.116529 -61.626117 -41.610773 -74.066730 -56.462940 -67.865181 -43.278102 -52.506755 -51.721793 -48.560887 -71.183791 -51.125297 -67.555222 -63.882315 -54.333399 -56.254850 -71.624625 -66.141077 -39.233776 -46.664475 -53.387780 -56.862440 -61.901406 -65.064017 -61.391840 -39.462782 -49.054185 
-36.942145 -60.734166 -68.646246 -51.324311 -66.074748 -65.420429 -59.404855 -50.116529 -50.297714 -63.374983 -74.066730 -39.625972 -69.350592 -41.815614 -49.053648 -68.499056 -48.176950 -71.183791 -51.278353 -61.253073 -66.766133 -54.333399 -55.279952 -51.973588 -61.606542 -64.736426 -41.197481 -59.937764 -50.835436 -68.519357 -62.601491 -46.561599 -71.431479 -51.917805 -48.093520 -67.463789 -62.423343 
-63.163893 -61.038645 -67.171434 -51.411656 -65.737849 -47.772218 -59.404855 -50.116529 -70.672118 -64.140929 -72.906189 -65.811967 -71.706409 -70.886116 -65.919401 -66.523935 -63.269324 -70.784900 -51.278353 -61.253073 -67.629998 -54.333399 -56.016463 -52.658022 -63.147268 -69.585098 -62.416940 -39.065852 -49.439831 -37.878201 -66.422344 -52.584331 -48.332576 -75.019372 -48.009137 -55.465344 
-48.530683 -61.038645 -50.078617 -51.192994 -65.111164 -75.980803 -59.404855 -49.257954 -64.330252 -64.187761 -72.280273 -46.834646 -70.901358 -56.168940 -36.708969 -68.985643 -69.416821 -71.119297 -51.278353 -61.253073 -67.530807 -55.706570 -56.016463 -52.095382 -66.360535 -57.474585 -69.149981 -49.971677 -63.946045 -47.047284 -67.153995 -60.459360 -39.500309 -68.057012 -59.670003 -58.607480 -69.225534 -46.829755 -69.752834 
-65.982194 -60.910154 -68.574869 -52.166116 -64.675101 -73.407692 -59.404855 -51.355023 -57.013502 -63.304291 -72.280273 -67.360832 -72.327592 -43.372155 -67.429835 -35.321801 -57.396700 -71.771867 -63.422457 -61.895338 -60.903054 -54.437386 -56.016463 -52.341131 -39.404101 -67.165245 -58.807847 -67.074295 
-64.313457 -60.910154 -60.718895 -69.445670 -64.675101 -50.904395 -59.404855 -51.355023 -57.993274 -64.668512 -70.944611 -55.711089 -70.177155 -47.219415 -66.224307 -39.149173 -72.683806 -70.820900 -68.832773 -54.262011 -38.850128 -54.437386 -56.016463 -52.012408 -61.436083 -51.461615 -68.800559 -62.880798 -43.029429 -50.906843 -71.566493 -71.228288 -73.964735 -48.011220 -49.279229 -64.126113 -40.483705 
-61.093042 -60.924260 -62.685400 -71.665501 -64.675101 -66.246914 -59.404855 -40.915443 -68.969886 -48.686277 -71.562362 -55.711089 -42.175508 -51.442556 -64.025179 -36.068618 -68.914174 -70.839995 -66.133042 -54.262011 -38.850128 -54.437386 -56.739351 -52.012408 -61.950547 -64.176402 -71.040791 -48.917699 -68.695562 -61.670476 -68.630355 -47.863920 -73.086242 -72.327601 -64.289150 -59.971976 -50.350580 -58.149133 -64.457659 -63.715099 -60.898861 -67.004896 
-38.769181 -60.864423 -63.685683 -59.372080 -64.580509 -66.305428 -59.404855 -59.966776 -75.019000 -51.033579 -71.562362 -55.711089 -42.808513 -47.950474 -63.363757 -60.673596 -71.686749 -71.337308 -57.636324 -56.272028 -39.836317 -54.437386 -56.739351 -50.528584 -61.846706 -62.478508 -63.340310 -52.753247 -75.581019 -62.514016 -71.548131 -59.766048 -68.875893 -64.904834 -46.503934 -40.262285 -50.105136 -51.296185 -43.069303 -43.114358 -75.041899 -54.905193 -58.173396 -57.088153 -46.466711 -48.313291 -62.572762 
-38.769181 -60.864423 -58.491139 -50.935983 -64.376779 -66.305428 -59.404855 -57.169114 -63.052690 -51.574850 -71.876186 -55.711089 -51.081567 -58.940230 -63.063831 -43.416819 -47.414916 -71.337308 -55.494147 -61.750859 -73.060507 -54.599492 -48.643248 -47.431671 -61.521230 -53.117828 -75.268369 -52.239139 -71.840541 -38.796720 -71.541018 -51.023065 -68.896453 -60.492577 -41.631769 -71.417909 -59.182370 -51.549835 -48.270175 -49.760508 -58.355309 -57.384719 -50.321663 -51.153727 -46.666297 -48.562513 
-49.982274 -60.864423 -58.216814 -60.492577 -64.376779 -66.305428 -59.404855 -57.169114 -35.485336 -52.045748 -72.871859 -55.711089 -51.376507 -51.032760 -63.592204 -52.748872 -60.914737 -71.178342 -63.427371 -70.992024 -72.915687 -54.599492 -53.981091 -40.003408 -61.782790 -38.627868 -69.960988 -51.680989 -49.595359 -70.153812 -39.677944 -59.040987 -70.799303 -63.343390 -67.667952 -58.020135 -58.291307 -51.685929 -47.382519 -56.445898 -63.697760 -58.706478 -66.669280 -45.408113 -65.825085 -68.605118 -47.286708 
-70.585008 -61.084630 -58.642989 -61.107325 -64.376779 -66.150025 -59.404855 -57.169114 -41.310087 -50.894324 -74.162842 -55.711089 -55.447777 -51.915247 -63.371486 -52.441766 -65.213448 -71.182857 -61.782790 -58.901062 -46.210298 -54.515327 -65.672766 -39.389495 -57.879496 -66.218286 -61.426360 -51.216656 
-65.389808 -61.084630 -50.856185 -62.622487 -63.968168 -65.163355 -59.404855 -40.302382 -37.288431 -51.582825 -74.162842 -55.711089 -70.356936 -51.579623 -64.504147 -51.942674 -60.032217 -71.081727 -61.716351 -59.655347 -65.103002 -54.743973 -58.807101 -49.491466 -58.783401 -66.766791 
-63.904621 -57.570570 -66.648201 -63.627924 -65.249672 -40.132688 -59.404855 -61.770231 -52.413478 -51.817722 -74.162842 -56.300106 -68.054803 -51.548258 -52.038853 -50.297210 -61.178016 -71.081727 -61.716351 -43.370406 -50.987554 -54.743973 -53.590904 -48.953617 -59.341326 -64.976440 -58.760965 -49.393099 -70.039368 -60.550872 
-64.333931 -49.955069 -55.565629 -64.896732 -65.704357 -38.765794 -59.209752 -68.415934 -53.119902 -50.211854 -72.249118 -56.300106 -71.573392 -51.963676 -71.630151 -48.140318 -61.350897 -59.777771 -61.661972 -41.447499 -47.869863 -54.743973 -58.226104 -45.950324 -58.811822 -60.013321 
-50.912342 -41.701521 -43.455231 -64.899022 -65.704357 -54.539095 -59.209752 -48.197610 -53.389808 -49.767553 -72.865207 -56.300106 -70.557221 -53.936745 -71.334893 -52.651586 -61.350897 -64.323812 -61.661972 -62.153522 -66.985739 -54.743973 -59.283923 -42.937802 -66.752162 -58.630194 -42.834216 -61.307276 -67.989501 -66.765207 -67.590259 -68.221492 -69.319242 -64.680264 -46.626729 -65.884527 -64.230147 
-65.988699 -40.757076 -47.048199 -52.465733 -65.280798 -37.533373 -59.209752 -64.680264 -63.929105 -50.718255 -72.865207 -56.300106 -71.029142 -66.584883 -71.298098 -52.183580 -61.573257 -62.767396 -61.567533 -64.140195 -65.371835 -53.414039 -58.760170 -49.404602 -73.615675 -48.837398 -42.964532 -57.305732 -51.915867 -53.919455 -61.257067 -68.610417 -68.403591 -59.369507 -57.209198 -62.140076 -54.332032 -69.319580 
-55.894858 -58.729345 -43.479972 -53.417247 -65.280798 -71.736278 -62.393918 -65.211791 -65.598972 -53.040799 -72.865207 -56.300106 -69.837928 -47.705951 -69.630056 -53.253970 -61.523699 -40.377244 -61.614570 -63.318228 -62.558300 -55.126267 -58.639356 -40.141571 -50.162600 -63.670052 -50.024249 -65.676639 -66.663967 -53.919455 -63.133463 -45.986661 -58.847301 -62.310505 -52.285684 -39.598942 -63.570114 -38.686583 -48.078931 -62.623242 -59.966250 -74.887940 -48.384102 -51.931996 -46.651195 -46.389717 
-67.929485 -47.729234 -63.030007 -61.952895 -65.654606 -71.727553 -47.786553 -63.664848 -41.151986 -51.247886 -73.264071 -56.300106 -71.681889 -62.311086 -41.041427 -51.794123 -61.520951 -63.209162 -61.614570 -50.683700 -62.803978 -55.126267 -59.123193 -48.453879 -62.335508 -64.539687 -67.230879 -65.956495 -57.869746 -53.919455 -65.785083 -66.013891 -58.847301 -62.109119 -53.062589 -39.406677 -48.135041 -65.979267 -61.555638 -74.610327 -74.595440 -59.969783 -61.712196 -63.372338 -50.900402 -59.650884 -50.681779 
-63.212502 -41.903498 -70.168418 -75.157324 -65.654606 -71.727553 -61.335660 -62.056862 -67.587100 -50.171137 -73.688208 -56.668591 -71.928649 -59.817749 -41.038877 -52.359708 -61.492951 -48.625866 -61.614570 -60.760625 -61.552055 -55.126267 -58.464386 -47.711214 -53.448902 -63.786670 -40.825664 -39.406677 -59.800438 -53.919455 -75.318964 -58.847301 -60.492854 -47.121106 -56.429495 -51.467619 
-63.739703 -70.572980 -38.723377 -61.046901 -67.352195 -71.727553 -42.552679 -53.919455 -67.587100 -50.817737 -73.005124 -56.668591 -36.040658 -37.038864 -58.847301 -48.981377 -61.327321 -48.735549 -61.614570 -52.096188 -52.324831 -55.126267 -59.317529 -55.102566 -53.826812 -64.327473 -66.505430 -58.531761 
-52.879924 -69.990281 -57.272504 -50.370564 -66.992910 -71.727553 -62.828222 -52.890491 -67.848912 -51.440040 -73.518804 -48.078059 -42.415524 -49.419217 -58.847301 -52.211061 -61.327321 -51.860745 -61.657035 -60.562182 -38.800391 -64.301767 -58.671700 -36.170019 -52.997086 -51.631692 -44.054620 -69.439264 -70.245998 -41.130581 -68.813133 -52.059563 -49.705355 -39.222728 -55.854836 -68.594627 -61.909287 
-53.029587 -68.980733 -57.272504 -47.272865 -67.104497 -71.727553 -63.439267 -57.834861 -67.273114 -51.865428 -73.518804 -46.672457 -68.867896 -39.599509 -58.847301 -50.211742 -61.327321 -59.887966 -61.657035 -68.526876 -53.791893 -65.348704 -58.671700 -36.838684 -49.795227 -52.099583 -59.351547 -48.975356 -68.880313 -38.325563 -52.051438 -52.298996 -60.613137 -74.856992 -46.334189 -51.693776 -58.342929 -66.686020 -69.817516 -69.238787 -68.128565 
-47.811286 -51.012148 -56.968477 -53.346626 -67.104497 -71.727553 -46.865530 -38.116224 -67.273114 -51.865428 -73.518804 -60.547943 -66.818891 -39.340355 -58.823519 -48.562985 -61.327321 -52.298996 -61.657035 -72.570071 -51.530984 -64.393647 -57.340233 -73.548564 -61.063428 -52.099583 -68.651696 -48.907055 
-47.379442 -48.904814 -56.968477 -52.613488 -66.178708 -71.727553 -39.084976 -48.253851 -47.521357 -51.598957 -72.191848 -66.862524 -51.303215 -39.402909 -58.823519 -68.094638 -61.327321 -52.298996 -61.534823 -70.900974 -45.972723 -64.053525 -61.157873 -44.932186 -57.735648 -51.816628 -58.150532 -63.545615 -52.434562 -55.570897 -50.431555 
-50.304509 -68.950458 -57.279987 -53.141955 -66.048328 -71.727553 -38.530045 -66.647312 -59.953828 -51.598957 -74.081181 -67.820154 -47.269355 -59.055342 -58.823519 -39.644113 -61.327321 -52.279180 -61.547797 -69.830871 -66.965613 -64.053525 -61.881593 -53.884216 -58.023516 -46.586091 -48.175701 -51.140690 
-59.502584 -50.029030 -57.279987 -52.625487 -66.048328 -71.294591 -36.535264 -38.420418 -42.479520 -50.979364 -73.790553 -67.096639 -52.172085 -58.111761 -58.992022 -39.383532 -61.327321 -54.743298 -61.547797 -39.709293 -59.745011 -64.053054 -46.693182 -68.819508 -66.557821 -67.872424 -61.029426 
-50.893268 -38.650935 -56.057974 -52.412800 -65.732790 -71.294591 -66.336307 -59.841136 -50.351881 -51.953325 -73.790553 -67.096639 -52.204130 -68.886765 -59.173322 -39.363124 -61.327321 -54.945744 -61.547797 -70.166146 -60.377076 -64.319633 -50.065947 -49.091386 -51.300421 -68.332358 -71.199271 -50.977567 -62.048545 -48.636991 -47.407248 
-46.020675 -38.227061 -56.539468 -61.969730 -65.732790 -70.818443 -42.601530 -70.796326 -50.726488 -50.817750 -73.031861 -63.596681 -52.907499 -64.620566 -59.173322 -39.363124 -61.327321 -54.945744 -61.490797 -42.955348 -68.672420 -65.381150 -50.944184 -69.980079 -48.049261 -74.848372 -39.400360 -49.813867 -39.161016 -68.007838 -46.116447 -48.552357 -60.334658 -51.305804 -38.315617 -58.228568 -72.291107 -67.975495 -62.551110 -59.641967 -42.636837 -51.021749 -50.045417 -57.019842 
