-10.480107 -13.258031 -7.334512 -9.775404 -8.039267 -11.980098 -4.010698 -4.878946 -7.349649 -5.588101 -5.621724 -15.202820 -11.238603 -3.592042 -4.819915 -3.436590 -5.785344 -9.855738 -3.073789 -3.631722 -12.062182 -6.607955 -9.727346 -5.309930 -6.747940 -6.531267 -11.895281 -2.971452 -7.334348 -6.331877 -9.545887 -3.721945 -13.286551 -9.511818 -9.369430 -5.288133 -2.644419 -10.057492 -6.519124 -6.306598 -3.610500 -9.808890 -3.411949 -10.271438 -1.328596 
-11.424139 -9.921373 -8.420356 -9.775404 -4.190295 -11.738614 -3.990114 -4.916913 -7.536421 -10.582507 -6.475365 -6.326901 -2.624962 -7.425263 -9.993694 -14.480492 -12.427843 -12.017083 -2.686004 -2.304301 -3.866534 -6.607955 -9.727346 -5.186880 -6.457712 -3.848038 -5.361011 -11.723916 -14.564221 -11.897994 -6.965207 -7.194818 -12.929265 -9.511818 -3.086693 -5.974831 -3.014613 -7.522292 -9.365007 -13.833696 -6.868134 -2.697104 -6.938397 -7.784132 -5.650743 -9.586202 -8.675013 -8.972655 -9.870482 
-12.142326 -10.125679 -12.205876 -9.775404 -10.170140 -11.538132 -4.123072 -8.062661 -7.536421 -9.632014 -5.645222 -7.756054 -8.225382 -8.807686 -3.765162 -8.153175 -9.457816 -4.815190 -8.212783 -11.394389 -3.743739 -6.463946 -9.727346 -5.287344 -5.995081 -14.930642 -4.483622 -1.983482 -12.423191 -12.351195 -6.026554 -6.310793 -8.914114 -9.511818 -3.033422 -7.028527 -3.757219 -5.241878 -6.413458 -7.773891 -5.463735 -7.623374 -11.169228 -4.240798 -13.005336 -6.326014 -6.172550 -5.854141 -6.014825 -10.974062 -14.037775 -4.732544 -10.897248 -13.499759 -5.291789 
-11.997077 -10.103165 -5.745038 -9.775404 -4.727648 -11.970050 -4.160681 -11.144644 -7.536421 -13.360560 -11.624187 -6.725142 -5.706828 -7.171744 -3.036475 -5.225753 -5.128866 -11.403868 -6.216226 -7.775687 -8.059278 -6.586749 -9.727346 -5.287344 -7.605832 -8.238045 -5.395451 -1.983482 -12.181899 -13.018582 -6.679244 -2.892093 -6.855345 -9.614393 -2.960543 -10.631987 -11.609288 -4.131176 -11.584329 -13.367126 -7.726521 -6.695758 -5.606911 -4.448981 -10.786855 -7.846763 -8.620144 -4.109216 -9.063049 -3.769163 -9.186644 -5.353967 -11.274591 -14.001161 
-10.755759 -10.103165 -4.244439 -9.775404 -13.894822 -4.513453 -3.987560 -8.015639 -7.500215 -10.180376 -5.690747 -6.536117 -5.326255 -6.482049 -3.034890 -8.163975 -3.860209 -11.485913 -8.138482 -7.932907 -2.842189 -6.674829 -9.727346 -4.900013 -8.478332 -8.449226 -1.765530 -2.019498 -12.051049 -2.359915 -6.397176 -3.925839 -5.758554 -9.269480 -2.810590 -8.992612 -4.209814 -6.002679 -14.578534 -5.791774 -11.370920 -6.021242 -11.863159 -5.823492 -6.902267 -2.492937 -2.915285 -6.067514 -6.525059 -5.615399 -4.389998 -17.779895 
-11.056607 -10.320475 -4.951487 -9.775404 -11.427235 -9.550820 -4.121395 -3.141284 -7.716754 -9.533150 -8.388302 -5.768492 -7.068503 -6.419061 -7.030590 -8.002745 -4.417555 -5.952016 -1.678987 -2.033672 -11.344726 -6.455270 -9.727346 -5.036043 -4.402319 -8.090682 -10.193279 -2.214251 -11.581253 -2.194069 -7.495808 -11.094348 -4.492363 -9.215280 -12.018733 -10.113918 -15.373226 -11.840124 -10.311686 -13.973704 -4.978511 
-12.518297 -7.335327 -4.295016 -9.775404 -6.099770 -11.568872 -4.103309 -4.504124 -7.776067 -8.425571 -5.763472 -9.517807 -12.258710 -7.561606 -6.753203 -14.481202 -22.647720 -4.295881 -11.264986 -10.921227 -8.371775 -6.601294 -9.727346 -5.166834 -11.512902 -9.756267 -12.419300 -2.268064 -14.647352 -4.053259 -12.215557 -6.363869 -17.630830 -11.659552 -3.935179 -6.065467 -12.054869 -12.499388 -9.589090 -14.073921 -11.399182 -4.962984 -10.394492 -3.590891 -11.102030 -12.288450 -11.222565 
-2.782848 -3.592849 -19.842341 -9.775404 -12.454814 -7.451468 -3.849761 -8.530026 -4.248132 -7.698286 -6.196247 -9.512560 -3.917575 -7.398298 -6.748432 -5.713673 -10.747271 -11.466567 -10.427471 -10.135315 -6.314758 -6.601294 -9.727346 -5.327640 -9.499423 -10.012804 -12.448424 -4.772224 -9.032787 -13.359763 -6.026077 -3.791192 -5.341174 -16.740357 -12.337027 -14.929044 -9.224333 -5.534762 -2.975984 -10.156422 -3.690330 -6.004125 -11.841682 
-8.185546 -3.776542 -3.670222 -9.775404 -5.908794 -6.444063 -3.476468 -8.427309 -4.256525 -7.898607 -6.765239 -9.396518 -1.889521 -7.286149 -13.255796 -5.255668 -4.897748 -11.711239 -5.390426 -8.116475 -4.565829 -5.531118 -9.727346 -5.406864 -4.076575 -10.793192 -1.011497 -8.385088 -6.273300 -4.282226 -8.032214 -2.232716 -9.494716 -7.881265 -13.694764 -9.719326 -6.233074 -9.084701 -8.888363 -5.604899 
-10.549309 -3.667768 -2.842606 -9.775404 -12.248703 -6.579752 -9.810992 -8.880986 -11.540555 -8.202318 -7.500332 -9.151968 -5.036572 -13.953676 -10.531127 -12.103761 -4.684085 -2.619494 -7.396472 -3.266848 -5.446315 -5.940993 -9.727346 -5.764763 -3.030493 -10.779439 -13.732933 -13.942482 -11.894756 -11.421200 -4.042309 -3.653626 -6.539667 -15.200034 -11.085774 -6.221058 -2.709785 -4.805810 -8.477098 -6.385609 -5.464934 -11.798186 -1.458764 -10.252777 -8.808536 -10.624863 -11.565547 -4.990454 
-10.226209 -3.858783 -12.905599 -9.775404 -9.938432 -11.783914 -9.563343 -4.279016 -13.635405 -8.202318 -7.512046 -9.372905 -6.200214 -5.373318 -9.897954 -10.683950 -4.314460 -3.567238 -6.663642 -13.962111 -5.635395 -6.132902 -9.727346 -6.145151 -2.354431 -6.334347 -8.320883 -8.689542 -11.557298 -11.496186 -12.440756 -3.890623 -3.536233 -11.701531 -11.699071 -7.022148 -11.332190 -3.996852 -7.919718 -7.536567 -18.422674 -2.468163 -4.921896 -6.534150 -7.330433 -12.541440 -5.662332 -8.585823 -11.086072 -6.045306 -4.382719 -15.273090 -4.680746 -4.286893 -4.490794 -1.509481 -13.862253 -8.603374 
-7.811694 -4.126135 -3.706852 -9.775404 -4.674430 -5.773085 -6.557840 -10.013823 -9.404640 -8.202318 -8.409885 -9.302145 -5.071499 -9.331190 -4.086536 -10.742997 -4.666070 -3.769181 -8.004574 -2.894545 -5.366452 -6.132902 -9.613071 -6.228353 -14.894051 -6.144098 -18.516025 -4.384976 -12.198059 -12.373959 -12.421729 -3.842698 -6.394672 -6.414340 -10.987536 -12.366802 -11.052137 -8.976561 -8.495623 -7.544420 -12.049827 -2.411421 -3.823648 -2.821082 -9.993126 -7.210433 -2.399198 -4.248443 -6.862336 
-12.065499 -2.457347 -6.565754 -9.775404 -4.116018 -6.493191 -3.363947 -2.991078 -7.625796 -8.276216 -1.810999 -9.302145 -21.525081 -9.348689 -12.058370 -3.520503 -5.221838 -5.594312 -11.856312 -4.889157 -6.870011 -5.977740 -9.613071 -6.249310 -15.658619 -8.470494 -12.305504 -10.498673 -12.023729 -8.789033 -7.134717 -3.702569 -14.051834 -6.614996 -3.143945 -22.614946 -3.726582 -1.689120 -10.071394 -8.533378 -7.445688 -3.071967 -18.375053 -12.843049 -8.238548 -4.332020 -5.465602 -4.413144 -14.533299 
-11.887451 -6.260186 -2.866183 -9.775404 -10.222479 -6.561850 -5.687491 -6.153697 -4.379291 -8.276216 -8.777041 -9.190537 -3.609192 -7.432257 -9.450186 -10.849999 -4.660033 -5.789770 -12.008420 -5.843164 -7.739749 -6.552897 -9.613071 -6.280909 -11.189826 -15.078706 -5.923543 -0.734009 -12.040080 -5.809230 -7.286182 -3.701847 -7.791731 -4.505419 -5.799915 -6.532692 -10.864206 -15.314357 -5.884791 -3.242037 -4.024963 
-12.011230 -14.259817 -2.711934 -9.775404 -14.220095 -6.495394 -2.527991 -8.657980 -5.160032 -8.430135 -7.464636 -9.392788 -4.885160 -11.439524 -4.655826 -9.426145 -4.925726 -5.588578 -5.203918 -11.384540 -9.526958 -6.363169 -9.613071 -6.351513 -10.406722 -3.075587 -6.526996 -11.975510 -12.116714 -7.989482 -6.966772 -3.880229 -5.616910 -5.046107 -6.619706 -12.881595 -1.424593 -5.144212 -3.568931 -7.632421 -4.047247 -4.262892 -3.875212 -9.212450 -11.672063 -3.259191 -10.159928 -15.002940 -4.851929 -6.359722 -22.908409 -5.790885 -9.176058 -3.467290 -15.151113 -9.134725 -7.371389 -10.573438 -12.501101 -6.352577 -4.236457 
-14.303452 -12.741031 -2.894814 -9.775404 -8.537725 -13.192118 -3.177933 -8.212312 -10.799909 -8.587020 -1.513603 -9.392788 -4.360867 -2.834551 -14.247124 -13.877719 -3.946411 -5.657135 -11.920546 -4.567958 -6.480206 -7.284122 -9.613071 -4.844233 -7.372795 -1.286832 -5.899634 -4.981152 -12.610208 -9.200141 -7.263306 -4.085111 -6.092947 -7.130876 -12.415391 -3.985645 -5.074884 -12.126533 -10.216034 -7.442393 -4.846279 -5.768592 -6.329001 -10.088034 -2.361637 -7.373869 -9.309816 -14.038358 -11.495345 -8.809862 -7.001608 -4.372301 -10.405495 -4.601579 -8.054911 -6.013041 -11.032315 -4.426066 
-6.856236 -6.581109 -6.887179 -9.775404 -18.446304 -11.851811 -3.562335 -11.133419 -4.371881 -8.509471 -7.948294 -9.392788 -6.110024 -2.403024 -10.712106 -1.960372 -3.562572 -2.933306 -4.579714 -6.292983 -6.650365 -7.944738 -9.613071 -5.341322 -7.042572 -4.077524 -8.503937 -1.591838 -11.663953 -2.731425 -6.115690 -4.170699 -8.683788 -6.039848 -9.133915 -11.420054 -5.132496 -12.407725 -9.191409 -11.598830 -14.683464 -7.404150 -7.387870 -14.299398 -20.024612 
-13.584841 -5.093598 -6.562696 -9.775404 -8.347708 -12.124954 -12.025245 -7.035689 -8.061557 -8.509471 -3.899715 -9.392788 -5.019309 -13.682234 -4.373825 -4.149270 -4.718235 -10.410566 -3.947846 -3.609782 -14.544400 -7.046001 -9.613071 -5.067859 -12.835557 -5.612811 -7.453699 -2.109636 -12.175763 -12.224422 -6.013343 -3.952215 -12.072331 -3.926232 -11.531541 -11.478674 -3.503191 -4.204666 -10.083214 -11.207445 -6.354654 -8.700269 -6.225438 
-10.511249 -10.962053 -4.826487 -9.775404 -8.346797 -12.065709 -5.964676 -7.701326 -7.591978 -8.509471 -3.826346 -9.334803 -5.121957 -6.363721 -14.361849 -7.775294 -7.670241 -10.328655 -4.245615 -3.171339 -3.891795 -11.151239 -9.613071 -5.621230 -7.349384 -11.805017 -12.385780 -4.205430 -12.096801 -14.287691 -6.584808 -4.260161 -3.157317 -4.555481 -5.748606 -13.616616 
-3.648875 -3.288252 -8.548704 -9.775404 -8.292642 -5.549337 -3.891090 -5.193568 -7.459516 -8.562256 -4.061597 -9.334803 -10.009027 -6.231084 -19.873747 -4.217663 -13.381431 -11.323842 -10.296732 -8.228589 -5.214943 -3.265961 -9.613071 -5.949304 -6.606463 -3.573823 -3.813803 -8.782780 -11.919485 -8.869165 -6.291824 -4.083005 -8.310746 -8.927272 -15.545595 -7.177446 -2.528819 -2.367325 -4.654727 
-4.002235 -3.965162 -7.980738 -9.775404 -2.765399 -4.858271 -2.668359 -13.212895 -7.391010 -8.562256 -4.061597 -9.334803 -6.324077 -5.914120 -5.298107 -12.225225 -8.930719 -2.383904 -12.172188 -13.191538 -1.601138 -10.895517 -9.613071 -5.747266 -9.484870 -4.854068 -5.850167 -9.199066 -11.600809 -8.632533 -6.151166 -3.856203 -9.187914 -3.009008 -7.344352 -5.599267 -7.408226 -5.696941 -7.608350 -5.267897 -10.139235 -6.420961 -4.015782 -10.279095 -12.712158 -9.800477 -10.970966 -9.087475 -3.149709 -16.986152 -12.667627 -12.390430 -6.545854 -3.823980 -14.315736 -11.465605 -10.059409 -4.430965 -4.244211 -4.189953 -9.795079 -5.823028 -8.269785 -4.779569 -12.019200 -8.963223 
-12.964318 -4.008946 -4.962515 -9.775404 -6.015533 -8.337050 -3.291256 -4.111142 -7.552198 -8.222913 -4.061597 -9.451260 -2.970487 -6.349824 -22.970895 -9.472105 -1.345504 -6.363371 -6.727310 -5.339816 -3.559461 -5.996559 -9.748108 -4.963345 -5.213713 -6.821384 -10.824570 -11.296133 -6.863917 -8.902612 -6.895682 -4.130384 -7.338620 -6.250818 -1.212554 -11.747257 -10.705865 -4.608039 -10.451374 -11.677202 -10.090461 -5.766966 -6.706355 -9.790113 
-10.598052 -4.008946 -20.187832 -9.775404 -12.657806 -9.345148 -11.752911 -6.499615 -8.961573 -8.222913 -4.061597 -9.498997 -2.840307 -1.931555 -11.222968 -6.535530 -4.909132 -7.493404 -4.478317 -4.428960 -9.876909 -5.854999 -9.748108 -5.692457 -6.928989 -7.233051 -5.167323 -6.812270 -11.149268 -10.273956 -6.825092 -4.161011 -6.584895 -8.934710 -4.797905 -8.037222 -7.686797 -3.465768 -9.580546 -7.784975 -7.474037 -11.009959 -4.956159 -5.136505 
-11.743431 -3.646425 -6.387380 -9.775404 -12.456881 -8.533950 -11.665302 -6.452552 -5.620295 -22.181175 -4.061597 -9.498997 -8.191898 -7.930662 -1.088647 -8.545297 -6.219497 -5.330757 -10.322100 -6.449527 -9.012385 -5.139427 -9.748108 -5.619074 -5.314048 -9.752941 -9.568615 -6.319130 -13.214829 -7.547621 -6.278299 -4.000489 -5.206875 -5.093367 -13.159035 -7.881574 -7.431514 -7.832416 -10.151417 -11.139147 -14.241226 
-11.699798 -3.765298 -6.150946 -9.775404 -14.289002 -1.616001 -5.897697 -8.598102 -8.088492 -3.660709 -4.061597 -9.204067 -6.454830 -7.040894 -6.265157 -8.614456 -5.026735 -4.523344 -11.922528 -7.418039 -11.532557 -6.317591 -9.748108 -5.335963 -4.433160 -4.720847 -3.531277 -9.835945 -4.025621 -10.715984 -13.944321 -3.891075 -8.405279 -4.720312 -10.144998 -7.507972 -12.857366 -4.056763 -5.686732 -10.113553 -4.758655 
-10.493834 -3.229043 -4.369485 -9.775404 -1.590110 -8.247112 -6.655914 -8.427037 -5.081854 -8.674406 -3.942120 -8.904360 -5.649576 -14.041683 -1.620751 -5.700078 -4.813658 -4.146916 -12.424734 -5.844461 -6.292195 -10.913657 -9.748108 -5.049249 -4.561102 -4.637882 -7.579480 -15.512603 -6.556092 -6.419889 -0.874897 -4.529358 -5.650252 -9.014484 -7.931231 -3.639650 -4.817332 -1.767651 -10.728735 
-11.246545 -3.389785 -4.335495 -9.775404 -6.528440 -5.599842 -6.942070 -2.494010 -11.941189 -2.644355 -3.818234 -9.327290 -6.090356 -12.595402 -11.074014 -6.283458 -8.634137 -4.626610 -11.968954 -3.827555 -7.199296 -8.298350 -9.748108 -4.974398 -4.260766 -6.836916 -4.072270 -1.977917 -5.047953 -3.033229 -13.579523 -7.880003 -13.794641 -7.032450 -7.562034 -8.935758 -1.464152 -7.790292 -4.692165 -5.849880 -14.029375 -4.589570 -7.907568 -12.620806 -8.825684 -3.927700 -13.223993 -10.070831 
-11.078384 -3.455628 -4.628312 -9.775404 -8.105186 -7.220532 -5.628795 -8.281771 -7.045120 -2.639279 -4.009580 -9.327290 -3.698033 -5.358226 -3.774019 -7.869729 -8.248394 -4.701868 -11.774814 -4.050327 -4.154987 -8.746679 -9.748108 -4.982670 -4.955897 -7.858951 -6.697214 -10.755004 -9.153412 -6.650272 -3.833777 -12.508010 -14.651411 -10.377712 -9.284817 -9.236645 -10.068001 -12.255773 -5.124382 -5.653761 -6.837143 -5.501047 -13.376893 -3.759073 -2.607904 -4.534925 -11.337421 
-10.850555 -6.041273 -4.130785 -9.775404 -8.214350 -5.936515 -5.244258 -9.376126 -5.692454 -3.114971 -3.688486 -9.327290 -12.549780 -6.150741 -5.972224 -4.086485 -11.964867 -5.023424 -11.891880 -12.311355 -3.726622 -4.805216 -9.748108 -4.984078 -5.263749 -8.846131 -7.816518 -8.566900 -2.530927 -11.376522 -8.425884 -9.314086 -14.035093 -11.012879 -8.878534 -9.596599 -3.381666 -5.747246 -13.896589 -11.541153 -14.043791 -9.625110 -10.660493 -12.417811 -11.038251 -13.348569 -7.711212 -3.208705 -11.770170 
-11.586573 -7.287731 -4.184522 -9.775404 -13.148887 -6.491354 -17.642705 -3.481814 -3.905942 -3.495833 -3.655779 -9.017884 -10.002841 -4.985876 -5.079720 -5.901166 -11.791599 -5.062206 -5.089673 -7.660801 -4.353193 -7.368038 -9.748108 -5.568626 -9.340800 -7.592161 -12.090069 -0.925420 -4.138024 -10.351448 -7.703148 -3.400204 -8.743136 -2.449408 -7.685065 -7.727223 -11.561500 -6.854386 -2.259660 -5.906325 -4.464242 -1.414921 -5.418888 -5.386059 -6.781849 -7.627850 -11.144667 -3.604728 -5.133118 
-7.556037 -9.557572 -4.212173 -9.921696 -9.325630 -6.721849 -9.408215 -4.541687 -8.164813 -3.165773 -4.310473 -8.686722 -14.013700 -4.163886 -11.596310 -9.222559 -12.576271 -5.022967 -11.065106 -2.419517 -5.918165 -19.549104 -9.769074 -5.730967 -5.000237 -4.062637 -13.464151 -3.909834 -6.642365 -6.898772 -8.074843 -6.249124 -9.008877 -3.810376 -12.391936 -13.675691 -8.636605 -8.251222 -4.799634 -9.091568 
-12.943265 -8.211515 -4.018133 -9.921696 -4.911930 -6.282381 -6.134952 -12.520368 -7.089398 -3.466886 -4.380741 -9.259801 -3.156680 -6.341466 -11.469615 -9.950965 -10.009254 -5.229820 -4.868908 -13.147552 -7.462570 -5.036405 -9.769074 -5.589733 -7.847244 -1.912341 -8.472266 -6.559461 -7.614663 
-12.201851 -8.684112 -3.520428 -9.986240 -9.524037 -11.813333 -5.507480 -12.625153 -5.174816 -2.874043 -4.145009 -7.001551 -6.631115 -7.479895 -9.629622 -10.794770 -13.974577 -4.861403 -4.978363 -6.438849 -14.611854 -5.064491 -9.422928 -6.032595 -5.247473 -3.058368 -7.998197 -6.749480 -10.273562 -3.862474 -12.169988 -12.963367 -7.903895 -7.014577 -5.210087 -3.632402 -4.199753 -8.337501 -4.592194 -6.327133 -6.723649 -6.961550 -3.010336 -4.010536 -3.580462 -20.515768 -12.235246 -4.458997 -13.957257 -5.408976 
-7.713983 -5.196071 -3.397304 -9.986240 -4.446575 -3.315200 -6.515253 -14.076818 -12.988473 -2.971952 -4.306088 -5.837755 -5.873685 -3.860528 -6.907712 -12.100150 -3.674067 -4.639545 -6.344675 -4.155682 -7.027386 -8.395134 -8.448610 -5.746082 -8.049883 -4.416981 -8.300376 -5.841443 -7.246800 -8.550386 -1.946789 -1.151638 -8.880339 -6.579869 -3.583669 -3.585756 -9.876303 -8.502600 -5.288088 
-12.104573 -9.488334 -3.989855 -9.664808 -2.026926 -2.014880 -13.153707 -8.100767 -14.203767 -3.288139 -4.373394 -5.847693 -6.058398 -11.830131 -2.624686 -6.882408 -3.654260 -4.367442 -7.982824 -13.281379 -4.512681 -9.532188 -8.812105 -8.926744 -10.193386 -12.418109 -12.284554 -5.896584 -4.851210 -4.494857 -5.422223 -22.888212 -3.201782 -5.320196 -22.970477 -6.427668 -13.897729 -2.929359 -5.288910 -10.710332 -10.479924 -6.750239 
-21.501744 -6.296047 -4.423704 -9.356391 -9.120147 -8.578496 -12.477391 -7.679040 -11.051437 -3.632572 -4.328052 -11.362920 -6.180170 -10.854267 -19.029621 -4.346883 -5.029802 -4.031048 -3.623337 -1.482543 -4.616897 -9.661195 -9.042187 -8.732509 -4.028383 -5.969961 -5.535896 
-2.260369 -10.771829 -4.520202 -9.356391 -6.252626 -4.804996 -7.656113 -3.671675 -5.106265 -3.448882 -4.148503 -10.439874 -7.081031 -11.992220 -7.696464 -3.672616 -6.630590 -9.721232 -3.560847 -4.314370 -4.121908 -9.339013 -9.098193 -10.725784 -5.963759 -9.111183 -8.570386 -12.868723 -7.223141 -9.622366 -12.368607 -10.960200 
-1.957537 -8.880872 -4.886911 -9.339269 -10.407433 -11.899788 -1.841287 -4.288540 -5.031260 -3.666174 -3.808638 -3.513925 -7.164029 -7.114373 -1.133195 -4.008143 -12.910884 -9.524738 -8.877845 -2.987407 -3.451537 -9.130248 -9.073994 -8.974553 -7.378454 -9.842870 -8.040045 -8.825916 -10.403232 -12.152386 -7.450639 -11.796640 -6.993530 
-2.724866 -2.257271 -4.645014 -9.709273 -10.207874 -10.205648 -6.849667 -2.092834 -4.750820 -3.516320 -3.782914 -9.670908 -1.686431 -11.234642 -11.014012 -8.857115 -4.395655 -12.232821 -12.784311 -5.219157 -3.131502 -8.978969 -9.073994 -7.368181 -7.137306 -3.215780 -9.006817 -2.866361 -5.082912 -8.437964 -9.815063 -9.063221 -9.017672 -10.292790 -15.282562 -3.386358 -12.283383 -4.939327 -15.039625 -11.321695 
-9.164436 -12.773370 -4.489027 -9.414442 -4.238254 -10.613652 -6.010818 -12.969720 -4.736185 -3.988916 -3.958117 -10.008558 -0.974800 -10.907962 -9.104560 -6.523701 -7.005331 -12.319148 -3.342121 -2.606995 -8.675782 -8.442615 -8.690022 -5.040850 -7.859473 -9.982293 -6.890948 -8.028980 -2.633141 -6.379180 -2.457885 -5.204079 -8.206361 -2.612505 -11.757309 -7.044865 -12.149278 -5.069532 -6.866453 -9.008666 -8.179666 -3.135749 -6.711006 -8.626856 -10.805407 
-8.969959 -13.097764 -4.106919 -9.589577 -4.127772 -13.409658 -6.746263 -7.978651 -4.795938 -2.141363 -3.957938 -6.453165 -5.098956 -4.350183 -11.331455 -1.027339 -8.977922 -1.427674 -3.952974 -8.030647 -11.778504 -8.271551 -8.717152 -5.067289 -7.747414 -10.751531 -12.219970 -6.724702 -6.038411 -6.240219 
-11.377781 -11.775404 -4.107404 -10.265115 -4.053929 -9.688170 -7.192089 -5.755695 -5.043357 -6.266093 -3.602101 -4.079018 -6.382366 -9.794381 -11.532762 -8.650792 -8.850542 -2.652154 -5.409252 -7.752475 -11.415507 -6.820017 -8.417866 -9.347307 -5.192570 -6.343662 -6.304467 -13.996378 -14.426018 -9.414599 -6.060995 -10.073712 
-7.753191 -8.289671 -13.151800 -10.265115 -11.548993 -6.357502 -13.484587 -5.410339 -2.836557 -6.093859 -4.167049 -4.991512 -5.908410 -13.964945 -11.104042 -11.406159 -4.130087 -1.285902 -4.620403 -8.247319 -11.440109 -8.513380 -8.137888 -7.837121 -2.483686 -8.747635 -9.538813 -11.607146 -9.460823 -5.779428 -5.781998 -4.768391 -6.220495 
-5.179235 -8.679411 -3.619470 -9.600189 -6.250562 -5.934283 -7.463290 -4.904326 -9.917800 -5.482082 -3.164833 -3.601834 -12.112867 -4.912243 -11.457119 -12.500982 -4.413055 -4.416200 -12.653363 -5.974670 -10.034064 -4.458166 -8.714589 -8.139672 -4.917501 -7.475727 -5.497301 -11.963671 -9.532805 -15.297015 -11.579932 -9.475569 -14.582951 -1.454947 -13.220908 -5.696653 -7.303369 -22.106355 -11.990278 
-9.318407 -8.931143 -3.676993 -10.593704 -6.484532 -7.442870 -5.068571 -5.377367 -6.378875 -6.432812 -3.444099 -4.247642 -8.135896 -7.253553 -12.110293 -6.027600 -4.342996 -14.248619 -7.754978 -4.204284 -9.041904 -2.448267 -9.354530 -6.685989 -7.105434 -8.979468 -2.906258 -10.854949 -10.153037 -11.274242 -10.254462 -13.378830 -6.222858 -4.723352 -2.340906 -7.746218 -10.811617 -11.947420 -0.853923 -7.867170 -4.595188 -8.284779 -9.862760 
-14.602485 -8.060798 -4.166919 -10.554682 -2.045701 -9.631918 -5.660848 -5.051087 -4.192881 -6.252464 -3.552058 -3.905779 -9.614709 -5.173371 -8.287147 -9.208396 -4.124958 -5.011691 -7.511355 -11.398776 -7.114135 -12.494881 -9.607845 -3.856887 -8.184576 -11.015493 -2.909453 -5.499369 -8.921169 -11.211269 -4.873299 -11.764702 -7.075626 -5.656365 -5.701026 -7.501769 -10.196635 
-11.886832 -6.002223 -4.105599 -10.755846 -9.937059 -20.361363 -11.541053 -4.871193 -8.733138 -12.236623 -3.843562 -3.957585 -9.235432 -7.125602 -5.953923 -8.834010 -4.548644 -5.416370 -4.948550 -10.991601 -15.334205 -5.004068 -9.265343 -7.530841 -8.998485 -14.620417 -12.111898 -4.456730 -8.479600 -11.211269 -12.905322 -4.948054 -8.273452 -11.002759 -12.566730 
-8.326356 -14.046316 -7.069581 -10.694687 -9.395966 -9.134989 -10.540876 -5.482500 -14.522564 -12.239367 -3.373888 -3.841424 -9.333844 -7.207312 -12.411976 -9.214602 -3.595286 -4.819306 -5.097316 -2.132886 -7.131664 -10.960676 -2.527021 -6.635458 -9.998094 -6.041938 -11.526630 -4.440608 -8.100622 -1.886395 -3.078488 -4.493668 -5.117294 -10.730034 -5.654956 -8.192533 -9.909025 -9.509645 
-7.805271 -7.186468 -5.299483 -10.311769 -12.194893 -4.862577 -13.338329 -5.823634 -14.710053 -4.080447 -2.806187 -7.125038 -8.150808 -5.388699 -12.056608 -9.547332 -9.744425 -7.398897 -5.376465 -6.447589 -2.552500 -11.831677 -4.007084 -6.869540 -3.706504 -6.638727 -14.168333 -13.859817 -10.411421 -5.636916 -14.250308 
-6.858434 -10.528611 -9.326307 -10.199290 -6.656896 -6.251997 -12.821481 -6.055667 -6.804405 -3.892771 -2.619887 -6.343888 -7.809997 -7.011214 -3.123334 -8.987941 -8.013671 -7.464720 -4.984305 -4.492615 -12.011306 -11.749523 -3.395417 -22.250297 -3.519122 -4.356034 -5.729635 -8.164301 -11.643393 
-13.772182 -4.525498 -7.816320 -9.729401 -6.512177 -5.083881 -12.961488 -6.055667 -7.062494 -10.618374 -16.010507 -4.808080 -8.423089 -17.167578 -7.941728 -2.465108 -8.299133 -4.546534 -6.137574 -10.421953 -9.030817 -12.056944 -3.687097 -10.268944 -3.978810 -3.649552 -5.017716 -3.575215 -9.342697 -4.309627 -9.552763 -14.648691 -9.173721 -2.628356 -13.781580 -3.162240 -6.201368 -4.744322 -4.148420 -11.238692 -6.724096 
-3.670981 -5.960111 -9.122341 -9.905808 -6.161498 -3.961763 -12.421946 -5.620784 -13.243467 -5.691305 -5.026466 -1.804617 -8.537429 -5.105599 -7.792137 -8.822092 -4.313185 -11.123931 -2.336569 -2.827437 -9.761844 -4.224338 -3.363491 -10.760187 -2.479883 -12.230448 -3.865997 -7.360276 -18.337245 -4.610480 -7.356460 -11.673127 -7.996960 -2.946521 -4.299553 -10.015195 -13.960509 -7.066839 -9.309968 -10.007916 
-3.112377 -7.985597 -8.237553 -9.967334 -10.387348 -22.368982 -4.802825 -5.620784 -4.983003 -8.771285 -5.582509 -6.028846 -5.024171 -5.703850 -7.838480 -3.774154 -8.390535 -11.554600 -2.289780 -11.020584 -8.299045 -6.971538 -14.946096 -10.672114 -9.977005 -6.275028 -10.370372 -9.271547 -8.792232 
-3.510651 -7.922179 -13.277044 -10.327542 -8.986215 -7.242396 -3.392830 -5.503183 -2.817624 -6.133059 -13.229336 -9.049181 -6.984725 -5.114369 -3.236479 -4.031290 -5.057690 -11.825556 -3.185430 -9.564865 -9.975709 -7.297117 -2.452605 -7.441031 -9.625994 -12.222635 -7.330441 -10.159386 -11.351542 
-12.016698 -7.903040 -15.487226 -10.224119 -5.921652 -7.698167 -1.884089 -5.503640 -14.938189 -9.647484 -20.249604 -7.616959 -5.774858 -5.823217 -4.069694 -3.896456 -9.436782 -11.294672 -3.537049 -9.540397 -8.326816 -7.182771 -4.358874 -7.482582 -7.891211 -16.135848 -14.566128 -2.186210 -2.490506 -8.238881 -18.583967 -15.997074 -6.448756 -4.836698 -11.364970 -14.337043 -12.683733 -13.524265 -20.115155 -1.760267 -8.607493 -2.254837 -5.795043 -6.037122 -9.220892 -3.342488 -8.650610 -5.154184 -5.174296 -9.266547 -11.973905 -3.472472 -8.592790 -8.397230 -6.511490 -9.469174 
-4.978105 -8.206204 -13.292380 -10.607521 -14.191378 -4.229683 -7.255358 -5.567397 -3.294284 -2.008712 -7.828698 -5.958794 -6.272523 -4.603914 -4.492723 -12.539158 -9.858763 -11.677721 -3.386033 -6.747698 -10.506133 -6.835279 -12.447993 -6.635928 -11.454387 -1.033195 -16.940633 -2.823542 -7.249588 -5.041729 -6.967434 -8.810283 -3.844698 -9.115593 -3.910947 -6.406875 -14.224854 -6.458520 -9.807564 -5.589346 -22.017851 -9.785060 -11.842493 -10.456111 -4.675739 -7.666528 -6.779261 -7.004356 -5.844400 
-4.612854 -7.681036 -16.616657 -10.084456 -9.892555 -4.607749 -11.092767 -5.567397 -3.449418 -11.737251 -7.458548 -8.114318 -5.960588 -11.302338 -3.785107 -3.306971 -7.744473 -12.055997 -3.179827 -12.787842 -4.079988 -6.715766 -18.386995 -4.305429 -10.634459 -10.662936 -7.204184 -9.258412 -4.231797 -2.136785 -6.419044 -8.211176 -1.637055 -5.917793 -5.314608 -8.690894 -8.900389 -13.065649 -10.405397 -1.347265 -14.427425 -6.517863 -6.918739 -2.651880 -14.080267 -3.237665 -5.371595 
-3.092196 -8.659506 -2.699094 -9.885939 -10.608449 -3.829507 -4.796798 -5.721431 -4.291538 -9.835116 -8.861645 -5.350090 -10.619378 -15.503027 -5.683165 -10.259391 -4.147251 -8.966301 -3.272734 -8.460941 -7.973547 -6.686617 -6.717056 -8.346158 -8.983398 -7.214554 -6.106274 -11.799937 -10.628547 -11.341596 -9.524579 -2.382032 -10.914672 -8.893494 -4.769844 -10.771956 -8.603637 -5.366197 -8.847065 -6.583630 -10.278497 -8.124683 -18.430301 -10.966371 -5.545075 -2.134422 -4.349048 -8.704179 -11.234514 -9.447707 -5.327765 -7.177190 -13.513761 
-3.926785 -8.853252 -2.312723 -8.880084 -9.625978 -6.579931 -9.866575 -5.681527 -4.322666 -7.403855 -8.061356 -8.560270 -8.023418 -10.648954 -9.217911 -9.602968 -13.122241 -8.038547 -4.041517 -10.296458 -1.771858 -6.975388 -3.981234 -3.489668 -8.617889 -5.678485 -5.841304 -4.333381 -11.387861 -11.377267 -4.470008 -7.898985 -10.351123 -6.186010 -12.997502 -3.092720 -14.123009 -9.272403 -11.823140 -20.608027 -2.363432 -6.513836 -10.714422 
-3.781889 -9.178501 -18.442095 -10.633943 -7.292355 -6.328330 -6.983853 -5.673727 -4.409511 -8.978150 -6.826688 -8.624461 -13.388149 -4.034553 -5.480218 -9.528665 -9.026378 -8.155658 -3.778522 -4.091220 -4.897595 -6.655632 -7.924126 -15.134925 -5.941712 -3.802777 -9.829596 -5.086239 -13.142510 -13.401312 -7.134801 -8.639393 -6.510385 -6.757910 -11.737013 -5.553515 -10.634550 -11.392540 -10.582809 -2.503919 -5.210881 -7.371348 -3.046776 -4.137009 -22.227858 -7.395327 -8.516048 -11.446652 -8.182105 -12.768619 -6.480666 -22.067346 -11.047957 -4.764371 -9.924847 -6.320857 -7.679427 -13.058904 -13.169013 -10.025464 -8.964341 -5.819490 
-3.560560 -9.164421 -5.347444 -10.350723 -9.414759 -3.280286 -7.558872 -5.579169 -4.006009 -11.578567 -6.397154 -12.681002 -1.886948 -1.150949 -13.200891 -9.608522 -9.072282 -6.623852 -3.605615 -6.969359 -11.028730 -12.897403 -9.686035 -6.337173 -4.393257 -7.199128 -6.335162 -12.280246 -9.890091 -11.531643 -3.302821 -2.239450 -5.754959 -1.393443 -13.074274 -21.743720 -8.287551 -12.781472 -7.362424 -12.842041 -4.808821 -9.709083 -10.966049 -5.181799 -10.268154 -4.190493 -3.780984 -4.770322 
-3.306813 -9.170940 -4.992160 -11.476285 -5.568020 -11.580373 -12.560714 -5.614220 -4.134863 -6.101689 -7.870516 -9.799585 -3.710278 -6.316065 -14.985249 -9.608522 -10.829748 -8.320213 -3.700762 -13.617337 -11.274249 -11.763669 -9.524096 -6.101799 -5.879734 -3.901868 -6.743997 -11.771293 -10.239045 -6.261685 -11.917074 -12.431251 -3.307520 -13.613820 -12.360786 -7.049577 -6.213802 -15.711285 -10.690577 -7.589801 -11.354850 -4.871678 -11.724544 -2.878226 -2.181888 -3.974567 -10.616294 -10.022048 -1.804511 -6.341978 -12.333512 -13.576811 -4.260308 -6.780582 -22.674571 -3.466447 -6.814273 -3.352766 
-4.014108 -9.170940 -12.048433 -10.016826 -9.551085 -4.114958 -4.124361 -5.700171 -14.319503 -6.802481 -14.381445 -8.458032 -4.560215 -4.439426 -9.939423 -9.608522 -4.166989 -8.267491 -3.372992 -11.824887 -13.435535 -2.339407 -2.879051 -6.101799 -8.369187 -4.016505 -13.816689 -12.571675 -4.103514 -12.185072 -4.543202 -4.688643 -6.710860 -10.944292 -12.173992 -5.827261 -11.410070 -1.017631 
-3.055463 -9.010301 -7.450957 -6.709019 -3.923959 -3.948033 -10.090699 -5.372976 -7.629977 -4.400776 -4.859809 -2.725661 -5.628383 -4.363104 -9.930446 -9.512357 -9.897782 -9.478909 -11.347650 -11.723850 -8.051282 -8.610791 -13.724722 -6.533242 -7.239097 -6.223736 -8.653176 -12.701359 -3.532369 -19.481390 -10.303041 -3.844593 
-3.360872 -8.286719 -6.687559 -12.432279 -3.126048 -15.437693 -5.401053 -5.476077 -2.288975 -3.710983 -7.529151 -11.471235 -9.248220 -4.516376 -7.347332 -9.435295 -18.187577 -10.559958 -4.169353 -11.919371 -2.209726 -11.152692 -3.995310 -7.211748 -7.535532 
-5.568582 -8.191504 -2.991000 -4.902693 -2.945619 -6.853420 -5.621276 -5.476077 -12.119977 -2.307445 -7.919223 -6.180929 -7.545229 -12.470744 -7.216899 -9.712517 -13.402691 -6.975241 -5.000625 -11.919628 -4.891837 -2.123851 -3.554256 -7.480799 -3.921552 -10.717734 -7.741004 -6.008431 
-9.847968 -7.678348 -7.313792 -3.669102 -2.869266 -6.597393 -5.998866 -5.621440 -13.066139 -4.304344 -3.924866 -4.738786 -9.546705 -11.128220 -5.045092 -10.184344 -14.250821 -5.986618 -4.870673 -11.247695 -8.309404 -6.653748 -3.694989 -6.271045 -9.124305 -7.662751 -3.229715 -4.685744 -3.134148 
-3.326464 -7.560749 -8.189649 -8.988397 -2.476704 -11.078453 -4.204779 -5.785563 -3.070315 -11.661365 -8.639223 -17.071664 -7.780245 -6.310811 -4.310492 -9.961923 -6.858287 -12.419725 -6.399550 -11.707280 -10.620927 -3.342460 -4.333868 -2.277444 -7.372077 -12.749066 -6.911233 -13.127379 -12.923977 -8.014688 -8.105345 -5.947409 
-3.929857 -7.589316 -6.236030 -4.818856 -2.670979 -4.065716 -4.285162 -6.172350 -5.473632 -11.819741 -9.033023 -11.252680 -12.603719 -8.001591 -3.741322 -9.961923 -7.501984 -11.054979 -7.513509 -10.925283 -12.265834 -2.848621 -3.735164 -5.994805 -12.179711 -7.703146 -9.205702 -6.014940 
-17.465691 -7.653071 -7.418225 -4.586530 -2.309518 -4.956460 -6.251067 -5.777190 -9.408199 -5.635124 -6.660589 -4.877421 -7.370670 -7.375056 -17.620380 -9.961923 -6.979048 -8.363077 -3.174824 -11.675349 -14.788236 -6.080409 -7.404254 -4.061050 -10.042376 -5.890716 -14.338638 -10.454259 -6.356267 
-8.980963 -7.379800 -10.364583 -8.500679 -2.747938 -4.993117 -11.543357 -5.317935 -9.995745 -11.150288 -6.609598 -14.843121 -8.737185 -10.975102 -4.419076 -10.272282 -6.053745 -9.183304 -7.102187 -11.675349 -14.672576 -3.617526 -5.186459 -4.153596 -8.025436 -12.119451 -7.413644 
-6.593948 -7.448268 -12.313818 -15.354223 -3.261521 -7.280843 -7.638517 -5.317935 -7.147678 -7.608729 -6.991390 -11.131649 -8.606204 -11.478813 -5.049340 -10.664560 -6.129613 -8.946603 -5.098441 -11.172629 -10.592084 -3.842164 -9.292377 -4.833265 -8.800608 -13.086603 -5.819688 -11.674167 
-1.972211 -8.178177 -10.839462 -10.606196 -1.878466 -5.097584 -6.463625 -5.317935 -7.160554 -7.690215 -5.523639 -13.266135 -5.211471 -13.986955 -5.018923 -10.664560 -6.916374 -9.300970 -6.335277 -11.184090 -7.727901 -9.093368 -7.521788 -6.818097 -3.587766 -6.146171 -9.953268 -12.276995 -6.876795 -7.804682 -6.635586 -11.453949 -11.471657 -14.874979 -2.742304 
-2.375150 -8.658062 -1.957339 -6.597774 -2.095553 -8.063320 -6.488682 -5.317935 -8.453878 -7.527625 -5.556798 -3.599797 -6.962188 -12.427785 -1.878413 -10.664560 -6.530066 -14.689764 -7.010355 -11.184090 -2.736787 -9.263947 -11.615917 -7.275263 -3.541855 -7.492426 -3.661170 -3.951766 -4.381164 -4.015880 -6.223824 -10.539732 -7.791018 -9.285348 -4.439262 -9.674852 -6.783414 -11.877825 -5.400428 -4.399079 
-2.402731 -7.386355 -2.974052 -1.898132 -8.680235 -6.439273 -3.417830 -5.352841 -8.135160 -7.358555 -6.086474 -10.945934 -8.623761 -3.755359 -7.788080 -10.664560 -5.257920 -4.236697 -11.290711 -11.137620 -5.279782 -8.018897 -5.598340 -6.956658 -3.717512 -13.203325 -2.119316 -7.488199 -10.513973 -12.425917 -7.636874 -6.772362 -6.420736 -5.647924 
-2.925445 -8.209793 -3.083236 -4.021486 -11.869324 -6.755100 -9.862288 -5.535222 -3.502306 -8.944086 -4.488717 -10.266994 -10.931817 -12.105029 -14.594865 -10.664560 -6.445959 -1.665658 -11.732865 -11.291484 -7.601793 -10.377201 -7.108223 -7.188581 -3.600113 -4.808913 -9.531153 -8.619912 -11.465318 -5.975549 -9.410360 -13.025756 -1.504079 -8.473555 -15.198215 -11.560187 -5.378338 -9.673601 
-6.759343 -8.391325 -3.265673 -4.498541 -11.428638 -7.168786 -8.058768 -5.381679 -5.830858 -14.625367 -3.247673 -4.092540 -11.170781 -3.706622 -6.229450 -10.476077 -12.756114 -3.315570 -5.973102 -11.257702 -6.497793 -9.922795 -2.993810 -9.679717 -3.755651 -3.240360 -2.432631 -2.553538 -11.053733 -9.530006 -4.380029 -7.683162 -10.711352 -10.174917 -7.978990 -12.118363 -8.128928 -6.553624 -4.607504 -21.801187 -12.160443 -6.444947 -12.817419 -12.474559 -14.063438 -7.864776 -3.526161 -8.772466 -6.655340 
-7.550290 -8.311590 -3.201946 -3.400092 -11.832220 -21.528479 -7.385210 -5.808984 -5.070826 -7.427471 -4.781623 -11.039220 -11.818767 -7.825851 -6.516345 -10.327944 -12.688655 -2.690696 -4.292112 -10.953034 -7.975883 -4.592448 -9.799516 -14.736094 -3.951655 -3.676439 -12.394471 -2.530883 -10.142194 -9.246493 -4.000975 -4.166780 -3.636335 -22.296076 -7.299085 -8.608846 -5.999643 -7.391141 -4.662251 -11.692794 -11.489684 -7.815933 -6.941889 -6.368454 
-20.638865 -7.005889 -2.580602 -6.197449 -11.633675 -20.986095 -7.342497 -5.415356 -5.225447 -8.270554 -8.578455 -4.889114 -9.641657 -8.448981 -7.785430 -9.796093 -4.044907 -8.883336 -8.031396 -10.623991 -7.415406 -8.190265 -13.076026 -9.577852 -3.985671 -4.818068 -14.928891 -9.605909 -8.042162 -12.190715 -6.026152 -7.766919 -10.508131 -7.013101 -5.812159 -3.425903 -3.388975 -8.752633 -1.595110 -9.480890 -9.688226 -11.824428 -8.093226 
-5.413765 -8.051000 -9.009941 -11.501605 -4.021518 -15.323103 -2.975707 -5.531321 -6.081320 -14.510777 -8.502115 -3.055226 -11.806132 -7.426816 -8.466518 -10.378526 -9.371483 -3.646053 -12.763044 -10.688192 -6.212598 -1.219556 -5.281919 -11.382313 -3.894471 -6.434979 -8.323569 -3.966497 -3.509539 -7.462234 -3.470603 -8.148066 -16.242959 -5.805388 -10.622243 -2.774127 -10.312533 -6.884017 -6.934934 -7.945282 -8.153195 -11.763188 -12.628346 -3.449084 -12.035050 -9.371975 -11.873596 -4.976002 -3.179809 -4.358775 -8.081715 -6.545939 -12.868004 -9.958298 -13.107704 -6.812027 -1.381063 
-7.718640 -3.510254 -10.074330 -11.963089 -9.165281 -2.893148 -3.037259 -13.039668 -9.607765 -12.977350 -11.726063 -3.036354 -3.697272 -4.542320 -3.627263 -8.789356 -4.765982 -6.554175 -8.406048 -11.031462 -5.962475 -2.402885 -9.768409 -5.800411 -3.963358 -15.207735 -11.179150 -9.170968 -6.603378 -6.822778 -4.723046 -7.779688 -9.793159 -5.536970 -10.238132 -3.270192 -12.140548 -8.174951 -5.208046 -12.275245 -10.404441 -8.460710 -13.602417 -11.224196 -13.233510 -5.763017 -7.009419 -7.748917 
-5.665588 -13.690651 -2.477795 -7.398271 -4.162560 -8.516048 -2.505735 -9.391805 -8.994402 -5.318718 -14.284030 -3.826920 -17.041818 -11.150083 -7.052289 -2.633716 -3.624500 -5.854125 -8.891290 -11.082809 -6.430895 -2.839514 -4.996946 -5.607348 -7.893770 -14.331578 -12.731492 -4.203119 -10.841625 -7.758058 -7.984912 -9.047154 -4.073190 -7.226699 -9.891601 
-8.984723 -7.050237 -13.921914 -4.465174 -9.380453 -11.933844 -2.038728 -3.961481 -8.704068 -8.516901 -3.243236 -4.085933 -8.783791 -4.725707 -7.397731 -5.213102 -12.976073 -9.715139 -1.695044 -10.863467 -7.065813 -11.082666 -3.176098 -5.872766 -9.812479 -5.325018 -3.502990 -7.854656 -12.342735 -6.798394 -2.980078 -3.460661 -10.803654 -14.103708 -8.359454 -14.209490 -11.620821 -2.619075 -13.773769 -2.199750 -14.460510 
-9.277190 -8.272085 -13.744338 -4.873850 -8.628878 -3.344949 -10.311949 -7.526799 -3.190943 -9.916672 -11.409488 -3.865979 -15.526406 -4.084830 -7.473789 -5.286639 -12.094662 -9.715139 -3.937573 -5.790239 -6.851355 -11.533856 -8.286630 -5.813412 -2.660742 -13.294413 -8.519694 -1.491905 -11.476870 -7.623053 -7.986167 -4.952911 -4.861033 -3.059490 -12.355446 -10.946331 -4.362238 -9.135356 -8.485947 -4.826124 
-5.147857 -2.436801 -11.970856 -9.700245 -11.454969 -2.435159 -7.050283 -11.049426 -6.755011 -13.505230 -2.392389 -3.408002 -4.375336 -13.930468 -6.650727 -14.121549 -11.908932 -9.469436 -12.069310 -5.504066 -6.416186 -11.632578 -8.099688 -5.855893 -5.727518 -11.462255 -12.101376 -6.539349 -2.586052 -9.030695 -9.833594 -12.611280 -8.363959 -3.728405 -8.573338 -9.015332 -3.439089 -2.259213 -8.743690 -11.169697 -8.743245 -3.864967 -4.026971 -22.664100 -5.484314 -6.826747 -4.692168 -5.916483 -4.482311 -11.948264 
-2.510793 -4.915564 -5.228027 -5.090858 -11.273995 -7.319058 -6.468161 -11.556104 -5.965796 -5.965037 -5.201125 -5.414878 -6.919675 -14.070003 -6.910946 -6.435567 -14.473426 -9.477702 -8.210443 -8.439566 -7.756475 -3.448265 -8.245563 -6.186603 -3.229315 -12.338648 -5.009882 -6.983386 -4.654865 -7.919757 -9.414673 -8.948514 -10.678066 -12.272982 -8.200055 -5.094223 -2.671431 -11.200694 -22.787950 
-3.756756 -8.913449 -7.307829 -10.742889 -11.279354 -5.454859 -6.454897 -7.562085 -8.517807 -7.096960 -4.773091 -5.766825 -6.288688 -6.048064 -8.938596 -3.808805 -10.537345 -9.272781 -12.408897 -5.488693 -5.646237 -12.275046 
-2.639834 -9.225863 -7.741237 -8.092113 -7.994342 -5.775176 -7.445312 -9.279743 -8.677040 -9.165926 -4.825355 -6.394725 -6.690539 -6.150772 -8.274785 -3.399817 -11.167899 -9.173208 -4.348693 -12.373368 -6.707096 -2.685234 -5.077946 -5.411046 -15.545032 -10.118722 -12.490311 -11.918071 -8.783691 -2.599884 -2.833178 
-2.630834 -9.399603 -8.024373 -7.843490 -8.316638 -6.045014 -4.259262 -8.620834 -1.943613 -8.777238 -4.956027 -13.838001 -7.009776 -6.177749 -8.125475 -3.039707 -3.481428 -9.115351 -5.007243 -22.846180 -13.949600 -3.637572 -7.092649 -11.475397 -4.837892 -6.034852 -11.005176 -1.075325 -10.015136 -6.224052 -2.581504 -11.708948 -10.653559 -10.894642 -12.361788 -7.715690 -12.200790 -14.837691 -10.927492 -6.560375 
-2.958569 -9.667175 -7.939424 -10.002930 -7.967923 -5.609926 -4.246632 -8.696611 -13.523839 -8.829738 -1.221913 -12.055015 -7.075801 -4.707240 -8.169547 -4.157653 -2.983499 -9.285078 -4.787935 -1.917876 -7.232888 -8.541326 -8.129520 -4.943954 -11.978503 -15.268356 -5.686529 -9.876172 -11.249772 -13.249354 -9.102790 -5.571814 -2.752343 -11.781016 -11.615180 -2.558351 
-2.146197 -13.999289 -14.535229 -8.015470 -9.630663 -5.982880 -3.487221 -6.670486 -2.522543 -6.953904 -2.624085 -10.464353 -6.293423 -13.396547 -8.104136 -3.686159 -11.572022 -9.176269 -6.583969 -3.417521 -4.849781 -5.424145 -10.004586 -11.537506 -12.407199 -10.497298 -7.577131 -6.677917 -3.394429 -9.386610 -14.081097 -5.506582 -7.378267 -6.177368 -8.841673 -14.067624 -7.572430 -6.469514 -3.956590 -8.961031 
-2.751296 -7.310587 -6.375882 -9.564362 -9.680260 -5.982880 -2.945887 -1.606711 -8.781254 -12.117216 -7.874063 -10.723014 -6.533187 -12.227810 -8.341851 -4.565541 -13.535199 -9.176269 -3.944138 -5.031861 -3.358914 -4.791842 -12.382224 -9.878715 -12.460533 -3.844070 -5.033431 -11.176529 -11.944012 -1.551871 -14.401358 -4.036210 -7.551879 -7.196276 -8.453732 -7.933360 -8.888408 -10.680598 -12.109512 -2.368227 -4.568702 -6.432741 -9.386834 -5.524520 -11.219207 -6.667298 -13.121843 -8.402341 -5.313815 -13.161510 -10.609534 -8.840628 -8.513435 -15.047998 -14.659125 -14.035032 
-6.977970 -2.724186 -11.402779 -12.217727 -3.250826 -5.815177 -3.785133 -7.922073 -13.302192 -12.281856 -7.615706 -11.162492 -6.241329 -6.666437 -8.643552 -3.921814 -8.303203 -9.176269 -7.237827 -4.337824 -6.365944 -7.487636 -5.549568 -5.896801 -7.657384 -8.401338 -4.652347 -4.553056 -6.151554 -14.342996 -4.341036 -12.942124 -2.810709 -8.508422 -5.241244 -8.528048 -4.889740 -10.745427 -11.534522 -3.056483 -8.298151 -12.329463 -3.142405 -11.667750 
-9.484671 -6.933214 -2.989603 -3.451103 -4.980968 -5.489809 -6.928534 -9.291080 -7.437923 -7.564965 -5.925301 -11.401007 -5.580963 -10.549689 -8.825630 -3.986754 -9.762154 -9.176269 -6.365741 -14.898006 -3.392886 -7.739431 -9.177426 -12.921023 -14.876641 -7.171324 -3.932039 -10.510826 -13.762441 -9.155614 -7.196021 -9.767462 -2.417388 -9.073182 -9.991131 
-12.032763 -7.134593 -3.507345 -4.450701 -10.675629 -5.457601 -2.721295 -5.716395 -13.390938 -3.491536 -4.318307 -3.882376 -6.719873 -6.521083 -8.792140 -11.540319 -6.871018 -9.176269 -6.646431 -5.235683 -8.414272 -9.710183 -8.324588 -3.605236 -1.354944 -3.206127 -7.595714 -4.907292 -8.936177 -13.924262 -5.176325 -17.900795 -2.795247 -4.810031 -7.450587 -4.374201 -11.259225 -8.546809 -9.705262 -20.781074 -2.919639 -9.329915 -7.279477 -4.729263 -3.692256 -4.162276 -8.812687 -4.292570 -2.943837 -8.148780 
-6.115893 -9.150254 -9.170927 -10.261725 -12.156908 -5.104176 -13.204611 -6.154856 -6.897581 -1.847756 -11.247798 -4.511012 -9.411807 -6.610979 -9.039325 -9.525935 -6.192751 -9.439395 -6.867174 -11.882792 -10.135373 -8.874303 -3.820243 -11.676018 -12.246816 -10.168163 -3.437961 -5.422974 -6.941156 -12.119781 -6.580546 -19.507667 -2.617555 -7.798458 -12.004960 -8.820433 -8.851288 -9.299434 -8.989181 -6.694822 -6.793697 -12.111955 -3.937382 -13.710199 -5.357472 -11.027362 -10.444072 -12.468428 -10.367986 -2.525692 -2.849978 -5.623517 -7.594565 -4.028051 
-3.519428 -7.686850 -9.261536 -11.234608 -3.274652 -4.947816 -22.024295 -12.232754 -9.159391 -3.571303 -9.859754 -4.352245 -10.544321 -8.307721 -9.029386 -7.625775 -7.238738 -9.486029 -7.427627 -9.768908 -12.454456 -8.790758 -8.528472 -10.827231 -6.265809 -6.529330 -2.650866 -6.960556 -9.456710 -9.652752 -1.807234 -3.426480 -9.027041 -7.730141 -11.818069 -11.714130 -4.905265 -2.865401 -5.355116 -2.771402 -4.617994 -7.893529 -8.428895 -9.523073 -10.405264 -7.689015 -20.048499 -15.247468 -9.443221 -5.018068 
-3.355294 -1.252835 -8.068044 -8.957031 -7.744333 -4.667387 -9.085348 -9.745744 -11.948407 -4.994984 -8.717811 -4.020128 -8.182214 -7.052055 -8.992613 -5.964512 -1.760944 -9.486029 -7.541033 -14.718004 -5.169859 -5.332915 -14.764223 -10.827231 -6.805278 -6.018035 -4.931939 -11.941998 -9.061239 -4.927725 -1.401219 -12.970746 -6.413621 -6.996755 -13.645102 -13.611769 -7.729724 -15.105200 -8.417716 -23.036639 -6.119145 
-4.147782 -5.382971 -9.224824 -9.540691 -22.579403 -5.003386 -14.385397 -12.358986 -11.378644 -5.608353 -12.043451 -4.074602 -8.608948 -5.694073 -8.992613 -7.700593 -4.775448 -9.486029 -7.360919 -6.582104 -8.915326 -4.095184 -8.761230 -10.958017 -7.844160 -4.479899 -8.422753 -5.736603 -7.037264 -5.152975 -11.011132 -10.072783 -4.359770 -6.793007 -7.298049 -9.065115 -6.539683 -11.333024 -0.953780 -9.643385 -7.802946 -4.701972 -8.214114 -2.630675 -13.145600 -15.096777 -6.221900 -1.590956 -14.179664 -1.742877 -13.814148 -7.271154 
-2.421639 -4.288240 -4.587909 -9.535392 -6.070016 -3.675283 -6.948648 -5.146685 -4.877165 -7.113385 -14.558619 -3.854529 -8.435357 -7.877793 -8.992613 -5.134981 -8.912503 -9.379541 -8.046932 -5.817662 -7.114983 -10.280706 -9.025595 -11.464259 -7.306482 -1.455214 -8.720246 -5.776502 -10.296813 -6.286871 -9.930532 -3.447993 -7.210226 -3.542959 -2.579917 -15.139465 -5.757466 -11.955562 -5.799864 -7.232223 -9.753876 -8.440864 -5.861211 -6.234188 
