0.168639 13.921910 344.499099 0.353267 3.957203 91.072069 1.093358 58.440732 91.896465 143.630779 34.048325 0.967388 11.117344 13.345010 106.963421 9.669649 15.728244 4.626584 14.349033 4.860886 
0.080503 25.327936 130.675398 1.865899 3.498541 257.111838 0.544417 35.247648 76.272108 7.706879 23.446913 1.135801 17.499928 189.398345 2.583641 12.780544 8.654457 
20.986698 7.187035 102.181518 1.509199 3.137234 143.019164 3.961145 19.696707 86.883814 0.141851 10.323914 0.717341 87.265617 2.363827 59.637704 23.936439 1.285209 37.612031 1.739672 46.716445 6.015570 17.144062 5.862992 
0.645332 7.418895 97.112194 11.102110 3.557255 207.851379 27.562841 24.240631 103.913443 0.254817 9.055446 0.870401 1.694427 0.263543 51.121723 10.253794 399.818559 71.508718 1.140313 3.170802 5.645035 4.650188 1.432651 8.680010 17.779258 7.821649 9.760294 15.781136 
32.951216 3.085034 684.044592 2.055379 3.126267 314.266881 14.679892 18.698362 102.149500 37.057517 16.704879 1.131847 1.714099 0.193331 0.560245 42.063277 11.425549 58.232796 0.124369 1.355465 63.022738 4.791407 2.485579 10.785948 246.256273 0.237092 44.169544 146.661779 14.887184 2.546229 104.636807 12.287446 275.682245 10.239894 37.069668 83.612788 145.542097 136.054889 1.388768 42.564608 
33.079953 1.194044 3.423874 46.716947 3.346396 86.874667 37.552911 46.389329 59.908418 17.204161 18.048642 0.872619 162.166999 0.216436 7.085528 48.225650 113.067602 11.319314 1.666974 1.519620 10.640577 15.252781 486.655704 50.773655 62.790107 61.718011 
5.771302 33.633485 1.141379 2.443772 3.251703 115.746937 12.154325 113.340377 60.671491 25.611905 271.161264 1.200105 2.814013 0.178421 1.830300 8.110992 148.859130 17.611524 1.541434 5.940236 193.959637 36.162922 1.634474 3.894463 30.161165 
1.767214 1.482974 20.006409 16.462730 2.391746 367.137577 44.219156 159.284744 57.002122 41.792036 23.779601 0.693077 66.834742 0.369075 13.282040 1.860910 3.381993 92.925536 3.553182 10.412725 
2.109524 2.573516 26.575115 4.652883 3.143909 100.231563 7.289580 3.302131 55.620951 16.218780 4.469003 0.849895 98.761606 0.057535 110.986830 25.458876 11.754915 1.026907 135.200669 
10.801951 3.077669 46.065366 52.528146 2.722720 39.790246 108.494758 3.062284 32.894252 8.143757 2.386060 1.037800 14.117870 0.115442 101.772694 23.336806 60.110573 2.253446 2.197978 15.616357 1.032672 20.620218 
3.758806 2.335653 28.277981 62.146842 1.940319 34.277835 3.107947 20.749593 55.469828 10.740525 1.632791 1.033249 238.907124 0.373672 215.969260 1.567649 0.131052 6.333653 2.169657 53.294739 101.669859 17.932649 0.167759 46.395043 82.413935 11.327652 
339.713319 7.200696 33.211589 63.703576 3.126694 28.258068 14.838458 3.273147 33.466481 236.254079 13.480876 1.119499 7.178573 0.061058 0.074358 1.740089 6.924480 5.756763 3.087041 0.098810 42.292591 3.294280 8.387688 73.814301 99.727040 1.109407 10.282015 0.977379 10.049227 138.048285 106.452609 9.767727 17.891494 
2.356103 0.759130 14.819382 80.363526 3.282296 231.124221 96.376339 5.618230 36.639645 36.677058 21.951821 0.831494 4.851176 0.196397 2.829903 4.173248 23.781581 0.392719 2.632763 25.221781 11.379937 10.251220 0.373381 2.191237 22.243568 0.111024 96.465448 2.918261 
7.868809 8.003733 8.458400 30.825943 191.328065 116.764112 0.999114 1.754454 43.973558 11.417286 63.593054 1.030299 2.016778 0.092232 301.398354 3.010780 0.712410 12.374769 10.041843 32.026542 9.446795 0.289115 1.972594 20.557735 94.181869 
11.172061 5.423490 2.484116 12.917590 50.743128 85.374201 28.838165 5.746286 52.172269 27.604502 56.191055 1.204100 2.435653 0.103523 140.417807 21.062844 0.112160 7.453512 26.905020 13.814700 94.291076 9.983848 0.377505 34.584815 7.699312 
126.537360 7.629168 0.392810 0.385826 0.894636 277.559486 47.065771 8.352429 34.566477 13.508864 69.282727 0.886281 3.362086 0.100683 25.291072 26.646742 6.198636 24.339817 0.874887 16.277036 1.063807 0.806837 16.438188 53.157775 27.754370 4.613300 13.365557 13.839403 120.413338 11.410033 
92.704298 40.934349 71.113705 4.287125 228.157863 292.965019 19.011367 4.602790 43.325710 10.998521 21.068877 0.675536 18.387669 0.081288 24.738364 29.663981 1.013173 1.363436 7.282095 1.819743 2.389454 15.500282 16.218946 1.658528 77.700582 
100.456449 22.508954 52.474518 61.022227 1.688518 194.678056 26.855845 15.587458 56.482133 8.496057 0.085447 0.851823 49.653132 0.232113 367.908872 2.190180 2.268503 7.116972 11.331724 0.194802 3.256180 0.209414 131.600527 17.335188 71.267502 3.536406 2.525703 3.287078 14.470005 82.459788 0.580268 111.236766 23.526805 294.354002 13.546376 4.998126 3.287947 
72.118247 0.836466 10.275784 29.523027 116.941568 54.347353 20.362770 11.522668 123.976938 9.853584 61.006286 0.879697 22.143352 0.048647 2.016168 8.365937 1.946475 103.467449 145.452842 0.468609 3.326592 0.161481 16.729523 10.099277 3.799095 7.854705 60.097916 2.651170 34.860082 0.909420 0.056296 16.456050 3.556574 0.601503 3.012038 114.911498 1.526491 
1.639988 7.639803 36.548808 119.903571 14.901602 28.314980 18.901848 13.314812 41.109755 5.641943 253.280873 0.717078 2.505543 0.049449 4.528368 29.970965 6.213606 61.784139 241.060092 0.263595 2.560137 0.212435 70.732729 36.664606 4.757009 0.092005 33.332980 0.363324 6.388223 
297.974962 91.488699 14.855676 54.343792 13.519984 77.692952 32.636673 20.191330 36.724452 8.550506 2.584796 0.679670 108.202390 0.076751 0.154308 0.766014 51.812113 4.122874 8.845420 0.140187 3.467891 106.362999 24.807662 30.182339 18.845025 5.901744 6.315240 
1.493642 106.951275 40.060615 147.715063 3.993412 234.769250 93.294594 14.526402 37.736846 15.282837 1.635983 0.794792 0.649993 0.320739 0.332144 1.682714 5.191328 20.541972 34.774581 5.344247 2.803471 33.401311 1.797760 35.743458 
14.912889 86.694865 325.686087 272.634737 5.409284 63.911528 24.471397 44.277559 42.151510 1.508899 0.069520 1.524034 288.345997 0.069745 0.376740 8.986079 5.766192 28.682017 13.757398 8.952275 2.106476 2.091582 4.935415 
67.392074 115.693150 2.341815 18.586567 11.567953 72.425617 22.008300 48.774436 99.400644 46.039319 3.578590 1.293260 41.562114 0.204262 0.476174 0.182666 5.499866 4.560886 14.126642 
15.246499 2.274257 2.381779 3.733491 75.542937 96.568723 25.915133 62.955096 60.583032 33.704049 7.804668 1.374523 60.925931 0.087653 0.509541 18.561479 13.091245 4.814405 13.537543 188.568040 0.708051 32.552470 27.142342 5.447818 10.303662 42.472544 10.697603 
0.615355 2.441780 2.700381 22.892178 18.320154 91.849140 0.796790 4.514913 35.142669 29.146756 19.375823 1.107658 68.942538 0.065147 0.402821 2.750648 0.844227 68.114845 2.012160 62.084690 37.347028 330.653264 94.700812 3.210500 220.622874 109.164892 1.908320 269.708474 0.872240 12.873725 1.252524 13.851335 
4.808387 5.955206 2.482485 28.878926 35.073961 83.275475 7.807259 2.412651 37.693470 28.251126 11.242056 1.190912 384.704867 0.103232 0.243116 126.018986 0.708183 0.182358 0.196754 75.067796 7.252757 5.186203 193.661873 12.818146 5.160522 206.705657 1.260138 2.511958 8.946802 57.570863 7.130056 116.363686 5.861090 1.718066 
217.785269 12.435655 569.375915 21.477136 7.959757 89.443468 0.539721 1.150285 55.540808 0.426439 3.027367 1.463831 421.350531 0.095368 0.267664 11.580978 58.189392 0.810539 34.928772 105.569490 50.260963 5.522950 0.388482 78.820236 8.711371 15.993651 5.851545 7.182128 182.372814 
10.825016 67.300128 18.695812 13.905782 267.154250 212.888146 2.789107 0.650987 81.336931 14.020005 2.413329 1.484772 58.345979 0.148093 0.125149 4.099488 17.798058 0.823715 8.534249 4.658449 39.339917 72.581300 1.252868 140.110520 11.776785 1.745433 0.952231 59.743991 160.975687 237.686772 
22.404094 5.469885 76.427136 4.871286 63.775360 100.383965 2.205543 8.771654 71.107861 11.626142 2.625154 1.137531 30.829580 0.108469 0.155658 8.532953 57.912391 48.496493 47.116190 3.793103 5.043358 42.241832 3.027053 2.066311 4.191200 20.282215 
8.562586 2.146819 80.745328 0.259617 105.889069 33.395964 2.941599 21.980565 36.000504 21.581442 2.651736 1.041554 5.601390 0.133626 0.245939 12.946846 17.164243 87.772592 218.640015 3.560251 70.899557 66.360775 30.402880 34.274822 2.962138 24.855158 3.984775 105.651869 
8.353415 19.336912 0.642645 21.677786 353.279387 27.172758 7.066638 5.298429 70.931515 367.715943 3.521337 1.258076 14.662727 0.226639 0.154341 5.293429 52.557483 219.312774 1.180242 344.441952 97.529963 72.288450 1.936760 13.993783 
7.650947 19.929702 2.934318 7.834796 66.030157 19.158027 14.980206 10.455837 35.646786 3.784076 3.397967 1.236279 9.432357 0.233436 0.830328 14.734537 437.322123 62.118419 73.177089 121.590166 13.242259 73.369540 
146.701265 19.364223 74.475196 74.242284 0.621269 16.453037 198.279071 62.624625 57.168022 3.577892 3.435845 1.121570 2.367555 0.119377 4.616751 75.168247 10.164080 53.444700 55.501912 3.070084 7.222343 22.268377 16.539439 13.937234 
1.144445 366.923963 4.463488 67.560204 10.643857 34.494984 4.166335 30.371356 70.585510 38.869523 2.494443 1.501666 182.332835 0.176659 86.632379 12.194846 26.724802 97.669227 78.448520 
4.752593 40.878145 18.879555 69.588484 10.043972 8.502727 3.287215 7.741866 54.737361 1.928844 2.887695 1.548353 45.884154 0.152286 4.638232 19.311451 31.182731 365.861879 193.786985 13.361881 88.688131 11.106562 1.258979 13.384124 5.958267 8.545142 31.573520 77.276097 
2.705194 203.502544 30.219601 25.247480 22.091804 79.274388 10.876955 65.204239 42.008537 18.297143 2.346200 1.440547 93.231900 0.174300 19.477954 328.395015 23.867936 22.811920 5.427959 4.732892 9.165284 5.372721 7.856075 9.425381 2.103990 115.290959 8.624253 52.810867 
16.997520 82.203617 0.634991 8.533876 13.083280 432.834983 8.093915 22.329225 74.510640 97.398043 2.808852 1.426651 57.109090 0.258099 3.700402 2.323179 20.750680 3.132689 1.244740 
12.529197 52.112322 15.873807 40.132949 141.022501 0.772795 4.244766 2.288285 52.352743 1.118090 2.795605 1.067232 648.273511 0.133813 126.050314 2.388837 27.504891 7.929292 3.121169 3.460001 1017.399953 0.654384 0.848051 244.994789 0.327173 7.962480 6.859393 0.527091 133.112625 0.570051 
45.807558 2.850922 35.527019 0.870659 7.353758 652.450438 19.660590 1.778370 66.373837 8.168866 2.488517 1.271572 343.876477 0.285424 64.621351 2.041763 7.473537 27.445067 
3.347254 19.224138 2.699285 59.436039 30.231872 1264.120786 20.466895 116.921652 70.054840 130.823176 2.341296 1.087283 93.104511 0.331844 4.958821 8.007783 2.405653 343.766446 5.806221 29.211158 15.603624 14.612128 244.483841 33.092249 7.234348 1.604663 22.460826 0.409621 365.365143 
1.973806 9.944342 13.244082 7.825172 2.659625 110.934781 17.861804 62.275755 51.098256 38.909894 1.996523 0.965285 63.045059 0.378681 15.463271 25.901008 241.742113 13.249849 5.783368 173.616101 15.197321 13.342388 5.230669 12.041336 
1.690662 6.638335 113.476725 32.113765 1.779099 12.816777 6.536500 70.139914 87.586642 33.679214 3.332947 1.444998 357.949800 0.213496 1382.544371 28.110657 5.293538 38.956972 50.486476 10.103947 41.777556 133.971992 2.233833 
1.378044 0.588984 151.121166 8.709969 14.838292 8.420576 20.475693 44.838381 62.355567 93.293567 1.644444 1.228692 199.270475 0.339300 8.065527 46.256083 63.883041 3.474557 2.929187 507.689457 4.108807 3.880545 3.894990 29.800195 47.463242 2.654412 52.439929 
6.944268 248.065995 89.659509 69.408220 17.810370 857.247094 69.709973 21.013700 137.632867 66.500263 2.549136 1.312474 56.624283 0.184444 1.294387 0.395788 0.720767 4.060130 45.936911 10.213265 6.756018 87.942239 5.662458 
2.153139 83.149317 106.265117 224.294158 16.556576 75.180288 1.480714 8.253255 55.545728 8.138418 3.126319 1.207219 173.964712 0.207399 17.872026 20.350612 83.696132 4.061366 1.561659 31.981224 14.407273 0.987986 83.692041 8.367909 17.764910 5.827303 1.198230 48.088206 
92.595211 86.943995 94.608650 17.639859 24.765489 446.409347 49.563525 0.672702 47.480052 12.921869 2.430676 1.357147 69.649860 0.260358 27.521045 7.899429 3.283616 36.537379 5.319107 1.187070 0.244384 41.744746 43.565183 15.696474 15.655637 14.260823 22.306937 
22.885547 1.100255 3.826213 3.439428 31.310649 316.973855 3.838878 72.619820 75.997278 147.309625 2.692607 1.281172 119.457808 0.126997 34.878734 2.807798 2.147253 47.156776 1.464093 3.519337 7.164353 10.047843 72.491216 23.194497 1.935414 5.421333 384.658082 
41.455627 5.176898 5.069385 27.588358 79.797271 34.999047 1.385031 16.440761 44.339940 10.583996 1.690708 1.266357 68.520900 0.130218 187.787058 5.949997 39.388034 561.064620 4.408304 10.162084 505.798722 14.487204 5.731087 31.662028 6.259538 5.454020 2.540367 4.460219 4.656486 
6.886425 9.550912 13.112977 1.707710 259.879286 42.549896 11.778527 7.813005 100.562943 49.018962 1.836623 1.502464 102.905049 0.171443 195.248021 6.345172 12.221112 2.987964 48.240103 107.010154 2.831919 16.399357 1.927115 44.718572 2.582912 173.358553 6.053629 2.352468 
12.980646 1.664824 0.851043 4.792149 2.949360 50.578809 15.960265 299.332375 53.266824 36.620179 2.220603 1.467956 314.491311 0.115321 5.655302 1.671323 3.936606 7.961442 119.955605 223.877239 20.374461 9.900831 40.957049 12.796904 242.525602 10.490215 6.642489 
62.115725 53.512254 2.614531 275.768850 26.720925 63.806217 440.414271 130.311923 96.064484 157.070964 1.966369 1.311616 146.792449 16.747369 7.803729 1.182823 1.474908 4.648175 14.304367 12.659208 3.058444 12.503783 4.344163 0.592427 3.113776 
14.729121 4.409150 197.114375 7.955754 0.100093 3.983114 253.689266 115.032579 45.282470 28.489229 2.093675 1.263627 93.281669 11.638710 0.551217 4.828810 0.691742 519.840504 17.880717 0.562701 4.630689 8.273417 17.476766 
67.165558 0.738485 0.872649 19.104540 4.429737 8.326907 54.693150 0.735775 2.125261 1.415559 2.143074 1.474176 143.142623 263.377837 0.258973 305.180656 6.968528 10.590470 43.996474 11.957803 33.938925 231.748491 4.575501 104.286693 3.324965 13.539715 11.692696 23.627889 
59.999884 71.798075 0.337610 14.513501 383.441171 12.270625 5.717320 48.385295 2.662354 5.310813 22.670804 1.265672 258.463573 99.085545 0.152896 0.408943 2.397213 49.862180 28.640464 0.400534 77.365868 
43.001161 25.911322 0.797919 0.199556 17.201646 26.990086 14.311737 29.558980 5.269906 72.586898 7.491411 1.342365 83.955156 430.816516 0.298182 646.176581 70.406088 62.471415 38.123363 0.383692 42.689668 2.930408 1.522467 50.859558 2.177397 5.823397 47.233393 17.723878 0.246269 7.728331 0.386076 
34.346297 304.182711 0.156152 1.602500 157.733897 0.218835 21.953261 3.404783 2.119494 73.023436 0.674000 1.454453 132.101778 452.221091 0.204543 5.628293 9.149033 7.546683 35.525339 289.954378 8.345029 2.522567 259.955826 8.550085 9.015513 34.756684 5.109899 4.114891 1.306310 0.283595 0.211312 0.313834 21.860809 7.032395 
66.911044 6.891981 92.371590 57.286999 91.086176 3.924943 35.220086 0.140758 92.384919 6.383479 2.360506 1.046835 206.258583 346.216422 2.304736 2.192335 0.143406 24.694582 5.487842 2.088851 1.170386 2.886528 244.638634 117.464777 23.575083 0.119058 0.589967 25.582666 
42.972642 0.127044 7.368830 62.831268 205.808352 3.428662 23.266232 443.121068 14.410368 11.390220 10.598419 1.349409 55.111092 0.834459 15.498798 20.825817 0.645470 75.057990 5.097261 316.398738 25.735284 1.366430 2.859084 105.607330 25.013081 0.092911 6.988305 0.203865 0.082949 21.877074 677.967037 4.323005 5.414512 2.614096 6.467769 37.552045 6.043459 
86.531232 39.859318 2.940389 1.157374 397.782451 7.375188 61.911516 3.259536 94.972696 0.257588 14.886458 1.416766 182.236983 15.346036 288.588237 68.822842 0.106540 12.003190 6.551819 3.273430 4.776859 29.657754 2.271035 1.452331 112.317072 0.200969 10.242928 431.340421 9.916528 2.665493 15.745830 11.569959 2.447043 22.657199 1.318422 21.247203 
86.614283 2.608046 3.685820 2.651330 208.923005 2.104093 5.287460 28.565886 71.634715 0.188803 213.316159 1.376126 46.475016 0.153653 3.537377 13.371486 40.044843 28.675326 5.999316 111.258710 16.890531 62.330057 40.827712 5.422033 6.085092 0.771086 4.171192 572.162863 0.223471 2.582843 2.598932 1.135056 101.138866 0.546861 73.292925 144.525566 1.484028 4.896823 
68.976423 3.712149 24.100430 65.601808 3.624525 0.264083 1.243514 0.159999 0.260360 0.848100 34.229652 1.109962 40.678915 1.054907 17.759535 365.693842 108.280809 1.258409 80.410776 17.556823 2.455472 205.146809 0.107014 4.449397 12.863509 0.116443 172.901055 0.274207 48.925754 366.342287 12.110859 25.195107 2.044194 1.272141 7.051500 17.016643 0.787699 0.144523 21.414710 3.118189 54.124551 16.252209 3.145501 194.255071 0.402666 3.572163 3.939222 2.896934 
67.735584 3.411244 10.013419 34.687808 46.103323 0.573110 5.547786 0.177912 14.522686 0.374553 2.398915 1.352947 190.693881 0.283851 52.493161 171.965930 322.776011 2.502190 2.987076 0.499321 0.822530 35.507680 77.368601 0.185514 40.718671 0.215446 13.855834 3.025422 21.239398 95.597929 8.633184 0.948194 112.833122 39.261319 7.270243 0.544549 33.716797 18.400909 656.053577 75.664442 0.291802 453.299977 6.849766 
82.842899 0.851031 4.344368 165.723801 10.788689 1.171672 0.955137 0.150764 0.239955 94.684589 104.950633 1.712040 25.146889 0.645969 1.235500 3.960059 16.757199 72.767659 2.207679 0.182335 74.623257 325.796591 33.124419 0.992118 3.343702 0.328369 17.497356 287.421587 2.108679 1.994563 3.706284 19.989933 1.062532 86.933670 1.873783 12.221324 458.946975 2.536393 41.092096 206.948464 2.485846 
131.545985 37.789687 13.629237 43.160354 0.662737 371.642493 0.223496 4.932189 1.552110 40.686419 238.305212 1.575129 36.762587 1.785630 3.557065 69.880836 12.251157 2.292001 419.818269 1.072059 63.073333 2.200092 0.461721 0.709104 47.546935 0.819382 16.536147 99.978986 70.193447 5.820128 1.578092 4.519048 13.071331 
425.555379 17.246410 2.083462 27.932236 15.090048 82.177278 0.101776 20.607005 19.717969 10.132425 148.489726 1.430572 506.846069 2.841532 0.929475 73.853067 29.759330 17.287162 8.333429 1.389531 1.236170 23.657242 0.235179 54.118537 1.613830 0.413495 4.663284 51.896688 5.953778 19.256727 71.857897 0.202144 3.711685 2.964408 
195.536529 0.872450 9.469259 318.386792 12.368871 114.819225 0.270223 44.990519 0.139483 11.100747 35.802136 1.533459 1.348841 65.501067 19.559148 64.315386 5.656213 206.708449 0.258908 72.951182 12.117914 29.414666 0.200958 10.873141 2.641403 0.366456 3.219298 43.469665 8.922264 10.588712 19.480400 0.521744 13.424568 
122.970426 0.385383 28.208650 705.657492 17.880235 272.939368 0.509983 22.974283 0.107845 74.291298 35.085444 1.341535 197.552488 98.622385 158.383572 0.406983 11.153848 14.959770 0.376588 2.364237 3.060321 56.661744 39.116128 43.086535 1.553945 1.987062 7.880424 12.167246 25.181309 310.491589 0.264294 93.217637 7.218194 3.667181 3.527866 91.352394 8.664311 7.801485 
119.152658 0.198449 3.990553 168.920124 20.524326 70.421831 4.619848 2.087037 0.235537 3.486977 21.428286 1.620637 6.066949 164.580442 71.508498 97.667923 9.770343 60.141419 0.545109 89.131872 2.362631 3.556274 6.321615 0.541391 62.215496 7.947340 67.214916 3.040865 2.988773 19.271572 3.692889 1.182803 475.587831 72.180482 
110.083990 0.155750 13.338489 143.075256 2.539631 110.869370 130.421330 4.844406 1.080693 991.763797 10.484561 1.875319 5.909153 168.961437 3.332564 2.140273 20.542708 0.259941 0.389495 295.557616 0.648471 13.530049 25.908224 44.304921 3.432922 39.119667 55.083062 26.929378 0.118443 27.092856 4.288930 24.371546 0.131090 13.400575 6.584717 6.041275 69.459836 
37.764149 1.226629 11.204611 41.566603 2.100058 110.072238 1.346036 6.386024 2.800703 767.743783 15.661866 1.182271 300.607503 1.561699 1.503491 243.101068 15.698139 0.680375 1.878665 173.512274 15.896107 258.971602 61.895872 0.566834 7.350424 0.527842 49.053826 47.208621 0.127912 1.172936 3.017872 105.941772 6.477415 63.820338 124.156815 0.723962 189.247655 19.751409 1.643860 15.959803 8.221042 10.165522 604.129174 4.857525 426.712401 44.601150 18.737385 
0.947873 0.719703 5.681310 3.628169 0.157740 18.522412 4.731002 15.998486 1.602182 6.522740 35.188384 1.583285 30.839166 76.352838 5.283712 218.804448 0.478767 0.390269 59.404475 16.178187 21.954896 235.770627 265.670376 0.381414 9.079125 125.849675 161.380353 97.493621 0.223742 10.049105 4.868661 21.482197 110.981819 7.147872 
50.892066 0.808970 2.344578 1.832202 437.765777 53.998536 11.871583 0.189499 100.007466 5.558254 9.001615 1.709126 287.723322 135.177131 1192.629114 7.443769 88.139862 12.671798 763.247570 3.092194 1.778037 180.835689 304.188050 1.284008 10.358554 12.047653 0.152237 53.433978 0.503147 70.671326 29.349047 11.905473 1.055357 5.051394 1.516120 3.125029 15.552123 1.514933 5.882797 9.370025 0.532858 
27.224849 0.806270 1.282591 80.050692 0.333223 2.325704 27.978673 489.729511 60.877739 11.926569 3.695666 1.458301 46.536055 140.193379 263.094230 0.563452 11.293736 12.728805 0.360833 1.787843 4.862989 3.386060 22.236325 0.722438 20.750103 77.968375 
205.861820 0.305326 1.665106 1.100593 18.849288 0.509898 540.925503 2.562890 2.777024 1.226296 256.600080 1.983905 33.623318 6.916471 5.465281 0.201102 428.716979 68.125630 14.901631 1.694785 79.082780 21.089463 
62.895342 0.196048 5.203070 0.737247 229.444859 2.700590 33.130503 10.608814 1.811510 226.033008 608.563289 1.619863 22.961679 226.205600 1.826349 2.511431 19.574504 53.879251 84.553125 1.454375 24.869318 10.457807 3.228401 
95.609059 0.100727 2.068955 5.026633 310.976558 2.588958 71.898721 76.948899 0.136220 160.603013 1.468830 1.336303 1.431767 0.257834 2.174893 107.925228 15.548536 3.152527 4.335750 1.587651 146.574217 22.294999 17.593933 15.860317 28.473381 14.067819 0.720195 0.287685 24.591644 136.641632 
56.976418 174.687879 83.891611 0.535937 333.594098 2.964994 70.089781 171.932370 0.123515 111.835990 1.726315 1.461543 18.485379 2.419066 64.130027 46.588550 9.931911 48.041548 82.696646 1.817919 0.417872 0.146871 127.173667 2.570267 6.236512 3.763841 16.280557 27.421752 23.666566 81.148700 0.495051 5.081888 72.975001 61.114993 
80.528412 2.513471 6.807921 23.800732 385.100795 2.551716 43.381517 14.451124 0.388204 0.840780 31.361501 1.426398 350.380413 56.084954 34.714400 2.754002 9.505241 24.137333 5.071946 21.194466 1.733073 0.205531 93.652157 15.371006 0.925461 5.330195 0.507337 48.646697 7.034924 
115.291665 8.197887 84.295831 0.412373 130.442253 0.152003 2.466680 16.533771 0.320137 2.228125 4.118573 1.528429 5.040070 4.832966 26.254725 6.297784 1.979877 82.714439 9.086170 19.379396 37.495346 30.249739 
45.481801 2.099327 76.001020 32.853886 538.383877 0.208671 9.729005 15.096950 0.313420 1.373857 1.218195 1.355429 53.617746 3.264256 344.226478 1.535140 73.538181 0.136395 56.755886 5.183525 0.758271 2.025727 14.872464 8.976452 13.186740 1.553905 
112.308631 3.639832 3.912554 571.896369 183.515120 0.095797 154.614397 17.966446 0.145750 48.943537 7.588850 1.631633 3.397061 8.381439 78.737891 70.600929 34.589875 1.228678 25.493754 47.513409 116.932885 111.008772 0.259706 197.592946 63.954320 5.731890 8.424399 9.097418 11.306179 
77.860369 158.538926 62.167820 664.118189 234.585815 0.126822 4.933472 16.864797 0.296177 8.825390 5.043426 1.693319 0.213552 7.576629 362.931779 337.759758 3.546370 1.356345 12.828034 68.394624 5.139197 0.718982 100.561120 5.690689 24.077523 47.338004 11.188215 7.226107 2.939308 5.706039 49.941922 
71.795359 112.720430 20.229374 6.105933 133.285304 0.216368 22.338892 14.554475 1.465575 167.826336 2.185609 1.533999 5.671960 25.035762 15.421117 54.129187 2.429044 14.669775 78.792982 8.166384 482.484233 9.301559 3.745089 0.187391 
6.652036 147.054359 2.519539 167.964796 92.379665 0.411051 0.488793 12.635414 139.995181 0.306277 67.241086 1.418139 36.504149 192.826661 8.230305 104.002295 74.666251 28.128790 62.475598 2.764320 2.165405 4.487680 10.070568 47.473097 
25.889359 169.413290 5.345044 63.762253 220.119241 0.234414 111.790262 13.696933 304.420754 0.192254 0.648956 1.588610 17.585482 5.255039 3.477511 1.555319 32.132128 84.966926 3.240609 4.834461 3.225679 4.364624 
373.045022 8.027047 11.324124 1.547956 139.339977 0.583763 4.080343 17.680181 78.181764 6.191568 22.404323 0.889015 65.976809 7.639346 9.321289 0.300000 65.388386 1.881308 0.218795 69.438499 9.293098 2.841982 141.478453 0.615801 40.146393 51.767947 68.467917 
9.835765 86.951816 7.227484 8.943893 1.894327 0.144158 14.836042 136.229763 1.397896 53.882612 205.948271 1.485129 9.840537 96.163745 10.362017 8.032767 43.384161 1148.943806 0.646913 71.163780 151.472035 29.573051 72.208397 1.427948 4.381156 5.504429 
5.996586 186.033325 6.899140 6.766561 26.107723 0.127269 31.062287 3.181385 5.810939 87.448010 222.710353 1.057117 0.344900 4.845364 11.457840 64.989385 67.654220 560.350921 0.090453 14.643965 90.994250 1.052948 1.859058 1.127382 
3.693080 78.992641 3.444383 74.949305 351.470216 0.292355 9.508398 99.473347 3.933364 64.101043 10.926886 1.076698 0.978535 86.180816 11.730312 68.600140 94.077802 10.470949 34.552855 1.421475 510.975947 11.256776 4.679832 
5.341698 74.818871 2.088214 1.035961 330.545963 0.085837 175.213058 13.925870 36.180474 23.229919 18.154215 0.555203 0.719116 2.280225 14.942342 17.410058 75.305049 52.715813 16.774895 105.977271 2.778943 11.197678 0.068275 69.215052 0.301831 20.351963 41.259261 17.100529 5.428542 5.429185 9.358794 0.759186 2.256305 5.646067 1.314156 0.937635 33.137077 
5.161912 244.210411 1.597687 0.878193 259.495552 0.210961 53.469394 257.479736 8.647561 1.331326 32.238080 0.905470 0.885505 4.474639 32.322805 3.599801 40.566686 30.045229 1.724231 5.091767 502.934026 4.073301 8.245021 104.475618 199.844518 1.331693 6.955440 6.358879 6.462844 29.948102 14.631841 1.043073 0.622919 4.906827 2.034397 0.089079 148.235820 
26.898622 126.219462 108.056068 151.088495 246.704785 0.147307 10.844536 547.076420 8.922125 8.486994 31.930761 1.042096 0.587414 1.235767 3.956280 34.572174 40.743881 27.350654 4.101104 11.887482 5.036658 3.900297 2.299840 65.111032 7.714858 387.685450 2.451263 15.957825 6.118422 0.969895 5.629665 1.133581 2.472874 22.917481 0.180785 7.214250 28.786224 
0.245614 94.906973 46.031451 45.418954 328.693303 0.629353 13.610925 11.714220 6.849723 1.119712 25.677655 0.666029 0.708317 6.795061 1.701500 0.178363 31.917894 3.508719 42.904622 26.161536 0.418148 10.702661 1.026663 260.134572 2.892903 43.211327 66.840709 1.110079 27.068404 11.509415 0.385308 41.342618 
4.630649 173.950270 8.818998 4.575194 514.071409 16.667050 13.699887 59.570727 6.133366 2.084303 22.966583 0.700357 0.812443 4.543046 3.052296 0.162173 27.342784 57.487688 8.055752 1.202457 0.304619 10.606294 10.783927 3.258592 24.209772 41.903488 11.015845 11.441303 
29.597065 176.175350 139.752449 5.129564 167.756210 1.955499 5.474645 46.045617 5.127984 181.010174 24.709198 0.931179 0.823602 3.651895 29.429178 0.083194 34.706525 49.102525 20.408412 10.270089 137.591064 0.260871 9.794015 2.007086 1.964876 238.626255 
23.802104 271.103166 5.826387 9.672968 177.030767 24.658177 3.511648 28.024633 63.155802 4.826620 4.422429 0.383207 0.835406 3.195163 11.074310 0.237890 24.532736 2.588095 7.310304 263.249011 0.658000 19.988841 486.631634 2.609067 0.131162 8.691500 4.933676 15.430810 1.834022 1.391258 40.271194 
20.831941 5.735712 3.143156 0.257047 449.484647 17.894520 1.835249 61.683179 10.639382 3.437541 5.814676 0.594407 0.617058 4.134208 186.078160 7.313205 24.912252 78.473124 17.216617 519.693245 18.091877 0.488923 13.376718 6.943463 21.885912 
12.448361 19.618281 0.531824 0.243739 35.942800 20.490326 39.976146 90.687744 15.657311 6.139992 106.826164 0.350314 0.636596 10.643500 1098.243414 0.862868 22.962471 5.839437 1.977076 227.495267 35.996373 17.415197 17.192098 12.294149 
10.852405 24.928526 1.522370 0.133236 33.487701 19.227886 8.474725 0.341996 16.562796 8.376724 36.864719 0.595323 0.695340 499.121373 267.710067 5.507865 26.685699 517.746357 100.049800 5.008906 16.183162 
4.570573 18.172113 3.028094 0.199157 263.574279 19.728616 297.700687 80.846599 7.409605 5.337174 84.503784 0.314009 0.780623 225.811304 1.059023 49.909960 23.669243 139.091128 335.122007 41.432505 7.943225 0.656065 0.113076 4.589723 6.002491 198.010381 36.815394 130.956328 
2.521209 16.503723 2.212329 0.289759 50.412490 33.570624 49.036605 128.249787 4.741278 131.486674 449.110681 0.357075 0.889128 530.154703 21.365901 3.045283 59.859048 213.631385 78.523852 766.123877 212.939059 16.137682 8.281977 7.288335 31.098927 6.698938 1.344779 0.102696 8.564180 2.607452 30.070097 
10.281780 17.850530 4.502679 0.118613 1.636583 471.026854 91.751940 25.304919 2.430884 1.629777 56.931494 0.270860 1.004421 499.840716 29.918758 6.560134 30.970172 259.189800 13.516487 3.653985 133.865024 13.066962 0.839000 110.300886 359.849957 18.095098 20.422558 141.990124 39.999257 
38.880937 16.952805 4.999454 0.179885 7.908023 1.983906 12.242108 23.551848 148.608433 1.443685 42.064803 0.615344 0.316342 386.185789 10.461086 54.013837 37.107250 12.963551 7.936802 1267.370757 289.299187 33.209525 14.542427 5.103582 64.078185 
15.738929 7.193517 42.738349 0.145630 21.951292 10.534008 3.017948 19.238829 5.560980 1.779333 53.753092 0.731515 0.335677 96.145102 15.826086 14.037445 32.920597 29.370196 16.651267 61.395367 48.204626 0.629726 54.531922 1.712822 48.338850 4.450167 0.294859 41.487133 
1.984213 3.744146 73.069455 0.258180 19.114078 158.622139 13.626628 34.701688 38.186732 4.433827 319.356499 1.142152 0.483946 131.262886 11.144342 298.809070 80.303066 6.985439 81.378618 3.406121 7.036711 0.237173 0.839017 47.040523 7.545280 
13.599661 4.607603 37.650082 4.266544 139.119810 13.924862 4.513668 81.924982 113.429654 23.294846 4.409334 1.299207 0.648721 0.552375 4.217591 12.849854 43.461864 3.422432 56.569388 2.526982 3.005680 196.363016 17.441109 232.930071 73.843372 33.483301 1.096451 1.861007 18.366564 4.151544 1.596606 11.902731 7.045773 37.781541 13.568038 
2.728069 1378.168382 18.524816 150.518563 4.333078 0.971744 75.960848 98.445411 25.966987 2.619652 453.360702 1.281258 0.839319 5.903823 6.190229 0.816874 77.537803 7.836241 68.782991 2.149529 106.343272 37.125521 2.000812 9.397114 36.922879 5.082949 
0.190733 81.976692 1.586893 0.555389 16.439707 17.128838 125.061867 111.411655 29.048699 68.108100 74.726832 1.148238 0.930881 3.674361 3.579330 0.172439 59.745154 17.865391 12.714345 256.089090 99.240922 5.302469 485.905447 0.596637 24.633988 55.370325 
16.849898 592.008738 9.421758 51.202171 15.476706 8.475641 143.604941 46.925989 8.458013 11.332498 66.725129 1.662950 0.721376 5.096249 3.011580 0.261069 57.618449 38.105858 1.616893 3.007238 230.684411 
117.916445 10.244740 3.394437 28.279252 8.938119 1.265723 9.949682 176.682465 34.112672 3.773300 78.152931 1.622744 0.169656 5.432723 0.163225 77.451043 54.240261 59.111496 2.405092 151.349035 21.026777 819.026339 0.449138 41.939414 4.812689 1.877577 90.526647 74.436617 7.796164 4.209079 12.199796 58.310763 113.450087 3.803254 
69.026967 9.464632 2.032414 45.988197 40.232922 916.720543 127.605442 474.999898 33.247645 7.144566 74.391502 1.198119 0.235711 2.750663 0.127601 10.066402 34.867881 158.656482 2.721156 7.238188 15.512530 3.674889 0.387391 0.748348 2.208676 40.018514 5.695574 1.307930 66.204707 55.136047 4.469102 2.111992 25.660277 178.730516 8.027491 15.342417 
52.274391 73.016356 3.119028 4.116302 129.033437 6.109810 274.012278 147.199927 2.843232 54.120513 22.484299 1.401958 0.430776 2.757097 223.640426 0.359995 10.434564 314.661383 2.329049 1.445376 15.797271 8.316206 84.933351 3.297170 
90.799177 62.656910 93.087909 28.727955 65.356592 0.305683 127.039210 427.948320 2.902793 14.139738 3.161467 1.264470 0.461945 4.194424 8.996855 16.295413 64.335385 8.549531 1.228150 0.472536 28.781842 193.538831 13.865217 49.250210 
62.798047 48.583832 1.394065 5.059026 139.684519 71.314979 64.036024 117.775901 356.302192 8.058516 2.666401 42.336904 0.365231 11.746087 12.285936 0.207672 165.182087 11.030388 3.300590 0.241904 10.146063 1.448946 1.702654 7.941820 28.787572 617.965367 1.901423 11.578545 51.249047 
22.099899 161.937363 1.668058 2.304509 62.653023 5.534546 65.528419 432.845378 4.186104 10.610058 3.004692 353.656707 0.147141 18.917035 369.586896 21.676628 2.310009 4.537437 108.113559 1.346783 0.337721 2.553994 6.660422 7.165275 
1.612575 7.525608 1.373560 9.882852 48.566117 51.583206 57.057938 750.060940 0.765618 373.327953 5.210855 840.352787 0.294099 393.480450 2.248363 14.071105 1.421532 1.777616 128.793646 0.143560 25.606530 11.748374 0.583661 10.817446 6.107055 3.092171 158.273089 115.855633 39.003965 21.615179 203.310369 4.138740 44.413511 
0.580657 243.567458 1.763107 44.061310 98.481333 15.508969 73.598551 109.665807 0.516663 5.270893 6.989416 446.747830 0.217248 7.934920 41.259028 17.075137 1.504351 11.842821 90.008604 0.516939 2.961238 15.436018 9.030945 0.138607 4.032466 8.516704 321.794878 8.051884 582.160791 216.527589 0.405214 
4.597908 52.068620 1.679835 7.567815 75.710778 1.175583 792.025553 136.711833 0.447606 10.697055 23.931009 206.935741 0.468388 23.742168 11.700233 8.453170 48.867222 0.111978 108.344331 5.621140 3.857345 30.049795 7.611156 39.808380 44.740646 7.663961 5.231596 21.304162 14.526636 318.269257 
118.008586 69.420047 1.942565 161.208135 115.183876 31.432911 5.304168 107.588025 0.552413 17.181886 1.308081 156.195857 0.812599 8.790213 0.810004 5.687882 21.454258 0.243579 3.411460 32.210661 3.072536 44.629956 0.182149 2.752967 41.996215 8.097057 3.703613 11.102577 10.010538 77.162905 31.310331 
143.320342 1.016557 2.562840 7.540654 111.835389 20.755978 7.346001 185.294954 1.517741 16.872306 4.262643 180.903015 0.198196 86.812198 0.274697 34.775112 13.475269 1.004905 3.637960 8.140161 2.938777 12.432497 0.503920 1.735018 18.531230 0.489271 0.638057 3.192155 20.876973 2.491005 28.530792 5.721153 30.840567 0.159794 389.871291 
0.197126 16.674861 1.890355 5.858496 85.488086 24.515247 0.483084 76.956026 27.483487 1.375202 3.704221 162.469218 0.376014 5.396288 4.478613 20.474695 12.235941 33.581764 49.530186 0.177315 79.718398 9.086800 2.090498 4.870545 3.907979 0.455885 7.039704 58.520320 10.939933 0.720941 3.450117 5.874880 6.799414 7.569432 1.910036 
449.492471 0.519042 2.064562 11.135714 75.232907 15.212647 5.464435 352.187340 88.306927 1.608658 1.038429 152.858996 0.231493 0.766416 3.999489 0.480659 80.781994 7.424257 10.529146 192.364965 5.470820 
44.449190 58.901239 2.220659 0.161391 68.301744 1.539036 909.967222 862.843308 3.970742 508.653988 1.513340 237.586231 7.777204 0.892748 22.166835 0.508260 81.412857 129.598297 7.978371 21.717695 5.686186 0.619440 12.262668 24.018364 0.255766 67.872135 176.012883 10.103894 0.887339 20.947563 
0.137934 8.170365 1.675417 197.732777 48.338048 275.620268 126.811605 102.348274 6.146759 42.527340 0.897370 0.404115 6.849511 1.283969 171.887462 0.489934 141.399496 2.562498 17.069198 44.016907 2.254244 1.004427 82.333366 6.663033 126.561046 0.568461 2.426971 75.693011 311.513975 1.671717 2.619547 26.397780 
150.011064 141.769405 1.444044 35.500989 41.322131 38.645296 605.766426 10.758734 4.719381 0.147634 29.278878 0.151655 104.249299 1.443673 8.405326 0.439872 63.017752 3.398329 9.423117 26.347971 1.946519 0.691884 0.505949 102.156204 2.928264 4.384534 414.233519 29.121624 5.780457 77.116189 14.955424 23.322154 0.218840 4.854716 19.798221 86.847813 
53.746989 1.242754 1.759236 155.219269 67.619201 8.723790 249.471960 78.572703 0.258203 14.177832 181.924940 84.980990 18.300432 51.675361 0.584256 0.416382 74.378204 24.334238 5.185327 20.759357 0.345230 0.314437 42.880153 10.614818 3.250483 2.360905 51.488765 6.712403 36.019127 1.271569 3.812704 
1.725506 71.874670 1.815963 77.817691 52.237894 9.271004 204.111730 487.009093 12.273949 1.782566 2.851044 158.446833 4.906349 2.224210 0.139655 0.425044 18.346004 0.423360 0.311237 13.321070 135.475028 0.214759 11.916435 35.202952 5.025934 0.802400 48.600259 11.165535 12.282869 21.392380 
7.669926 12.680859 2.056717 113.480011 245.230616 8.357745 222.106199 1.699780 108.450023 0.338875 0.204232 47.213370 3.985858 2.386751 2.155724 0.457946 0.221973 2.824100 4.005631 17.975972 21.109552 24.070490 7.872687 21.808730 7.038368 414.286660 106.504216 4.069611 1.240639 8.470026 171.603502 8.903605 
12.531487 67.444102 1.972989 306.218824 143.519167 14.971704 243.377023 2.558374 661.090744 13.531105 77.039664 0.194540 1.586824 19.504089 15.053620 0.418212 0.213134 263.464769 0.674094 2.267894 8.899419 
4.814151 82.133198 1.922695 149.281395 101.910409 9.644190 0.899533 1.736929 6.403330 25.644653 844.436483 0.635845 3.033163 76.011942 3.350570 0.490665 0.134116 12.883957 717.802300 862.889831 1.408202 116.359230 19.243721 230.786637 10.377079 405.277900 14.626597 
5.558850 512.369543 1.627446 208.222378 162.861636 9.659928 6.036413 50.291395 14.809242 273.019478 25.825099 329.170382 1.653089 9.167554 1.942394 0.499416 0.192794 114.940367 12.049079 1.418867 19.125895 21.093832 1.564924 25.718740 1.356708 
7.979338 111.666518 1.456649 2.087739 2.948791 3.630731 145.943212 13.916961 21.163200 38.204526 61.906840 109.789943 0.939073 15.926135 24.231723 0.527099 0.245743 81.006877 4.801781 0.842797 18.240734 11.572616 380.111673 2.091569 7.666592 445.299716 9.582775 
0.984375 68.122445 1.792824 3.110840 1.191074 3.624096 62.629373 67.889098 0.286903 29.451119 461.297603 70.777694 1.322261 405.258747 3.836607 0.555354 0.236615 57.266432 4.159305 82.125110 5.619340 2.878150 14.364898 11.721038 8.267363 14.112529 19.527270 97.903905 0.572262 926.039473 
18.210033 168.716598 1.099456 2.611284 1.258983 2.759654 187.221306 7.101233 1.706590 0.151173 14.421082 135.732612 9.344632 1.308126 405.337045 0.442199 0.646608 64.561225 204.124515 120.626761 35.635376 11.780587 33.542742 0.384783 
21.806663 66.213158 1.489770 3.140933 3.644403 2.795386 88.658346 7.687123 159.689703 15.894257 0.958597 81.170784 0.397062 16.401291 0.067562 3.737933 2.335567 39.771746 13.475686 20.335108 
95.897520 75.852609 1.153038 0.671245 245.493760 2.386472 121.305095 2.228975 235.332378 445.478156 5.650208 49.157354 195.772366 0.064975 0.073716 15.485674 12.195916 8.154191 0.563618 4.816345 102.608927 21.095515 18.467225 10.497440 16.228690 1.271239 
5.068418 94.764485 1.541444 52.642886 3.740050 2.619116 212.076457 0.709193 282.624895 389.026222 40.678533 45.184779 30.200567 11.634270 0.395521 3.471231 2.000677 5.261596 0.763228 16.766420 91.375237 4.988119 78.495324 331.830453 0.495646 18.728632 1.648631 2.417437 46.797983 
80.765271 372.660014 1.286486 14.689479 601.684287 2.336030 6.349000 0.709361 232.523404 126.098580 1.303565 69.787086 3.376930 108.920885 0.373050 0.839002 50.476056 16.190265 44.921403 3.949469 7.417597 39.851463 0.393946 16.456213 163.806595 
289.994360 135.143953 1.500789 12.710301 54.598122 2.465695 1.252906 114.148961 2.428322 1.127342 63.164758 49.793973 0.523068 64.266122 0.250907 40.334976 4.178142 4.699214 5.582928 223.307147 6.000514 442.830156 43.385991 0.449808 28.031430 36.262040 47.630846 
1.142489 5.779916 1.942898 10.423313 0.389481 2.035574 63.248252 53.817132 96.616912 271.022546 42.443806 74.711558 0.533847 12.288343 0.078857 0.115935 8.588212 61.958278 28.973110 132.651500 2.745005 17.900163 97.952356 29.817703 120.193616 
17.878351 21.265789 1.933522 8.448312 12.815293 2.179012 8.458500 7.180574 57.145537 1.675082 17.716186 119.640620 0.369719 713.942660 0.196548 273.668398 2.875702 62.920046 13.132846 199.454466 2.100680 2.679394 592.124481 0.845288 
9.079128 1.968650 1.497761 33.868172 1.777068 99.358506 27.143874 49.795864 0.925231 40.101011 269.273679 59.550152 0.570099 86.449131 0.178618 2.201740 3.409845 696.836837 3.363800 9.545920 71.361229 8.359174 
12.650567 2.935982 1.677651 24.928223 2.294450 24.532421 5.654132 174.205115 8.306393 7.814948 2.289472 43.334263 0.509350 153.256592 0.160434 954.919443 29.387094 0.476245 7.755461 3.710755 67.915972 3.857900 125.452334 4.585861 16.808335 
26.843233 13.377869 1.288448 5.031577 2.316429 10.199852 7.116884 104.012039 0.113101 2.297553 0.921364 56.439370 0.547439 10.144140 0.352033 1.121583 37.995418 180.299598 14.191871 88.838129 190.544869 9.345160 9.558752 15.330072 9.569750 941.165103 11.073166 
29.527803 18.838999 1.540048 4.118038 2.953788 101.263256 17.813622 66.932063 8.461050 122.408531 7.224164 74.410825 0.452188 22.226239 0.162813 2.238943 99.545997 17.491978 18.108445 2.975694 41.835590 
0.335352 0.779129 1.439040 3.476053 2.389900 103.880102 11.598888 123.389012 26.728695 8.961212 43.185906 109.473470 0.434347 16.370142 0.079929 0.509672 87.347494 16.335581 119.426672 1.102570 9.705144 
0.743194 6.942339 1.154475 35.933048 3.309664 156.414284 14.671675 99.234211 87.174303 13.671256 7.064863 70.300079 0.545171 25.192762 0.063485 1.797101 72.127115 21.868501 4.733080 0.153965 7.818875 1.682029 
4.511480 24.318847 1.034024 40.635607 1.773908 138.820141 16.230832 30.677632 111.698482 394.394069 356.555873 50.576981 0.469528 40.456915 0.196357 1.674842 75.177772 3.578583 15.290907 0.157438 2.185288 22.553250 3.063434 
0.265999 51.012130 1.241509 2.078826 2.873423 17.906727 11.060680 79.993422 6.882335 10.766647 0.891445 65.984403 0.520772 24.465039 0.105792 128.215748 29.417732 2.062651 18.799002 1.474410 3.673463 0.883625 2.080636 4.720773 78.803973 169.818205 7.954979 72.632619 
80.589701 49.342436 1.636763 2.223676 1.418959 16.033233 8.309748 41.130788 4.045853 31.943800 22.482526 149.430121 0.567300 10.760959 0.500024 277.497180 165.900489 0.081051 176.675861 5.665957 22.507519 0.272857 0.392734 305.771401 389.541559 3.208775 42.177635 1.072702 28.854618 4.647462 7.345077 19.847987 40.162343 24.695984 
88.292682 78.369185 1.219229 0.382413 0.525511 11.456452 2.468581 537.278228 16.274978 4.398590 53.799493 71.938170 0.114988 46.365185 0.135317 14.176477 54.746929 
173.907631 13.320417 1.627728 1.304089 132.272327 6.616269 2.613822 96.806575 8.911763 0.732602 56.198255 54.804826 1.665788 28.608298 0.207730 106.586347 5.106409 27.605767 59.712656 5.090745 1.397712 33.907802 8.747765 10.267814 0.219024 11.250400 0.868004 
244.980674 0.160008 1.510099 42.101699 2.123121 8.118286 175.018064 416.534426 0.106681 0.978506 7.552725 74.445648 0.293762 17.849796 0.403660 83.745621 5.769882 13.824566 3.702301 1.501149 15.705047 78.234885 0.721856 27.863517 15.507994 375.903779 19.368565 15.253984 39.859904 2.461352 83.867619 22.989880 13.288261 
80.964532 24.468126 3.553531 11.672017 27.984460 12.116014 0.666412 153.172758 8.256683 5.457137 5.228528 34.546840 0.138726 16.514569 0.536038 27.999429 18.780691 4.533560 1.970318 31.161894 31.557688 3.646311 21.350567 121.869946 23.057693 17.478180 0.965023 6.260361 
74.154034 9.844822 2.588883 2.782786 0.406610 8.424077 2.266459 413.842160 2.307386 25.377545 37.977691 71.453069 0.361323 5.231445 0.113993 141.708185 1.532980 0.414974 1.433881 1.974769 89.589781 51.637231 5.539372 27.586442 24.786364 93.871429 4.886608 3.045388 80.844760 14.642564 3.406360 117.281255 
168.293086 1.209749 3.316275 173.075731 11.699855 10.308804 15.218085 91.758181 149.408175 1.645126 5.165091 17.949153 0.226671 84.515345 0.300993 20.028479 0.995856 13.265590 1.265932 64.664459 227.812201 1.395454 58.075282 18.084769 264.584088 4.046825 79.113740 4.524446 35.705896 121.265101 5.506746 7.826895 15.981726 3.767332 4.978162 0.706016 18.666875 76.711140 8.238250 4.968846 3.375784 15.559419 6.923969 
13.486494 0.476296 2.828828 231.166147 1.525950 4.678665 2.936309 267.048602 29.628011 69.020140 2.340485 124.650810 0.338618 20.400791 0.278390 139.168942 2.929683 77.238253 14.840693 0.359880 12.060842 113.700171 6.980761 
130.074449 1.322294 3.719273 3.721034 129.285117 6.769436 2.126155 149.662120 10.389032 1.313032 20.148480 27.675232 0.205096 80.277021 0.234270 76.920874 1.628561 34.087614 1.107257 1116.638918 68.553421 290.465748 1.479190 41.941967 12.447602 12.348408 110.250710 64.935903 
69.352046 1.103510 2.325999 88.551215 31.821935 10.387009 2.678157 146.990443 64.232154 6.350961 2.326241 30.113191 0.219632 90.307578 0.497177 32.171073 1.238957 5.598116 0.571139 8.115746 2.221258 117.609351 188.940793 20.598839 34.099603 3.576043 3.748200 47.315782 7.578716 3.516341 34.468494 
81.072588 0.763936 2.175064 60.200124 36.458106 8.828411 0.292371 111.046537 6.077925 0.550978 39.466666 36.662703 359.727934 5.793158 0.210980 134.500651 39.002198 5.491222 118.480759 0.164727 1.318241 22.575196 70.413096 7.227286 176.380657 1.680595 13.967500 206.598379 31.246818 0.682336 
6.946981 0.899773 1.724950 21.936104 47.154465 31.900438 18.995262 4.609787 8.191046 0.440134 14.191285 41.366235 6.452008 10.896711 0.184177 235.878027 57.488738 216.768826 224.368260 0.192441 0.344677 403.844497 1.777163 31.373195 47.289280 1.618210 33.392306 58.361729 2.585678 
13.601369 1.145880 2.761109 1.513925 4.933967 0.166978 124.724580 48.443380 4.119149 27.691724 101.222373 42.243879 113.770079 12.548067 0.284017 2.367320 71.085138 349.342777 3.491227 0.260024 3.976317 12.788520 17.689265 9.382024 15.356071 19.408570 0.567527 11.115100 
18.093216 0.755100 1.331332 24.315371 30.676185 0.638987 28.909037 1.007745 14.102663 6.795138 9.182042 92.708902 177.344560 12.306929 0.151244 273.140961 67.478830 16.045328 6.585972 0.118296 6.133335 29.565083 24.567101 3.570786 0.128371 68.284181 38.056110 20.385867 43.226928 
17.441020 1.392585 0.761054 20.874539 0.693879 0.675890 74.067728 3.909641 1.466448 2.658351 102.537455 57.843897 43.450331 0.403191 5.161188 239.418137 1.684241 72.164099 11.581455 0.329081 0.255615 25.952544 6.239036 412.319172 4.289034 604.569828 84.553983 5.801559 1.979107 14.928160 40.021042 
57.267357 1.432560 0.704500 3.635811 0.456166 1.380289 18.573917 15.927291 0.738524 133.260412 1.143613 45.331021 4.929350 17.344203 561.263070 169.975667 0.972645 74.880584 10.159923 5.462055 0.087087 128.554855 10.984989 284.788577 1.355060 0.957431 177.477062 2.785864 67.173934 6.633106 33.471741 0.612486 0.323578 0.211588 1.033151 56.896580 11.147494 5.617484 26.255818 2.476836 33.777210 36.630884 10.751949 15.449674 55.017607 
426.784295 0.975970 37.848886 77.645504 0.476537 1.204841 7.444704 61.704079 3.038288 16.361486 1.672908 62.175608 36.944121 57.908733 99.397670 219.711298 0.880910 78.074560 12.711630 6.595267 0.197948 77.566734 13.473864 14.177615 1.616516 1.675309 50.542924 7.725658 41.133534 2.488510 
59.906679 0.945885 23.499825 0.877687 0.659688 1.173736 0.642056 72.787007 1.931816 2.880097 1.432074 65.339266 234.131982 158.795144 141.343643 163.442480 23.371509 10.149549 360.580536 0.319767 0.103648 32.587705 9.635652 35.275897 1.611980 4.101409 423.682512 36.247237 2.756708 1.385742 1.849685 28.595397 3.735789 173.231755 4.798039 3.420823 3.470897 339.008497 
12.343218 1.017298 0.247099 4.206172 0.548343 0.796281 10.071402 0.579096 1.628412 165.979137 1.619147 46.954875 17.516137 39.113099 9.001561 467.072726 35.759640 8.200508 458.851270 0.247344 0.108856 94.029380 7.680122 6.237654 103.501449 142.033961 29.399718 139.750794 4.871580 9.139005 
225.829912 1.082550 15.862232 73.419675 0.420220 2.078467 262.876068 2.721242 1.026601 33.027974 8.690815 39.957709 4.642446 7.950500 109.652630 374.689366 24.578571 25.923913 0.776563 1.333430 0.090174 1.920742 45.227560 84.116001 2.248929 60.821919 10.319570 1.187629 99.119643 15.457532 3.343688 
0.556919 1.514715 64.381318 1.123048 0.443592 634.068073 28.932566 1.864392 1.722652 0.398690 289.461043 92.191355 0.344499 12.025132 1.030467 340.820048 6.631034 131.728242 20.971716 170.378567 0.195335 5.370740 22.182637 16.335767 58.642655 5.011628 13.884072 114.829530 49.082356 13.427448 143.583194 21.939919 55.297981 
0.616303 1.080970 67.497804 5.009454 0.517040 31.362426 22.980292 29.441526 1.876300 0.185992 31.948330 73.762310 6.702727 15.597806 5.995801 344.206324 3.304635 36.439961 0.448937 8.946351 0.240897 48.502251 56.062466 212.214916 127.949479 0.499792 5.877172 17.626592 1.958447 3.138235 5.384830 2.573001 
1.876093 1.148961 1.313739 48.018679 0.566929 67.442169 21.102563 2.597786 2.231191 14.477752 17.289490 56.885939 86.541532 12.542381 1.646075 532.320372 23.441146 0.731508 48.138730 29.747308 0.085268 123.194573 15.591216 5.502819 0.684339 7.610942 13.886374 0.474249 63.797774 10.005751 24.383249 0.640333 12.298251 12.903757 
2.130914 1.003935 12.031762 40.586321 0.548179 6.532970 15.376441 2.094863 1.622594 78.339062 274.895823 42.948322 57.957245 9.755269 5.265380 675.849163 39.297699 0.534029 229.743091 14.848698 0.110250 393.801494 25.244280 5.959352 14.048960 22.890448 0.109232 33.190687 
3.100802 1.167857 2.588261 27.459766 87.283213 23.059223 3.097086 17.123311 1.758143 13.190977 2.278577 41.339286 159.005729 128.525489 76.295571 336.596394 65.841234 17.944220 67.707922 13.566728 0.083386 1.242317 13.955995 4.233943 
24.235068 1.260467 1.952945 22.054098 401.709509 67.076101 54.079080 1.968020 0.982911 603.164016 4.712006 42.665130 0.111558 2.032313 40.309235 12.738665 15.208818 145.785660 14.822624 14.300740 231.119624 22.645665 4.101964 1.493867 3.326748 9.492604 24.067398 43.073281 
7.373441 1.454186 0.230239 1.244250 54.211055 64.198775 2.237761 2.550246 3.415809 167.459033 14.681218 65.506550 0.104458 1.220934 48.875721 3.332568 20.617927 58.059881 12.879707 3.445812 0.238870 296.756815 62.066774 0.150047 34.367681 46.961160 75.096581 84.912076 23.562610 93.094137 241.830775 
752.708640 1.256217 47.040901 2.838239 66.331743 6.222966 9.770520 29.941587 1.145722 257.401978 6.531051 67.526834 0.209272 0.158027 24.789730 4.933491 44.837455 36.876783 0.454274 2.452402 64.132991 2.309342 0.670870 9.082976 354.002228 49.230613 42.351313 
760.594956 1.386282 0.844927 2.320629 9.389339 66.226714 7.036904 128.124024 1.171950 352.479073 1.171152 133.753403 0.134559 0.326944 6.637359 50.388094 116.278203 1.653035 164.213856 4.106481 60.115549 2.083036 42.286559 1.756143 532.772229 252.840587 5.427391 34.806450 1.103218 23.146535 659.223525 
5.145866 1.285535 7.846533 11.721852 2.765515 13.251517 6.880973 0.342959 2.682141 62.062526 10.983007 136.507461 0.151910 989.283546 2.137740 2.852569 62.844795 0.896874 47.245302 3.262060 57.321915 1.852473 58.205622 23.611973 98.935911 62.635601 258.667635 4.586673 12.137231 2.708118 
11.896569 1.366331 197.391736 6.283395 18.302547 10.434566 0.449283 0.818703 128.018723 66.943092 20.902502 105.568768 0.101803 59.109678 14.530644 77.780739 1.122756 1.259378 1.563298 2.873676 6.291460 0.807527 67.917310 2.989982 586.392596 5.285799 60.280084 78.155934 11.249547 826.316848 10.823853 4.111610 387.395644 40.623641 182.384900 5.646170 195.374110 
10.820238 1.282665 15.363328 132.712627 14.485311 5.464579 29.796761 0.584862 17.798949 65.972481 2.758548 96.709609 0.287991 116.257744 3.176117 115.259236 0.727113 82.249190 5.153447 2.506441 2.388783 43.145879 60.408270 0.391172 1.170272 17.792415 1.950569 297.122440 1.985404 76.514140 24.363138 
567.890820 1.294250 37.310678 0.999646 3.458719 34.923702 35.277350 3.257958 7.218696 3.008285 13.376936 109.721309 0.106130 142.071605 27.289585 116.790547 7.185619 2.515918 20.350957 61.680426 481.141608 14.169244 0.582150 74.335370 
24.616422 1.399638 5.641873 72.623922 2.512955 2.503978 92.807681 2.607523 7.895524 2.395906 8.314303 94.542589 0.445477 36.460866 30.696882 37.093163 43.101897 3.018201 11.748770 1.701845 84.654834 20.771294 68.383272 3.845661 39.527839 16.526098 
31.142829 1.417776 81.452413 104.036281 1.831790 2.125419 1.808480 12.870621 64.888946 0.550187 92.368623 146.487762 0.247190 50.111433 9.684621 46.980543 112.126116 45.235395 7.093698 
41.242851 1.375119 11.121740 17.516921 4.736305 1.652159 9.887358 214.036473 903.620653 111.484637 40.784534 136.628701 0.181895 133.011038 24.733443 172.730473 65.724929 8.368899 1.567491 4.986772 26.309160 269.420314 3.949363 35.720213 
23.946027 1.376908 0.446391 0.300050 4.835258 2.587158 3.028172 172.040348 239.645349 1.612033 0.695908 83.283565 0.135138 45.073220 8.571698 19.462782 0.763951 62.324977 15.587424 8.438307 31.037729 50.639741 36.218164 0.550313 4.629928 6.370345 11.523674 76.081682 161.418971 26.447139 161.956733 31.944924 105.465556 
16.773924 1.207382 11.204005 15.741354 0.322894 2.714883 68.717580 11.867298 5.366682 21.014988 47.179705 279.847657 0.165821 197.916144 8.062064 0.233431 3.732422 205.644478 2.456964 5.698716 44.262893 31.901249 271.769793 209.281313 12.964818 6.120103 17.489927 0.101002 
10.759021 0.744276 2.072650 58.307178 22.683761 4.125548 4.051399 140.986807 82.050671 65.575250 31.665036 106.514734 0.209663 281.828408 17.922105 0.244555 8.417867 1.074095 117.660178 5.769324 12.496063 5.912099 2.536213 1.672131 37.757491 1.825537 367.249497 1.370589 6.595278 85.026867 377.052540 8.069763 6.066500 
5.483905 1.016374 5.767280 73.488723 374.292461 4.762457 0.083864 20.255396 52.648517 20.656015 80.096082 55.124913 0.136656 395.114504 8.461922 2.573609 67.535206 3.413551 103.875955 10.457865 22.906731 1.445940 1.897291 0.198999 0.379218 
1.488244 1.329983 59.736061 8.937355 178.731714 3.357532 1.932362 7.940076 265.376252 8.990239 0.454747 126.458744 0.130546 336.744846 11.313346 44.616552 76.140281 17.543542 9.727578 5.194770 77.835893 218.016939 
0.290076 1.657148 0.470164 73.940355 464.549307 3.054447 1.272099 1.023699 79.632141 3.126711 3.864262 65.733586 0.279176 202.140467 8.963711 32.481841 0.169867 1.834379 13.482036 14.444229 12.409332 0.679128 11.559761 1.695423 2.540717 45.168111 365.054825 0.306064 194.470542 
0.332511 1.206224 14.957141 258.322597 1.739006 76.005194 1.630419 416.396320 38.855193 0.443863 4.632797 226.920680 0.166915 125.638896 13.594117 34.645332 4.806834 6.226790 6.086503 13.290996 0.266714 29.081535 36.842315 1.184971 23.023682 35.553915 1.072329 0.202226 0.081436 158.183712 
7.557139 1.092237 11.332452 77.456660 7.864310 8.478955 0.103243 2.273381 12.016640 1.395359 1.884490 108.337439 0.061736 381.616463 0.696673 24.202224 70.750443 32.604295 117.630127 11.189150 
67.771934 0.844249 20.225618 280.665762 2.453422 16.331986 0.766673 29.117969 1.629182 71.693245 153.069659 32.973749 0.102893 370.643303 4.928527 8.541007 2.996710 4.322833 0.961388 31.351552 2.140790 
21.336487 0.906446 6.050001 103.329834 1.058732 15.350184 0.252870 317.010120 671.499529 65.938001 11.028180 57.766647 0.157839 148.757539 178.079176 6.708016 4.695459 3.991980 2.902308 240.194877 0.596504 3.908198 37.620208 140.364557 39.031231 6.254174 0.603831 1.595899 
8.662565 0.956830 2.001976 264.651004 20.204188 150.139446 0.894571 112.176654 0.222988 69.441650 14.337721 51.191082 0.086209 30.909840 0.232254 14.273262 82.204450 2.465052 6.537622 2.278041 0.693310 15.448127 1.958112 
2.813065 1.108940 74.065194 114.707449 0.307979 3.466198 2.526004 2.042056 2.857426 1.412258 32.250444 59.512326 0.151126 15.975035 180.531236 10.259604 27.642182 19.780259 5.151265 84.831223 7.894566 161.922755 27.315768 0.295783 12.001879 81.967814 93.102826 4.297850 2.269384 488.866256 
3.295273 1.454253 4.139937 63.707248 9.733448 10.277701 1.933196 2.821237 3.058282 49.726733 60.693950 89.545438 0.178110 17.980639 58.205620 21.416925 80.815032 1.369923 53.327252 0.123584 2.862917 20.867813 166.782418 631.926262 70.265954 2.335344 
5.071408 1.333033 6.770774 768.985574 2.135317 138.024691 12.663194 631.360936 3.762865 1.075885 15.448046 58.725471 0.248495 15.601615 80.951060 9.818023 63.814771 112.017816 5.764381 20.391607 1.120650 146.680818 19.829198 
