-59.352332 -57.291411 -62.749987 -48.895306 -55.868860 -64.398474 -58.682733 -36.076284 -69.134766 -60.976771 -63.584421 -50.984347 -55.095983 -39.937517 -75.513381 -38.971580 -68.969248 -63.715509 -60.108148 -60.091479 -47.763097 -68.046842 -64.990450 -48.102720 -52.926368 -42.891861 -67.122335 -46.996408 -69.335427 -53.102617 -56.475407 -45.901902 -58.591660 -57.320716 -46.868701 -68.932351 
-59.352332 -57.291411 -53.058010 -64.937951 -55.868860 -64.398474 -59.335509 -39.487192 -68.148247 -60.976771 -63.584421 -50.772115 -55.095983 -57.800566 -75.604733 -41.963304 -69.865369 -63.715509 -48.920996 -62.372015 -60.836006 -46.371920 -58.024753 -48.102720 -67.339597 -57.118759 -47.523249 -58.123983 -59.350986 -49.231331 
-59.352332 -57.291411 -51.049084 -66.200290 -55.868860 -64.398474 -58.996831 -60.985696 -68.334602 -60.976771 -63.584421 -68.986641 -54.788793 -47.824751 -75.604733 -42.585996 -69.369094 -65.394814 -49.257415 -42.771380 -60.928947 -61.031754 -66.434148 -55.318361 -56.920673 -60.341526 
-60.295833 -57.291411 -69.600800 -48.872640 -55.868860 -64.560646 -58.996831 -34.927564 -69.493279 -60.976771 -63.584421 -50.771976 -55.029238 -46.416924 -74.960609 -39.270543 -69.245261 -65.394814 -68.693874 -42.837886 -56.696964 -58.450248 -59.527204 -56.166898 -47.114195 
-60.295833 -57.291411 -68.869191 -46.632364 -55.868860 -65.163275 -58.241369 -68.418029 -61.086556 -60.976771 -63.584421 -52.868313 -54.118372 -46.311613 -74.960609 -49.981518 -69.080907 -65.976903 -68.779511 -63.798031 
-60.295833 -57.291411 -66.158476 -47.939282 -55.868860 -65.163275 -58.261248 -69.597918 -67.472772 -60.976771 -63.584421 -54.073439 -53.966308 -74.130457 -46.457653 -66.833274 -70.045034 -62.355376 -43.104733 -40.531644 -57.503737 -49.974919 -62.573149 -47.127805 
-60.317326 -57.291411 -66.158476 -48.480516 -55.868860 -64.018663 -67.266146 -70.345777 -48.927994 -60.976771 -63.584421 -53.163808 -53.966308 -74.060999 -46.240859 -61.450269 -70.184944 -65.960464 -42.075685 -42.498588 -54.951255 -68.851566 -66.908472 -48.353641 -55.764619 -58.005911 -47.431129 -59.679481 -49.265129 -66.193938 -59.408456 -47.131703 -59.286293 
-60.317326 -57.291411 -65.810994 -69.601218 -55.868860 -64.018663 -68.320117 -58.005911 -53.314047 -60.976771 -63.584421 -60.392255 -54.181446 -74.060999 -46.178808 -48.481556 -55.626828 -69.933819 -39.605005 -41.422284 -67.694815 -53.322119 
-60.317326 -57.291411 -65.440766 -68.604740 -55.868860 -64.200022 -37.677613 -58.513981 -53.590893 -60.976771 -63.746415 -66.659321 -53.522376 -74.364710 -48.182496 -48.905846 -53.645481 -69.933819 -40.260559 -46.769115 -65.874182 -66.737951 -50.377351 -68.785633 -68.018375 -67.252286 
-60.317326 -57.291411 -67.895702 -69.574883 -55.868860 -66.424329 -66.694100 -58.416442 -53.873020 -60.976771 -63.607202 -70.987205 -54.410074 -74.681145 -66.185244 -49.803076 -53.508655 -70.175971 -36.610273 -46.768429 -40.277352 -63.661689 -61.686703 -65.324065 -59.620240 
-60.317326 -57.291411 -67.895702 -69.610220 -55.713663 -40.424673 -70.286681 -58.416442 -52.888684 -60.976771 -63.607202 -65.446166 -54.410074 -74.859292 -66.087912 -47.463493 -51.915181 -59.917190 -59.827440 -46.375580 -40.389692 -62.589359 -67.239217 -57.879096 -46.013221 
-60.317326 -57.291411 -67.325878 -53.958988 -55.713663 -46.132774 -69.555854 -58.492188 -46.832432 -60.976771 -63.607202 -65.154924 -54.410074 -73.762149 -65.392576 -48.267760 -54.356874 -51.626483 -68.646317 -67.221011 -71.368785 -49.452529 -58.132930 -56.346413 -39.949792 -56.732057 -51.604257 
-60.317326 -57.291411 -65.828840 -52.118346 -55.713663 -42.444124 -70.005912 -58.492188 -48.031047 -60.976771 -63.607202 -64.007840 -53.945622 -73.762149 -47.148465 -48.285492 -37.759000 -51.626483 -67.329901 -41.448878 -71.484034 -61.008790 
-60.317326 -57.291411 -65.905357 -60.935278 -55.713663 -46.608961 -69.456380 -58.492188 -47.413177 -60.976771 -63.732071 -64.773940 -55.195253 -73.089559 -70.051721 -49.781753 -38.762949 -51.646207 -66.090754 -41.226403 -58.141977 -47.367575 -46.732300 -58.465963 -59.025444 -45.656660 -59.433143 -68.506113 -51.006441 -46.838302 -62.408787 -52.645660 -47.606072 -56.976238 -55.799279 -61.836389 
-60.317326 -57.291411 -64.894593 -69.857022 -55.713663 -51.620420 -51.075990 -52.671151 -47.022244 -60.976771 -63.024734 -65.200163 -55.195253 -72.758310 -71.217149 -48.428688 -38.300330 -51.646207 -66.630689 -40.425827 -53.800411 -67.478403 -66.166877 -62.745771 -54.714076 -65.432292 -46.716436 -62.005402 -48.740410 -71.542267 -58.722091 -55.106189 -67.118311 -48.300103 
-60.317326 -57.291411 -65.132743 -69.328779 -55.713663 -50.309081 -45.877555 -51.519466 -46.440069 -60.976771 -63.144400 -64.729334 -55.195253 -71.958425 -71.217149 -59.911368 -36.242310 -51.646207 -67.496237 -40.013231 -53.917828 -58.722091 -69.741763 -47.057141 -69.975590 -64.460451 -49.081588 -46.488413 -67.350391 -67.098270 -66.147730 -45.916087 
-60.317326 -57.291411 -65.132743 -60.102838 -55.713663 -61.225655 -36.022628 -53.763419 -47.657299 -60.976771 -63.904895 -69.328183 -55.195253 -74.594769 -39.369543 -67.431326 -48.353095 -51.438887 -44.432429 -41.051430 -53.917828 -57.474169 -69.741763 -68.829909 -69.862141 -68.965799 -42.534858 -63.887796 -65.176032 -62.510200 -68.162746 -58.362513 -69.344093 
-60.317326 -57.291411 -65.891756 -57.164903 -55.713663 -67.538551 -38.053986 -66.725868 -47.952670 -60.976771 -63.144019 -75.297183 -55.195253 -75.075521 -39.369543 -40.432342 -48.111704 -50.841607 -68.668061 -42.966782 -61.413850 -57.954465 -49.140719 -65.105657 -64.143464 -70.296425 -54.893653 -57.422374 -46.723555 
-60.317326 -57.291411 -66.285999 -68.863825 -55.713663 -70.254216 -35.465743 -66.578571 -48.325231 -60.976771 -63.176288 -48.092857 -53.182797 -75.075521 -39.550363 -51.468692 -46.716920 -44.071992 -51.929720 -68.235559 -49.753646 -58.438075 -55.219384 -62.131624 -52.474427 -50.877371 -62.910583 
-60.317326 -57.291411 -64.546053 -67.641197 -55.713663 -70.463518 -36.245831 -67.847294 -60.590077 -60.976771 -63.852958 -66.465988 -55.142466 -75.075521 -39.130634 -48.749535 -62.012750 -66.019311 -50.628034 -69.206960 -49.806411 -65.755499 -50.476063 -64.221069 -52.730410 -59.082523 -49.447793 -70.084583 -47.251431 -64.250097 -45.919756 -51.726743 -61.070955 
-60.317326 -57.291411 -65.261362 -39.441438 -55.713663 -70.338926 -55.301488 -67.412633 -57.144314 -60.976771 -63.795915 -68.333973 -54.088072 -75.097619 -66.485658 -48.144073 -51.307279 -67.431116 -50.628034 -48.865416 -50.086437 -45.758936 -57.512509 -65.342359 -40.302048 -49.116814 
-60.317326 -57.291411 -64.215072 -42.301867 -55.713663 -70.338926 -56.033435 -58.219600 -54.906774 -60.799204 -63.795915 -68.447417 -43.622516 -75.012238 -50.081413 -50.915018 -59.284788 -51.259810 -50.628034 -64.760061 -53.698276 -66.069258 -58.591582 -57.732235 -54.009430 -58.040060 -66.321368 -46.748500 -48.935611 -46.880369 -49.366506 -63.216612 -62.169452 
-60.317326 -57.291411 -64.949512 -59.189748 -55.713663 -70.218138 -50.344867 -58.445659 -51.873475 -60.799204 -63.886608 -71.139621 -46.166957 -74.645862 -58.253962 -47.448979 -56.144910 -67.185915 -51.016139 -54.009430 -49.390495 -66.069258 -49.642216 -57.917346 -69.518562 
-60.317326 -57.291411 -63.880087 -54.009430 -55.713663 -70.218138 -48.677337 -69.458753 -47.825806 -60.799204 -63.886608 -60.099727 -65.218285 -74.158091 -58.104046 -65.604410 -49.147075 -53.022419 -51.892752 -45.391921 -61.657294 -61.030540 -64.105916 -57.641317 -42.575003 -48.935025 -59.304045 -58.263545 -68.801834 -65.714337 
-60.317326 -57.291411 -65.878460 -53.945835 -56.589735 -70.736500 -50.185301 -53.824979 -60.102953 -60.799204 -60.871498 -70.579975 -65.352583 -74.158091 -58.522060 -73.558458 -49.677109 -60.231358 -51.687357 -63.680635 -43.151388 -41.821453 -49.151016 -60.769210 -61.902110 -47.305607 -73.365216 -59.121769 -58.026146 -58.621561 -49.149357 -38.422624 -45.892634 
-60.317326 -57.291411 -64.081796 -56.243058 -56.589735 -71.394811 -56.930106 -62.561400 -57.710362 -60.799204 -68.479300 -70.614624 -47.102382 -73.133187 -49.223586 -47.676695 -49.320856 -64.489535 -51.411382 -63.173879 -40.084584 -47.271509 -52.934000 -64.161437 -65.301316 -70.632588 -60.057126 -61.841548 -65.951047 
-60.317326 -57.291411 -64.575987 -55.720545 -56.589735 -58.941496 -57.519978 -56.174234 -57.710362 -60.799204 -71.027936 -70.614624 -49.183974 -74.642118 -50.621773 -70.904304 -49.478158 -65.194891 -51.005726 -63.360468 -40.620461 -68.534789 -55.732845 -45.905411 -49.755941 -37.907932 -59.353446 -61.214468 -56.359665 -69.315641 -59.569018 -69.343207 -56.133489 
-60.317326 -57.291411 -65.176729 -54.959415 -56.589735 -49.553007 -71.198327 -68.403192 -58.249828 -60.799204 -40.111745 -70.982565 -50.855882 -73.164738 -63.844270 -62.024140 -49.662506 -65.568918 -50.557153 -63.360468 -41.131788 -66.964874 -54.211398 -48.212472 -47.588064 -68.697504 -56.162015 -64.269828 -50.441863 -58.714219 -65.763429 
-59.865846 -57.291411 -64.674421 -53.848721 -56.589735 -61.989528 -61.543827 -66.716796 -58.249828 -60.799204 -46.560809 -71.265173 -66.493697 -72.519787 -48.158318 -59.722549 -48.591302 -64.955297 -51.241525 -63.518779 -39.418589 -59.854002 -51.371297 -48.909197 -56.355279 -47.328121 -57.279534 -57.978296 -66.525949 -70.689824 -36.579663 -36.555331 
-59.865846 -57.291411 -62.994125 -54.475797 -56.589735 -69.412893 -43.620517 -46.236814 -58.408549 -60.799204 -55.384581 -70.667696 -75.576562 -74.141036 -48.332382 -36.192090 -47.509499 -49.621830 -51.543019 -63.518779 -36.641593 -70.551429 -54.151366 -42.437589 -44.148995 -56.595827 -68.314999 -38.931594 -62.434450 -51.256937 -60.652600 
-59.865846 -57.291411 -66.328344 -56.153934 -56.589735 -67.740503 -35.990892 -46.661406 -55.608410 -60.799204 -58.125112 -70.667696 -74.768226 -69.850815 -74.160821 -36.411427 -60.705625 -67.317592 -61.853053 -63.528528 -36.641593 -70.066520 -55.627544 -51.336307 -67.220040 -55.776637 -57.132688 -47.951658 
-59.865846 -57.291411 -65.326260 -38.927711 -56.589735 -69.121447 -56.852279 -48.333892 -55.608410 -60.799204 -58.600726 -69.751172 -52.017794 -70.924040 -73.696166 -37.098335 -47.951658 -51.150806 -37.383298 -63.494370 -67.416549 -46.507038 -66.805551 -50.946658 -75.171695 -49.520061 -41.015886 -40.536932 -51.527612 -41.650016 -68.730553 
-59.865846 -57.291411 -67.419871 -48.161279 -56.589735 -52.213967 -58.598524 -61.863929 -55.465964 -60.799204 -60.549304 -49.828721 -53.118676 -71.391233 -73.696166 -61.635664 -62.473430 -51.150806 -39.186296 -63.167821 -45.853129 -40.780471 -67.728177 -62.067556 -35.526821 -48.783976 -75.399612 -69.857075 -47.078880 -62.100734 -35.901144 -41.116890 -50.889878 
-59.865846 -57.291411 -67.419871 -47.613928 -56.589735 -39.440206 -58.606947 -61.863929 -53.702433 -60.799204 -62.202855 -50.362131 -66.675696 -71.026554 -74.642031 -67.046463 -51.252114 -49.723298 -39.036641 -63.777747 -51.241988 -68.143302 -67.728177 -63.500522 -35.885857 -56.088302 -68.213123 -61.236364 -62.415123 -65.430397 -45.924803 -67.496851 -54.433280 -69.856272 -39.878369 -63.550756 
-59.865846 -57.291411 -66.328137 -40.440098 -55.413398 -67.781625 -58.606947 -62.148598 -53.702433 -60.799204 -62.471591 -49.282015 -46.204401 -70.553471 -73.965761 -60.493819 -51.252114 -49.081739 -50.265786 -63.218222 -52.391332 -67.603685 -67.633292 -39.590576 -35.628045 -70.561609 -67.268166 -69.931559 -62.912444 -65.737345 -68.987983 -55.796111 
-59.865846 -57.291411 -64.734916 -68.361763 -55.413398 -39.251999 -58.412200 -62.148598 -53.996165 -60.821479 -60.803758 -44.940662 -70.377836 -70.553471 -73.797563 -66.901001 -51.011333 -49.415698 -50.265786 -63.428239 -52.344381 -62.707622 -57.148476 -39.590576 -57.643225 -38.814771 -42.690237 -40.082741 -63.383887 -62.790746 -52.613764 -58.718697 -60.075685 -47.895375 -36.397905 -47.237582 -58.971886 -66.091996 -48.609664 -51.086787 
-60.304014 -57.291411 -65.363118 -71.579574 -74.938435 -55.939751 -57.730018 -61.602744 -53.996165 -60.821479 -36.181474 -67.628090 -75.104507 -70.014609 -73.376067 -63.865448 -51.011333 -48.851357 -50.265786 -65.914416 -62.428213 -55.574946 -52.467504 -38.822068 -45.447316 -74.978401 -64.485764 
-60.304014 -57.291411 -63.120889 -70.652806 -60.850266 -55.939751 -58.333321 -62.850676 -54.909178 -60.821479 -36.070720 -68.933866 -66.220087 -70.014609 -73.376067 -63.629130 -50.506017 -50.236466 -49.229929 -58.002331 -64.538241 -46.099046 -56.437316 -37.234121 -54.152023 -41.549039 -63.274688 -62.104772 -69.870878 -64.309916 -62.174723 -57.775443 -68.029329 -60.121368 -61.774211 -48.660614 
-60.304014 -57.291411 -64.812590 -46.155647 -38.448120 -55.939751 -69.299568 -62.589846 -54.848305 -60.821479 -56.072356 -63.421338 -57.942046 -69.946008 -72.965079 -63.484703 -44.246471 -51.825361 -49.412126 -62.483921 -62.931722 -64.025468 -41.744904 -37.234121 -45.761861 -66.876193 -45.324994 -51.085966 -67.338155 -63.427577 -47.547672 -50.179071 -54.286183 -36.674735 -71.719776 -58.209902 -62.550977 -61.910822 -47.734141 -67.969038 -56.931519 
-60.304014 -57.291411 -66.047498 -54.529030 -48.473935 -55.939751 -63.431293 -61.930585 -54.848305 -60.821479 -50.141680 -62.280106 -47.439534 -69.958268 -72.965079 -63.331565 -69.088277 -50.320614 -70.314384 -58.259738 -67.697488 -66.884968 -72.901121 -37.919101 -49.078992 -66.499681 -63.694300 -43.483229 -50.786925 -69.218628 -63.451912 -59.390082 -54.876193 -35.826424 -70.372593 -65.725143 -63.036899 -69.842505 -67.836466 
-60.304014 -57.291411 -64.849571 -49.713055 -49.357314 -55.939751 -64.193152 -61.930585 -55.006864 -60.821479 -38.995535 -63.211714 -69.743218 -62.430029 -72.965079 -68.179315 -56.676367 -50.320614 -48.180515 -58.259738 -70.962354 -66.866199 -68.917133 -38.680732 -49.078992 -48.579398 -61.820398 -52.063092 -50.786925 -72.254009 -65.738219 -49.467524 -48.041688 
-60.304014 -57.291411 -65.411315 -50.175479 -49.637788 -55.939751 -64.130798 -61.930585 -55.006864 -60.821479 -38.995535 -63.211714 -41.054276 -51.287468 -74.923544 -46.418051 -58.286799 -50.119120 -47.871972 -58.259738 -70.825591 -49.637002 -50.196445 -35.367357 -64.923555 -68.793113 -57.289837 -51.563800 -71.698037 -69.597911 -51.677202 -68.869187 -43.262201 -65.953864 -62.486316 
-60.304014 -57.291411 -65.289657 -67.615710 -61.014396 -55.939751 -47.431067 -61.930585 -55.006864 -60.821479 -47.548643 -63.211714 -48.569909 -50.784244 -74.923544 -51.505957 -49.569910 -67.290937 -48.417152 -58.259738 -68.194968 -37.044998 -47.851117 -39.994981 -38.516995 -63.901203 -75.365556 -69.462311 -46.805405 -61.358094 
-60.304014 -57.291411 -64.647245 -65.774393 -53.530444 -55.882148 -61.387675 -61.930585 -53.722819 -60.821479 -40.847861 -63.211714 -68.026975 -51.108114 -54.818514 -53.584725 -49.849894 -64.997271 -67.516351 -58.259738 -68.478398 -42.951777 -55.884417 -39.994981 -47.335393 -58.709001 -75.365556 -51.207543 -45.536497 -74.927191 -46.648924 -51.688686 -54.881627 -56.610552 -54.551169 
-60.304014 -57.291411 -65.190094 -65.774393 -66.586184 -55.882148 -54.615129 -61.930585 -62.467646 -60.821479 -64.714673 -63.211714 -61.721458 -52.165415 -74.988975 -47.998362 -49.984849 -68.167682 -68.080622 -58.025035 -68.433153 -42.892092 -66.581520 -62.280108 -66.333270 -45.900416 -75.288271 -54.109463 -59.635455 -64.515670 -46.939631 -75.965414 -50.929048 -40.406929 -52.939450 -56.516273 -68.156719 -64.351827 
-60.304014 -57.291411 -65.944579 -63.911510 -69.347978 -56.699029 -56.615426 -61.930585 -64.464979 -60.821479 -60.161844 -63.211714 -59.903370 -52.165415 -74.948514 -50.929031 -62.955427 -48.800092 -61.978999 -58.025035 -36.335747 -67.700214 -68.367327 -75.655321 -63.348169 -50.290463 -75.288271 -54.109463 -49.065972 -69.037804 -49.835766 -42.235271 -67.683473 -40.651792 -52.856820 -48.798125 -71.942712 -65.711699 -51.153317 -65.554528 -52.129218 
-60.304014 -57.291411 -65.235018 -59.685984 -48.593325 -56.699029 -48.223889 -61.930585 -64.067681 -61.068451 -43.033896 -63.211714 -69.657066 -52.165415 -74.948514 -57.214771 -48.246069 -43.002618 -63.339914 -58.025035 -37.216182 -39.347156 -69.039765 -46.901038 -51.764382 -61.054941 -75.288271 -54.765687 -71.942712 -67.318581 -50.012733 -50.919069 -62.529226 -39.287373 -62.909026 -60.910090 -47.301984 -54.727093 -56.255410 -69.553381 -55.465009 -46.115828 -48.503720 -71.568041 -58.647052 
-60.304014 -57.291411 -65.782547 -42.336469 -48.141536 -56.699029 -68.233179 -61.930585 -40.126670 -61.068451 -67.536189 -63.211714 -48.301350 -75.871230 -74.948514 -41.629614 -48.923929 -50.891327 -66.889266 -65.595127 -64.760289 -47.529751 -67.520800 -57.115510 -54.665533 -49.807052 -75.288271 -54.608325 -69.678780 -68.196177 -61.508059 
-60.304014 -57.291411 -65.782547 -57.459963 -49.971415 -56.699029 -69.614129 -61.930585 -70.515538 -61.068451 -51.275570 -63.211714 -65.937391 -48.561741 -74.948514 -39.338726 -42.210984 -47.474316 -67.795521 -53.568869 -40.363510 -45.885343 -58.532675 -71.397544 -67.390556 -49.950616 -75.288271 -52.584688 -63.240981 -64.967939 -63.519410 -62.319090 -49.000367 
-60.304014 -57.291411 -66.221813 -59.026961 -50.989903 -56.699029 -69.605448 -61.930585 -67.548008 -61.068451 -52.217434 -63.211714 -65.131476 -48.124504 -74.948514 -47.611234 -68.425108 -51.441630 -63.833269 -58.374149 -47.944111 -46.624204 -55.972600 -68.912834 -59.032665 -42.638199 -75.179004 -52.474586 -58.900332 -63.402293 -61.155229 -67.862292 -51.769950 -41.346659 -47.868602 -43.302158 
-59.505014 -57.291411 -64.699185 -53.908075 -49.479554 -56.699029 -69.605448 -61.930585 -69.880026 -61.068451 -50.706456 -63.211714 -61.272574 -59.347521 -73.748084 -68.450299 -68.670705 -65.395675 -41.346659 -58.374149 -58.330328 -49.019439 -55.972600 -57.457656 -60.440402 -47.230623 -75.179004 -52.474586 -68.145183 -62.492073 -44.192010 -49.602224 -67.623121 
-59.505014 -57.291411 -64.487701 -51.417992 -49.479554 -56.699029 -67.734125 -61.930585 -69.345717 -61.068451 -50.007957 -63.211714 -51.446405 -68.972896 -74.165893 -68.045098 -49.139547 -66.882278 -42.821238 -57.298299 -47.647665 -69.908668 -52.542818 -64.093547 -62.101903 -56.947663 -75.179004 -71.950531 -42.885289 -51.780633 -58.350313 -43.684137 -56.948159 -64.836560 -66.464282 
-59.505014 -57.291411 -66.045204 -62.854614 -69.674773 -56.699029 -66.909896 -61.930585 -60.138438 -61.068451 -49.874581 -63.211714 -51.302507 -63.633314 -74.326284 -69.166257 -56.061520 -47.619921 -69.507104 -58.993263 -67.217299 -52.176243 -53.223304 -66.883639 -43.606631 -46.190113 -67.069293 -65.256440 -53.641250 -60.263616 -70.123694 -59.399472 -50.263325 
-59.505014 -57.291411 -66.438990 -64.380058 -68.970823 -56.699029 -64.806538 -61.930585 -58.567813 -61.068451 -49.016899 -62.995363 -51.302507 -68.193834 -75.263274 -65.646437 -69.791606 -48.554885 -53.355335 -67.556976 -67.121103 -49.967348 -53.223304 -67.042717 -46.761618 -70.123694 -61.957153 -46.915801 -48.670527 -67.225796 -69.505646 -55.895417 -61.474882 -50.199004 -68.390760 -57.714997 -69.460556 -56.004298 -54.639008 -48.374874 -66.987546 -66.509769 -48.500710 -69.427010 -53.224437 -69.354384 -50.962632 -60.777107 -68.061164 
-59.505014 -57.291411 -66.438990 -63.957134 -67.057748 -55.889227 -64.581770 -61.930585 -68.701160 -61.068451 -66.314349 -62.995363 -51.496916 -41.026211 -75.263274 -50.116330 -50.796741 -49.422689 -52.802872 -67.962173 -67.121103 -40.504766 -53.223304 -48.019235 -57.817537 -40.536529 -47.141792 -69.400353 -68.031566 -69.412373 -69.102135 -66.352670 -46.850563 -47.214950 -66.327202 -45.553614 -37.639036 
-59.505014 -57.291411 -63.864311 -41.566016 -46.166109 -56.209384 -64.345495 -61.930585 -69.928148 -61.068451 -69.296756 -62.995363 -41.068766 -37.775759 -74.283972 -58.027351 -47.936963 -69.892728 -53.042780 -47.072110 -51.409750 -55.677338 -53.223304 -43.178420 -57.817537 -46.194415 -60.950440 -52.331500 -62.552566 -68.263806 -56.108175 -63.294592 
-59.505014 -57.291411 -65.732308 -67.325500 -50.680884 -56.209384 -65.679924 -61.859520 -69.928148 -61.068451 -67.362087 -62.995363 -50.736342 -35.137513 -74.283972 -57.918682 -48.623951 -47.728795 -53.194563 -70.314483 -51.409750 -38.191439 -52.731965 -57.030042 -61.672087 -40.263898 
-59.505014 -57.291411 -65.579614 -51.682510 -49.050926 -56.209384 -37.951115 -61.859520 -70.020326 -69.575397 -65.954195 -62.995363 -42.812352 -39.375050 -75.462327 -58.111752 -46.810495 -53.747590 -53.533299 -45.419159 -55.620824 -63.966083 -43.385676 -65.524404 -60.399793 -63.322189 -58.104883 
-59.505014 -57.291411 -64.127443 -51.682510 -67.203625 -56.209384 -35.262012 -61.859520 -69.541434 -70.198968 -48.351565 -62.995363 -39.132601 -63.889401 -74.336543 -63.493755 -48.482627 -53.099627 -53.602246 -69.434067 -48.019003 -39.903299 -67.396653 -69.240772 -68.165189 -50.232205 -40.009304 -69.473987 -50.422886 -64.378162 -45.752080 -36.485576 
-59.505014 -57.291411 -64.127443 -51.682510 -65.979953 -56.209384 -42.862666 -61.859520 -69.545704 -57.539346 -47.793541 -62.995363 -39.130154 -68.730476 -74.722082 -63.493755 -65.064177 -53.393976 -53.391537 -51.578615 -47.865798 -70.961055 -65.481989 -68.705122 -37.543910 -56.510694 -56.204598 -60.045708 
-59.505014 -57.291411 -65.415321 -51.624137 -39.447650 -56.209384 -57.013575 -61.859520 -69.545704 -74.899182 -49.455290 -62.995363 -39.050634 -66.217251 -48.714898 -69.942286 -53.082434 -53.393976 -41.285786 -37.285100 -47.877214 -55.564289 -47.929882 -63.898234 -56.849764 -50.413566 
-59.505014 -57.291411 -69.278216 -51.624137 -46.433052 -56.209384 -64.167550 -61.859520 -69.542571 -74.899182 -48.413034 -62.995363 -39.496630 -68.549046 -58.454912 -69.577852 -51.708825 -54.692577 -45.886021 -37.714304 -48.558697 -54.653324 -66.675293 -58.027745 -67.771592 -69.213100 -55.045051 -49.524948 -69.012300 -41.056440 -67.750424 -39.328464 
-59.505014 -57.291411 -49.648973 -51.624137 -64.919315 -56.209384 -63.831182 -61.893638 -69.652038 -74.899182 -70.597262 -62.995363 -39.258818 -67.457534 -60.144517 -68.592891 -53.836600 -47.833467 -54.087591 -36.754149 -48.188691 -57.792175 -63.111968 -58.027745 -63.351135 -59.200087 -53.252535 -67.753559 -71.861227 -56.846839 -46.768095 -51.790909 
-59.505014 -57.291411 -45.402161 -51.183748 -45.643108 -56.209384 -63.831182 -61.893638 -69.505060 -74.899182 -70.137769 -62.995363 -39.783018 -65.913623 -52.506828 -52.922954 -52.824193 -65.902422 -47.718887 -38.310316 -47.390618 -58.446481 -63.300364 -58.419196 -45.888798 -59.620817 -38.659802 -58.163368 -56.498023 -51.109543 -61.684322 -55.645687 
-59.505014 -57.291411 -58.078239 -51.183748 -51.577883 -56.209384 -65.722987 -61.893638 -69.505060 -73.289918 -70.816064 -62.995363 -41.405347 -67.554359 -62.137231 -54.014466 -68.329953 -65.503767 -48.501259 -40.980508 -47.767857 -54.532419 -56.392433 -57.836414 -66.252273 -41.998363 -52.509829 -46.949305 -51.693960 -68.297340 -70.656357 -42.598908 
-59.505014 -57.291411 -45.694323 -51.183748 -52.509829 -56.209384 -65.722987 -61.893638 -69.505060 -74.121183 -70.701866 -62.995363 -40.728644 -67.070757 -71.041384 -53.508054 -57.836414 -69.306478 -60.974355 -39.279448 -49.798242 -54.714731 -69.382577 -63.503954 -49.009978 -58.156779 -66.980085 -71.826549 -48.618642 
-59.505014 -57.291411 -39.624504 -51.374720 -52.269810 -56.209384 -65.722987 -61.893638 -69.505060 -73.281917 -69.949806 -62.995363 -48.768398 -67.605011 -70.867349 -49.754819 -57.836414 -69.306478 -47.134790 -53.893482 -49.452720 -55.357122 -61.637447 -61.124656 -48.366309 -75.918022 -49.096167 -62.120206 -47.251631 -49.065541 -50.100724 -44.680182 -49.338490 -69.386985 -48.138427 -49.666815 -49.441351 -47.328099 -36.796536 -49.296949 -67.663733 -69.992232 
-59.995049 -57.291411 -39.539170 -51.374720 -52.746891 -56.209384 -66.773757 -61.893638 -69.642041 -73.392920 -52.237012 -62.995363 -37.011780 -67.969065 -68.865551 -52.444823 -57.836414 -59.361887 -36.316983 -68.479818 -69.077656 -55.129469 -49.475140 -58.914063 -38.747721 -70.330652 -50.930092 -61.725451 -64.116533 -48.173727 -60.552098 -61.057037 -49.381667 
-59.995049 -57.291411 -69.317773 -40.850499 -52.746891 -56.209384 -65.256010 -61.893638 -69.915491 -73.947943 -61.136432 -62.995363 -75.795849 -67.969065 -49.575857 -53.238926 -57.836414 -53.167107 -45.357826 -51.305949 -59.663152 -67.237403 -47.543658 -52.658014 -60.107962 -68.991250 
-59.995049 -57.291411 -69.874478 -40.672819 -68.703053 -56.209384 -65.256010 -61.893638 -69.439871 -62.653314 -58.882217 -62.937694 -72.623928 -72.057328 -49.228955 -51.956787 -58.110593 -53.167107 -56.637757 -51.957917 -47.230748 -52.910093 -49.894368 -68.598643 -47.498194 -63.188072 -51.576750 -47.188649 -70.771159 -58.653138 
-59.995049 -57.291411 -61.339141 -46.187238 -56.472518 -56.209384 -65.256010 -61.893638 -69.439871 -42.005979 -63.541574 -63.316390 -74.231098 -51.498376 -68.957707 -43.804243 -58.618453 -53.428763 -50.088542 -51.957917 -47.449635 -52.674587 -52.665891 -53.381857 -43.025528 -65.588382 -50.132357 -47.613901 -66.820288 -51.877709 
-48.658861 -57.291411 -52.825596 -44.265996 -60.033663 -56.209384 -65.811727 -61.818729 -69.686459 -52.238178 -63.551963 -63.316390 -75.324480 -47.686462 -70.124417 -63.537877 -58.318543 -63.342800 -48.242067 -67.486510 -60.432355 -48.703736 -52.665891 
-52.539057 -57.291411 -53.912838 -65.769031 -65.257337 -56.209384 -70.217414 -61.940307 -69.686459 -50.994082 -62.782642 -63.028273 -75.324480 -48.178460 -50.284808 -46.853058 -58.215659 -63.725515 -49.541613 -62.997278 -60.432355 -49.291966 -62.011426 -68.378279 -62.181493 -56.479725 -68.747676 -64.618079 
-71.514696 -57.291411 -64.068798 -65.769031 -64.676016 -53.194131 -48.158378 -61.940307 -69.874571 -50.994082 -63.637473 -62.936779 -74.622707 -63.219101 -58.663433 -46.693783 -58.105415 -53.268694 -48.858365 -59.033657 -60.432355 -48.397981 -68.782519 -50.624171 -67.305676 -67.049839 -56.160834 -51.087683 -49.576460 
-71.261620 -57.291411 -61.659178 -65.809773 -64.399943 -51.496014 -49.574369 -61.674880 -69.620581 -50.994082 -64.588188 -63.115612 -73.338265 -56.349448 -69.504336 -64.833838 -58.105415 -53.268694 -49.657922 -68.213557 -60.432355 -46.313636 -66.544700 -48.687348 -50.755755 -60.455743 -66.677417 
-71.261620 -57.291411 -51.074879 -65.721349 -66.157647 -52.257513 -47.807335 -61.674880 -69.075440 -50.297693 -64.539479 -63.350914 -72.066985 -56.349448 -66.780925 -53.557061 -60.156263 -53.992834 -47.978030 -67.901021 -52.586950 -68.935862 -50.458686 -69.874303 -43.620086 
-71.261620 -57.291411 -51.566942 -65.503564 -46.974716 -53.979581 -49.655568 -61.674880 -69.075440 -50.297693 -63.098959 -63.137181 -72.066985 -56.205221 -66.773800 -58.797859 -60.156263 -54.038108 -49.283852 -62.739393 -47.086974 -50.286309 -68.852604 -49.324589 
-71.261620 -57.291411 -51.566942 -65.503564 -47.137451 -45.449015 -49.550365 -61.674880 -69.852758 -50.689672 -63.340059 -49.151027 -74.159612 -56.205221 -66.773800 -58.407908 -61.179188 -54.926280 -65.337717 -51.069993 -46.481307 -69.154716 -64.525438 -48.581291 -52.006867 -59.474750 -51.658289 -58.267033 
-69.428320 -57.291411 -51.108275 -65.503564 -47.250985 -67.876893 -44.008041 -61.674880 -69.420764 -50.689672 -63.487721 -64.924996 -74.159612 -56.468376 -67.021320 -58.407908 -61.179188 -55.198018 -49.988857 -64.272156 -48.643504 -57.214383 -64.126156 -45.845627 -51.358352 -42.485770 -68.871460 -49.906052 
-64.231465 -57.291411 -41.981817 -65.192181 -47.907296 -50.156630 -38.969656 -61.674880 -69.420764 -68.874219 -63.487721 -63.894423 -74.159612 -56.468376 -63.737810 -58.407908 -61.179188 -55.204588 -73.357110 -48.336525 -65.187491 -49.940002 -58.414697 -70.220776 -51.358352 -51.631681 -57.664213 -67.517043 -39.759909 -66.495378 -61.492432 -60.582164 -57.097594 
-67.163136 -57.291411 -64.800734 -65.192181 -47.672084 -60.154736 -55.378512 -61.674880 -69.971345 -41.861977 -63.515651 -62.665666 -74.159612 -56.468376 -64.312953 -58.002831 -61.179188 -55.438136 -50.912098 -40.507873 -48.951840 -65.739522 -69.417860 -42.391683 -51.587195 -46.092242 -69.118719 -49.471723 -69.173489 -61.012085 -64.887190 -65.653690 -59.073468 -56.199668 -43.107345 -59.785067 -45.531163 -49.915080 -66.401392 
-49.909637 -57.291411 -65.108780 -64.496809 -66.638606 -57.600769 -53.454587 -61.674880 -69.971345 -49.086208 -63.653861 -48.097500 -74.643389 -56.468376 -64.144422 -58.002831 -61.179188 -55.438136 -68.995138 -37.500441 -47.222143 -60.894437 -45.927652 -37.853522 -51.775330 -48.739906 -40.520963 -67.893512 -46.190144 -49.393133 -42.792389 -58.556183 -49.813589 -66.600497 -59.674813 
-64.648234 -57.291411 -57.614522 -65.264233 -49.075389 -48.660335 -53.050072 -61.674880 -70.071682 -66.308177 -62.927126 -48.989761 -68.589620 -56.468376 -64.144422 -59.044255 -61.179188 -53.816535 -70.503720 -39.318801 -46.443708 -51.683423 -49.099528 -37.256664 -64.100512 -56.346582 -63.051417 -66.916513 -74.178008 -41.490830 -68.974504 
-56.141731 -57.291411 -69.330249 -65.112356 -60.797698 -68.248573 -53.378513 -61.674880 -70.071682 -72.138869 -62.927126 -67.506071 -51.157283 -56.468376 -63.865941 -58.212963 -61.179188 -53.721362 -51.115824 -39.318801 -50.049006 -50.319917 -64.649956 -38.261605 -54.251038 -52.638043 -72.990863 -68.624007 -73.996444 -42.200869 -62.192464 -46.762548 -50.344322 -62.545033 -46.677443 
-63.238922 -57.291411 -68.980180 -65.112356 -67.483872 -37.884278 -52.425751 -61.674880 -70.199181 -70.642367 -62.927126 -38.460912 -51.206855 -56.468376 -63.865941 -58.577074 -59.902097 -54.071503 -57.218308 -38.222505 -57.301572 -50.319917 -49.435694 -50.663049 -49.643129 -52.638043 -64.627663 -68.117381 -73.380454 -46.020962 -48.955239 -46.844366 -75.790170 
-68.449624 -57.291411 -49.942936 -64.929029 -75.130020 -36.499739 -51.404946 -61.674880 -69.929504 -65.865704 -63.326003 -69.103385 -51.445583 -56.468376 -64.360832 -58.275546 -59.902097 -37.705622 -55.999052 -39.430718 -50.955709 -50.319917 -67.845970 -65.327935 -48.234782 -62.383586 -68.469334 -47.697810 -68.166493 -67.845029 -46.838628 -35.538711 -61.494849 -38.889189 
-63.501258 -57.291411 -50.899388 -64.929029 -75.470890 -63.348460 -50.039019 -61.674880 -69.929504 -42.396929 -57.897693 -70.679976 -54.493013 -56.468376 -37.630044 -59.275965 -60.196503 -58.564150 -55.231735 -68.309892 -39.400100 -51.960755 -48.140937 -41.306179 -62.906466 -66.320663 -61.392434 -62.601220 -48.285104 -47.277209 -48.236686 
-63.081501 -57.291411 -50.343083 -64.929029 -75.470890 -63.134602 -53.235395 -61.674880 -69.484878 -49.212095 -58.716571 -70.303889 -61.456867 -56.468376 -51.518197 -49.712272 -60.196503 -68.162808 -55.231735 -42.678204 -51.494779 -46.220540 -61.489738 -67.225078 
-63.794073 -57.291411 -51.537029 -64.831525 -75.470890 -63.037664 -51.341428 -61.686950 -69.595388 -66.099725 -58.716571 -67.733399 -39.564668 -56.468376 -68.171972 -53.334837 -60.196503 -42.445847 -52.584943 -43.215008 -52.388630 -66.839513 -66.512865 -51.615540 -68.244137 -67.847003 -62.340616 -67.035029 -49.261506 
-63.872666 -57.291411 -51.537029 -66.696364 -75.470890 -63.397994 -67.072829 -61.686950 -48.987677 -68.819087 -58.716571 -39.122410 -37.680172 -56.359669 -67.711104 -54.411225 -60.196503 -63.435596 -53.565271 -69.161750 -52.863315 -51.805123 -66.922212 -61.352169 -60.141258 -68.605720 -48.275344 -59.580354 -62.529047 -47.842934 -66.861179 -48.471788 
-63.256362 -57.291411 -58.127632 -66.696364 -75.119186 -63.397994 -55.703973 -61.686950 -60.971268 -69.271388 -61.576689 -39.824499 -36.629844 -56.359669 -67.362689 -55.797435 -60.196503 -68.189722 -50.578463 -47.182810 -52.107965 -51.081542 -69.468890 -59.433879 -50.840245 -47.106098 -67.201465 -57.846395 -58.115479 
-63.256362 -57.291411 -58.982484 -66.696364 -75.119186 -63.489158 -61.114960 -61.686950 -38.406106 -68.374560 -64.381212 -39.416170 -41.652421 -56.359669 -68.268371 -52.512264 -60.196503 -51.596456 -57.117112 -48.651758 -52.595081 -50.272241 -69.508911 -69.415540 -51.539140 -65.392260 
-64.057333 -57.291411 -58.173136 -66.640329 -72.448326 -63.489158 -64.175984 -61.946851 -48.759256 -71.031855 -55.902037 -39.346098 -47.873766 -56.359669 -68.209610 -53.596315 -60.196503 -51.343980 -46.968543 -47.064834 -52.067236 -51.361446 -69.356272 -39.670580 -62.062925 -66.182714 -66.018587 -46.404409 -51.370589 -55.758660 -68.949150 -59.258323 
-62.540963 -57.291411 -58.444029 -66.640329 -74.836660 -62.881895 -57.806744 -61.946851 -61.201376 -71.600422 -37.771861 -39.830471 -72.207157 -56.359669 -37.044940 -54.114266 -60.744064 -52.582225 -68.022792 -46.132181 -51.966995 -51.625068 -69.356272 -67.147086 -68.291163 -63.928447 -46.344564 -66.901795 -65.962485 -42.133346 -59.593109 -55.769798 -69.247704 
-52.862022 -57.291411 -63.478151 -66.456528 -75.783440 -63.232388 -51.339897 -61.946851 -58.910151 -67.842726 -66.943729 -40.234228 -69.445627 -56.359669 -36.909512 -52.992983 -60.744064 -40.155153 -62.337752 -65.105343 -52.664348 -51.879917 -67.350776 -67.748220 -63.913577 -63.539006 -53.016346 -58.241824 
-51.874794 -57.291411 -66.003401 -64.747999 -75.289037 -63.042919 -46.602429 -61.946851 -69.361423 -62.772800 -66.648999 -39.028481 -69.241031 -56.039182 -38.420182 -53.257837 -60.744064 -58.820082 -48.105867 -51.768759 -52.664348 -52.149712 -39.703966 -70.394004 -57.619261 -59.214215 -70.845962 -51.930655 
-52.853221 -57.291411 -66.003401 -61.187332 -75.289037 -63.243575 -48.195512 -61.946851 -35.606507 -63.554344 -40.498865 -49.467928 -69.676187 -56.039182 -47.965942 -55.326444 -60.744064 -58.253410 -44.789314 -69.484421 -52.267456 -50.863208 -65.814299 -56.988531 -64.429452 -68.077778 -59.727916 
-68.944134 -57.291411 -66.003401 -69.364135 -75.289037 -62.975199 -49.571966 -61.722807 -42.310064 -64.429452 -40.606635 -55.593326 -54.450662 -56.039182 -66.412024 -54.571354 -60.744064 -57.680733 -44.803157 -63.552871 -51.218184 -51.162122 -63.919083 -62.573487 -59.786325 -67.264986 -46.793305 -67.238534 
-69.488920 -57.291411 -66.735653 -70.259877 -74.979547 -65.607763 -63.271689 -61.722807 -49.623643 -64.370153 -40.592153 -47.669685 -53.835013 -56.039182 -59.322930 -53.604768 -60.744064 -51.197585 -61.486334 -63.763264 -51.659638 -50.882205 -58.281677 -37.450662 -63.620888 -46.454164 -56.466714 -68.045718 -46.175646 -57.842260 -47.398287 -60.394072 -68.877369 
-52.132434 -57.291411 -40.484820 -70.259877 -74.979547 -48.677671 -63.375719 -61.722807 -57.548648 -64.370153 -41.995348 -50.696577 -50.200148 -56.039182 -68.403404 -52.975765 -60.744064 -55.691892 -65.039624 -63.164328 -65.445829 -75.428656 
-75.085965 -57.291411 -42.947310 -70.081842 -68.421958 -47.712986 -62.927059 -71.017774 -58.114248 -64.974428 -49.674595 -51.301878 -52.830528 -56.039182 -60.287606 -54.382545 -60.744064 -40.096677 -63.539603 -63.634227 -61.524980 -51.409448 -47.628716 -60.263270 -47.442389 -69.510590 -67.946654 -67.112710 -61.962289 -51.173355 -62.079144 -70.703473 -60.799950 
-73.690565 -57.291411 -63.461088 -70.081842 -57.257309 -47.878192 -62.927059 -66.917704 -58.979570 -65.063475 -49.394077 -49.737664 -51.444211 -56.621447 -57.340955 -52.148337 -60.744064 -39.487778 -63.961237 -63.179423 -61.524980 -42.966074 -52.191276 -56.655301 -48.252443 -69.393099 -68.060100 -36.782365 -55.201461 -65.907302 -51.043592 -64.652263 -46.999033 -45.552618 -68.318825 
-73.690565 -57.291411 -50.753441 -70.334488 -57.691525 -58.398961 -63.167472 -58.222839 -58.499932 -65.039158 -49.394077 -51.880685 -52.144555 -56.621447 -46.102648 -53.789641 -60.744064 -61.292225 -73.108035 -62.229735 -61.524980 -63.560215 -52.191276 -54.155571 -37.731239 -36.982708 -69.075056 -69.505372 -57.946099 -65.745745 -51.057445 -47.775851 -48.109316 -53.060072 -59.662891 
-73.970537 -57.291411 -62.575285 -70.438145 -65.448662 -48.535872 -62.968012 -49.850295 -58.753806 -65.872995 -50.150497 -50.390046 -52.234622 -56.621447 -66.423862 -48.193776 -60.744064 -49.737697 -70.767466 -62.992064 -61.524980 -55.077200 -51.318829 -62.328335 -38.761001 -38.015388 -69.698768 -40.263196 -61.649929 -49.143392 
-73.796734 -57.291411 -57.165948 -70.724594 -46.463183 -49.277018 -63.505047 -39.293572 -58.753806 -65.628917 -61.710415 -56.851474 -51.141598 -55.980634 -44.325391 -51.907009 -60.744064 -39.379969 -70.787951 -63.984239 -61.524980 -55.184697 -52.094549 -69.241182 -68.602046 -50.343826 -61.684273 -67.347102 -68.586857 
-73.796734 -57.291411 -41.238907 -70.758982 -49.927069 -48.870503 -67.011993 -39.102132 -58.378550 -66.322618 -51.189004 -56.784263 -52.078411 -60.931426 -67.092872 -51.168476 -60.744064 -39.574368 -70.429099 -63.984239 -61.524980 -54.824846 -59.365320 -66.643423 -62.259299 -51.176750 -75.160476 -63.160254 -61.409820 -51.215186 -55.487106 
-73.796734 -57.291411 -50.943668 -70.758982 -49.784956 -64.926095 -39.511914 -39.141972 -58.378550 -66.181346 -41.171425 -56.784263 -52.327172 -64.292676 -46.466505 -50.682306 -60.744064 -65.877799 -71.074911 -64.329473 -61.524980 -54.824846 -67.020964 -66.776608 -64.892930 -42.234280 -75.537800 -62.878321 -63.502990 -51.069572 -42.579957 -56.463597 -59.156416 -52.191446 -51.922941 
-74.330298 -57.291411 -47.833431 -70.377372 -57.351287 -48.513782 -52.553324 -39.548664 -59.129647 -66.181346 -41.486128 -56.784263 -52.482604 -69.235855 -64.151754 -49.430020 -60.744064 -49.824209 -48.047113 -66.679363 -61.524980 -53.482859 -70.701540 -64.866834 -44.213942 -47.710603 -67.517571 -62.878321 -69.719111 -52.292476 -48.685428 -51.129493 -47.498344 -67.309487 -55.685827 
-73.187270 -57.291411 -51.926619 -66.244620 -47.315275 -48.510674 -51.041689 -40.494247 -59.129647 -66.181346 -56.995330 -56.784263 -51.745926 -49.778864 -62.072563 -50.434734 -60.744064 -50.388004 -63.025324 -66.522847 -61.752421 -52.813373 -70.284788 -48.994603 -47.709707 -70.255637 -67.869476 -52.347817 -72.127221 -69.419919 -67.261952 -58.590668 -69.179672 
-73.187270 -57.291411 -50.658998 -47.472108 -50.163790 -50.328595 -63.036804 -41.340164 -58.698928 -65.544591 -62.918541 -56.784263 -52.853456 -49.183133 -64.332801 -49.402923 -60.744064 -66.724509 -42.250366 -66.522847 -61.752421 -54.342682 -71.382767 -58.112390 -66.465124 -41.812959 -69.547475 -62.836942 -70.372346 -63.701771 -68.448921 -56.501890 -61.464490 -58.092564 -68.875052 
-74.213305 -57.291411 -51.226018 -69.895534 -47.525071 -48.167413 -64.826178 -48.782471 -58.704421 -65.267846 -61.386445 -56.784263 -52.853456 -64.131001 -62.946590 -64.644341 -60.744064 -52.627164 -65.700100 -67.322852 -61.752421 -54.082040 -70.918984 -49.827617 -64.209859 -55.690777 -65.528116 -69.040462 
-73.242547 -57.291411 -50.403484 -71.065275 -54.977961 -47.533167 -49.666573 -62.896613 -51.166938 -65.906767 -72.036287 -56.784263 -56.764906 -61.339832 -62.946590 -68.878076 -60.591282 -52.355351 -58.703103 -55.126499 -61.752421 -55.677968 -71.152887 -50.978044 -67.431896 -64.262251 -50.262301 -49.295504 
-73.822272 -57.291411 -69.089555 -72.256530 -60.585871 -51.191345 -65.100134 -52.083473 -52.795914 -64.530179 -50.066312 -56.784263 -45.927317 -50.978044 -62.946590 -49.370941 -60.591282 -51.593979 -58.010640 -66.983601 -61.752421 -55.475216 -70.980882 -48.521834 -46.496464 
-73.822272 -57.291411 -48.905442 -51.119221 -55.629976 -66.776788 -51.376274 -51.633198 -71.184389 -64.447557 -69.839963 -56.278238 -59.203400 -49.616075 -62.946590 -55.740439 -60.591282 -51.355938 -58.010640 -66.983601 -61.752421 -49.408026 -44.971112 -61.887360 -61.739809 -65.391693 -59.430074 
-73.682013 -57.291411 -40.207402 -69.710407 -55.629976 -64.315615 -64.191620 -51.241772 -71.592035 -64.199522 -67.279913 -56.278238 -59.214733 -50.675683 -63.205704 -70.862334 -60.591282 -52.834461 -58.730937 -64.674660 -61.752421 -50.040213 -75.666532 -50.366309 -66.990768 -43.582420 -59.302053 -43.099399 -48.809073 -41.920680 -47.862657 -40.349478 
-72.758975 -57.291411 -51.789817 -63.491782 -55.629976 -75.368087 -49.561807 -60.575581 -71.332290 -63.713821 -40.986607 -56.278238 -47.321789 -51.036168 -63.205704 -72.354261 -60.678428 -38.950009 -59.047573 -64.445979 -61.752421 -51.184656 -48.557050 -63.153265 -50.331336 -50.966098 -70.341408 
-72.758975 -57.291411 -51.944332 -39.694795 -52.555437 -64.087679 -50.761921 -67.803481 -71.332290 -64.090572 -62.279664 -56.311584 -50.189673 -51.823076 -63.205704 -72.065728 -60.678428 -48.500918 -59.047573 -37.463629 -61.752421 -52.423863 -47.675689 -63.810659 -66.918236 -47.232880 -67.995896 -46.675612 
-73.257748 -57.291411 -53.318220 -40.249300 -52.555437 -64.958626 -53.107471 -52.378527 -70.704142 -65.919966 -63.573216 -56.236346 -62.428061 -70.748588 -63.189338 -69.639791 -60.678428 -47.896568 -57.974430 -36.459745 -61.752421 -51.856384 -68.256964 -63.200409 -51.177966 -56.847629 -54.674039 -65.815792 -63.953348 -40.332668 
-74.237168 -57.291411 -62.642323 -57.681052 -41.241596 -47.546239 -53.107471 -41.741426 -71.613137 -66.307394 -50.806294 -56.236346 -71.258781 -61.728181 -63.018902 -61.547990 -60.678428 -38.414185 -46.184205 -50.686999 -61.752421 -52.967020 -51.205521 -63.328471 -50.842991 -56.248977 
-72.687611 -57.291411 -63.041525 -58.202319 -63.207481 -66.859777 -61.164047 -40.756409 -71.650197 -65.167110 -48.466705 -56.236346 -70.565151 -61.728181 -63.242294 -39.781297 -60.678428 -52.620403 -54.331342 -50.346799 -61.752421 -53.278416 -50.860663 -67.932196 -47.760360 -46.808995 -64.877036 -48.325792 -63.293562 -68.999937 -57.407230 -37.404021 -54.353013 -60.813646 -68.043161 -47.189364 
-74.449826 -57.291411 -63.512658 -58.558690 -60.795451 -66.859777 -45.849500 -39.327867 -70.984842 -65.167110 -62.559715 -56.236346 -69.450255 -58.449163 -63.242294 -64.760041 -60.678428 -52.734583 -53.950362 -60.527525 -43.784514 -52.434015 -52.534612 -52.325193 -61.548105 -47.659355 -35.485848 -52.155813 -49.253988 -67.754101 -48.290146 -51.610130 -58.795704 -50.532257 -48.295717 -47.000404 -59.903131 -62.561954 -67.108045 -64.211388 
-74.449826 -57.291411 -64.412109 -64.063702 -62.751145 -66.471712 -46.307725 -39.158888 -70.984842 -67.492467 -67.147476 -56.236346 -69.553843 -62.993461 -63.266568 -64.571255 -60.678428 -61.840515 -53.208301 -48.537741 -57.425694 -51.738093 -52.534612 -52.325193 -61.548105 -56.523380 -41.533171 -65.829340 -61.146431 -50.236351 -69.036310 -70.866038 -68.312026 -75.476373 -56.882780 -39.964872 -58.515528 -64.570458 
-74.449826 -57.291411 -63.024563 -66.859510 -50.937059 -65.386596 -65.478819 -64.165630 -70.720027 -63.577547 -39.633379 -56.236346 -70.179803 -46.174355 -63.350836 -39.593395 -60.678428 -75.354069 -64.022236 -54.404553 -59.012018 -42.749694 -52.477116 -52.325193 -61.548105 -54.880576 
-73.264899 -57.291411 -61.039404 -54.880576 -46.536410 -60.052222 -65.488006 -56.864372 -70.720027 -65.747755 -46.503497 -56.236346 -66.139175 -65.439083 -63.240129 -39.593395 -60.678428 -44.628747 -46.559661 -53.752553 -59.012018 -66.200844 -52.207786 -51.672808 -61.548105 -43.329083 -39.028206 -70.524696 -48.213815 -39.712610 -69.969969 -65.322015 -51.565567 -38.516002 -37.447812 -48.910554 -36.071318 -47.049859 -62.984976 -57.313478 -52.041781 
-73.264899 -57.291411 -45.990580 -54.966840 -45.929903 -38.244683 -64.848747 -48.271985 -70.720027 -65.399415 -67.477041 -56.236346 -52.276582 -52.672868 -63.240129 -38.341799 -60.678428 -67.099941 -58.636226 -49.738085 -59.012018 -63.830951 -52.284778 -51.220292 -61.548105 -50.105496 -62.299000 -71.095922 -66.914419 -67.349499 -61.537210 -57.380551 -54.820053 -67.576212 
-71.296358 -57.291411 -36.348681 -54.966840 -66.497221 -49.228633 -65.043816 -58.345745 -70.984586 -67.672542 -52.104868 -56.236346 -47.933366 -53.508088 -63.240129 -39.896031 -60.678428 -61.548105 -70.172794 -46.989545 -49.908576 -65.960945 -51.156500 -58.763833 -46.261051 -42.235019 
-61.843588 -57.291411 -37.261261 -53.633516 -39.897342 -45.555081 -72.699697 -58.399237 -70.984586 -66.531085 -51.310388 -56.603961 -75.095432 -52.027610 -63.240129 -39.982536 -60.678428 -61.548105 -68.810222 -56.824188 -48.324856 -71.558018 -48.355331 -43.343297 -62.576105 -68.573897 -70.272179 
-68.649636 -57.291411 -47.816961 -53.273470 -66.706652 -52.422412 -73.732300 -58.199541 -48.656783 -70.640517 -50.873437 -56.603961 -41.778071 -70.635913 -63.240129 -46.972529 -60.678428 -61.548105 -56.060464 -49.138949 -57.306983 -58.360863 -69.259749 
-67.022551 -57.291411 -42.279329 -54.042484 -75.198470 -53.986130 -74.040866 -58.199541 -46.136355 -71.107899 -50.994450 -55.912652 -41.148705 -72.603630 -63.240129 -64.548942 -60.678428 -61.548105 -36.236231 -49.138949 -67.274788 -45.886728 -71.952573 -74.688918 -62.678653 -70.446261 -70.580168 -71.705728 -48.333267 -56.677376 -64.536126 -57.661405 -70.178101 -69.235619 -51.354814 -48.030465 -48.598391 -63.626013 -63.521271 
-49.405203 -57.291411 -69.037358 -54.042484 -49.326707 -53.924190 -74.540925 -58.199541 -40.056778 -65.507189 -50.749652 -55.912652 -39.967508 -63.791325 -63.240129 -66.525381 -60.678428 -61.548105 -39.407644 -66.072269 -42.668828 -57.980934 -71.422729 -69.254814 -48.157568 -49.473075 -70.580168 -58.763751 -42.309277 
-47.120802 -57.291411 -62.634656 -55.677510 -47.887850 -51.510044 -72.890560 -58.199541 -39.084609 -49.659722 -50.749652 -55.912652 -72.115174 -47.163041 -63.240129 -60.831398 -60.678428 -61.548105 -38.095513 -63.697503 -48.686761 -70.646999 -71.016428 -48.652197 -70.203579 -68.991496 -41.913598 -48.917807 -45.547756 -56.566153 -56.193060 -60.399484 
-71.163238 -57.291411 -68.830111 -67.731821 -47.406236 -51.104280 -71.470041 -58.768166 -39.102964 -55.528276 -51.423244 -55.912652 -56.075708 -69.410960 -63.240129 -60.837803 -60.678428 -61.548105 -35.665381 -67.849786 -48.927204 -70.218988 -57.018241 -46.438516 -49.314262 -57.398750 -51.870504 -67.673166 -67.396942 
-71.163238 -57.291411 -48.927204 -67.397474 -50.762598 -50.182942 -71.374425 -58.286974 -39.234296 -55.528276 -41.699187 -55.912652 -68.532279 -69.571206 -63.240129 -70.451939 -60.678428 -61.548105 -36.301639 -66.303123 -49.697303 -50.772159 -57.324291 -58.912345 -58.735538 
-71.163238 -57.291411 -49.910912 -52.226096 -57.659843 -60.525816 -71.374425 -58.682338 -39.096636 -55.528276 -65.650649 -55.912652 -62.789995 -51.373831 -63.240129 -69.945982 -60.678428 -61.548105 -39.680628 -49.950557 -50.423262 -55.860833 -48.477533 -47.247068 -61.647440 -41.948203 -67.145825 
-71.015926 -57.291411 -47.728230 -52.512952 -67.703828 -67.252618 -71.374425 -58.555780 -39.096636 -55.528276 -48.105042 -55.912652 -62.789995 -67.863873 -63.240129 -70.702787 -60.678428 -61.548105 -39.680628 -46.101148 -66.931821 -61.426377 -49.425148 -51.165002 -51.231938 -67.181303 -51.896553 -49.618267 -66.981057 -41.809666 -55.799853 -67.001583 -62.774205 
-48.991613 -57.291411 -62.641069 -55.891249 -67.343324 -46.272849 -75.134202 -70.276390 -39.451802 -55.528276 -48.149186 -55.912652 -68.182479 -46.892555 -63.240129 -58.541253 -60.678428 -61.548105 -37.259393 -62.718359 -69.341875 -67.414681 -49.651200 -53.172291 -55.640120 -51.047270 -51.955684 -42.089947 -65.935771 -60.452566 -62.479337 -69.201822 -51.340700 -57.362214 -66.274744 -41.567221 
-40.173379 -57.291411 -51.445363 -69.158303 -66.237714 -49.507731 -75.134202 -70.276390 -46.883403 -55.528276 -52.268086 -55.912652 -40.081119 -49.293826 -63.240129 -57.483533 -60.678428 -61.548105 -67.275794 -63.889447 -68.869130 -67.123613 -63.515969 -52.242183 -69.264522 -46.572071 -49.642668 -47.213031 -48.562926 -62.834059 
-39.726669 -57.291411 -69.516786 -46.776104 -66.029199 -52.560408 -75.134202 -70.276390 -49.698849 -54.319156 -52.032605 -55.912652 -40.840101 -51.518506 -62.883232 -57.694503 -59.818420 -61.548105 -68.047522 -64.148085 -59.972590 -61.773219 -64.030782 -47.633583 -47.748814 -56.372966 -75.067438 -52.760636 
-59.886237 -57.291411 -70.354730 -74.664120 -54.530270 -51.968642 -75.134202 -70.085367 -62.975590 -64.118896 -51.592420 -55.912652 -43.410199 -63.962581 -62.883232 -64.334342 -59.818420 -61.548105 -59.384501 -51.140089 -58.546524 -41.628531 -49.330263 -68.695477 
-50.257507 -57.291411 -69.428260 -67.028228 -54.015072 -51.310315 -75.134202 -70.085367 -64.635847 -62.849774 -52.761156 -56.505292 -45.718891 -57.523689 -62.978074 -67.169698 -59.818420 -61.548105 -59.890331 -51.737800 -58.546524 -42.120615 -58.440124 -47.240266 -47.415419 -47.132747 -41.965309 -68.530311 
-64.698466 -57.291411 -66.059211 -68.107002 -52.575479 -52.124262 -75.134202 -70.085367 -50.921445 -42.592633 -52.040525 -56.881422 -70.042814 -54.469106 -63.169731 -48.189150 -59.818420 -61.548105 -42.290648 -51.737800 -57.428408 -62.579101 -46.249879 
-70.105774 -57.291411 -58.885821 -65.085497 -49.951964 -53.732618 -75.134202 -48.717457 -47.801670 -53.208639 -37.484312 -56.881422 -68.408936 -54.469106 -63.169731 -52.478587 -59.818420 -61.548105 -42.223123 -49.825602 -57.700660 -46.458109 -67.296926 -49.891943 -62.644630 -69.838440 -41.418451 -46.781846 -62.291908 -42.678721 
-70.239930 -57.291411 -50.228764 -67.940525 -53.283640 -51.336937 -75.134202 -52.291454 -40.788719 -48.612758 -37.325938 -56.881422 -70.333976 -50.426653 -63.169731 -52.167487 -59.818420 -61.548105 -58.572874 -50.027068 -58.415223 -62.277270 -65.031509 -45.600932 
-69.990903 -57.291411 -61.644095 -68.412749 -53.310162 -45.670997 -75.134202 -43.140530 -41.208168 -52.054005 -39.487485 -56.881422 -68.844133 -61.251224 -63.169731 -52.448810 -52.136555 -61.548105 -58.258355 -48.813522 -64.355993 -69.335780 
-69.990903 -57.291411 -62.339044 -68.873863 -55.148418 -50.146884 -75.134202 -41.753394 -69.402883 -48.797363 -62.196471 -56.881422 -51.685702 -61.251224 -63.169731 -65.983081 -60.648486 -61.548105 -57.903646 -55.195295 -51.127452 -44.807303 -69.004251 -65.011057 
-69.990903 -57.291411 -58.593003 -68.560013 -53.671063 -51.450105 -75.143851 -61.657249 -68.477745 -49.225659 -41.238442 -56.881422 -51.833202 -61.251224 -63.169731 -62.065720 -46.221673 -61.548105 -49.797796 -66.315337 -52.061631 -60.358520 -37.296930 -63.356501 -51.653748 -51.671883 -46.660303 -58.332513 
-69.990903 -57.291411 -59.066193 -68.525715 -53.671063 -60.570610 -75.143851 -40.407688 -69.052734 -48.916894 -41.346930 -55.289423 -62.684536 -61.263292 -63.169731 -50.556296 -52.923422 -61.548105 -49.070642 -37.713666 -45.921726 -55.546204 -50.365448 -61.960464 -55.415231 -51.579338 -53.291565 -46.424064 -50.700501 -74.477647 -62.487530 -45.476125 
-69.990903 -57.291411 -59.147897 -66.649274 -53.671063 -50.895823 -75.143851 -53.694793 -57.935065 -56.027370 -48.766585 -55.342222 -61.495072 -61.263292 -63.169731 -50.160328 -61.767247 -61.548105 -49.056125 -70.916179 -40.564821 -47.743316 -48.218304 -41.006835 -47.564992 -61.730732 -49.652607 -55.561351 -65.555437 
-70.927415 -57.291411 -58.755188 -66.579072 -54.592705 -51.993959 -73.134321 -52.056112 -72.184125 -58.573911 -48.512864 -55.342222 -55.053533 -61.263292 -63.372098 -66.949763 -64.035771 -71.823935 -49.351815 -70.911770 -61.690075 -47.117522 -55.061084 -62.251936 
-70.443073 -57.291411 -59.029195 -66.845674 -54.592705 -51.993959 -72.479064 -52.966125 -48.932887 -63.132550 -61.690075 -55.342222 -55.657957 -61.263292 -63.372098 -46.941205 -59.519232 -70.911770 -49.550504 -70.113055 -62.922867 -55.335268 -66.794315 -63.165020 
-70.160439 -57.291411 -59.029195 -67.665056 -53.447756 -51.932846 -71.484734 -53.150250 -48.836397 -63.067944 -61.690075 -55.342222 -48.168141 -61.263292 -63.249951 -46.136177 -64.282100 -70.982447 -66.982310 -68.200663 -67.941433 -57.355941 -55.761093 -67.174015 
-70.574206 -57.291411 -59.029195 -63.978806 -54.041793 -52.369971 -74.855000 -52.849230 -52.023662 -63.671861 -61.690075 -56.411652 -50.021046 -60.859758 -63.010076 -46.431512 -46.114316 -68.239386 -61.429181 -61.457034 -62.050357 -56.373250 -50.851917 -50.866402 
-70.106427 -57.291411 -58.774741 -63.978806 -53.934365 -51.611241 -51.134403 -47.312116 -56.927546 -63.671861 -61.690075 -57.001881 -65.658197 -60.338013 -63.220882 -46.930522 -52.280488 -68.557431 -60.391053 -75.108851 -47.974546 
-70.144213 -57.291411 -68.156420 -64.180527 -54.209540 -52.402750 -50.641707 -47.955263 -47.607170 -63.671861 -61.690075 -57.001881 -62.021364 -60.338013 -63.381001 -46.034865 -52.495230 -67.148995 -75.108851 -65.629675 -57.687558 -50.663347 -68.158651 -49.699126 -49.227759 -62.031569 -61.365013 
-70.144213 -57.291411 -67.533326 -64.180527 -54.209540 -63.344717 -50.641707 -48.962654 -50.738594 -63.671861 -61.690075 -57.001881 -59.226275 -60.796923 -63.381001 -46.483082 -55.153092 -69.459562 -75.108851 -67.468554 -58.262720 -68.383477 -61.589798 -69.922005 -51.151274 -49.790305 -59.459082 -53.610534 -53.701879 -48.162108 -69.107888 -68.713538 -60.244218 
-70.542917 -57.291411 -58.625297 -65.932472 -55.302425 -50.722989 -50.547402 -53.495535 -68.733871 -63.671861 -61.690075 -57.001881 -49.550091 -60.796923 -63.381001 -47.209988 -75.824480 -75.107004 -75.094913 -57.768625 -68.880340 -64.386288 -52.024094 -50.113111 -54.768041 -55.559715 -63.885040 -58.481652 -46.003719 -59.619201 -68.564121 -54.990914 -60.432786 -50.145393 -58.637272 -75.331332 
-66.858516 -57.291411 -49.523160 -65.385335 -55.549073 -69.444142 -49.864564 -51.916221 -49.700710 -64.085903 -61.693296 -57.001881 -69.757435 -60.796923 -63.428645 -49.690672 -46.060718 -42.689681 -70.208923 -57.683842 -70.204714 -68.622554 -60.734803 -51.165637 -60.411535 -62.256760 -62.697206 -58.685699 -67.487687 -68.367991 -46.952414 -66.437431 
-68.251504 -57.291411 -42.304588 -65.637469 -55.549073 -62.981671 -49.665110 -49.865936 -42.283555 -64.085903 -61.693296 -57.001881 -69.026846 -60.796923 -56.499183 -49.309344 -51.254328 -42.133558 -75.153798 -69.948819 -46.300256 -68.198226 -52.035565 -58.140455 -63.166816 -50.478770 -55.682205 -63.081887 -61.594944 
-68.323398 -57.291411 -48.956744 -65.913996 -56.480955 -62.981671 -50.423518 -48.024383 -50.990794 -63.135677 -61.740388 -57.001881 -66.928949 -60.796923 -62.655706 -57.197513 -51.254328 -42.133558 -75.153798 -69.948819 -70.281822 -48.681936 -56.440595 -57.514959 -67.800571 -50.815356 -61.098988 -37.829748 -62.171650 -58.338415 -51.761751 -59.186625 -68.115538 -58.806556 -67.386225 
-50.314371 -57.291411 -47.308124 -65.655715 -54.298128 -63.007101 -49.531723 -53.198117 -67.261791 -63.135677 -61.740388 -57.001881 -53.988161 -60.796923 -63.862746 -51.615934 -65.564064 -40.067967 -73.516957 -69.814672 -71.651925 -58.911665 -50.980797 -42.556086 -42.607133 -50.679823 -46.505455 -43.475766 -63.464219 
-57.032278 -57.291411 -49.880814 -65.398795 -51.042994 -63.013913 -50.619128 -53.685164 -67.749532 -63.802037 -61.740388 -57.001881 -60.003014 -60.796923 -53.549349 -50.648666 -61.580124 -61.320560 -73.290878 -69.861194 -71.632894 -58.861540 -59.242320 -38.899076 -67.894526 -51.103151 -58.379695 -47.844105 -47.454807 -41.052959 -63.377310 
-69.325769 -57.291411 -69.197142 -63.727014 -46.812927 -63.013913 -49.945269 -59.506976 -64.920998 -63.547614 -61.740388 -57.001881 -48.094240 -60.796923 -53.719324 -43.196894 -50.525416 -52.683282 -72.832127 -70.171656 -71.729144 -58.892622 -38.203861 -40.549719 -36.374384 
-40.163625 -57.291411 -60.026814 -57.678133 -40.915721 -62.933172 -61.227184 -36.404699 -66.304384 -64.005388 -61.740388 -57.001881 -49.417055 -60.796923 -55.081264 -58.892622 -51.196334 -54.347665 -72.950777 -70.171656 -70.528397 -74.610504 -61.310065 -67.521806 -64.508512 -62.171306 -50.701875 -42.561885 -63.291734 -67.584473 -45.833945 -37.620263 
-67.277995 -57.291411 -40.590382 -39.733456 -46.567332 -62.933172 -39.174233 -35.946479 -66.277379 -64.005388 -61.740388 -56.897138 -61.388188 -60.796923 -55.670523 -58.220093 -49.821395 -50.198047 -72.832496 -70.171656 -71.297004 -48.040622 -50.715361 -67.727628 -47.674698 -59.845970 -50.268122 -51.990690 -40.587089 -65.248625 -40.007859 -59.141074 -64.354817 -63.612424 -56.091073 -49.976597 -51.338409 -73.634373 -40.556545 -55.912145 -68.167280 -47.082398 -40.015980 -64.641197 
-72.732130 -57.291411 -46.335312 -57.011585 -50.882639 -63.073903 -40.100400 -55.965347 -66.277379 -63.259450 -61.740388 -56.897138 -64.141428 -60.796923 -55.336954 -58.707205 -65.213502 -41.287106 -73.615326 -70.171656 -72.160315 -44.701827 -47.234609 -67.518489 -39.653454 -38.473504 -51.515342 -52.074895 -47.280641 -62.164406 -56.861945 -59.866783 
-72.552767 -57.291411 -68.885671 -64.968186 -43.132406 -63.073903 -51.615000 -52.971984 -66.545372 -62.947915 -61.740388 -56.897138 -51.606914 -60.796923 -53.695245 -58.707205 -61.383781 -71.227582 -74.080891 -70.171656 -68.138610 -40.731657 -46.073059 -63.670234 -68.581320 -35.446667 -58.587179 -52.074895 -51.862714 -48.751571 -60.094743 -72.253902 -41.758274 -61.268010 -50.116267 -48.024327 -63.827939 -63.727756 -51.388740 -66.257705 -64.746407 
-48.698266 -57.291411 -52.915761 -58.303171 -58.359637 -62.978541 -50.921841 -69.621006 -59.189435 -63.431235 -61.428893 -56.897138 -41.380900 -60.796923 -50.987957 -52.462581 -65.972662 -63.592711 -74.080891 -69.638734 -67.668730 -69.295708 -57.450919 -63.458632 -66.689153 -50.247476 -47.732159 -51.442720 -62.305432 -49.852281 -60.326149 -48.991548 -61.075540 -65.665698 -65.988321 -64.548503 -47.885170 
-66.566303 -57.291411 -56.550530 -62.012471 -58.256442 -63.386494 -50.167655 -69.410007 -66.878299 -47.104747 -49.537592 -56.897138 -48.163357 -59.342439 -48.690742 -52.462581 -74.765153 -51.563060 -49.350779 -69.541141 -52.944046 -58.887769 -64.853991 -63.469858 -67.059029 -64.253557 
-49.322724 -57.291411 -58.277650 -61.610785 -57.824313 -63.386494 -50.695854 -71.079187 -69.209613 -46.245959 -53.293621 -56.759381 -67.015371 -59.342439 -49.269989 -55.503475 -74.765153 -51.370181 -63.888457 -68.192719 -58.066922 -44.109971 -66.663526 -46.648268 -49.606715 -62.374770 -64.025145 -56.840678 -68.522409 -50.484702 -68.074871 -69.376648 -62.595160 -46.200915 -51.314024 
-65.405625 -57.291411 -50.950225 -61.610785 -58.757268 -63.386494 -65.947374 -68.619135 -69.199788 -47.678448 -51.326129 -56.759381 -64.242343 -59.342439 -52.470708 -55.503475 -74.765153 -51.993114 -64.060264 -64.042832 -49.836315 -50.422482 -58.529685 -61.277939 -57.662202 
-55.318457 -57.291411 -49.797710 -61.694945 -58.205776 -63.386494 -59.170886 -48.896731 -69.293322 -48.148572 -61.872954 -56.759381 -54.334643 -59.342439 -68.818151 -55.503475 -74.931861 -51.993114 -63.654850 -66.826935 -48.965716 -60.762796 -65.540690 -64.569418 -62.917213 
-55.318457 -57.291411 -69.071328 -61.694945 -58.205776 -63.163256 -47.657192 -46.526563 -69.370392 -67.192340 -48.967884 -56.759381 -54.589641 -59.342439 -69.476233 -55.503475 -74.931861 -51.507052 -63.971466 -63.268083 -48.764479 -65.512976 -66.725382 -62.031394 -46.242697 -63.833410 -61.672538 -68.635724 -66.949350 -57.166479 -66.750408 -48.443009 -49.090436 
-55.318457 -57.291411 -61.984084 -61.621936 -58.113657 -63.668625 -66.265765 -65.002223 -69.288684 -62.025971 -60.668425 -56.759381 -52.567623 -59.342439 -70.042916 -55.503475 -74.931861 -51.169852 -63.976045 -59.499717 -48.764479 -65.756235 -66.042175 -46.499999 -61.700730 -66.083798 -50.753363 -47.278672 
-56.335333 -57.291411 -51.535553 -61.621936 -58.393333 -63.484071 -49.514669 -49.533588 -69.105410 -67.720839 -61.302486 -57.006226 -49.883705 -59.342439 -68.354479 -68.461413 -73.019109 -61.324013 -64.693421 -70.620125 -51.048647 -63.941056 -64.189209 -44.224523 -50.706714 -68.142071 -69.057829 -49.708612 -67.299268 -69.379760 -66.220431 
-56.335333 -57.291411 -52.984317 -61.621936 -58.374209 -63.039343 -48.952568 -48.710386 -68.969642 -56.054704 -67.546395 -57.006226 -50.814718 -59.342439 -62.829066 -40.010611 -75.479859 -64.941980 -51.861376 -70.620125 -52.429756 -63.941056 -66.393979 -49.137890 -67.437584 -46.113575 -51.285781 -62.628924 -50.748178 -51.765538 
-56.335333 -57.291411 -52.984317 -61.621936 -58.245401 -62.969112 -54.348112 -52.768257 -66.213708 -50.548292 -60.402077 -57.006226 -59.667563 -59.342439 -63.583424 -40.010611 -75.808662 -66.787971 -52.003054 -69.426127 -67.024877 -64.258333 -66.004299 -64.548506 -69.298950 -46.155272 -48.907017 -68.427073 -62.125817 
-56.335333 -57.291411 -52.500051 -61.621936 -58.889731 -62.969112 -55.158680 -52.033900 -49.183325 -59.883253 -48.884091 -57.006226 -45.414058 -59.342439 -64.657855 -42.067244 -49.076491 -63.340931 -67.246542 -69.313857 -73.825949 -64.674483 -64.066733 -59.156497 -69.307466 -50.402849 -50.213616 -38.260895 -63.040505 -61.433707 -73.037637 -48.884135 
-56.868672 -57.291411 -51.517789 -61.621936 -58.889731 -62.969112 -50.973924 -50.062447 -56.584948 -49.920897 -63.724281 -57.006226 -60.026022 -59.342439 -62.860272 -63.593560 -50.116542 -59.096910 -49.890244 -70.202829 -39.342264 -64.674483 -64.177139 -40.707474 -69.307466 -75.317090 -39.527588 -48.565445 
-56.868672 -57.291411 -51.483127 -61.621936 -57.558332 -62.969112 -50.694568 -50.642890 -65.599402 -62.205518 -47.202846 -57.006226 -36.012767 -59.342439 -62.978062 -75.317090 -59.807743 -41.269856 -48.619703 -68.946470 -41.223246 -65.425015 -63.869177 -48.715326 -69.308050 -46.578652 -68.751336 -60.687526 -58.497855 -47.591714 -42.527294 -37.440721 -50.869287 
-56.868672 -57.291411 -44.125253 -61.621936 -58.519484 -63.415218 -50.968632 -50.642890 -66.419548 -67.127971 -65.292559 -57.006226 -37.848353 -59.342439 -62.908021 -75.317090 -51.769420 -41.150349 -49.023306 -69.710657 -38.233320 -68.280995 -66.103866 -68.802487 -69.343519 -41.504317 -67.784011 -75.611800 -67.022569 -48.128648 -50.509179 -60.335215 
-56.868672 -57.291411 -48.374179 -61.621936 -75.611800 -51.462614 -52.659045 -45.948615 -68.425494 -40.347406 -62.976939 -57.006226 -39.601363 -59.342439 -58.208095 -75.317090 -63.033318 -59.977371 -66.599841 -50.166076 -39.171147 -52.962065 -65.637480 -45.623168 -69.916742 -47.639915 -48.860476 -52.688365 -39.835540 -47.221232 -61.273428 
-51.073278 -57.291411 -68.804974 -61.621936 -51.561981 -52.109635 -52.619610 -66.344272 -64.567755 -57.956895 -63.595383 -57.006226 -39.936916 -59.342439 -51.841704 -75.346753 -63.365183 -50.777444 -69.141461 -68.392147 -40.288616 -52.710035 -65.637480 -48.298304 -69.916742 -67.470180 
-55.004211 -57.291411 -70.043521 -61.621936 -66.980337 -62.301837 -52.560377 -65.117136 -68.244260 -57.763752 -63.406559 -57.006226 -37.184662 -59.342439 -51.814124 -75.346753 -63.167901 -51.187202 -68.573703 -69.226228 -39.301300 -54.715334 -65.790858 -48.036325 -51.600904 -48.043977 
-67.602550 -57.291411 -69.349151 -61.621936 -62.276380 -67.743621 -52.949113 -41.652509 -62.921059 -57.763752 -64.131513 -57.006226 -36.414000 -59.342439 -51.473686 -75.346753 -67.602047 -51.101056 -47.305349 -71.317886 -39.151088 -53.938175 -65.686575 -57.553550 -53.188764 -58.300981 -69.577940 -48.508427 -47.138435 -49.726918 -66.097871 -40.191030 -64.276596 
-48.059346 -57.291411 -62.430481 -61.753691 -38.295084 -70.141717 -52.851280 -41.385220 -62.887224 -54.394824 -63.238110 -57.006226 -39.597437 -60.524538 -51.987438 -75.126971 -67.755260 -67.822135 -47.923327 -69.389250 -67.937510 -53.553820 -64.190740 -62.311217 -61.192544 -58.537115 -51.222674 -51.967581 -57.820496 -66.988630 
-52.038805 -57.291411 -62.799908 -61.753691 -51.039189 -70.141717 -54.010711 -37.218139 -63.283619 -53.971925 -47.089565 -57.006226 -51.088951 -60.524538 -52.444635 -74.899790 -69.253019 -58.316660 -60.863724 -49.092197 -50.940100 -63.930348 -65.423136 -51.854905 -68.744329 -65.257288 -37.661479 -55.738691 -49.319406 -66.540460 
-63.300102 -57.291411 -63.218361 -37.088248 -69.554247 -69.679940 -53.224587 -54.441331 -63.363961 -48.975493 -69.434723 -57.006226 -49.174593 -60.524538 -49.510526 -74.899790 -37.677839 -58.316660 -61.531238 -39.047063 -72.088648 -53.262996 -64.968986 -50.646825 -75.021380 -50.630911 -50.635467 -47.740085 
-39.309724 -57.291411 -63.218361 -37.038583 -68.186081 -70.105583 -53.112650 -54.064919 -63.507170 -61.795384 -69.150936 -57.006226 -69.229615 -60.524538 -65.886894 -74.899790 -62.225091 -57.966980 -61.531238 -56.040963 -65.119142 -52.053867 -65.156537 -50.557393 -75.828863 -49.001103 -49.078369 -46.627035 -50.152316 -64.976205 -60.697438 -60.592243 -50.816473 -47.286984 -49.032575 -61.844131 
-51.117475 -57.291411 -63.318719 -38.270502 -68.098454 -70.272641 -51.817249 -53.321184 -63.507170 -58.534755 -61.061537 -57.006226 -51.890331 -60.524538 -39.276676 -74.904466 -68.122000 -66.199658 -61.531238 -47.399375 -70.050392 -41.195344 -63.057291 -41.170591 -46.062746 -60.310207 
-50.703934 -57.291411 -63.318719 -41.101235 -69.184542 -69.991915 -51.977637 -66.416129 -63.507170 -58.906495 -48.564578 -57.006226 -51.797952 -60.524538 -39.276676 -74.904466 -67.588489 -65.288680 -61.531238 -59.214905 -66.951894 -46.127939 -54.919182 -39.860145 -68.299896 -71.196355 -53.785126 -52.816048 -50.187382 -59.656171 -50.331447 -69.584789 -47.253735 -69.333257 -47.964808 -59.338151 -60.340361 
-50.369519 -57.291411 -63.684292 -37.218160 -51.273824 -69.951407 -52.320621 -68.049143 -63.042508 -58.277905 -46.799442 -57.006226 -51.621999 -60.524538 -39.276676 -74.904466 -68.522218 -65.657363 -61.531238 -51.969881 -38.736528 -67.683195 -50.240657 -67.532052 -67.110930 -69.512151 -51.241915 -51.982270 -51.818124 
-49.401888 -57.291411 -63.544268 -65.496904 -50.365611 -69.951407 -53.155153 -50.168244 -63.042508 -57.858016 -35.680172 -57.006226 -51.274210 -60.524538 -54.635649 -75.227550 -62.279557 -65.657363 -61.531238 -68.226923 -56.628078 -68.196160 -69.547775 -70.270811 -53.019039 -38.764616 -48.481387 
-49.036876 -57.291411 -63.544268 -69.996119 -50.609107 -69.951407 -53.155153 -60.657219 -63.042508 -52.022390 -56.034743 -57.006226 -51.100494 -61.208517 -51.803013 -73.207011 -49.292907 -65.933555 -61.531238 -71.766248 -59.683984 -67.513087 -36.538151 -67.562172 -75.412448 -37.213407 -49.524102 -59.113273 -62.843774 -59.851256 -63.447116 -67.951018 
-66.561410 -57.291411 -63.544268 -52.099152 -50.149501 -70.462501 -54.771529 -57.563223 -63.320435 -51.706325 -48.593917 -57.006226 -66.534553 -61.208517 -42.774712 -73.590895 -62.313783 -65.478861 -61.531238 -70.566532 -69.300084 -67.387022 -36.051049 -48.734997 -47.738847 -40.747720 -47.159659 -59.113273 -56.621831 -46.640691 -60.123295 
-60.459089 -57.291411 -63.941967 -52.396649 -47.472940 -41.014227 -53.958153 -40.326776 -63.607899 -52.655305 -46.569081 -57.006226 -70.733175 -61.208517 -59.032442 -72.423737 -49.426916 -65.478861 -61.531238 -71.293442 -63.671703 -67.904268 -50.356508 -66.386226 -46.265455 -49.131248 -69.648083 -57.767440 -40.868920 
-56.728066 -57.291411 -63.426003 -69.436824 -67.070833 -40.805544 -52.730671 -51.469684 -63.579363 -58.098958 -42.012032 -57.006226 -70.733175 -61.208517 -58.862162 -72.423737 -49.831586 -65.343400 -61.531238 -41.003500 -72.168252 -47.193366 -48.888080 -63.214694 -50.864608 -59.739371 -47.169561 -54.023726 -62.031863 -68.629659 -57.538743 -60.884665 -49.529114 -62.009356 -61.978062 -66.766101 -58.742925 -61.488857 -66.170594 -58.653136 
-40.158198 -57.291411 -64.181701 -55.692735 -66.277294 -47.726668 -62.984600 -51.797902 -62.919516 -70.769001 -51.811252 -57.006226 -70.733175 -60.876443 -58.862162 -70.939318 -49.335743 -65.338188 -61.531238 -66.932351 -45.748334 -39.442566 -70.612375 -69.325455 -51.439356 -67.883874 -55.257774 -59.180714 -48.312223 -49.457633 -56.466436 -49.290372 -68.665843 -60.836430 -46.647806 
-42.426101 -57.291411 -63.664274 -55.503958 -65.735478 -55.865323 -54.063384 -49.234075 -63.255328 -69.422825 -51.808169 -57.006226 -70.193245 -60.876443 -58.862162 -74.733925 -47.772840 -65.338188 -61.531238 -52.271975 -51.114451 -39.442566 -59.173446 -42.430175 -56.960031 -49.101703 -58.724793 -58.163414 -61.845727 -47.437377 
-37.247536 -57.291411 -63.358967 -55.200661 -65.735478 -45.554883 -51.469175 -65.933526 -63.057689 -48.678295 -51.808473 -57.006226 -70.557831 -60.876443 -57.543975 -73.769831 -63.669038 -65.338188 -61.531238 -50.856223 -64.209240 -39.330855 -45.097768 -50.613490 -71.500608 -50.586488 -47.707046 -47.543696 -66.908113 -39.802661 -61.264564 
-66.038903 -57.291411 -63.100609 -68.693799 -66.320757 -52.694712 -53.392125 -41.400292 -63.826386 -70.174949 -52.523131 -56.970284 -70.557831 -60.876443 -57.543975 -73.769831 -37.503051 -64.352903 -61.531238 -50.856223 -39.029884 -43.332568 -66.577689 -49.310727 -63.393674 -57.823389 -50.497516 -48.564574 -47.053511 -59.981392 -48.541377 -47.463913 -42.052855 -61.102043 -46.807428 -49.983245 
