1.210288 1.029079 1.033906 1.002632 1.212702 1.147817 0.894019 1.089474 1.099082 0.862493 1.254337 0.892720 0.868527 0.908089 1.240476 0.952334 0.945241 0.796420 0.969889 0.926597 1.022722 1.172064 0.865222 0.886336 1.142196 1.190510 1.195426 1.077909 0.871806 1.191693 0.880948 1.061248 0.987180 0.996696 0.950064 1.119682 
1.180931 1.040378 1.165923 1.248540 1.220681 1.215588 0.923356 1.070372 1.076900 0.884678 1.251424 0.977028 0.860458 1.011655 1.246662 0.968635 0.914222 0.800028 1.025062 1.099769 1.247324 1.121487 0.842844 0.880618 0.869123 0.994007 1.172648 0.919961 1.112332 0.916079 
1.191526 1.058606 1.214939 1.246593 1.255176 1.242453 0.897544 1.127690 1.105345 0.871823 1.257107 1.016736 0.846080 0.907669 1.246165 1.015920 0.948302 0.795615 1.052371 1.102000 1.047302 0.855498 0.994912 1.051590 0.910278 1.096651 
1.222947 1.035146 1.140589 1.061427 1.218790 1.251222 0.878660 1.077272 1.117261 0.859816 1.242759 1.199747 0.851990 0.859961 1.232668 0.999894 0.955931 0.795500 1.122199 0.865779 1.008777 1.176908 1.082636 1.033127 1.071579 
1.231283 1.036998 1.044827 1.074158 1.184625 1.198610 0.876675 1.087084 0.874753 0.868848 1.245309 1.179112 0.826867 0.914183 1.254796 0.995681 0.933941 0.795932 1.064321 1.256975 
1.170694 1.019662 0.798165 1.013628 1.212805 1.242339 0.910164 1.041460 1.184587 0.841704 1.220797 1.173984 0.838299 1.229792 0.848336 1.186254 0.942028 0.969588 0.955028 1.076490 1.147273 0.852210 1.195441 0.823261 
1.227754 1.027040 0.802150 1.004489 1.194562 1.104795 1.241856 1.034745 0.840136 0.864132 1.245603 1.200192 0.827039 1.165487 0.874676 1.198846 0.887605 1.186140 0.984895 1.073481 0.864425 0.911282 1.131835 1.102508 1.054365 0.884928 0.905903 0.851165 0.989241 0.943967 0.871013 1.020108 0.802829 
1.193362 1.025925 0.808636 1.120585 1.195147 1.248245 1.237545 0.902852 1.165706 0.890973 1.245603 0.932019 0.845967 1.250379 0.903152 1.034213 0.962389 0.934994 0.961563 1.109538 1.192292 0.895706 
1.161834 1.054997 0.804001 1.111670 1.191292 1.256041 1.083912 0.931447 1.222049 0.837881 1.239868 1.239489 0.835445 1.244628 0.867009 1.032725 0.960070 0.945045 0.998197 0.870398 0.950849 1.154704 0.981830 0.810163 0.848716 0.936169 
1.196366 1.031198 1.077849 1.138803 1.212202 1.227910 0.932146 0.886185 0.823886 0.914268 1.242707 1.067506 0.847805 1.241821 0.810163 1.016954 1.232647 0.955715 1.092396 0.940348 0.993008 1.032079 1.209592 1.249644 0.872491 
1.218799 1.011512 1.253072 1.101784 1.180240 1.069246 0.952912 0.898828 0.870906 0.900152 1.246538 1.208586 0.846884 1.249144 0.798137 1.026975 1.154700 0.806919 1.081477 0.886043 0.985863 0.863049 1.143022 0.835478 0.998524 
1.185523 0.997709 1.258578 1.047634 1.199369 1.047502 0.894876 0.892079 0.863861 0.835912 1.246677 1.247356 0.854435 1.249144 0.797919 1.006944 1.210392 1.073191 0.828482 1.136601 1.083151 1.013068 1.151252 1.258231 0.966008 0.831554 1.215566 
1.220150 1.009748 0.796335 1.128287 1.198202 0.828273 0.902772 0.883634 0.927587 0.869390 1.255574 1.253672 0.829316 1.209398 1.108733 1.032046 1.053767 1.067183 1.210341 0.971990 1.051494 1.136049 
1.216377 0.996611 0.806590 0.953032 1.194378 0.818194 0.859274 0.880107 0.890750 0.871701 1.258434 1.236722 0.856331 1.233270 1.082274 1.005214 1.094021 1.081920 1.187382 0.957095 1.076256 1.021010 1.247706 1.029016 0.798004 1.246653 1.217491 1.039243 0.949926 0.842505 1.152367 1.190897 0.957499 1.097184 1.125615 0.837209 
1.221664 1.008071 0.806590 0.931907 1.207764 0.905141 0.937570 1.223562 0.919316 0.888337 1.258434 1.218853 0.904638 1.244655 1.099225 1.009187 1.105290 1.087534 1.192021 0.990633 0.846214 0.856709 1.238667 0.910251 1.005378 1.248491 1.055508 0.801020 0.795995 1.119058 0.903425 1.058593 0.912931 0.902011 
1.225630 1.003028 0.802126 0.945595 1.191720 1.146386 1.036082 1.172878 0.866740 0.853571 1.227837 1.171370 0.842838 1.250753 1.096507 1.245374 1.091630 1.072490 1.179674 0.998690 0.821601 0.860381 1.073005 1.048739 0.910935 1.253081 0.996301 1.131341 1.227914 0.844850 1.169038 0.878331 
1.245669 1.023880 0.797598 0.900342 1.201275 0.906489 1.108995 1.227800 0.916402 0.857921 1.247672 1.067641 0.901437 1.230103 0.983799 1.211983 1.007605 1.072490 0.895917 1.221598 0.797089 0.907999 1.093128 1.197533 0.906782 1.081884 0.833339 1.112904 1.239960 0.993883 1.247109 1.071613 1.189931 
1.237283 0.993454 0.797876 0.795897 1.186959 1.005072 1.091496 1.238005 0.922572 0.904277 1.235431 0.969823 0.849573 1.253358 0.975749 0.879540 1.006541 1.059680 1.065633 0.905306 0.814929 0.917502 1.225545 1.239960 0.910892 0.923236 1.230251 0.897618 0.840405 
1.217225 0.970253 0.797876 1.095805 1.176220 0.917279 1.074208 1.212588 0.847551 0.885672 1.251165 0.993389 0.859485 1.218462 0.963999 1.004286 1.243062 1.148219 1.033510 0.949973 0.891497 0.857511 1.119745 1.252072 1.207695 0.868049 0.983036 
1.214251 0.999934 0.797876 1.165250 1.173752 0.863621 1.094566 1.240665 0.852277 0.895433 1.254913 1.022881 0.861869 1.205509 0.965459 1.011123 1.128469 1.133724 1.039111 1.186076 0.898464 1.069582 0.880367 1.241992 1.140432 0.869161 1.083123 1.071175 0.823933 0.979144 0.911710 0.943900 0.928860 
1.189894 1.032763 0.794374 1.096674 1.192913 0.940392 0.999893 1.211014 1.103118 0.881689 1.238363 1.116848 0.855844 1.243428 1.137814 1.000032 1.255272 0.860540 1.066236 1.101010 0.936468 1.131875 0.869146 1.245811 0.990576 0.941630 
1.195291 0.985904 0.794683 1.092790 1.149526 0.941577 1.139111 0.918324 0.867252 0.889302 1.249227 1.077493 0.868421 1.243877 0.898718 1.002125 1.066998 0.922745 1.076362 0.928706 1.166134 1.247846 1.152534 0.957525 0.821821 1.248964 1.080327 1.090293 0.964455 1.055700 0.806356 0.934494 0.940729 
1.196496 1.023796 0.794992 1.168730 1.238361 0.941693 0.901939 0.963878 1.227063 0.885959 1.230556 1.090717 1.076441 1.238701 0.886755 1.091087 0.991046 1.136598 1.072127 0.853278 0.982960 1.242099 1.008022 0.998581 0.854674 
1.173345 0.986657 0.794579 0.867073 1.218566 0.887590 0.876725 1.061882 1.202703 0.882244 1.252649 0.954659 1.255128 1.229604 0.847357 1.089673 0.996009 1.193272 1.043492 1.094968 1.162140 0.794336 0.848900 0.916195 0.979690 1.177866 1.252660 1.224951 0.941936 1.178020 
1.258060 0.999541 0.794579 0.834874 1.206322 1.080541 0.874436 1.184966 0.861700 0.896429 1.098544 0.947869 1.242838 1.232876 0.861008 1.009956 1.020337 1.101160 1.059051 1.254488 1.091952 0.967740 1.046218 1.040070 1.232208 1.191694 1.244629 1.162962 0.991363 1.040704 1.150362 1.067302 1.159918 
1.183173 1.003106 0.794579 0.830040 1.241951 1.084212 1.027659 1.013242 0.882697 0.860948 1.050401 0.955735 1.086967 1.238834 0.969359 1.128940 0.938725 1.252130 1.042222 1.239371 0.960109 0.823228 1.196156 0.835713 1.013976 0.823954 1.210752 1.245571 0.974363 
1.240579 0.992401 0.794648 0.843929 1.197969 0.857448 0.853151 1.174818 0.829725 0.889867 0.844337 0.940321 0.966006 1.221037 1.026542 1.083262 0.895607 1.236826 1.048117 1.245451 0.951839 0.995369 1.141665 1.112700 0.896577 1.063102 0.855560 0.914683 0.949096 0.948317 0.884444 0.946962 0.847345 
1.126024 0.993716 0.798635 0.826564 1.206376 0.924668 1.063058 1.155978 0.883901 0.869037 1.081466 0.925022 0.981608 1.249928 1.228068 1.168469 0.892504 1.245543 1.065588 1.258803 0.943287 1.120269 1.171818 0.995910 0.960990 0.961383 0.864953 0.901934 1.060294 0.874214 0.970884 
1.223711 1.013357 0.795257 0.835424 1.191720 0.966155 0.893236 1.172134 0.889165 0.857876 0.892050 0.939641 1.159630 1.242849 0.933204 0.906756 0.882576 1.252671 1.069171 1.229660 0.948448 0.822192 1.198061 0.988127 1.016334 1.119265 0.864063 1.047745 1.209982 1.058085 1.065569 0.968566 
1.179702 0.986181 0.795257 0.838793 1.221545 1.149381 0.828789 0.832455 0.866972 0.885842 0.851804 0.908368 0.960763 1.242849 1.005429 1.129314 0.865980 1.141380 1.056785 1.238065 0.952363 1.086615 1.250696 1.135255 1.029684 1.098052 1.241205 0.988564 0.806473 1.120393 0.849187 
1.228728 0.984729 0.795257 0.797505 1.209115 1.219122 0.876799 1.030788 0.849748 0.848022 0.904826 0.931495 1.084882 0.867121 1.210598 1.076414 1.221878 1.139689 0.853929 1.244747 0.935929 1.050217 1.190746 1.026602 0.917942 1.095928 1.028942 0.876721 
1.143425 0.998574 0.795257 0.825272 1.164903 0.854964 1.090305 1.061570 0.833403 0.872383 0.878462 1.064526 1.180100 0.916745 1.257599 1.050619 0.864507 1.037089 0.915306 1.246091 1.102622 1.103085 1.213107 1.070980 1.227587 1.016712 0.890645 0.861288 0.951455 0.830116 1.019341 
1.192452 1.017494 0.795257 0.902261 1.138698 0.869340 0.919853 0.880537 0.817211 0.814170 1.193627 0.841097 1.151388 0.933219 1.248233 1.016150 1.112483 1.039676 0.930659 1.231608 1.053986 1.035973 1.218341 1.135563 1.028494 0.963486 0.977587 1.032729 0.877052 0.937718 1.153886 1.150884 0.900778 
1.214152 0.965735 0.795257 0.857312 1.119735 0.940951 0.840838 0.930559 0.813228 0.796966 1.041455 1.042191 1.085686 0.935712 1.221803 0.921541 1.035555 0.968198 0.947549 1.230530 1.144318 1.037944 1.139150 1.175904 1.042769 0.863316 0.973877 0.855051 1.231197 1.219457 1.034569 1.094567 0.850936 1.037940 0.898779 0.946039 
1.204660 0.992254 0.798382 0.936995 1.135083 1.173719 0.846349 0.904013 0.814684 0.819710 0.806048 1.151811 1.073941 0.921729 1.214805 1.021198 1.019729 0.963449 0.866846 1.182646 1.178716 1.148432 1.218013 0.930147 1.032185 1.071092 0.899506 1.222601 1.243387 0.858653 0.976205 1.052735 
1.165068 0.982210 0.798382 1.210130 1.148645 1.135912 0.913272 0.844417 0.823008 0.829173 1.164885 1.183718 1.036370 0.824308 1.178876 1.119368 1.046337 0.979587 0.868365 1.257362 1.166426 1.121953 1.150202 0.953269 1.217375 1.087709 1.049865 1.024816 1.211064 1.253649 0.829108 0.977564 0.948016 1.040245 1.047461 1.020534 1.016504 1.208983 1.056486 0.913964 
1.190882 0.970475 0.798382 1.037077 1.108581 1.126671 0.910536 0.918929 0.822111 0.825283 1.083947 1.185813 0.838915 0.828476 1.204615 1.248268 1.037720 1.002996 0.894383 1.176307 1.099780 0.889040 1.204091 0.957773 1.179704 0.983388 1.231623 
1.154523 0.980408 0.796396 1.046096 1.019458 1.219254 0.833085 0.893707 0.827199 0.844871 1.066287 1.130346 1.099042 0.910464 1.217192 1.232629 1.042298 0.988117 0.862367 1.041655 1.172679 0.967602 1.121697 0.940835 1.114822 1.069711 0.989498 0.822439 1.142253 1.252333 0.809926 1.071362 1.234831 1.007596 1.057062 0.927050 
1.211187 0.997174 0.796396 1.078410 0.942869 1.190746 0.824484 0.913552 0.848842 0.825776 0.863697 1.240208 1.202623 0.913571 1.250044 1.251021 1.021183 1.065849 0.897005 1.070114 1.188909 0.958275 0.850210 0.964350 1.069085 1.103829 0.989116 1.000903 1.207790 0.853618 0.955387 1.029418 1.175433 1.083922 1.083419 0.876419 0.835433 1.028873 1.153692 1.234155 0.902655 
1.214300 0.987155 0.811069 0.948115 0.973888 1.170407 1.181839 0.920162 0.850153 0.880856 0.999819 1.240208 0.840784 0.931721 1.248137 1.255393 0.915914 1.042600 1.097102 0.857422 1.121426 1.249216 0.920132 0.946277 0.910893 0.803411 1.000608 1.104511 1.086862 1.108515 1.099606 0.818836 1.142882 1.087282 1.019989 0.982765 1.120654 1.044220 1.122296 
1.185525 0.995712 0.794827 1.148565 0.983878 1.237758 1.132326 0.916524 0.847135 0.801420 0.944037 1.213206 0.923257 1.085533 1.223172 0.870049 0.845064 1.004785 1.008696 0.831101 1.078080 1.161586 1.038070 1.069329 0.881435 1.103883 1.023122 1.233105 1.017266 1.088187 1.185536 1.218245 1.151473 
1.180843 0.949819 0.816454 1.240070 0.855200 1.178389 1.226529 0.913884 0.810605 0.857022 0.950638 1.250648 1.217513 0.996158 1.202048 1.046420 1.237598 0.883838 0.983465 0.867313 1.048146 1.214030 0.840194 1.052505 0.794459 1.094643 1.130700 1.169603 0.918809 0.925794 1.112080 1.242067 0.939536 1.158446 0.993411 
1.183714 0.996802 0.817299 1.231504 0.914049 1.138527 1.126796 0.926608 0.819126 0.826585 0.942069 1.216897 1.200785 1.044962 1.250436 1.202140 0.884706 0.975817 0.992743 0.849118 1.061868 1.053651 0.811869 0.957989 1.133363 1.210492 0.859801 0.957004 0.803726 0.922112 
1.216334 1.002797 0.796833 1.223473 1.250175 1.198835 0.953248 0.930319 0.842225 0.812846 0.933419 1.231388 0.951205 1.038534 1.194367 1.088111 0.875720 1.114632 0.851932 0.866760 1.105709 1.100756 0.830795 0.953567 1.103947 1.187855 0.876896 1.023681 1.087399 1.246187 0.990390 1.184568 0.870637 0.998280 1.041196 
1.175249 0.994725 0.797109 1.201383 1.234803 1.199888 0.973056 0.997621 1.031572 0.832436 1.237737 1.251035 1.097363 1.059811 1.238859 0.983998 0.915715 1.178865 0.938816 0.865839 1.065291 1.072518 0.891911 1.204315 1.025470 1.002260 0.940362 0.820333 0.884724 0.825168 0.841319 1.036231 0.999433 0.939593 1.226777 0.885927 0.864464 0.885723 
1.207821 0.988927 0.799559 1.173246 0.978596 1.221288 1.135639 0.839751 1.215670 0.844813 1.033260 1.223193 0.870231 1.046012 1.199158 1.146336 1.039834 1.029862 0.859274 0.860423 1.085740 1.243918 0.871247 1.143838 0.921210 0.857327 0.835267 0.824318 1.019495 1.112097 0.897944 0.797848 1.255595 0.956529 1.188750 0.998359 1.036350 0.859750 0.901592 1.217092 1.042593 
1.215893 0.969339 0.805861 0.889663 1.217173 1.205724 0.857293 0.885363 1.254474 0.888084 1.057860 1.223193 0.894015 1.046012 1.228841 1.189053 1.003718 1.141014 1.056067 0.923667 1.059471 0.904878 0.990267 0.905709 1.226677 0.851076 0.905123 0.856264 1.077188 1.226563 1.101850 0.914759 1.078407 0.956811 1.125898 0.958173 0.981154 0.802671 1.072423 1.083412 0.914395 1.086286 0.996792 1.126186 1.090571 
1.175437 0.957121 0.801695 1.043508 0.943567 1.171862 0.909927 0.925247 1.069284 0.837445 1.028771 1.236970 0.823679 1.182376 1.220308 0.972134 0.956928 1.006881 1.011814 1.171826 1.153486 1.087796 1.162313 1.095165 1.159265 0.878470 0.812824 0.847041 1.054688 1.058062 1.131239 
1.174772 0.927303 0.801695 0.883871 0.873621 1.166913 0.961659 0.917569 0.976736 0.837258 1.024624 1.236943 1.252370 0.990045 1.209172 0.927527 0.836679 0.994189 1.173759 1.168301 1.055977 1.239033 0.907104 1.076565 1.169777 0.991460 0.906215 0.831555 1.237799 1.101350 1.026065 0.936475 1.169861 
1.211995 0.964820 0.800973 0.796540 0.839524 1.160391 0.951069 0.910679 1.154138 0.840976 1.020661 1.219858 1.197467 0.997073 1.245238 0.899027 1.087882 0.963781 1.037386 0.896246 1.038585 1.256525 0.798280 1.029858 0.835715 0.806631 0.876278 0.862951 1.150981 1.117085 0.989910 1.257415 1.080562 0.920988 1.113654 0.910785 
1.174491 0.969357 0.800973 1.160460 0.849044 1.203403 0.865712 0.887864 1.064312 0.797966 1.052151 1.258842 1.219571 1.227766 1.248600 1.153927 1.095619 1.211203 0.957786 0.899023 0.900851 1.016117 0.806301 1.045703 0.795649 0.804193 0.827411 0.893940 1.116188 1.072087 1.047599 0.938752 0.978571 
1.236433 0.942285 0.799118 1.186262 0.887434 1.214520 1.242047 0.861692 1.061785 0.816740 1.008635 1.247581 1.076661 0.966307 1.257650 1.190632 0.993139 1.091192 0.969515 0.894317 0.941446 0.944772 0.866326 1.242014 1.164842 1.010132 0.876671 1.113318 1.054858 1.067043 1.163951 1.190920 0.979106 1.172043 1.155927 
1.231135 1.008158 0.808823 1.005051 0.940062 1.220313 1.216105 0.920746 0.910880 0.841525 1.033225 1.253175 1.076661 1.220631 1.246025 0.887454 0.970541 0.906531 0.871448 0.904573 1.217037 0.902185 0.864535 0.982881 1.112942 0.960946 1.196222 0.923472 1.168350 0.822850 1.092788 1.074848 0.889054 
1.165444 0.979700 0.800457 1.171859 1.095586 1.163002 1.211520 0.963891 0.914414 0.849470 0.979453 1.253175 1.065984 0.872345 1.235670 1.114220 1.007779 0.885813 1.233615 1.168805 1.148588 1.009218 0.875859 0.920960 1.071867 1.072761 1.151143 0.845026 0.988955 0.899836 1.076601 0.920117 0.863238 1.088911 1.054612 0.902861 1.196529 1.073791 0.933179 1.061106 0.916828 0.998619 1.115084 0.894479 1.001344 1.213783 1.205816 0.935066 0.877894 
1.202412 0.975348 0.797065 1.169957 0.980368 1.146270 1.208841 0.920853 0.977660 0.807901 1.085322 1.253175 1.048063 1.043575 1.244982 0.993705 1.034345 0.878923 1.118072 1.154527 1.203699 0.962987 0.828946 1.232863 0.832468 1.085724 1.063755 1.056751 1.249787 0.908723 1.028856 0.883211 1.069191 0.864511 1.157142 1.061972 1.058591 
1.244319 0.980602 0.797644 1.004780 0.838086 1.157980 1.247801 0.933600 0.885204 0.822104 1.252292 1.219170 0.959158 1.058977 1.230020 1.029225 0.857219 1.057363 1.208875 1.024208 1.020194 0.878765 0.827385 0.872002 0.867965 1.220329 0.973577 1.167642 1.173038 1.186184 1.010048 1.021310 
1.227207 0.996736 0.798251 0.812131 0.973085 1.118968 1.215168 0.937931 0.930564 0.802646 1.194224 1.231705 0.897327 1.062239 1.224599 0.879179 0.898196 1.166098 1.187242 1.059414 1.035674 0.966596 0.834143 0.978668 0.834377 0.991883 
1.209178 0.987534 0.804338 1.064471 1.024781 1.213110 1.076888 0.882337 0.910022 1.087862 1.113354 1.245737 1.207158 0.983722 1.235023 0.899543 0.957099 0.845467 1.201295 0.912509 1.009872 1.124551 1.045414 0.931400 0.858574 1.061747 1.100723 
1.178451 0.958682 0.797595 1.059521 0.870593 1.163655 1.058092 0.880588 0.889670 1.063071 0.903417 1.257593 0.942796 1.075709 1.192495 1.244133 0.994638 0.842227 1.175671 1.125716 0.883047 0.896884 1.214319 1.221404 1.083726 0.886907 1.027579 1.089398 1.002524 0.849729 0.966596 1.082430 
1.250379 0.930019 0.797595 1.087184 0.916122 1.201253 1.110760 0.824380 0.910394 0.831746 0.991773 1.239444 0.946370 1.029450 1.247732 1.105030 1.165773 0.834342 1.185566 1.028781 0.894707 1.057845 1.202914 1.073524 1.080215 0.912568 0.952524 1.000428 
1.163672 0.973688 0.796307 1.059705 1.236814 1.256486 0.915676 0.840267 0.959532 1.232179 0.992890 1.233454 0.960864 1.215674 1.004278 1.093565 1.196782 0.839493 1.029070 1.061936 0.905115 1.055398 1.197527 0.967486 0.799369 0.821462 
1.249391 0.984400 0.808955 1.037923 1.146173 1.185561 0.812111 0.840267 0.902074 1.241650 1.101370 1.242536 0.955688 1.250821 1.022438 1.079308 0.826507 0.837745 1.132909 1.088810 0.905115 1.147555 1.042021 0.882186 1.217134 0.938352 1.016149 0.995331 0.995997 1.004271 0.819020 0.955033 
1.231075 0.959119 0.977827 1.062228 0.996238 1.219992 0.801415 0.860216 0.887865 1.240028 1.068761 1.232043 0.979646 1.249711 1.258307 1.133527 0.855566 0.923889 0.951299 1.098426 0.812796 0.942161 1.215783 0.894601 1.118512 1.098831 1.194589 0.974372 0.964828 1.141725 1.251945 1.049438 
1.214307 0.991725 0.932910 1.053309 0.957004 1.209453 0.803270 0.900714 0.910678 1.249572 1.063426 1.220853 0.970974 1.105705 0.901259 1.179220 0.891375 0.975825 1.024833 1.102929 0.901836 0.873832 1.090193 0.874036 1.070007 1.150045 0.984616 0.876860 1.040724 1.190282 1.078501 0.810720 
1.253644 0.963600 0.817720 1.040884 0.962306 1.205418 0.797384 0.822567 0.944969 1.228912 1.083476 1.250889 0.961317 1.213826 1.180685 1.146840 1.030181 0.854774 0.997888 1.046569 0.905693 0.804181 0.977582 0.882542 1.099516 0.822956 0.886411 1.013496 0.990986 1.190125 1.005250 0.916863 
1.178711 1.003785 0.938234 1.042122 0.939684 1.222474 0.795471 0.846272 0.954431 1.241867 0.815592 1.223189 0.967510 1.208691 1.040569 1.208167 0.884146 1.118133 0.992316 1.056129 0.876714 0.801427 0.847667 1.150582 0.965505 1.032077 1.180334 1.108151 0.857746 
1.211040 0.972779 0.949933 1.044769 0.852236 1.191990 0.795471 0.818827 0.957404 1.237303 0.920144 1.220407 1.219326 1.167032 1.042623 0.813938 0.890323 1.051596 0.903018 1.183448 0.881229 0.810119 1.216082 0.941216 0.850311 0.978743 1.097441 0.964121 0.894205 0.968973 0.935356 1.096756 0.809242 0.908486 1.011941 0.797706 0.947694 0.850499 1.060202 0.845396 1.095124 1.002786 
1.229773 0.974313 0.958840 1.055226 0.861953 1.185326 0.795240 0.860849 0.920678 1.256540 1.188415 1.195940 0.893613 1.211672 1.110266 1.144837 0.874331 0.838747 1.056502 0.850530 1.045249 0.805981 0.925592 1.220767 0.987574 1.052048 1.192123 0.999550 1.251266 0.946317 0.809207 0.874430 1.010202 
1.242333 0.969675 1.097447 0.945988 0.899340 1.193967 0.795240 0.846148 0.917089 1.254029 1.033862 1.236316 1.142792 1.182140 0.895538 1.184528 0.875259 0.797650 1.064032 1.032980 0.958602 0.800030 0.976191 1.005761 0.821919 1.217078 
1.104297 0.969001 1.066877 0.931549 1.216064 1.180094 0.795240 0.871859 0.850332 1.181607 0.942014 1.228518 1.233376 1.080519 0.889455 1.176446 0.868591 0.805357 0.834945 1.045349 0.989659 0.888062 1.001639 1.054702 1.042153 1.218416 1.203609 0.880565 1.100221 0.970350 
1.185193 0.993996 1.049147 0.912098 1.107211 1.164523 0.795240 0.852402 0.970423 0.945239 1.222933 1.222189 1.250166 1.240919 1.117470 1.146411 0.887512 0.803423 0.930555 1.043963 1.026889 0.855721 1.143719 0.852075 1.056617 1.199233 1.010175 1.011173 0.794963 0.868880 
1.006768 1.006817 0.829066 1.101333 1.012899 1.173253 0.798001 0.877932 0.893474 1.091729 1.236562 1.258567 1.246906 1.051275 1.098225 1.203420 0.901275 1.215303 0.877552 0.948702 1.238208 0.965764 1.177060 
1.144711 1.010835 0.838598 0.806469 1.186351 1.189054 1.094889 0.850823 0.956598 1.063796 1.224341 1.248425 1.245518 1.060707 1.067395 1.043885 0.930030 1.211892 0.874318 0.935417 1.172538 0.981125 1.227154 1.122706 1.243342 1.037703 1.091228 1.168693 
1.056688 0.962246 0.879944 0.806469 1.095637 1.226197 0.976056 0.861974 0.918027 1.043671 1.236938 1.226779 1.258873 0.939903 1.019948 1.076836 0.897861 0.826711 0.867050 1.048964 1.169726 0.914046 0.924898 0.970541 1.075696 1.196162 1.203763 1.005435 0.967332 
1.046142 0.996530 1.248993 0.800775 1.208202 1.173781 0.963936 0.831685 0.865412 1.055422 1.242678 1.219142 1.244540 1.186734 0.881190 0.935647 0.869659 0.823274 0.859920 1.228995 1.156655 1.042340 1.156676 0.929780 0.806972 1.199762 0.845327 
1.051819 0.973937 1.130611 0.804500 1.027312 1.150490 0.958794 0.882896 0.906881 1.052205 1.241226 1.213393 1.227056 1.203670 1.204669 0.942164 1.171410 0.834154 0.881143 1.156487 1.157176 0.874018 1.032680 1.034541 1.047237 
1.033098 0.962953 1.104344 0.807094 0.873421 1.200501 0.952990 0.844504 0.904092 1.029128 1.240986 1.217544 1.194561 1.204859 1.223569 0.887248 1.211371 0.839102 0.911283 1.037489 1.086882 1.013697 1.156666 1.021352 
1.038051 0.990603 1.084940 0.797103 0.861883 1.117953 1.165560 0.921119 0.944865 1.033112 1.196674 1.025009 1.224083 1.199608 1.229928 0.914034 1.166968 0.832296 0.945094 0.946488 1.039601 1.148584 1.234762 0.956474 1.230938 1.104100 1.016959 1.053414 
1.095892 0.970186 1.067292 0.800228 0.875078 1.132322 1.061948 0.839822 0.921308 1.015930 1.224941 0.863338 1.228629 1.201980 1.256589 0.900404 1.223596 0.837244 0.996700 1.130705 1.061218 0.854511 1.248351 0.845436 1.208278 0.952825 1.005769 1.008973 
0.906520 0.977317 1.181787 0.797422 0.864525 1.163810 1.075673 0.855810 0.916131 0.861853 1.258472 0.817548 1.213747 1.166290 1.242034 0.888401 1.228682 0.840884 1.226812 0.942172 1.228601 0.991094 0.984703 1.023296 1.115463 1.079211 0.914129 1.208917 0.960760 1.099425 0.887227 0.898133 0.811766 
1.208823 0.975357 0.933864 0.794364 0.887089 1.039509 1.156057 0.842039 0.965360 1.073139 1.257184 0.880940 1.256947 1.116249 1.228407 0.857542 1.199553 0.805572 0.807252 0.939611 0.965075 1.094757 1.070859 1.144314 1.038768 1.055636 0.861862 1.072863 1.237993 1.019004 1.173923 1.161843 0.923734 1.073653 1.091075 1.034648 0.910197 1.013435 1.194045 
0.975661 0.983748 0.914780 0.795170 0.990546 0.941053 1.156468 0.838732 0.902930 0.989478 1.221276 0.856281 1.212890 1.176606 1.225050 0.861194 1.211532 0.815459 1.049437 0.945620 0.925548 1.161341 0.911606 1.061293 1.049022 0.963681 1.087500 1.200635 0.960856 1.211721 0.863453 0.988762 0.855328 0.803879 0.804614 
1.214681 0.959366 1.126203 0.795170 0.963577 0.945693 1.071883 0.883387 0.946408 1.090797 1.238111 0.883056 0.881252 1.116265 1.230747 0.877742 1.243513 0.815310 1.075868 0.948734 1.066512 1.030083 0.970817 1.086095 0.940131 0.842025 0.822485 1.199440 1.247986 1.065759 1.118351 
0.856513 0.982499 1.190872 0.801341 0.875875 1.107751 1.195951 0.856517 0.917704 1.052038 1.196817 1.010941 1.089701 1.169859 1.251623 0.880648 1.212197 0.827495 0.945166 0.938622 0.873871 1.021895 1.125080 1.069123 0.930821 0.865719 0.834479 1.252039 1.223359 1.021341 1.180976 0.919460 0.965414 0.870832 0.893493 
0.881129 0.997748 0.938533 0.798892 1.103107 1.063464 1.148005 0.876635 0.929813 1.056209 1.216468 0.932467 1.082349 1.166681 1.195207 0.873197 1.151688 0.960318 0.938204 0.957451 0.930627 1.024079 0.968438 0.870390 0.851726 0.802169 1.213061 1.144882 1.226779 0.833999 1.072260 0.983613 0.850479 
1.221813 0.980085 0.863792 0.798892 1.223100 1.041603 1.173639 0.862539 0.907200 1.181254 1.248225 1.080669 1.108500 1.148443 1.233836 0.849463 1.234216 0.943354 0.840003 0.954578 0.961549 1.033761 1.096066 0.864093 0.818150 0.912330 1.136652 0.953874 1.146914 0.963876 0.989061 1.013277 1.059810 1.153395 
1.239594 0.979864 0.857278 0.798109 1.241980 1.254322 1.204331 0.865145 0.927271 0.976944 0.906312 1.078624 1.132428 1.158115 1.080787 0.916337 1.197901 1.009446 0.848601 1.168962 0.984070 1.033761 1.012292 0.963354 1.059264 1.219277 0.898592 0.875515 1.055358 1.084260 1.207210 
1.238932 0.986561 0.855484 0.801317 1.255607 1.195790 1.169887 0.841956 0.908956 1.002919 0.889725 1.086741 1.193488 1.134405 0.880169 0.980685 1.137212 1.146457 0.864395 0.940391 1.031772 1.039150 1.175349 0.962701 
1.241334 1.015328 0.866692 0.795281 1.223083 1.221538 0.893506 0.894966 0.894859 1.165589 0.845927 1.086645 1.076984 1.179083 1.155987 0.820863 1.237266 1.110161 1.151275 0.962810 1.052068 0.898201 1.239717 0.989437 1.122314 0.979744 1.235803 1.143502 1.082618 
1.253011 1.009071 0.896206 0.794552 1.240361 1.249700 0.802431 0.845216 0.974807 1.055718 0.890992 0.956080 1.064295 1.183021 1.242168 0.834837 1.214656 1.180837 1.222927 0.936468 1.046834 0.888933 0.941147 1.083927 0.834284 1.146396 1.036228 1.019411 0.887143 1.185833 0.853497 0.977488 
1.240845 0.984662 0.895086 0.799089 1.236016 1.244412 1.021864 0.832404 0.818260 1.062640 0.897646 0.976109 1.080681 1.184949 1.211309 0.835654 1.217157 0.875740 0.978875 1.210596 1.037207 0.870359 0.940306 0.801992 1.161699 1.012643 1.194135 0.816983 1.021419 
1.214338 0.984776 0.917844 0.802811 1.200408 1.250345 1.064629 0.918495 1.081425 1.082147 1.155117 0.952279 1.138698 1.246919 1.249479 0.844175 1.258514 1.227974 1.223366 1.014177 1.068484 0.877661 0.971233 1.002283 1.076404 0.839578 
1.257606 1.023440 0.945945 0.798735 1.257952 1.253191 0.874119 0.903355 0.983718 1.081166 0.842421 0.967599 0.945705 1.156141 1.255877 0.841602 1.251331 1.194506 0.798521 1.035959 1.078088 0.913982 0.933167 1.110314 0.900426 1.138949 1.063941 0.807985 0.978705 1.228790 1.192497 0.884530 
1.257788 1.016070 0.933608 0.799485 1.254717 1.252716 1.123505 0.857192 1.183818 1.107701 0.855833 0.965335 0.955934 1.217935 1.088157 0.826824 1.212950 1.198653 1.164642 1.037815 1.104309 0.925475 0.917684 1.101439 0.827488 1.254711 0.819741 1.217714 0.919496 1.089983 0.973723 1.159918 0.872132 
1.198416 1.022863 0.867349 0.799485 1.236684 1.241495 1.033698 0.855427 1.000673 1.068445 0.823791 0.993799 0.942371 1.197328 1.116102 0.879144 1.244261 1.207407 1.021986 1.109857 1.134219 0.916606 0.928603 1.242665 1.216134 1.240260 0.828901 0.889256 
1.170895 1.019082 1.233454 0.826257 1.253102 1.254618 0.865655 0.944335 1.117820 1.238697 0.967853 0.986313 0.954374 1.201154 1.098777 0.889327 1.257753 0.924816 0.995426 0.840386 1.118823 0.931162 0.849842 0.795552 0.850413 1.134011 1.083651 0.993948 
1.232238 1.010920 1.255640 0.847289 1.239995 1.254618 1.051153 0.896756 1.104773 1.222457 0.992470 1.035390 0.940852 1.186888 0.852342 0.842603 1.198451 0.951501 0.903121 0.985557 1.113312 0.914154 1.103017 0.937454 0.796028 1.133768 0.999267 
1.092013 0.984323 1.235382 0.886835 1.257897 1.251878 0.989802 0.835671 1.073960 0.800514 0.953304 0.801336 1.246042 1.185210 1.110741 0.821697 1.250471 0.925322 0.956366 1.258861 1.070956 0.916382 0.816095 0.850423 1.008630 1.005242 0.988133 0.895859 
1.081309 0.996562 1.232923 0.938431 1.234142 0.880958 1.255729 0.837221 1.036556 0.796126 0.965388 1.046983 1.216765 1.219663 1.222944 0.817583 1.193338 0.895098 0.847031 1.258861 1.072166 0.895256 0.886749 1.094331 1.253194 1.017988 0.926961 1.207736 0.816854 1.229805 1.131653 0.798737 1.021453 
1.221016 1.026592 1.091109 0.930924 1.251806 1.037069 1.255287 0.839741 0.881144 0.809386 0.979600 1.064727 0.902369 1.192440 1.077458 0.838137 1.250304 0.854839 1.204520 1.230492 1.221922 1.107025 
1.218445 0.989204 1.099927 0.968144 0.842808 0.996778 1.223524 1.068597 0.903108 0.798908 0.890629 1.078325 1.180496 1.211598 0.974868 0.834771 1.202648 0.936354 1.197443 1.245274 0.883858 1.090829 1.060836 0.795115 0.908771 1.152316 1.204377 1.213544 1.181383 1.188542 0.843314 1.026996 0.975292 
1.244679 0.995738 1.107264 0.925562 0.946975 1.002930 1.251717 0.902632 0.870697 0.798505 0.872573 1.021989 1.237093 1.142194 1.069591 0.872604 1.197507 0.929869 1.156970 1.245274 0.868514 0.961682 1.078168 0.880484 0.927855 1.084391 1.244308 1.080334 0.807147 0.922376 1.073989 0.928609 1.083951 1.208683 1.162604 
1.244679 0.992337 1.008211 0.925738 0.985723 1.221282 1.203800 1.157859 0.865022 0.794533 0.868837 1.098148 1.243215 1.142761 1.139240 0.839529 1.256620 1.046366 1.091719 1.253641 0.870028 1.074898 1.072292 0.835342 0.964082 1.090493 1.226994 1.196367 1.054569 1.191018 0.922753 0.967099 1.029112 1.034436 1.186647 
1.256857 1.008066 1.240212 0.933818 1.180014 1.206125 1.251710 0.993698 0.907217 0.797475 0.860391 0.827894 1.237082 1.207679 1.183372 0.972410 1.215847 0.816250 1.070665 1.235738 0.821533 0.832583 1.040694 0.932662 0.947664 1.091261 1.184431 0.870665 1.138729 0.992475 
1.245524 0.999249 0.817789 0.933597 0.985822 0.981176 1.251710 0.947664 0.877853 0.797475 1.005250 1.076579 1.171506 1.172110 1.201987 0.885296 1.225506 1.058594 1.068404 1.196120 0.881208 0.819065 1.035658 0.973340 1.073916 1.242487 0.972418 1.168535 1.014388 
1.235600 0.963435 0.803566 0.957097 0.926604 0.985030 1.154847 0.935182 0.847137 0.798920 0.808103 1.177169 1.143682 1.228943 0.829755 0.871675 1.179178 1.052239 1.065990 1.216084 0.877608 0.853961 1.014978 1.195569 1.020382 1.075739 0.806657 1.245022 1.068119 1.055723 1.097501 
1.237814 0.986368 0.861142 0.906027 0.994784 1.200908 1.206228 0.966262 0.863398 0.796747 1.065548 1.190446 1.208649 0.908395 0.969857 0.884970 1.226811 1.023814 1.065482 1.215249 0.864799 0.838538 1.101900 1.181507 1.158700 1.142272 0.819195 1.228616 0.852867 1.052573 1.146124 1.239263 0.885286 1.037964 1.189059 
1.247378 0.964048 0.992375 0.939645 1.059672 1.079329 0.925099 0.936766 0.860484 0.796747 1.043219 1.196422 1.149459 0.981665 1.201576 0.890361 1.210711 0.923934 0.856536 1.163525 0.902494 0.810868 1.030900 1.223067 1.064809 0.877947 1.155789 1.215216 1.054617 1.040994 0.964110 1.006336 0.946519 1.052239 1.150778 
1.234782 0.962647 1.055729 0.814946 1.090331 1.062373 1.151070 0.968233 0.886314 0.796747 1.145964 1.189018 1.151448 0.924584 1.216160 0.881749 1.166710 1.028714 1.219977 1.245930 0.850264 0.833926 0.873654 1.162988 0.963892 0.963759 1.164489 0.849305 1.087370 1.033805 1.173199 0.821188 1.058785 
1.237118 0.998695 1.066325 1.039085 1.022371 0.996159 0.826614 0.996657 0.913935 0.796747 1.236900 1.162511 1.206754 0.908171 1.254970 0.929080 1.228886 1.139878 0.837042 1.246595 0.872451 0.860930 0.971143 0.958098 1.199541 1.067596 1.051500 1.071598 1.119993 1.076067 1.208502 0.897116 1.017116 1.149599 0.954213 
1.234517 0.983841 1.235325 1.078548 1.083726 0.954107 1.237408 0.969682 0.889147 0.796747 1.074945 1.144257 1.160136 1.122509 1.253639 1.234529 1.193490 1.071563 1.254491 1.244798 0.885260 0.835371 0.863828 0.893483 0.840885 1.122842 1.016749 1.234926 
1.244189 1.001001 1.020586 1.069022 1.169110 1.059792 0.923006 1.245700 0.950710 0.796688 0.953016 1.180236 1.121229 0.995651 1.253639 1.176747 1.230753 1.048697 0.915638 1.238796 0.883807 0.827136 0.937355 0.874048 1.131732 1.175238 0.935963 0.965351 
1.207290 0.988810 1.130964 1.064993 0.974187 1.176644 1.140045 0.824375 1.184476 0.795879 0.971849 1.203724 1.084259 0.869895 1.233353 0.800674 1.165449 1.063682 0.870670 1.235645 0.851786 0.796122 0.901449 0.980354 1.081051 
1.231743 1.008169 0.962113 1.053751 0.827467 1.079283 0.876794 1.214834 0.939027 0.798631 1.095887 1.223567 1.113009 0.880166 1.237741 1.139500 1.213900 1.076748 0.918284 1.227542 0.870546 1.020906 1.086840 0.880258 0.896847 0.866164 1.205301 
1.220477 0.958812 0.969210 0.904721 0.869768 0.858009 1.246130 1.173962 0.924683 0.795420 1.253341 1.197073 1.225067 0.908626 1.243885 1.099088 1.205309 1.069011 0.909527 1.190997 0.903470 0.812731 0.945310 1.080025 1.221346 1.071901 0.914562 1.221583 1.016273 1.254105 0.884031 1.098791 
1.252373 0.992816 1.192367 1.007507 0.842935 0.933299 1.015317 0.943351 0.929794 0.799036 1.081106 1.193854 0.927724 0.892875 1.255200 1.083809 1.203192 0.910053 0.890564 1.224306 0.902242 1.083168 1.250084 1.193493 0.834419 1.206490 1.194869 
1.252855 1.016108 1.221124 0.966534 0.854423 1.220682 0.972204 1.136858 0.922517 0.804780 1.093901 1.214737 0.967956 0.941849 1.249982 1.090452 1.208485 1.019329 0.929542 1.130597 0.894454 1.083848 1.124436 1.230510 1.011245 0.959500 0.861954 1.040466 
1.246561 1.032561 1.178952 0.978278 0.918640 1.083315 0.820922 1.071465 0.990057 0.796532 1.142304 1.206670 0.874031 1.014900 1.237331 1.076738 1.253188 1.007250 0.871624 1.083226 0.891457 1.071541 1.179511 1.253546 0.897556 0.795322 1.005852 1.221910 1.151351 0.928352 
1.250818 1.036068 0.870796 0.876260 1.214340 0.953556 0.849063 0.951472 0.892640 0.799401 0.978704 1.176808 1.091338 1.019326 1.244982 1.087612 1.244671 1.097650 1.027961 0.863599 0.863762 1.168913 1.060076 1.254320 1.208628 0.942838 
1.244157 0.989106 1.222904 0.881903 0.835731 0.917493 0.805517 0.952515 0.941338 0.796645 0.979205 1.167510 1.099486 1.012927 1.236143 1.068634 1.237142 0.903388 0.813233 0.884586 0.884925 1.215865 1.063521 0.864057 0.921664 0.991503 1.206365 0.991938 1.023751 1.090251 1.098372 1.083462 1.001011 0.842243 1.121566 0.838625 
1.222949 1.015189 1.226326 0.865080 1.174252 1.046713 0.801059 0.947690 0.909793 0.796645 1.114940 1.199905 1.059658 1.149227 1.242159 1.159312 1.223565 0.873819 0.835476 0.928878 0.829950 1.153520 1.089494 0.890504 0.921936 1.047984 1.094928 1.081064 1.025132 0.970207 0.964052 0.990154 0.946283 1.181653 0.991232 0.937585 1.164963 1.147658 1.122987 1.217583 
1.233034 1.021018 1.199724 1.247179 1.010278 1.115394 1.097208 0.977657 0.944763 0.796130 1.006431 1.214481 1.079101 0.998602 1.242159 0.980280 1.218362 1.016818 0.891639 0.848330 0.862593 1.223179 1.097256 0.936857 0.880863 0.870470 1.083789 1.077676 1.024706 0.988184 1.139866 0.855183 1.113865 0.873266 0.910148 1.088622 0.842017 0.957048 
1.242014 0.983748 1.235332 1.220687 0.975522 0.928001 1.173355 0.901356 0.922585 0.796840 1.069852 1.190751 1.070682 1.002906 1.247077 0.965194 1.224530 0.869410 0.911518 1.246507 0.885816 1.005292 1.082232 0.932070 0.893752 0.845663 
1.242189 0.967735 0.923455 0.842616 1.118916 1.133265 1.223309 1.100781 0.921795 0.796840 0.878910 1.227735 1.135554 0.958789 1.212669 0.945867 1.258011 0.991587 1.076134 1.233628 0.904699 1.089518 1.076172 0.891962 0.856370 1.109570 1.130757 1.070917 0.926584 0.849590 0.914011 0.898320 1.122469 0.953539 0.867057 0.990110 1.060888 0.974508 1.102262 0.902233 0.973442 
1.255770 1.006218 0.975987 0.833060 0.934025 1.079964 1.240052 1.075526 0.851105 0.815889 0.954457 1.193472 0.815736 1.254554 1.220946 0.986301 1.203130 1.116020 0.928189 0.872337 0.896660 0.852547 1.101177 0.863041 0.838792 1.012969 1.241217 1.084871 1.204787 1.205275 1.008108 1.202485 0.900019 1.148624 
1.244632 1.011195 1.042234 0.822298 1.084234 1.176022 1.227874 0.933405 0.953838 0.809199 1.063444 1.236679 1.029999 1.188642 1.239074 0.957490 1.189599 0.875350 1.084968 1.045318 0.897846 0.835003 1.003617 1.114677 1.029086 0.899017 
0.854066 1.001471 1.085460 0.853913 1.254805 1.176807 1.245799 0.881042 0.881537 0.795981 1.092854 1.158657 1.104305 1.214829 1.239092 0.994970 1.202767 0.879978 1.067596 0.845623 0.901082 1.094696 0.992387 0.954970 1.044134 0.840539 0.939082 
1.035095 0.971993 1.074162 0.831312 0.795654 1.157699 1.218626 0.880934 0.981271 0.898445 1.041396 1.181713 0.930885 1.092539 1.222866 1.022229 1.196913 0.900178 0.912998 0.865143 0.843642 1.054999 0.859310 
1.054934 0.974712 0.872619 0.817188 1.153370 1.181155 1.255570 0.858913 0.935820 0.833667 1.040594 1.179524 0.915316 0.960695 1.210080 1.149798 1.161824 0.859561 1.062907 0.841688 0.799880 1.063545 1.041437 1.138838 0.938113 1.062378 0.874829 0.979760 1.049842 0.905608 1.067239 1.243932 0.993176 0.885054 0.802762 1.078328 1.000634 0.984326 1.110177 
1.107805 0.972418 1.146975 0.868121 0.979249 1.212952 1.255570 0.918074 0.869197 0.847177 1.090662 1.184785 0.968691 1.241256 1.243190 1.001397 1.182199 0.850932 1.099683 0.800612 1.048917 0.864574 1.071836 1.223020 1.058532 0.886951 0.891796 0.922686 0.977786 
1.123943 1.002027 0.960506 0.837622 1.003146 1.194733 1.251179 0.907166 0.995118 0.838763 1.059203 1.167884 0.899647 1.013865 1.254050 1.172667 1.196117 0.881022 1.089788 0.800789 0.895552 0.875950 1.066545 0.898785 1.031086 1.136426 1.009366 1.243667 1.135620 0.853991 0.810310 0.892628 
1.103752 0.999819 1.185325 0.981968 1.011727 1.241782 1.230205 0.902253 0.984393 0.844990 1.082197 1.189476 1.028946 0.949911 1.252728 1.165064 1.234488 0.876045 1.099436 0.796824 0.837949 0.966922 0.887033 1.031524 1.021014 1.049677 0.893647 1.196151 1.146209 
1.085947 0.990229 0.938168 1.162273 1.110426 1.244751 1.241675 0.914314 0.992789 0.833116 0.970482 1.250153 0.939793 0.937813 1.254879 0.920652 1.227791 0.856066 1.083067 0.800182 1.001261 1.084157 0.965830 0.814063 1.007924 
1.100897 1.008123 0.906280 1.193746 0.998761 1.139802 1.246144 0.860182 0.960323 0.846225 0.819982 1.231143 1.208861 1.094844 1.252004 0.877711 1.162464 0.903282 1.084391 1.036106 1.071945 0.836685 1.025655 0.840700 0.820768 1.008190 0.810520 
1.056803 0.977650 0.990012 1.197194 0.801761 1.092286 1.242791 0.889926 0.953410 0.847715 0.999350 1.174449 1.231863 0.961878 1.243716 0.889174 1.178092 0.856221 1.089299 0.821555 0.838445 0.859148 0.892113 1.248091 1.116370 0.893296 1.052117 0.805846 1.208236 0.870220 0.929211 0.856533 0.996310 
1.058287 1.028559 0.950871 1.007390 0.801119 1.036209 1.222298 0.960037 0.986414 0.861285 1.030927 1.184566 1.103270 0.944297 1.250378 0.947106 1.171230 0.886351 1.103052 1.198567 1.111673 1.101461 0.879784 1.161905 0.895741 0.911457 1.066772 0.998539 0.916433 0.902450 0.808799 0.828021 0.965999 1.028897 0.822096 0.811502 
0.982305 1.000811 0.801886 1.229182 0.808990 0.942399 1.258643 0.922642 1.008694 0.855696 1.070680 1.202042 1.094614 1.201677 1.250378 0.928486 1.205490 0.878385 0.918538 1.055019 1.052995 1.134256 0.965556 1.221496 1.118528 0.825933 0.865867 0.823656 1.091830 0.931434 
0.964887 0.971569 1.118033 0.837092 0.808990 1.219682 1.253407 0.904283 0.996869 0.847703 1.058178 1.198761 1.093418 0.934460 1.254109 0.886990 1.191500 0.856633 0.932826 1.126080 0.872595 1.119278 1.189866 0.824859 0.811842 1.037795 1.183959 1.111052 
1.034832 1.000849 1.065266 1.222318 0.854573 1.240070 1.232848 0.912206 0.977580 1.228570 1.061202 1.205812 1.087031 1.232733 1.246806 0.837133 1.179788 0.884380 0.860271 0.860984 0.912614 0.941255 1.008981 0.821836 
1.001437 0.978343 1.085692 0.856427 0.847544 1.139079 1.252404 0.953779 1.217671 1.184716 1.048220 1.184455 0.855458 0.843835 1.237564 0.796776 1.180617 0.838643 0.838801 0.873752 0.888207 0.936969 1.097543 1.212215 0.977028 1.010179 1.084113 1.025907 
1.134971 0.971418 1.170940 0.808388 0.846807 1.149461 1.198444 0.915378 1.097522 1.060790 1.046374 1.196635 1.065584 0.799728 1.254946 0.976503 1.192615 0.819082 0.972274 0.883564 0.914334 1.249247 0.862494 
0.969021 0.968762 1.031725 0.795095 0.823003 1.169645 1.245120 0.852330 0.971454 0.884428 1.074553 1.221612 1.052884 0.797475 1.226930 1.084607 1.244793 0.862133 0.978797 0.856742 0.914334 0.872893 0.943869 1.058191 1.241696 1.028429 0.889582 0.976154 1.205284 0.919776 
0.889562 0.960837 1.038661 0.796680 0.839365 1.157602 1.250404 1.181491 0.959961 0.987554 1.030961 1.210415 1.080439 0.991270 1.238701 1.036978 1.228365 0.872265 0.886975 0.860165 0.912113 1.167890 1.157369 0.918107 
0.919961 0.964810 1.170167 0.795810 0.835160 0.909470 1.248017 1.143139 0.949959 0.891358 1.129425 1.169538 1.083283 1.245096 1.245353 1.078141 1.233203 0.852475 0.842440 1.015373 1.174879 0.955812 
0.921792 0.970998 0.797286 0.795366 0.824993 1.020606 1.250859 0.977756 0.876753 0.873515 1.214192 1.216033 1.052027 1.212462 1.250436 0.903771 1.018521 0.893304 0.881101 1.079498 1.151961 1.085900 1.069577 1.247810 
0.912876 0.993856 0.862975 0.795366 0.827221 1.031819 1.246308 0.836393 1.094260 0.891063 0.951795 1.150341 1.058701 1.234991 1.223791 1.224301 1.061040 0.860363 0.997722 0.901690 1.166119 1.038152 1.060684 1.102346 1.202995 0.953359 1.075933 1.224714 
0.940919 0.968354 0.890805 0.796522 0.840206 0.825542 1.235537 0.957480 1.074543 0.882987 0.960320 1.193298 0.828212 1.246853 1.253778 1.063979 1.206579 0.837999 0.987646 1.088973 0.804804 1.022324 1.126130 0.893629 1.196741 1.064336 1.252014 1.043429 1.020346 1.221717 1.197356 0.879188 
0.907416 0.988412 0.878382 0.803812 0.834114 1.055577 1.235537 1.228291 1.025453 1.122395 0.968400 1.190240 1.200939 1.212628 1.256531 0.813381 1.256122 0.840564 0.935038 1.097570 0.955524 1.068091 1.004149 1.056424 1.088975 0.813390 0.975065 0.995043 1.239039 
0.959207 0.971562 0.897933 0.794479 0.811065 1.047677 1.238136 1.175226 0.910164 1.209406 0.963714 1.209066 1.055869 1.157747 1.256531 1.126746 1.225863 0.823072 0.867133 1.071165 0.817784 1.050084 1.213539 1.247003 
0.944980 0.972738 0.869383 0.798042 0.861942 1.066560 1.229186 1.199235 0.985112 1.183212 0.852947 1.171620 0.966676 1.213873 1.243088 1.078326 1.154854 1.078929 0.906549 1.152421 0.877214 0.894921 1.162354 0.981613 
0.904670 1.024901 0.894988 0.803041 0.844186 1.059479 1.253664 1.115334 0.912709 1.244675 0.910797 1.165709 0.987179 1.200990 1.254861 1.083618 1.217477 1.075214 0.894667 1.086482 1.122042 0.978795 1.111623 1.054211 
0.931770 0.989609 0.895144 0.802115 0.838377 1.055636 1.253636 1.168701 0.864150 1.229921 0.853229 1.198191 1.011471 1.255315 1.228136 1.062118 0.885546 1.084596 1.171579 0.956375 0.800633 1.227740 0.872904 1.008234 
0.889767 0.958292 0.882724 0.798549 0.819990 1.055023 0.872481 0.955867 0.952904 1.223782 0.857829 1.179964 1.232025 1.200829 1.243467 1.079575 1.151455 1.088718 0.795334 1.224987 1.070620 
0.945508 0.978903 0.839500 0.798372 0.847274 1.093846 0.894805 0.977474 0.918703 1.244502 0.878646 1.197179 1.006061 1.142079 1.241313 1.054865 1.219086 1.215373 1.258798 0.992360 0.900697 1.112488 1.104531 1.029585 1.192199 1.246899 0.925664 
0.910638 0.946045 1.235115 0.798372 0.841786 0.855162 0.908448 0.939707 0.825951 1.217815 0.849513 1.188350 0.853167 1.189959 1.218648 1.045086 1.213700 1.216989 1.236854 1.200566 0.927922 1.220690 1.185257 1.075532 1.075970 0.941586 0.926959 1.200139 1.034631 0.964514 1.138613 1.199459 1.103957 
0.926691 0.966229 0.900123 0.794453 0.835627 0.872648 0.898624 1.233857 1.235019 1.234837 0.882426 1.200026 0.981627 1.253095 1.244165 1.078869 1.147021 1.224663 1.256034 0.916584 1.075791 1.148792 1.044951 0.824001 1.004791 1.173570 0.872134 0.825208 1.083217 0.853697 1.068387 0.869917 1.062763 0.830037 0.861871 1.246485 
1.054603 0.967513 0.980010 0.796094 0.840674 1.204837 0.870619 1.145847 0.851307 1.234837 0.897502 1.204756 1.070639 1.235961 1.236770 0.973973 1.067618 0.954897 1.242833 0.892763 0.911911 1.120178 1.086849 1.053228 1.250644 0.873946 1.170648 1.152000 1.183189 1.149380 1.131023 0.890662 
1.171220 0.987780 0.947176 0.804398 0.810969 1.216679 0.897431 0.987341 0.989628 1.184775 0.866073 1.180057 1.065585 1.237681 1.186882 1.013022 1.110741 0.936289 1.254102 0.943050 1.054425 0.921824 1.205498 0.833046 0.944978 1.033057 1.125061 1.154868 0.916154 
1.191551 0.958689 1.099489 0.795315 0.822671 1.256945 0.868329 0.973737 0.916351 1.223275 0.866007 1.148386 1.174057 1.208651 0.973735 1.183392 1.091183 0.936289 1.255333 0.914824 1.067817 0.981669 0.817193 0.832699 0.892491 1.027675 0.954990 1.033604 1.137202 0.922985 1.252866 0.915203 0.997932 0.981222 1.196446 
1.008276 1.009377 1.031337 0.821572 0.851018 1.216173 0.908091 1.178736 1.195975 1.248724 0.876990 1.186040 0.837248 1.233988 1.223810 1.076687 1.130740 0.957100 1.252092 0.893849 1.045147 0.877470 1.146719 1.083638 1.050649 1.044006 0.856831 1.008944 0.797339 
1.031848 0.982939 1.053989 0.809974 0.959680 1.236640 0.855834 1.175301 0.955364 1.216474 0.930711 1.198833 0.993683 1.186105 0.843012 0.837849 0.891682 1.158191 1.251944 0.922638 1.080046 0.890444 0.990393 1.081133 1.183688 1.043352 0.901546 1.038299 0.815275 0.981234 0.901965 
1.087605 0.995160 0.962204 1.222235 1.143072 1.236640 0.852461 1.251769 0.798644 1.256022 0.857393 1.097421 1.038809 1.221052 0.852304 0.830662 1.062726 1.205429 1.227701 0.905394 1.044948 0.888929 1.021415 0.968002 1.036471 
0.968002 0.989107 1.014842 0.930002 0.958776 1.254080 0.883110 1.079021 0.798445 1.240463 0.900908 1.143935 1.007459 1.170444 0.848710 0.896389 1.069563 1.240759 1.242651 0.921569 1.066583 1.242689 0.794637 0.948495 1.212262 0.796058 0.902188 0.958215 1.168454 1.106328 0.841766 0.978840 
1.118651 0.997923 0.825189 0.953134 0.973799 1.249720 1.036671 1.058797 0.798445 1.227317 0.847226 1.166577 0.818091 1.182561 0.814175 0.890371 1.203800 0.983364 1.247733 0.896125 1.065359 0.915151 1.217704 0.990774 1.035972 0.868732 0.894344 1.035657 1.200167 1.236297 0.929746 1.099241 1.188197 1.005037 0.831999 0.989114 0.984180 1.162888 0.925191 1.061011 1.000131 1.047640 1.152284 1.101460 
0.804673 0.991195 0.965368 0.862947 1.178085 1.249720 0.933047 1.157507 0.803112 1.221934 0.871995 1.203541 1.248951 1.179747 0.847882 0.899611 1.177346 0.866147 1.242683 0.925139 1.071931 1.012391 1.020888 0.957915 0.950399 1.049455 0.873237 1.058406 0.998621 0.843359 0.870903 0.908689 
0.824299 1.009513 0.895278 0.991597 0.863779 1.225679 0.803256 1.164483 0.803112 1.244954 0.883627 1.207200 0.929353 1.228724 0.840833 0.893536 1.256021 1.072124 1.220411 0.902455 1.079191 0.944841 1.136720 0.920429 0.804088 1.069151 0.819412 1.050184 0.874745 1.189518 1.086277 1.122649 1.141405 1.046902 0.991841 0.993345 0.912582 1.193141 0.883910 1.096900 1.240446 
1.022416 1.026295 1.207892 1.090565 0.888667 1.234923 0.885970 1.071192 1.108460 1.244849 0.908967 1.150203 0.959680 1.201231 0.874732 0.859402 0.912512 0.978673 1.223686 0.938720 1.137456 0.872880 1.112923 1.214683 0.794555 1.019343 1.086439 1.068732 0.899502 1.017293 0.833867 1.016565 0.863722 1.105768 0.989347 1.219090 1.018328 
1.197298 0.984866 0.829708 0.841019 0.908587 1.247583 0.896198 1.049635 0.922352 1.066839 1.115936 1.185779 1.165841 1.195353 0.979237 0.844230 1.199170 1.062723 0.830686 0.886915 1.201800 1.196595 0.795280 1.223663 1.252664 1.238998 
1.032512 0.997247 1.106009 0.832408 0.887191 1.246800 0.929382 1.070957 0.803555 1.154961 1.226065 1.150651 1.217846 1.246871 0.932280 0.835248 1.239249 1.062101 1.230582 1.053415 1.231983 1.070579 0.795900 1.092409 1.226595 0.838684 1.222632 0.818993 1.046162 1.201193 0.932745 0.911284 0.796903 0.960628 0.880720 
1.236926 1.001149 0.979777 0.876404 0.925343 1.244064 0.798515 1.081203 0.910667 1.111087 1.054919 1.170428 1.234848 1.232683 1.220269 0.878257 1.233828 1.073303 1.230582 0.964729 0.906016 1.002790 0.859654 0.909130 0.879818 
0.800787 1.005499 0.969732 0.855536 0.905299 1.250005 0.974173 0.868846 0.932205 1.064136 1.014822 1.234566 1.185656 1.255246 1.104166 0.863673 1.240927 1.061961 1.221280 0.810489 0.956216 0.984620 0.818000 1.223541 1.193795 
0.828594 1.004807 1.022143 0.882282 0.904107 1.248326 0.935681 0.926409 0.921854 1.091740 0.988599 1.243806 1.142435 1.179879 1.114157 0.899179 1.254406 1.064452 1.242072 0.939358 0.904845 1.181569 0.795624 0.828358 1.121178 1.081681 1.062596 1.084281 1.183814 0.841296 1.054967 1.086247 1.032669 
0.818079 0.993389 1.241859 0.867979 0.868189 1.243509 0.853336 1.195215 0.922258 1.009231 0.914751 1.175754 1.156717 1.179305 1.088827 0.861426 1.249103 1.060643 1.242688 0.968491 0.910531 1.253999 0.795397 1.053046 1.062605 1.258073 0.987286 0.993995 
0.816286 0.974706 1.037296 0.870354 0.856978 1.242527 0.928788 1.000261 0.915797 1.153922 0.914302 1.162704 1.201113 1.203127 1.087668 0.809966 1.245488 0.832827 1.212122 1.041508 0.879115 1.198218 0.795397 1.077870 0.906129 0.798825 0.848402 1.220051 0.896224 1.195581 0.957183 
0.812819 0.976331 1.042939 0.827607 0.873300 1.183038 0.853117 0.988841 0.887634 0.961001 1.230823 1.209081 1.000917 1.172629 1.251365 0.943886 1.218844 0.998592 0.952492 1.035752 0.883365 1.228146 0.799656 0.829399 1.125605 1.053213 0.816869 1.017939 1.142237 1.180786 
0.850472 0.981295 1.057876 0.844689 0.870914 1.203126 1.218530 0.872534 0.888928 0.897230 1.084420 1.176959 0.934443 1.196960 1.240116 0.943886 1.229233 0.807393 1.062752 1.092887 1.255166 1.233068 0.801469 1.190765 0.937818 1.054686 0.990837 1.192054 1.047382 
0.804207 0.974426 1.040364 0.855966 0.871860 1.216469 1.127021 0.888572 1.088944 0.980302 1.031135 1.170145 0.816912 1.133867 1.256824 0.942668 0.986837 1.063352 1.230371 1.079683 1.246802 1.042472 0.811048 1.018061 0.922225 1.242277 0.993909 1.042663 1.126497 0.967079 1.061750 0.901637 
0.851567 0.995103 1.046410 0.839680 0.879767 1.249363 1.193608 0.888847 1.110174 0.949042 0.817622 1.197733 1.229576 1.220993 1.243561 1.188356 0.863699 0.817813 0.980216 1.067882 1.041655 1.236128 0.794412 1.096457 0.884258 1.256172 0.945504 0.928058 
0.850041 0.994001 1.043934 0.880363 0.890513 1.219265 1.223873 0.890604 0.880329 0.953585 0.851541 1.168510 1.108557 1.164040 1.204488 1.246840 1.167436 0.961214 1.020549 1.050751 1.177494 1.232380 0.801147 0.947849 0.911257 1.216670 1.156695 0.839398 0.824603 0.976574 1.237239 0.840710 0.905267 
0.850425 1.002997 0.799734 0.888377 0.921806 1.256294 1.199745 0.915833 1.114723 1.117458 1.052860 1.207621 1.094919 1.254976 1.256528 1.252338 1.097857 0.960349 1.153880 1.102554 0.981808 1.148159 0.815563 1.048763 0.932494 0.891919 1.201400 1.052615 1.234911 1.005503 1.086425 0.845778 
0.860119 0.965725 0.963406 0.889833 0.990320 1.018180 1.208802 0.860402 1.117118 1.102719 1.256594 1.232560 1.120200 1.233347 0.906990 1.246012 1.257265 0.913051 1.043402 0.932044 0.982479 0.824652 0.812139 0.994103 0.928662 1.198410 1.024430 1.092844 1.219686 1.157567 1.058040 
1.123371 0.976618 0.813990 0.873725 0.801744 0.871553 1.201782 0.883502 0.894178 0.903352 1.241548 1.216614 1.093993 1.234179 1.071256 1.229620 1.257265 0.929769 1.194853 1.095663 0.969385 0.808224 0.798361 0.972015 0.867573 0.819237 
0.829091 0.976809 0.951882 0.897369 0.886988 1.022949 1.208652 0.915494 1.134128 0.835280 1.241548 1.216208 1.079679 1.247059 1.047577 1.258200 1.236573 0.895510 1.083062 1.071516 0.969667 0.855231 0.794812 0.982582 0.838971 0.861252 
1.026918 1.004925 0.954957 0.880664 0.961264 1.122356 1.197411 0.988619 1.250396 0.900399 1.253677 1.211078 1.098179 1.216831 1.060074 1.258459 1.204021 0.903419 1.040239 1.082555 0.988253 0.842536 0.794812 1.201091 0.880182 0.877713 0.918194 1.048104 0.972331 0.901974 1.132445 1.010793 1.207312 
1.075459 0.971840 1.249619 0.847476 1.090838 0.934643 1.209941 0.944224 1.217362 0.940811 1.257545 1.170754 0.877937 1.228142 1.051286 1.234504 1.186514 1.107236 1.010913 1.086446 1.109525 0.849350 0.796039 1.035095 0.802377 1.126122 0.913452 1.202768 0.884430 0.974974 
1.256446 0.976768 1.201436 0.870845 1.107514 0.899714 1.175123 1.070552 1.189758 0.839175 0.925777 1.170963 1.010239 1.234462 1.050791 1.224756 1.230600 0.913227 0.944873 1.245461 1.048325 1.225976 0.794464 0.887735 1.077989 1.108441 0.962159 1.020725 1.021221 1.154658 
0.982416 0.998225 1.247528 1.075068 1.095858 0.943519 1.149003 0.842863 1.254633 1.011333 1.070898 1.174992 0.801524 1.195499 0.978063 1.251405 1.004560 0.907687 0.877605 0.974011 1.055185 1.055063 0.794464 0.864073 1.066441 1.197500 1.014971 0.992096 
0.957706 1.007385 1.255143 1.069813 1.139999 0.916619 1.155152 0.853656 1.235359 0.948283 1.067788 1.184012 0.957650 1.234752 1.091776 1.190128 1.133307 0.872251 0.871791 1.159690 0.866027 1.053677 0.794464 0.877054 0.958785 1.017751 1.015684 1.186737 1.110778 1.036805 1.150307 0.948595 1.086267 0.855536 1.081371 1.122581 
0.872090 0.987605 1.249572 1.039126 1.186806 0.911698 1.159362 0.860087 1.220568 0.867070 1.104381 1.183226 1.065884 1.199065 0.974001 1.250945 1.207148 0.803963 0.865912 0.961683 1.033003 0.853333 1.105375 1.090105 0.919136 1.159207 
0.901029 0.980523 1.242367 1.057654 1.049445 0.948618 1.178189 0.941614 1.251382 0.855442 0.981460 1.166125 1.042913 1.230773 0.950876 1.243250 1.057519 0.797706 0.836455 1.079262 1.140801 1.034902 1.223570 0.882605 1.073754 1.074695 1.223418 0.833677 1.220325 1.041245 0.984378 0.860468 1.075273 0.886201 0.954071 0.818947 0.929279 
0.867295 1.019124 1.214893 1.064856 0.836083 0.895606 1.134777 1.099886 1.219798 0.912659 1.001624 1.196866 1.071283 1.240353 0.958368 1.251935 1.076319 0.795620 0.804988 0.832219 0.846524 1.108870 1.003490 0.999714 1.051683 1.061688 1.080819 0.866148 1.119575 
0.928266 0.978286 1.242940 1.222507 1.044516 0.897466 0.826951 0.885506 1.248497 0.914637 1.090356 1.212019 1.125019 1.135510 1.101267 1.255824 0.882906 0.795620 0.868486 0.892173 1.018161 1.123050 1.113384 1.079050 1.200486 0.964376 0.980408 
0.906887 0.995794 1.235380 1.012599 1.041510 0.944508 0.861366 0.861497 1.228926 1.215138 1.016846 1.234872 1.089548 1.215185 1.192767 1.252492 0.981566 0.795620 0.902160 1.093351 0.820820 1.218958 1.089910 1.158673 1.154453 0.978432 0.835885 0.894850 1.012500 0.913703 0.948604 0.978024 
1.146992 1.010053 1.242786 1.067978 0.926832 0.949391 0.839267 1.207654 1.242046 1.237333 1.039040 1.239985 0.915870 1.209815 0.896641 1.229658 1.071303 0.798554 0.878917 1.089249 1.196559 1.183411 1.102920 0.948420 0.827192 1.016855 0.979849 0.921317 0.904966 0.827342 1.186837 
1.038285 1.011616 1.242786 1.074271 0.825389 0.979867 0.827509 1.098467 1.235442 1.149172 0.982080 1.194974 0.877398 1.215978 0.910094 1.240972 0.896833 0.802069 0.858325 1.054113 0.805229 1.166838 1.012348 0.942151 1.070759 0.954246 1.114893 0.932289 1.225402 
0.904551 0.983426 1.234026 1.117398 1.181996 0.928295 0.817678 1.030110 1.211580 1.215118 1.014769 1.193571 0.944483 1.228905 0.887049 1.258909 0.884687 0.802069 0.856264 1.087662 1.115975 1.033926 0.946910 1.241345 1.034179 1.218918 1.140822 1.186795 0.944452 1.072218 0.988555 0.962998 0.952331 1.148520 0.874734 0.831301 1.009337 0.916624 0.827791 1.024739 
1.063997 1.000315 1.234026 0.800593 1.205819 0.979172 1.167109 1.032219 1.253634 1.072925 0.832107 1.194641 0.918831 1.201156 0.852792 1.235118 0.899582 0.809197 0.838924 1.024038 0.863349 0.965348 0.993406 1.213175 1.180492 1.095050 1.126710 1.068616 0.926089 1.004173 1.237035 1.074786 0.872086 0.967808 0.977242 
1.072646 1.005078 1.254267 0.807980 1.208528 1.041856 1.150688 1.033444 1.244189 1.078671 0.878383 1.175974 0.924999 1.210458 0.879840 1.246052 0.873200 0.798978 0.813768 1.062632 1.059440 0.972228 0.830806 1.236174 0.968765 0.905090 0.902499 0.825479 1.172454 1.067579 
1.093817 0.986926 1.229333 0.817429 1.231875 0.916156 1.233250 0.860534 1.244444 0.882193 0.885280 1.178111 0.940433 1.209186 0.911645 1.233810 0.972293 0.794979 0.912323 1.061228 1.249464 0.981644 1.175955 1.018383 1.094718 0.896062 1.135799 0.983147 1.020227 0.977987 1.142350 
0.840786 0.943911 1.225095 1.124443 1.190343 0.806798 1.215068 1.110671 1.200994 1.054372 0.875342 1.225345 0.893146 1.230564 0.948612 1.223076 1.072529 0.794979 0.863306 1.061228 0.961814 1.060249 0.948648 0.929108 0.860248 0.881296 0.999258 1.025675 1.112204 1.067325 1.150664 0.903940 1.040054 0.870284 0.975383 0.932959 
