1.246680 0.806585 0.907725 1.117486 0.809712 1.132599 0.933040 0.868068 0.959466 0.917096 1.061537 1.153632 1.076193 1.149179 1.231622 1.201652 0.928880 0.801187 0.839592 1.077138 1.173760 0.891919 1.220343 1.021724 1.164204 1.040972 1.088227 0.935522 0.913618 0.958982 0.870375 0.944319 1.055562 1.202627 1.017087 1.144874 0.811647 0.904732 0.977054 0.890138 1.147543 0.950287 1.214095 0.870742 1.245196 1.120457 0.943568 1.125911 0.982245 1.176835 1.096486 0.850570 1.053820 1.009642 0.855784 
1.220243 0.896498 1.032935 1.235443 0.815512 1.250693 1.061013 1.024617 0.975171 0.909100 1.255450 0.936675 1.093157 1.215989 1.251505 1.252250 1.250251 0.801187 0.853962 1.092296 1.048146 0.857323 1.195222 0.871147 1.083961 1.039532 0.872900 1.007673 1.154726 1.179554 0.986139 0.994351 1.202615 0.941383 0.885551 
1.239632 0.914212 0.936804 0.935394 0.819354 1.146239 1.076733 0.828157 1.010670 0.960130 0.904515 0.956645 1.116290 1.227157 1.246779 0.991494 1.224513 0.807659 0.851768 0.835246 1.016239 0.922393 1.258405 1.218215 1.120307 1.060982 0.885277 0.820776 0.979964 1.210477 0.981468 1.033089 1.073489 1.076968 1.085323 1.198143 
1.239632 0.910634 0.917064 0.990577 1.171029 1.141394 1.121045 0.812511 1.003844 0.929322 0.927833 1.022559 1.105705 1.199710 1.258399 0.974086 1.253497 0.807659 0.831073 0.908062 1.226620 1.093952 1.243051 1.200155 1.190218 1.066904 0.855757 0.846998 1.168477 1.072601 0.879167 1.147568 0.795893 1.114299 1.002733 1.035174 1.086148 0.985804 1.011859 1.095317 1.177827 0.875288 1.074446 0.950378 
1.242086 0.938125 0.979157 0.958721 0.934978 1.187091 1.063818 0.795980 0.963797 0.945180 0.846421 1.238815 1.087631 1.258235 1.258326 1.068177 1.249632 0.804460 0.870794 0.817575 1.112341 0.810566 1.258252 1.171401 0.794878 1.037757 0.865906 0.819856 1.105351 1.073318 0.948810 1.017794 1.213887 1.130080 0.861637 0.863169 0.982803 1.069574 0.964604 0.854590 1.101839 1.076427 1.084176 1.074067 
1.220437 1.249026 0.903887 0.954557 0.961466 1.153855 1.092718 0.842286 0.980659 0.968221 0.902735 1.208521 1.095329 1.224405 1.242940 0.926755 1.206915 0.799775 0.844153 1.045849 0.895363 0.987149 1.214400 1.078091 0.862714 1.051090 1.037315 0.796733 1.085610 0.986315 1.170000 1.042753 1.230306 0.918996 0.832024 0.946184 0.937148 0.947836 0.967491 0.825626 0.989014 0.839576 1.185937 1.064129 1.052849 0.993823 0.895833 0.984910 1.115717 0.932114 0.879082 0.913569 0.875284 0.880627 
1.256073 1.227891 0.946413 0.970458 0.957104 1.186163 0.826769 0.823502 0.968224 1.016644 0.928924 1.164078 1.117897 1.252519 1.258113 0.930121 0.881846 0.799775 0.812371 1.107395 1.079330 0.852850 1.240293 1.064470 1.204221 1.051090 1.058774 1.162050 1.064131 0.932022 0.889862 1.004218 1.253146 0.968994 0.902731 0.975693 0.888685 1.065614 0.914093 0.819495 0.985730 0.980740 0.986562 0.857872 0.971477 0.933227 1.169325 0.959015 1.093454 1.037164 1.011301 0.907367 
1.242351 1.258602 0.890681 0.862270 1.002783 0.955380 0.916771 0.794991 0.973520 1.025154 1.061683 0.957622 1.097957 1.209959 1.258113 0.926756 0.991535 0.800093 0.853588 1.104324 0.899994 1.085384 1.240736 1.189044 1.178620 1.065447 0.945318 1.048286 1.179550 1.203466 1.081274 1.084517 1.254452 0.975785 0.962100 0.860055 0.920553 1.026388 0.795169 1.045117 0.838649 1.138339 
1.234254 1.247249 0.932340 0.867510 0.957738 1.057201 0.947779 0.807451 0.967644 1.173736 1.123688 0.976226 1.089001 1.231661 1.258113 0.841589 1.215928 0.800093 0.872050 1.079757 0.932661 1.085384 0.857697 1.198160 1.215999 1.075351 0.995005 1.180778 0.870731 1.197145 1.059719 1.117488 1.213933 0.982126 0.907368 0.852747 1.242710 0.894298 1.089924 1.085786 0.953516 0.804122 1.042312 0.850172 0.803905 0.850663 0.879106 
1.251736 1.257691 0.959484 0.912975 1.100938 0.915568 1.028225 0.961508 0.973911 1.073339 1.143226 0.974768 1.116872 1.160475 1.248556 1.022442 0.895293 0.807192 0.805674 1.251322 1.244314 0.908538 0.952740 1.178013 1.167995 0.967064 1.024672 0.878673 0.954024 1.232851 1.072143 0.895141 0.830250 1.255380 1.013399 1.115080 
1.248982 1.221872 0.902324 0.898122 1.039722 0.796268 0.999301 1.198236 0.938793 1.082279 1.084236 1.160354 1.071315 0.864877 1.245433 1.062704 0.902556 0.805429 0.859226 1.216201 1.202141 0.907967 1.111981 0.805256 1.234990 0.964457 1.015348 0.901089 0.806721 1.215447 0.882643 0.904852 0.964865 0.948299 1.214737 1.170118 1.199987 0.980315 1.001588 0.965745 0.960200 
1.247571 1.233015 0.885659 1.147458 1.023884 1.094294 1.048165 1.222119 0.958262 1.228398 0.941183 0.983513 1.092291 0.952594 1.229476 1.027063 0.896914 0.796346 0.852047 1.193853 1.252077 0.963551 1.016748 0.832502 1.127086 1.102503 1.139557 0.891452 1.249642 1.183127 0.876352 1.051862 1.061797 1.221165 0.954487 1.185845 0.846359 1.079853 1.076685 
1.247289 1.220878 0.912419 1.034651 0.932052 0.841430 0.849730 1.181051 0.979343 0.857791 0.871497 1.062563 1.097668 0.954158 1.256600 1.027063 0.896325 0.796346 0.873106 1.247598 1.219945 1.002830 1.071790 0.796301 1.139504 1.138887 1.165807 0.863255 1.073342 1.214086 0.894916 1.171613 1.054108 1.125004 0.998586 0.985857 0.879109 1.018070 1.176411 1.177188 1.171390 1.102054 1.189156 0.976866 0.905820 
1.231263 1.248858 0.929264 0.991248 0.811960 1.022225 1.186596 1.221916 0.947568 1.253205 1.225944 1.065476 1.103371 0.964722 1.237276 1.045859 0.887431 0.806142 0.803398 1.234889 1.235630 1.093892 0.794701 0.817517 0.891159 1.195316 1.072749 0.957712 0.907325 1.071845 1.081759 1.139226 
1.248571 1.239428 0.908949 1.226739 0.888640 0.899893 1.038188 1.138149 0.945697 1.035183 1.219302 1.078103 1.138078 0.953958 1.013898 1.044874 0.905039 1.087285 0.829167 1.178214 1.169285 1.081818 0.794701 0.846434 0.906457 1.161662 1.076107 1.052483 0.958413 1.235973 1.058190 0.831434 1.134004 0.916052 
1.248571 1.244988 0.924859 1.083897 1.034674 0.847643 0.999108 1.142268 0.977565 1.235973 1.209950 1.027336 0.957558 0.975540 1.214739 1.095142 0.945818 1.123943 0.839583 1.232881 1.218380 1.035519 0.794701 0.872860 0.896683 1.206556 1.084740 1.207460 0.929402 
1.246697 1.253740 0.948611 1.012625 0.956382 0.968372 1.041127 1.175050 0.982313 1.255940 0.882455 0.831318 0.911268 0.979988 1.142818 1.107278 0.942483 1.116292 0.865396 1.230284 1.135251 1.096974 0.803297 0.825197 1.029778 1.231997 1.077463 0.816507 0.836400 0.804852 1.097701 0.853717 
1.239444 1.231153 0.932242 0.874082 0.913073 1.207790 0.800575 0.960676 0.975483 1.246463 1.138698 1.023708 1.248343 1.059430 1.191339 1.057820 0.943480 1.080324 0.825055 1.129600 1.151337 1.085159 0.803297 1.022581 0.924600 1.213670 1.037477 1.006700 0.824042 1.173317 1.236478 
1.241647 1.210611 1.063113 0.904771 0.882425 1.250909 1.198721 0.969970 0.953466 0.933590 1.190112 1.035550 0.852397 1.058888 0.982817 1.077818 0.840788 1.138204 0.851980 1.255869 1.199646 1.045357 0.795631 0.978972 1.064655 1.228743 1.060334 1.181277 0.914028 
1.255554 1.237514 0.952876 1.095850 0.888764 1.234303 1.202324 1.008556 0.981258 1.017979 1.225054 1.194353 1.100134 0.846618 1.057094 1.074179 0.849454 1.190442 0.806388 1.244868 1.231778 1.107836 0.801992 1.042176 0.911506 0.829854 0.978082 0.878834 0.979471 1.077614 0.944677 0.925062 1.062132 1.198097 1.032004 0.863071 0.998921 0.887381 1.221309 0.966966 
1.236119 1.240975 1.020394 0.810806 0.942022 1.221254 1.217437 0.853415 0.985392 1.112990 1.212023 1.152443 1.125958 0.845112 0.854322 1.074179 0.893157 1.189979 0.849601 1.169557 0.930331 1.064421 0.795538 0.973435 0.823472 0.951425 0.914373 0.926798 0.982592 1.048517 
1.232462 1.191619 1.009910 0.986211 0.857907 1.224455 1.173632 0.919402 0.966772 1.063186 1.253821 1.159839 1.060104 0.827645 1.257207 1.074845 0.956849 1.117364 0.846706 1.130034 0.932526 0.902118 0.795066 0.897260 1.058081 1.003199 0.977819 1.225764 1.142364 1.184000 1.089560 0.990855 0.944670 
1.232462 0.988575 0.957228 1.012528 0.939570 1.022763 1.234663 0.981938 0.955455 1.084611 1.189573 1.119949 1.060521 1.145246 1.190941 1.036272 0.916209 1.111911 0.838825 1.219746 1.104640 0.851012 0.795702 0.925947 1.165251 1.168338 0.818606 1.242057 1.022295 1.066560 1.152870 1.214427 1.121374 1.144364 
1.239181 1.106007 0.977569 1.000481 0.931760 1.049307 1.215490 0.868327 0.914729 1.110250 1.192819 1.081444 1.027156 0.987540 1.228502 1.026785 0.909406 0.956260 0.829339 1.194201 0.853947 1.066132 0.794880 1.128060 0.853510 1.033310 1.107226 1.251410 1.093900 
1.236177 1.107745 0.988694 1.066095 0.939635 1.005187 1.232114 0.844677 0.938868 0.994903 1.045032 0.920755 1.116784 1.119939 1.208232 1.056905 0.932750 0.949677 0.832981 1.045273 0.897975 0.906437 0.794919 0.926839 0.849712 0.866133 1.231042 1.060475 1.026726 1.079200 1.008670 1.101186 1.244281 1.016874 1.163316 1.152383 0.995041 0.941944 0.891916 1.207835 1.206447 1.081843 1.105780 0.838910 
1.244291 1.105551 1.189478 0.892932 0.962283 0.909773 1.241624 0.826894 1.031619 1.218428 1.087569 0.901314 0.943440 1.156381 1.220700 1.078481 0.930413 0.964360 0.854196 1.031951 0.941689 1.126901 0.807546 1.045002 0.832940 1.086656 1.247289 0.981141 0.986381 1.081382 1.129881 1.055597 1.068726 0.985318 1.215358 1.042064 1.207659 0.906929 1.063888 1.093400 0.916024 
1.252088 0.975871 1.002994 0.858442 0.926188 0.889840 1.183528 0.873855 0.890609 1.076240 0.913035 1.118740 1.230496 0.908059 1.257876 1.087617 0.937791 0.937865 0.812099 1.101384 0.841085 0.962368 0.802064 1.122263 0.817954 1.066114 1.243443 1.056290 1.189602 0.880215 0.846668 1.029877 1.134730 
1.240367 1.023424 1.018196 0.885932 0.970807 1.256663 1.135194 1.082792 1.210289 1.052125 1.075863 1.182067 0.952126 1.201452 1.248842 1.093100 0.982173 0.977176 0.854500 0.910631 0.926791 0.885604 0.802064 1.139212 0.878691 1.072802 1.256591 0.896934 0.936257 1.067305 1.064428 1.155999 0.918815 1.224100 1.195677 
1.243105 1.251914 0.927192 0.963431 0.974412 1.256663 1.080612 0.912526 0.987593 0.870911 0.944861 0.915908 0.893998 0.972081 1.257050 1.097444 1.206254 0.988267 0.884525 1.052668 1.021107 1.061387 0.795892 1.093763 0.803506 1.184869 0.971839 1.195026 0.951945 
1.243105 1.214774 1.135183 0.927457 0.966749 1.245355 1.099351 1.014810 0.974485 0.903040 0.956968 0.803737 0.809239 0.944510 1.257050 1.060092 1.144921 0.945431 0.799387 1.069441 0.900781 1.202799 0.799426 1.061218 1.165991 1.031516 0.801072 1.015750 0.906446 0.891411 1.066806 0.972786 0.846399 0.871930 0.947314 1.007197 
1.227984 1.167442 0.939829 0.873726 0.927490 1.245355 1.061699 0.929760 1.119744 0.904235 1.152415 1.077463 0.798612 0.874707 1.257313 1.046431 1.130055 1.199894 0.813735 0.931154 0.802311 1.120449 0.799426 1.054726 1.243056 1.247590 0.940391 0.984669 0.917666 0.917704 1.174899 1.129121 0.834162 1.216169 1.191885 1.002999 0.891270 1.065934 0.953872 1.219306 0.860567 1.250258 0.995958 0.920593 1.185652 1.156720 
1.249123 1.173773 0.845749 1.215846 0.972569 1.034623 1.067588 1.257453 0.951041 1.232913 0.826922 0.825539 0.802087 0.996169 1.250303 1.058481 1.114156 1.231845 0.815552 0.816077 0.909863 0.986952 0.795884 1.010201 1.146248 0.899183 1.228908 0.897379 0.869609 1.071166 1.239666 0.890995 1.185890 1.025242 1.253996 1.085148 0.922744 1.055460 0.948156 1.022149 1.135006 0.947858 1.162771 0.907612 1.126659 0.997237 0.844438 1.016125 1.145977 1.176458 0.872967 1.059251 0.904531 
1.226822 1.229743 0.882433 1.176693 0.944425 0.853965 1.080715 1.257453 1.175607 1.028338 0.874476 1.171333 0.816844 1.047383 1.250303 1.058587 1.192270 0.979601 0.846544 1.091441 0.883382 1.162620 0.795884 0.994882 0.887087 0.858194 0.899505 1.048035 0.885687 1.047887 1.166173 0.960066 1.249812 0.979621 0.932756 0.835781 
1.230291 1.177205 0.861487 1.139493 0.955911 1.249812 1.074287 1.113566 0.909138 0.847570 1.154348 1.152149 0.795705 1.206044 1.257419 1.055323 1.205837 1.052142 0.808333 0.894075 0.870362 1.198835 0.799362 0.998741 0.961211 0.863218 0.882850 1.031387 1.053661 0.921717 0.869389 0.983641 0.910341 1.108087 0.970098 1.028317 1.096761 1.143789 0.914764 1.190769 
1.220543 1.189994 0.981169 1.019898 0.922852 1.236370 1.028423 0.838517 1.115426 1.211915 1.069286 1.154493 0.834478 1.025238 1.221080 1.033337 1.134337 1.062528 0.833761 0.931805 1.167009 0.998951 0.795338 0.920214 1.068709 0.828054 0.927345 1.077785 1.014428 0.918833 0.925277 1.070720 1.121478 1.012697 1.244331 1.010051 
1.195021 1.172957 0.969937 1.105218 1.122963 1.243389 0.941338 0.894952 1.151053 1.215214 1.050090 1.115254 0.812729 0.874173 1.201835 1.061483 1.166829 0.846544 0.838096 0.931805 1.136589 0.843203 0.795338 1.022587 1.050407 0.814087 0.888454 0.990403 0.994998 1.223611 1.073240 0.795823 1.048556 1.009678 0.800178 0.913493 1.050166 1.069083 0.888262 0.898996 1.069904 1.094630 1.093490 0.864687 1.249950 0.887484 1.057959 1.012376 1.015734 0.899360 0.974718 
1.196077 0.966881 0.938192 0.998843 1.047406 1.257432 0.933549 0.872857 1.024881 1.205417 1.050090 1.196249 1.037309 0.869267 1.248306 1.052716 0.823577 0.828419 0.831408 0.903165 1.236648 0.854296 0.798623 1.179290 1.163753 0.888793 1.122759 0.916084 1.096867 0.815527 0.922854 0.951922 1.027577 0.834130 1.072972 1.031020 1.185095 0.901231 0.989410 0.960121 1.040551 1.042132 0.973862 0.961303 1.108237 
1.217389 1.049428 0.901118 1.138647 1.210287 1.250690 0.927294 0.912915 1.067274 1.215458 1.059703 1.236902 0.945998 0.980356 1.225452 1.037716 0.957925 0.986073 0.843323 0.962329 1.184645 0.932183 1.026284 1.158912 1.104791 0.831491 1.160082 0.884230 1.066807 1.171495 1.101791 0.795937 0.940423 0.929403 0.868517 0.850400 1.075643 0.881263 0.864943 1.138935 1.034015 1.008154 0.803546 1.007242 1.011092 0.920298 0.869268 1.247431 0.954244 
1.210689 1.043213 0.920109 1.190254 0.809764 1.223575 0.966396 0.939455 0.959020 1.238904 1.049189 0.927551 0.876423 0.943133 1.191381 1.051228 1.190820 0.858647 0.845376 1.107935 1.085106 0.936103 0.893680 1.066591 0.881224 0.829205 0.886823 0.948840 0.869022 1.226557 1.177571 0.795937 0.815884 1.005168 1.075801 1.064203 0.994752 1.095883 1.099968 1.141240 1.061816 1.105344 1.217469 0.852519 0.860577 0.962338 0.965212 1.126809 
1.189259 1.002043 0.900352 0.826620 1.080001 1.235869 0.923692 0.873041 0.984362 1.170214 1.051356 0.982040 0.881379 0.950895 1.217831 1.051228 0.963038 0.997428 0.866790 0.889420 1.109533 0.891829 0.886878 1.069762 0.915846 0.830508 1.233583 0.868152 0.986190 1.171450 1.035117 0.795937 0.842860 0.827919 1.202280 0.957781 1.100444 0.863585 1.135508 1.172865 0.940923 1.080482 0.986549 1.191633 0.802378 0.909522 0.853734 1.217526 1.042663 
1.204129 0.877529 0.863219 0.991798 0.904778 1.255953 1.201786 0.811097 1.153394 1.167641 0.919230 1.239766 1.138892 0.948269 1.225402 1.021665 1.085430 0.951905 0.799710 0.903827 1.152222 0.853483 0.921535 1.044422 0.950629 0.846059 0.800766 0.862635 1.149996 1.193370 1.061050 0.795937 0.891955 0.955081 1.215341 1.059006 1.098797 1.246831 1.027854 0.930937 
1.235516 0.944178 0.865179 0.895758 1.164019 1.228938 1.169129 1.044837 1.004281 1.153033 0.889633 1.230850 0.952869 0.911957 1.243758 1.016139 1.197219 0.999789 0.811680 0.926808 1.024517 1.091998 1.171368 1.253454 0.953860 0.811338 0.898111 0.895875 0.904297 1.170990 1.038883 0.795937 1.141098 1.163524 0.931783 1.048416 1.126367 1.210857 1.237250 1.164449 1.064083 0.969508 0.837584 1.118685 1.154187 1.106541 0.891905 0.995740 1.129433 1.217640 0.900870 0.919047 0.828920 
1.239180 1.170182 0.891239 0.888994 0.840510 0.980202 1.050628 1.049669 1.217812 1.113001 0.845427 0.866433 0.955113 1.095320 1.251167 1.020110 1.153369 0.971202 0.820564 0.969533 1.095637 1.176199 1.238059 1.219552 0.923750 0.798748 0.892007 1.189962 1.022515 1.193442 1.054523 0.807519 1.126122 0.962871 0.857822 1.231124 0.966746 0.867241 1.237250 0.863259 0.991204 1.010004 1.011546 0.880758 0.927971 1.202595 1.239652 0.980921 1.114038 1.158728 0.855710 
1.247264 1.241597 0.843471 0.868558 1.239796 1.172684 0.923083 0.923094 1.159531 1.176772 1.037430 0.873713 0.984416 0.916936 1.240244 1.079107 1.234375 1.251017 0.816215 0.963388 1.088038 1.254576 0.822189 0.878204 0.949608 0.796355 1.195437 1.034854 0.845274 1.173967 1.099272 0.806104 0.803410 1.083573 1.008919 1.016597 1.217179 0.954629 1.111767 1.198054 1.030438 0.894149 0.885047 1.101335 1.014952 1.052775 0.932891 
1.226638 1.245402 0.913719 0.943981 1.252883 1.144058 0.856258 0.884328 0.854604 1.230635 1.029495 0.968312 0.929677 0.862233 1.068611 1.076491 1.146984 1.252594 0.849558 0.950121 1.229154 1.005716 1.049606 0.985223 0.941692 0.955322 1.172394 1.023254 1.039077 1.070064 0.902419 0.795318 0.829620 0.873570 0.878256 0.806070 1.194948 1.034145 0.840867 1.193421 1.066193 0.903387 0.959226 0.985451 1.072332 0.878952 
1.245854 1.244372 0.925367 0.902092 1.191615 0.851647 1.192082 1.085661 0.824281 1.184009 0.974270 0.959374 1.048963 0.974503 1.152518 0.990029 1.187266 0.979733 0.848641 0.932441 0.990761 1.111459 1.156759 0.917368 0.993625 0.992676 1.068537 0.882618 1.055662 1.097058 0.858409 0.796026 1.083639 1.017140 0.840064 0.867167 1.160835 1.198807 0.970921 1.177807 0.952609 0.988847 1.018834 1.000522 1.050708 1.035828 1.113607 0.894828 1.056130 0.959831 1.070102 
1.207090 1.072546 0.896071 0.864293 0.895286 0.911238 1.213159 1.218144 0.808951 1.115345 0.795083 0.989011 0.981809 0.833785 1.020794 1.028355 1.216338 1.007437 0.839932 0.937509 0.862416 1.121258 0.921047 0.863378 1.016356 0.883741 0.907114 0.932722 1.049311 1.097058 0.951947 0.796026 1.215258 0.881895 1.080568 0.986301 1.249258 0.836178 1.189588 0.847938 1.234874 1.038315 0.922761 0.811505 1.032555 1.037804 1.205499 1.139629 1.079361 
1.206199 1.064022 0.914172 1.015916 0.958571 0.829448 0.836460 1.197405 0.831066 1.081427 0.997318 0.948908 0.870146 1.187946 0.875411 1.200099 1.181901 0.889361 0.874759 0.941079 1.103448 0.828760 1.147387 0.971117 0.966282 0.884042 0.922870 0.975667 1.198133 1.068216 0.796180 0.796026 1.002920 0.898893 1.065417 0.795013 1.220687 0.927987 1.181500 0.837473 0.987255 0.996202 0.905285 1.142260 1.223105 1.010779 0.853888 1.252985 1.039518 1.128892 1.114181 0.841523 
1.224404 1.079665 0.930872 0.964290 0.881406 1.044094 0.809075 1.067369 1.245061 1.085912 1.022431 0.802730 0.929500 1.229712 1.108322 0.845028 1.234130 0.899178 0.809840 0.939515 0.948533 0.987298 0.837316 1.241626 0.820842 1.104109 0.923003 1.228384 1.005701 1.070504 0.957000 0.796026 1.252985 1.166433 1.056057 0.804672 1.080374 0.853816 1.102549 1.025064 
1.231630 0.820857 0.822916 0.973702 0.905129 1.055543 0.897855 1.108198 1.226005 1.104229 1.021625 1.254907 0.796975 0.992274 0.806522 0.852115 1.243374 0.894269 0.838620 0.967206 0.954955 1.051983 1.120754 1.149612 1.245760 1.138764 1.136734 1.150126 1.184325 0.845618 
1.216601 0.817022 1.097759 1.071369 1.010163 1.065242 0.936363 0.965926 1.191950 0.910988 0.952790 1.244394 0.798217 0.934278 0.921386 0.854813 1.252379 1.001284 0.832007 0.959884 1.012428 1.165745 1.131242 0.826242 0.879438 1.227330 1.148636 1.182627 1.045313 0.928803 1.084326 0.886833 1.020424 1.054343 0.993298 1.133706 0.839913 0.969884 0.794674 1.035827 0.967414 1.115292 0.988173 0.941704 
1.208764 0.819690 0.993920 1.054293 0.877366 0.861867 1.041224 1.019181 1.203462 1.087444 0.807651 1.244394 1.060370 0.909867 0.920327 1.002773 1.200244 1.018247 0.831405 0.929946 0.794674 0.977476 1.027747 0.846366 1.023293 1.092420 1.212585 1.181521 0.871566 0.990996 0.875115 1.130163 0.827681 0.809796 1.009414 0.944171 0.849848 1.159654 1.001459 1.174536 1.209369 1.175255 1.104090 0.839221 1.146676 0.924375 0.856931 0.865905 1.015350 
1.208764 0.903389 0.904947 0.958280 0.888549 1.049702 0.946567 1.023286 1.229846 1.089218 0.849150 1.237697 1.071837 0.989677 0.958300 0.822468 1.216318 1.147948 0.846321 0.953508 0.795419 0.894877 1.179595 0.866887 1.023764 0.857294 1.217365 1.065929 1.064149 0.994549 0.851166 1.249123 1.026538 0.965651 0.828383 1.117116 1.211469 1.019208 0.891719 1.138409 1.055070 0.954431 0.954741 1.146500 1.020343 
1.233578 0.932065 0.983606 1.107804 1.223994 1.071969 0.948553 0.906556 1.258591 1.072133 1.016141 1.237697 1.062365 1.093716 1.209407 0.935125 1.205683 1.151920 0.846067 0.957523 0.803205 1.047861 1.161536 0.846506 0.848290 0.893223 1.205643 1.015194 0.858413 0.996066 1.006686 0.915805 0.902208 1.074565 1.250209 0.919817 0.827803 0.839216 1.161421 0.925775 1.103919 0.903491 0.881937 0.992239 1.050542 0.952189 1.042194 1.076693 0.952389 0.804605 0.931134 1.070528 
1.243129 0.968732 0.797236 1.231920 1.171278 1.052909 0.998845 1.095674 1.244260 1.072133 0.950990 1.234096 0.921961 1.121708 0.923649 0.920435 1.206076 1.142926 0.876077 0.965633 1.193837 0.865806 1.173104 1.033212 0.882252 1.225772 1.190855 0.802866 0.827622 1.001996 1.156178 1.007364 0.958271 0.870724 1.223114 0.980077 1.049467 0.914478 1.053782 0.848638 0.838988 1.205826 1.077952 0.986928 1.150937 0.795893 1.006586 1.194612 0.871571 1.054903 1.117791 0.968569 1.209544 0.931304 0.922547 1.026596 1.122624 
1.248692 0.958163 0.969362 1.199680 0.894352 1.080153 0.926300 0.803999 1.231150 1.072133 0.902560 0.848921 1.070473 0.878583 0.920903 1.252820 1.020490 1.110498 0.845493 0.951678 0.852627 1.232424 1.023074 1.234795 1.036062 1.124751 1.132340 0.802866 0.899266 1.061412 0.832433 1.154664 0.964701 0.880152 1.114876 1.057585 0.972427 
1.224500 0.937042 0.938717 1.177397 0.887574 1.077794 1.023157 1.039732 1.218559 1.068239 0.955240 0.920219 0.842511 1.002610 0.920804 1.241810 1.134843 1.256019 0.860606 0.898879 1.151260 1.252802 0.890182 1.073511 1.145973 0.999698 1.136844 0.806056 0.938976 0.927362 1.154768 1.233623 1.010918 0.880290 0.977536 1.085585 0.887135 1.126652 1.032006 0.937999 0.865502 1.006407 
1.215604 0.930379 0.897463 1.139678 0.878829 1.066163 1.185622 0.869825 1.245382 1.080459 1.161238 0.946364 1.009233 0.874841 1.193413 1.211836 1.074160 0.824209 0.838894 0.794631 1.181364 1.245921 1.235766 0.835397 0.840403 0.993405 1.098341 0.901154 0.971980 0.943271 1.150635 1.228136 0.974055 0.978827 1.209561 1.079029 0.946414 1.113479 1.115715 0.897501 0.986641 1.156715 
1.248592 0.978467 0.903261 0.997497 0.864082 1.046987 1.231215 0.831250 1.245382 1.096141 0.876059 1.198075 1.044269 1.157506 1.254351 1.241116 1.090662 1.037457 0.823248 0.794631 0.974057 0.833597 1.250396 1.235427 0.967029 1.009263 1.088996 0.899524 1.140185 1.119837 1.241449 1.197284 1.119948 0.931653 1.014752 1.007069 1.010069 0.831216 0.954394 
1.225387 1.020307 1.101414 0.810990 0.916011 1.097445 1.143622 0.846084 1.250852 1.094566 0.930450 1.159760 1.221650 1.241967 1.084421 1.211239 1.049470 0.848362 0.832632 0.794631 0.944801 0.970491 0.895040 1.049793 0.941258 0.953477 0.921296 0.929651 1.067307 1.038942 1.202976 0.960525 0.854055 0.976579 0.872911 1.039245 1.162383 1.107875 1.098781 0.809253 0.865691 
1.231166 1.035818 1.162181 1.172378 1.075301 1.079912 1.141742 0.829821 1.093914 1.073300 0.970198 0.823304 1.255748 1.100676 1.042898 1.168861 1.047367 1.149382 0.821274 0.794631 1.064856 0.902292 0.894733 0.840691 0.971204 0.943962 0.891608 0.893659 1.244372 0.976016 1.195035 0.935994 1.021080 0.990855 
1.246105 1.118345 1.136472 1.239323 0.983857 0.962894 1.160502 1.029021 0.940371 1.090639 1.237752 0.883137 1.254822 1.087711 1.057560 1.171081 1.101222 1.166103 0.810717 0.795017 0.915249 1.251471 0.939455 1.188073 0.989223 0.894167 1.146063 0.921735 1.095397 0.826167 1.111894 0.973542 1.095000 1.176827 1.084324 1.162009 0.824119 1.019676 
1.232267 1.039374 0.931265 0.893967 1.062182 0.946184 1.179990 1.245438 0.923470 1.129294 1.214782 0.935811 1.023373 1.032172 1.175503 1.249165 1.019198 0.983867 0.851391 0.810466 0.918784 1.239992 1.076188 1.099461 1.076037 0.869478 1.091399 1.007597 1.194988 0.864524 1.038269 1.004741 1.200647 0.959142 1.002611 0.937331 0.929301 1.087279 1.081531 0.812713 0.931719 0.944036 
1.246964 1.156219 0.830311 0.865278 0.876528 0.972236 0.878892 1.250388 0.899446 1.128793 0.894084 1.035764 1.019366 1.028940 1.026118 1.246212 1.186688 1.005071 0.822661 0.824276 0.927066 1.216488 1.092842 1.010658 0.904802 0.968907 1.082197 0.906102 1.151656 0.856185 1.013214 1.060816 1.250812 0.906072 1.161767 1.123552 0.798510 1.111644 0.936357 0.951157 1.069562 0.922192 1.049148 0.925865 0.985383 0.992057 1.028835 1.208840 1.066516 1.102751 0.866649 1.243668 
1.255632 1.054139 0.966608 1.008930 0.909391 0.946713 0.930688 1.238385 0.895011 1.109530 0.811417 1.110528 0.837878 1.019689 1.051247 1.249849 1.206052 0.969334 0.830796 0.942010 1.054466 1.254069 0.844452 1.098033 0.988666 0.990021 0.935003 1.073773 1.183532 0.822930 1.228058 1.017715 0.855137 1.037936 0.978031 0.983711 1.162094 1.138615 1.020166 
1.188974 1.033147 1.240299 0.794941 0.898375 0.946713 1.135710 1.238385 0.968545 0.980154 0.944246 0.976225 1.238718 1.005707 0.865485 1.241954 1.133374 0.942507 0.835602 1.039577 1.038898 1.220109 0.879577 1.081100 1.208586 0.960656 0.874705 1.040268 1.135563 1.161450 0.815675 0.990632 0.878518 0.835259 1.179284 0.975909 1.086957 1.134144 
1.256049 1.070773 1.242597 0.811835 0.904230 0.989324 1.118208 1.161193 0.883813 1.014189 1.010171 1.253490 0.993926 1.042244 0.951545 1.153327 1.065414 0.969123 0.798445 1.003450 1.051247 1.238951 0.874082 1.095834 1.026226 1.082242 0.918707 0.958488 1.042852 1.017687 0.825042 1.204350 1.096890 0.988168 1.247424 0.842585 1.119374 1.160642 0.843455 1.142814 0.952495 1.088596 1.223101 1.118396 0.910839 1.091482 1.100042 
1.245465 1.018050 1.242597 0.796296 0.898231 0.901979 0.835474 1.012288 0.907034 1.041303 0.930944 1.168102 0.800132 1.038127 0.895166 1.232346 1.072385 0.983963 0.855457 0.974438 0.946225 1.233455 1.106368 1.111805 1.056985 0.836727 0.934558 0.963218 1.158342 0.980290 0.797999 1.219037 0.917127 1.035738 1.089452 1.045672 0.896639 1.165120 1.066782 1.202017 1.100334 0.930533 1.220437 1.096581 0.896365 1.134138 1.124322 0.985204 0.949889 0.922457 1.174664 0.823520 0.979103 0.961743 1.072835 0.936716 0.913194 1.153326 
1.239811 1.091107 1.256536 0.796296 0.916255 0.957803 0.862286 1.074701 0.939980 1.008712 0.845363 1.213794 1.059472 1.046872 0.928076 1.247544 1.054850 0.960891 0.838229 1.134517 1.109067 1.250059 0.966702 1.098388 1.012016 0.885138 0.942893 1.010968 0.875400 0.868872 1.086641 1.251467 1.127492 1.132050 0.950908 0.869469 0.940833 1.158554 1.047338 1.246108 0.953875 1.252731 0.909605 1.053809 0.817768 0.869774 1.069721 1.172101 1.005348 0.857630 1.087995 0.964384 0.865290 1.212847 1.079561 
1.209271 0.798981 0.856778 0.795760 1.045751 0.956109 0.861552 0.981940 0.930131 1.053265 0.897330 1.250262 0.886688 1.025854 0.931338 1.198334 1.095239 0.984527 0.819599 0.881798 1.060480 1.250859 1.023138 1.079681 1.093139 0.818323 1.069696 0.930133 1.093974 0.794616 0.922425 1.190168 1.070549 1.237208 1.073133 1.215917 1.248051 1.182911 1.041542 1.063641 1.073236 0.955248 0.989822 1.086093 1.129918 0.941700 0.821090 1.016054 1.112763 
1.244732 0.872487 0.808991 0.797272 1.165692 1.258454 0.894015 0.849503 1.065367 1.030203 0.836612 1.013063 0.967294 0.992461 0.944853 0.829713 1.084049 0.977800 0.826445 0.961770 0.997136 1.251181 0.882568 1.079660 1.106411 0.869988 1.174707 0.939947 1.142381 1.046409 0.937728 1.203192 1.150313 1.071306 1.178375 0.944760 1.248051 1.210709 1.107442 0.795196 1.122306 1.135399 1.010189 1.194615 0.821188 0.985933 1.112219 0.812731 1.159306 1.123467 1.007583 1.215270 0.885885 0.995854 
1.256005 1.110254 0.869897 0.797272 1.207631 0.967546 1.103442 1.000276 1.132737 1.051888 1.185588 0.951851 0.915506 1.179657 0.897163 0.810706 1.097052 0.947597 0.855166 0.961770 0.913500 1.251181 0.959362 1.072361 1.012780 1.251513 1.224317 1.144271 1.016127 1.247819 0.908186 0.921564 1.068333 1.110157 0.916007 0.934485 1.258792 1.153105 1.088681 1.189711 0.892801 1.104060 0.893556 0.875468 0.892882 1.085980 0.979565 1.023033 0.856343 0.835330 1.081933 1.154402 
1.241769 0.815515 0.879210 1.252225 1.151962 0.805241 1.165656 0.907928 1.005088 1.106872 0.809048 0.939864 1.095117 0.938934 0.998353 0.827987 1.083368 0.977752 0.851739 0.841909 0.949748 1.251181 0.870088 1.057911 0.874106 1.222206 1.038303 1.124628 1.144257 1.210761 0.896086 1.158006 1.001328 1.120025 1.007677 0.961237 1.243739 1.119176 1.027642 1.002355 1.075729 0.936823 1.027226 1.170364 
1.234474 0.904500 0.879927 0.956144 1.079731 0.802611 1.101199 0.878303 0.979714 1.040455 1.187957 0.888703 1.076870 1.236367 0.933908 0.808218 1.043521 0.922042 0.858611 1.118207 1.223373 1.227171 1.050908 0.854296 0.891426 1.243779 1.067627 1.108749 1.208136 0.966544 0.898170 1.136193 0.879728 1.025076 1.083647 1.085433 1.048267 1.022266 0.988879 0.928814 1.122034 
1.258251 0.917210 1.185979 1.213432 1.055345 0.796311 1.118294 0.968992 0.942369 0.929961 1.033777 0.865954 0.871317 0.961177 1.192203 0.795116 0.966700 0.947781 0.834151 0.940718 1.237292 1.250169 1.006414 1.179896 0.864636 1.223962 1.106495 1.052637 1.218122 0.897918 1.077711 
1.229849 0.857643 0.892336 1.082033 1.232634 0.795111 1.152032 1.064211 0.969700 1.151778 1.123721 0.928741 0.813185 1.002130 0.818163 0.821030 0.913881 0.971153 0.833313 0.886862 1.247964 1.213434 0.908263 0.938529 0.856591 1.230004 1.143608 1.134890 1.153971 0.951184 0.986116 0.803931 1.067545 0.854875 0.832184 1.093127 1.049053 1.060667 0.863886 1.077912 1.047739 0.983170 1.095959 0.853842 1.201818 1.224105 1.044329 0.992159 0.797176 
1.240652 0.947622 0.815202 0.999801 1.033406 0.795111 1.031419 1.064211 0.994953 1.114018 0.888446 0.953638 1.012659 1.151975 0.802912 0.816075 1.156074 0.950798 0.862692 0.824908 1.201512 1.245441 1.179984 1.154822 0.933872 1.098390 0.998889 1.110915 1.229235 1.119022 1.255631 0.883068 1.073186 1.027818 0.894717 0.898517 0.962019 1.157068 1.220570 1.008615 1.104075 0.923208 0.917102 0.984915 0.828897 0.859057 1.050022 0.935950 0.876150 1.153602 1.081076 
1.202486 0.922935 1.087348 0.940488 1.049206 0.809894 1.109567 1.041942 0.945587 1.125062 1.258583 0.879278 0.921987 0.961937 0.956773 0.794992 0.945036 0.859878 0.813445 0.961367 1.132290 1.217699 1.116034 1.186069 0.952795 1.238229 0.953153 0.874437 1.218169 0.851408 1.233551 1.042965 0.973127 0.973641 0.888937 0.852828 1.007666 1.092278 0.830721 0.986260 1.053989 0.839719 1.095032 1.042712 
1.212264 0.936345 0.821605 0.837230 0.870905 0.813069 0.855009 1.041699 0.929759 1.073039 1.075814 0.988197 0.870425 0.979443 0.955671 0.799386 0.924042 0.853999 0.802762 0.884559 1.104015 1.255447 1.161863 1.139609 0.959694 1.205720 0.900745 0.927087 1.203284 0.904185 1.206107 1.109217 1.031365 1.078083 1.130229 0.847250 0.865896 0.995506 0.815695 1.172854 1.061665 1.211876 1.193900 1.186005 0.902089 
1.221683 0.945438 0.931991 0.889436 0.883120 1.007548 0.979857 1.075714 0.943566 1.090062 1.082790 1.010995 0.878132 1.132864 0.945987 0.797438 0.816635 1.070977 0.862600 0.930746 1.092280 1.256301 1.243227 1.128809 1.242459 1.035423 1.124637 1.041633 1.239703 0.886614 1.142056 0.969281 1.057901 0.803702 0.933693 0.880942 0.975737 1.250498 1.216879 
1.232910 0.922245 0.875358 1.119269 0.933204 0.978702 1.007033 1.059651 0.943197 1.128048 1.079979 1.029834 1.061029 0.849361 0.960965 0.794455 0.860792 1.203953 0.847960 1.065460 0.856249 1.225674 1.084780 1.113339 1.242459 1.210765 1.195041 0.964326 1.222861 0.867012 1.036660 0.815466 0.797797 1.131590 0.881557 1.190588 1.191248 1.020339 0.894018 0.866692 1.139308 0.848814 1.102861 1.105886 1.177367 
1.247719 0.921036 1.131068 1.178837 1.022826 0.902622 0.889707 1.042057 1.058051 1.244930 0.988466 0.984417 1.059028 0.839295 0.935746 0.794746 0.959553 0.917802 0.846452 0.956417 1.221284 1.049485 1.020139 1.118833 1.248922 0.851269 0.960426 1.124536 1.252122 0.926308 0.915649 0.799767 0.878808 0.847696 1.032383 1.241085 1.217042 1.064268 0.949460 0.873623 0.848924 1.219719 1.153113 0.880485 0.854679 1.125695 0.962591 1.215561 1.131525 1.062623 1.056873 0.795182 1.251645 0.833302 1.211499 1.110433 0.890325 1.235423 
1.133836 0.973761 1.198216 1.024150 0.833942 0.858007 0.898736 1.065495 0.996403 1.257465 0.856691 1.128507 1.061927 0.820084 0.931415 0.872451 1.050706 1.238712 0.892427 0.955940 1.044653 1.106169 0.959566 0.960794 1.223028 1.026097 1.235729 0.798922 1.205731 1.076719 0.999410 0.913564 0.841766 1.213292 
1.183987 1.026678 0.955442 1.021870 0.852129 1.111266 1.253771 1.049957 0.985663 1.257465 0.984205 0.864535 1.146286 0.906668 0.963438 0.876668 1.241755 1.228858 0.825293 0.966292 1.178976 1.182821 0.850849 0.904861 1.204686 1.076802 1.230598 0.798922 1.205417 1.052097 0.897477 0.934029 0.901448 1.050604 0.822752 0.903863 
1.211860 1.200578 1.182084 0.999227 0.796782 0.925873 1.234566 1.068717 0.861651 1.207806 1.003968 0.864535 1.053590 0.806263 0.919309 0.969557 1.062402 1.182215 0.844720 1.032768 1.065026 1.205929 1.163572 0.880661 1.131786 1.044973 0.947090 0.794475 1.232863 0.988545 1.200366 0.907900 1.104006 0.858153 0.864583 0.969533 1.146504 
1.206031 1.160467 1.062665 1.013934 0.814014 0.939014 1.234566 1.081187 1.012362 1.235520 0.848083 0.920062 1.130654 0.803723 0.912035 1.051844 1.033666 1.145424 0.815365 1.068452 0.867187 1.190652 0.996372 0.899666 1.163375 1.010990 1.208185 1.044077 1.152942 0.907667 1.245468 
1.204764 1.214783 1.100372 1.053967 0.813613 1.041400 0.801148 0.920495 0.937111 1.199196 0.874287 0.916656 0.872939 0.803723 0.919818 0.933040 1.025800 1.020345 0.796656 1.032039 1.009260 1.062198 0.921733 1.138678 1.165506 0.859161 1.246789 1.087798 1.231776 0.911711 1.046960 1.037695 1.170204 
1.200511 1.104949 1.039272 1.180061 0.821504 0.819169 1.156193 1.028295 1.075091 1.222556 0.978551 0.897210 1.109261 0.797507 0.946034 1.250768 1.041405 1.041288 0.834527 1.167104 0.994994 1.092434 0.814472 0.886028 1.069623 0.850861 1.246789 1.081956 0.826724 1.107690 1.150439 0.871213 0.923123 1.186413 1.046727 1.021348 1.070299 0.890352 1.046062 
1.228147 1.232994 1.101327 0.945726 0.842541 1.104669 1.177817 1.173662 0.985142 1.041558 0.926657 0.959143 0.993167 0.797507 1.033823 1.250018 0.936962 1.042176 0.830477 0.969310 1.187665 0.820880 1.119123 0.892477 0.979743 0.892865 1.253025 1.105866 1.194441 0.928201 1.094267 0.830556 1.220606 1.225873 1.058555 1.200280 1.080945 1.151252 1.165258 1.061599 0.930806 0.974398 0.910687 
1.241862 1.192906 0.946112 0.899724 0.841191 0.951158 1.228203 1.052616 1.207490 1.092129 1.098193 1.020708 0.953608 0.805938 1.046569 1.230825 0.941319 1.029399 0.810699 1.083524 0.963418 1.042299 1.000635 0.889658 0.794819 1.124388 0.864601 1.073291 1.238019 1.088461 0.893316 0.963837 1.211566 1.050322 1.236506 0.889446 1.014180 0.912023 1.029627 0.897267 0.867967 0.854670 1.066295 0.959985 1.024958 0.859120 0.856616 
1.215973 1.105122 0.932011 1.061330 0.851437 0.951846 1.203000 1.014667 0.906363 1.040413 1.037373 1.082437 1.244849 0.796785 1.026617 0.819754 0.884887 1.036959 0.839109 1.179215 0.816276 0.938492 1.055083 0.913829 1.064964 1.239288 1.029447 1.105618 1.242003 1.095333 0.893982 0.926073 1.184645 1.216049 1.230169 0.909170 1.148826 1.034289 
1.215973 0.989785 1.200853 0.928159 1.160027 0.933746 1.155676 0.886435 1.101791 1.140463 1.061004 0.909826 0.851054 0.796785 1.045967 0.831715 1.111806 1.024711 0.866754 0.923224 0.894551 0.910731 0.923005 0.952335 0.848055 1.171187 1.139197 1.070264 1.232526 1.135094 0.900415 0.914954 0.831418 0.900011 1.225900 1.195055 1.156583 0.926039 1.018789 1.062537 1.066453 0.879845 
1.222560 0.990165 1.211937 1.202211 1.183141 0.962225 1.249651 0.886776 0.906217 0.880298 1.063907 1.000834 1.074635 0.794849 1.042283 0.865402 0.903515 1.042987 0.844791 0.940119 1.003010 1.161460 0.883819 0.934357 0.837898 1.252567 0.868790 1.110681 1.255007 1.143495 1.198726 0.934714 1.203084 0.885597 1.212398 1.096053 1.179748 1.128851 0.949946 0.838142 1.025081 1.136316 
1.234138 0.981932 1.110937 0.865345 0.860695 1.213581 0.884602 0.901474 0.806735 1.213053 1.068788 1.207907 1.182456 0.794849 1.115145 0.915067 0.870011 1.036922 0.813516 1.163098 0.948322 0.795214 0.838529 1.023090 1.096294 1.245153 0.798421 1.063922 1.247405 1.175345 1.096090 0.938014 1.225384 0.992899 0.966821 0.869189 1.125401 1.063073 0.952882 1.130209 0.972037 0.964559 0.868328 0.963750 0.948061 1.184987 0.830797 0.934351 1.165063 0.906771 1.059192 0.933622 
1.213183 1.175957 1.124067 0.812343 0.813930 0.877051 0.841718 0.928617 0.832418 1.189064 1.055006 0.978180 1.093132 0.794849 0.904392 0.829238 1.117622 1.044777 0.854226 1.254095 0.949814 1.109239 0.946696 1.174769 1.074706 1.238515 1.047597 0.973208 1.257349 1.118547 1.237572 0.935983 1.113240 0.847484 1.073741 0.956660 0.948028 0.993691 1.246268 1.091084 1.094680 1.114531 0.868849 0.819603 0.844929 1.122812 0.966369 1.071977 1.073499 
1.248587 1.165163 0.915021 0.979909 1.002048 1.128094 1.203132 1.018893 0.996566 1.072579 1.091142 1.208777 0.956523 0.794849 1.096134 0.862988 0.908803 1.058390 0.815415 1.205638 0.988891 1.131256 0.845089 0.978989 0.817551 1.251065 0.948850 0.885743 1.257349 1.184439 1.211927 0.939865 0.877268 1.005734 1.113520 0.981848 0.915427 0.972572 1.053449 1.128110 1.101168 1.170903 1.193339 1.057003 0.933887 0.986201 0.935862 0.947399 1.053199 1.218964 0.917754 1.020436 0.799479 0.828373 1.025631 1.051378 0.909107 
1.205094 1.124661 0.928643 1.136909 1.117750 1.028969 1.011530 0.924286 1.176745 1.167614 0.976307 1.114679 0.998377 0.794849 0.840000 0.862988 1.082037 1.064835 0.815075 1.222528 0.970315 1.195300 0.990936 1.140686 0.841840 1.239362 0.876096 1.072977 1.258502 0.836789 1.078067 0.972833 1.220592 1.187688 1.192481 0.969323 1.118645 0.902231 0.877859 0.846013 1.097264 1.128918 1.003728 1.082042 0.847423 1.255081 0.983456 0.864317 0.927729 1.099668 1.062269 
1.244474 1.142421 0.922038 0.990647 0.805621 1.026115 1.095873 0.996935 1.190269 0.978291 1.118033 1.236772 1.211628 0.794849 0.899177 0.877261 0.912656 1.089192 0.860246 1.227366 1.231157 0.809864 1.201410 1.026039 0.829662 1.029862 1.010738 0.936282 1.258502 0.879563 1.108805 0.973963 1.232234 0.926986 1.098911 0.919994 0.946979 1.053974 1.070489 1.013383 0.937916 1.159658 0.865790 0.928041 1.041028 1.063481 1.100268 0.891775 1.035531 1.121698 0.823547 1.036556 1.045546 1.248131 1.125003 0.978012 
1.244474 1.008544 0.872015 1.088766 0.803619 0.903923 1.217980 0.904654 1.173697 0.839456 0.895446 1.089116 1.165178 0.794849 1.251148 1.135704 0.947282 1.089192 0.849510 1.195814 0.882213 0.927616 1.223014 1.201334 1.012104 1.022753 1.235435 0.913523 1.258502 1.205420 1.115573 0.987994 1.108916 0.886980 1.227752 0.928888 0.984604 1.071051 1.154136 1.194217 
1.238526 1.001615 0.993614 1.002819 0.807860 1.211564 0.822362 0.917513 0.977749 0.833537 1.193257 1.028415 1.230334 0.794849 0.860005 0.876615 1.118416 1.114679 0.852848 0.932182 1.072560 0.826175 1.258521 1.226141 0.905655 0.873236 0.992986 1.176381 1.258502 1.008767 0.919267 0.929006 1.136659 0.908068 1.217924 0.914139 1.040244 0.851704 1.092009 1.213846 1.073323 0.874853 1.046028 
1.238526 1.108099 0.968680 0.840206 0.808112 1.092670 0.896763 0.949112 0.859013 1.048440 1.175755 0.957324 1.258007 0.794849 0.912212 0.919732 1.094774 1.048103 0.828606 1.223346 1.096740 1.185529 1.257309 1.240626 0.941024 1.191983 1.098692 1.091092 1.240416 1.011400 1.129918 0.939118 1.011124 0.908068 1.221834 1.242377 0.896154 1.130416 1.131509 0.956410 0.804815 0.994225 1.023536 0.944589 1.151958 1.176820 1.078676 1.015911 1.085630 1.009198 1.083635 0.870820 0.977212 1.084193 0.944178 1.007624 
1.238526 1.100516 1.042758 1.178905 0.798269 1.077836 0.887584 0.939917 0.910653 1.095182 1.251736 0.894909 1.168910 0.795433 1.046346 0.808579 0.908961 0.887586 0.869680 1.120444 1.111358 0.993163 1.257309 1.218109 0.861929 1.104280 0.982088 0.982306 1.254252 0.987456 1.063286 0.972412 0.912711 0.890312 1.053976 1.215773 0.988875 1.032892 0.982978 1.244711 0.817051 1.095865 1.052603 0.982830 1.254725 1.095473 0.831755 1.175892 0.936540 
1.250827 1.037491 1.171082 0.995049 0.818712 1.026711 1.193545 0.908201 1.080139 1.071009 1.138325 0.893164 1.217130 0.795980 1.073913 0.922138 0.926016 0.798543 0.846247 1.223890 1.099723 0.973380 0.999159 1.178929 0.879564 1.173216 0.941345 1.060555 1.246051 1.186831 1.048687 0.956408 1.054927 0.915094 0.917460 1.221296 0.833640 0.804407 0.839238 
1.193256 1.257590 0.837301 0.977847 1.104147 1.057943 0.910893 0.936996 1.101643 1.070333 1.248354 0.942863 1.192339 0.800707 1.179529 0.973670 0.935971 1.210828 0.800061 0.893329 1.080065 1.199659 0.986386 1.220297 1.177366 1.062220 1.228316 
1.253992 1.257590 0.854498 1.240651 1.067591 1.036667 1.021723 1.107464 0.914688 0.904898 1.243946 0.879819 1.136098 0.800707 1.162174 0.964405 1.162369 1.206165 0.818319 0.951935 1.071895 1.173036 1.068712 1.241660 0.878623 0.942346 1.069963 1.066296 1.067176 1.191054 1.201584 1.018795 0.909362 1.083669 1.101195 0.858175 
1.253992 0.954844 0.828186 0.902015 1.131309 1.051440 0.849812 1.020113 1.226265 1.109714 1.238611 0.845020 1.185001 0.801163 1.225422 0.957760 0.883782 0.913154 0.864365 0.952613 0.936853 1.226768 0.913024 1.236925 1.118603 0.979969 1.049517 1.109798 1.071634 1.051273 0.889887 1.015205 
1.239292 1.095907 0.866588 1.227026 1.051714 1.006963 0.977999 0.945410 0.889607 1.068202 1.238117 0.940839 1.172212 0.801163 1.154487 0.925543 1.034372 1.185591 0.814169 0.936496 1.180295 1.246705 0.851906 1.225673 1.027474 0.974305 1.145637 1.167196 0.902803 0.859207 0.944044 0.928622 
1.232651 1.015870 0.800471 1.040065 1.002001 0.972942 1.042706 0.992525 1.169241 1.061482 1.235245 0.945220 1.223230 0.798915 0.974021 1.181267 1.012576 0.912648 0.836818 0.907861 1.092547 1.164212 0.859607 1.237603 1.030281 0.877860 1.050810 1.145156 0.972226 0.860438 0.932063 1.172526 1.162292 0.981829 0.803044 1.209010 1.003197 
1.223642 0.984357 0.812038 0.910748 1.029519 0.849842 0.823169 1.037136 1.068717 1.061482 1.237472 0.945155 1.179381 0.795871 0.966336 1.051015 0.871555 1.000619 0.871380 0.902916 0.902291 1.236711 0.890522 1.204058 1.100063 1.234233 1.190310 1.154964 1.219586 0.904867 0.921240 1.224865 1.132600 0.945646 0.842180 1.172988 1.082262 0.917971 
1.228700 0.901618 0.847211 0.954046 0.920626 0.907155 1.084288 0.904337 1.112388 1.035739 1.190753 1.162946 0.969495 0.794540 0.855963 0.828626 1.105096 1.078708 0.821076 0.932032 1.007411 1.223809 0.949976 1.015499 1.215008 1.117158 1.046537 1.148017 1.001119 1.221708 0.956328 1.243032 1.237216 1.029632 0.827520 
1.231801 0.845050 0.862284 0.931008 0.930326 1.048687 0.843278 0.852086 0.951041 1.070070 1.203990 1.049967 1.252321 0.794540 0.813693 0.969609 0.867224 1.118436 0.843753 0.901688 1.013850 1.209585 1.121624 1.068541 1.122408 0.980703 0.908866 1.227955 0.838997 0.866947 0.869731 0.914127 1.155519 1.101261 0.905202 1.225437 
1.237756 0.969873 1.028205 0.935174 1.116261 1.235758 1.211856 0.939449 0.894973 1.038340 1.239136 1.051956 1.244766 0.794540 0.856776 1.088476 0.889654 0.875164 0.808229 0.903242 1.022816 1.075151 1.202575 0.982711 1.088591 0.806851 1.075528 1.231692 0.890495 1.098471 0.917539 0.897509 1.075073 1.216377 1.134495 0.967568 1.096043 1.207632 1.062862 0.864190 0.944154 1.096654 0.809164 1.207698 1.029338 1.237860 0.967303 
1.237756 0.991084 0.815439 0.979710 0.867023 1.009989 1.211556 0.929895 1.156920 1.091857 1.257124 1.119806 1.258714 0.909803 0.853768 0.883687 0.976813 1.039239 0.862327 0.796171 0.956014 0.983874 1.205837 1.026210 1.113696 0.928719 0.818542 1.256371 0.804915 1.165160 1.029726 0.962655 1.117224 0.951870 1.033351 1.210457 1.123382 1.037293 1.049093 1.231512 0.830211 1.014119 0.801433 1.223901 
1.237756 1.069188 1.201878 0.969765 1.222399 1.192481 1.187301 0.895263 1.134681 1.074599 1.232682 1.081722 1.243688 0.908504 0.892456 0.940160 0.960446 0.971303 0.829987 1.010623 0.938580 1.129364 0.803668 1.250090 1.107620 0.865452 1.024623 1.256423 0.804915 1.091886 1.205913 0.988319 0.927066 1.207597 1.184442 1.059458 1.026680 1.049617 1.053311 1.112891 1.169231 1.215574 1.199552 
1.239172 1.085100 0.889290 0.933988 1.079915 0.866327 1.126977 1.106831 1.213176 1.061992 1.228674 1.006229 1.236053 0.869234 0.836841 0.939073 0.980717 1.250974 0.854146 1.181675 0.987576 1.012593 0.803668 0.978995 1.108671 0.837043 1.107322 1.233968 1.231542 1.126984 0.972380 0.935965 0.904812 1.009611 1.213625 1.149934 1.101370 0.916527 0.910878 
1.243261 0.939187 1.019199 0.930947 0.891482 1.154682 1.233049 0.903693 1.215498 1.075782 1.256259 1.110915 1.129472 0.906747 0.837350 0.946946 0.867247 1.252311 0.809390 0.993352 0.914824 0.895700 0.796558 0.835274 1.076880 1.210306 0.928961 1.229036 0.834245 1.100294 1.072853 0.983667 0.866546 1.024060 0.902465 1.022087 0.943008 
1.246220 0.843006 0.996646 1.202807 0.926629 1.001919 1.159003 1.139084 0.972210 1.068967 1.234938 1.056759 0.826722 0.915565 0.864414 0.981374 1.186636 1.232770 0.889207 0.892195 0.932584 1.007685 0.794765 1.146228 1.067289 1.246020 1.173562 1.129852 1.247174 1.227301 0.971650 
1.231025 1.114945 0.910966 1.153131 0.971144 0.983443 1.147977 0.810386 0.916739 1.100716 1.206978 1.140103 0.988486 0.902138 0.897941 0.968894 1.258749 1.236132 0.907990 1.171660 0.924462 1.193076 0.794765 1.084004 1.021532 1.189945 1.239017 1.215384 0.868645 0.868390 1.223550 0.934902 
1.230807 1.137557 1.230912 0.940350 0.984172 1.115738 1.135889 0.825498 0.923097 1.080230 1.244795 1.164433 1.059782 0.912953 0.920633 0.972033 0.884695 1.253351 0.894364 1.107183 0.993364 0.866299 0.801485 0.867990 0.975507 1.025171 0.858993 1.093808 1.078897 1.028854 1.236929 1.097292 1.011640 1.223175 1.041588 1.232806 0.893306 0.916520 
1.251930 1.061851 0.973844 0.892262 0.969276 1.148352 1.219093 0.815939 0.796195 1.049409 1.253189 1.143037 1.195823 0.899328 0.836270 0.963835 1.064839 1.236379 0.810442 1.055783 0.886375 0.858246 1.051330 0.900201 0.810085 1.034293 1.002060 1.072821 0.808878 1.205325 1.208767 0.892289 1.238563 
1.228346 1.087240 0.955026 0.885463 0.969591 1.204958 1.126207 0.827196 0.796195 1.094007 1.226221 0.905088 1.081361 0.942035 0.871302 0.960245 1.172133 1.244382 0.876397 0.837891 0.946136 1.191924 1.169978 1.248733 0.809805 1.025636 0.969871 1.118734 0.889306 0.903429 1.258870 0.922891 0.969147 1.008668 1.007816 0.913887 0.918290 1.074283 0.848579 1.151409 1.021198 
1.237291 1.084362 1.085571 0.887697 0.946153 0.999782 1.207682 0.824710 1.217158 1.141577 1.231662 0.795390 0.976484 1.104375 0.856860 0.946111 1.116799 1.188866 0.837886 1.096467 0.873670 0.904088 1.232343 1.225149 1.056473 1.051507 0.890064 1.221378 1.124405 1.178569 1.221513 0.887938 1.011597 1.240079 1.022873 0.942758 1.013122 
1.237291 1.050563 0.907077 0.951393 1.022358 1.025334 1.232061 1.180034 1.153306 1.106154 1.251612 0.796100 1.098955 1.087371 0.844756 0.944668 1.072217 1.244819 0.846394 1.076522 0.973873 1.159970 1.194572 1.229725 1.012412 1.066640 0.910380 1.185840 0.816551 0.991898 0.963120 1.241763 1.124016 1.089109 
1.242868 1.052794 0.894227 0.880991 0.947337 0.824159 1.108629 1.206724 1.094143 1.094153 1.229039 0.796100 1.007616 1.163127 0.864674 0.981326 0.804762 1.055959 0.823691 1.013721 0.932348 1.244899 1.222159 0.897394 0.919586 1.035282 1.246696 0.939589 1.058008 1.150431 1.209184 0.866101 0.811933 0.956820 1.038607 0.949951 0.899025 1.182946 0.915432 
1.014545 1.060156 0.803222 0.939862 0.967385 1.224126 1.130345 1.245548 0.871975 1.125644 1.230528 0.799737 1.034024 1.062370 0.853375 0.918440 0.829171 1.091374 0.835781 1.020737 0.957676 1.136049 1.236950 1.044186 1.040402 1.067431 1.237743 1.002142 1.187841 1.230533 0.884495 0.966612 1.239291 1.165412 1.035761 1.226305 1.242833 
1.022563 1.071938 0.884446 0.931414 0.967385 1.224126 1.032412 1.253165 0.911327 1.162665 1.257686 0.807507 0.870603 0.977078 0.820324 0.983099 1.224886 1.137716 0.833010 1.130865 1.026109 0.966703 1.243737 0.961855 0.841485 1.065301 1.188145 1.112424 0.873238 1.143525 1.253901 1.133144 1.140511 0.928655 1.109608 1.143226 1.041142 
0.841532 1.064031 0.959871 0.946652 0.960889 1.252562 1.112936 1.248319 0.902487 1.086979 1.241849 0.800743 0.851664 0.967934 1.216977 0.926462 1.222129 0.801063 0.879173 1.165566 0.848765 0.838821 1.228111 0.876675 0.920105 1.029347 0.794822 1.062852 0.856706 0.928451 1.234708 1.120420 0.893840 1.071161 1.149432 1.174488 0.852038 1.198327 1.059305 0.955422 1.085184 0.962653 
0.956850 1.048240 0.956516 0.795154 0.953049 1.252562 0.852484 1.219259 1.079065 1.107085 1.243748 1.194705 0.991973 1.181278 1.101262 1.043728 1.143942 0.834955 0.839890 1.169516 0.916187 1.048275 1.233767 0.918861 0.919854 1.038920 1.225921 1.095807 1.035011 1.041425 1.212102 0.871401 1.028888 0.955198 0.911610 0.935382 1.195846 1.224059 0.840239 1.060651 0.920317 1.092834 0.833959 1.046639 0.842847 1.053285 0.952832 1.147916 0.799182 1.121980 1.000671 1.129067 
0.947522 1.024246 0.981976 0.795154 0.970354 1.254173 1.076925 1.219259 1.238746 1.107085 1.242063 0.961797 1.056644 1.126652 1.049979 1.219278 0.888701 0.833460 0.891473 1.252527 1.063979 0.965836 1.233767 0.920699 1.036065 1.041667 1.224245 1.119138 0.920010 0.885332 1.213957 0.917697 1.058117 0.845983 0.914901 0.922017 1.208346 1.062721 0.915928 1.085525 1.035288 0.974535 1.062669 0.797343 1.157406 1.195038 1.140271 0.875736 0.982023 0.976617 0.846792 
1.246305 1.144056 0.963593 0.796431 0.970012 1.254173 1.211730 1.221808 0.962339 1.099621 1.252258 0.867936 1.092535 1.086358 0.852706 0.918573 0.875048 0.934435 0.885377 1.239681 0.932779 0.913273 1.231546 0.905678 1.096593 1.016256 1.228938 1.230324 1.032553 1.116068 0.903221 1.193651 1.048263 0.890251 0.945222 0.907938 1.204594 1.020530 1.050486 1.081569 0.900411 0.838844 0.873799 0.907236 1.105198 
1.197819 1.144913 1.212199 0.794928 0.925429 1.243268 0.881667 1.230169 0.993292 1.077449 1.240771 0.918584 0.954683 1.130383 0.898966 0.808472 0.839271 0.938707 0.824971 0.932597 0.832685 1.038855 1.249381 1.074429 1.166896 1.016256 1.106126 1.245036 0.964603 1.037116 1.183252 0.974599 1.065336 0.894562 
0.963538 1.115870 1.241996 0.813701 0.942967 1.244832 0.919284 1.243108 0.893683 1.102639 1.256124 1.052646 0.947639 1.015002 0.873556 0.872431 0.834514 0.959641 0.836733 0.993761 1.252151 0.956385 1.257986 0.986550 1.091282 1.020134 1.160656 1.238837 1.236210 0.823258 0.942710 1.163572 0.933667 1.077010 1.073160 0.865514 0.921816 1.186769 0.905623 
1.038831 1.023941 1.087226 0.796863 0.949351 1.203612 1.025830 1.257839 1.046250 1.030729 1.252111 0.866813 0.950231 1.100331 0.975698 1.175645 0.818431 0.857164 0.842912 1.090684 1.164906 1.059557 1.228525 0.993501 0.914777 0.796142 0.867329 1.103022 1.021316 1.086826 1.175976 0.879775 1.170923 1.147254 1.001459 1.087646 0.967317 1.149561 
0.902667 0.985876 1.230031 0.796863 0.949351 1.237416 0.982341 1.202158 1.051617 1.060105 1.255384 0.806174 0.971548 0.955117 0.929626 1.132258 0.817613 0.819626 0.805080 0.937620 1.195121 1.050424 1.230583 1.088073 1.258392 0.912049 0.805402 0.971354 1.145382 1.021798 1.235697 0.827203 1.239186 1.070934 1.015455 0.884570 0.936981 1.034296 1.067382 0.960833 1.085516 0.853544 1.049441 0.983736 0.945083 1.192691 0.891767 0.881745 
0.892387 0.981771 1.057616 0.796863 0.947079 1.218875 1.093420 1.211899 1.050204 1.060105 1.199724 0.986750 0.925158 1.030833 0.810228 1.116412 1.038342 1.127598 0.837052 1.216945 0.885031 0.926587 0.994061 0.947763 0.970650 0.904025 0.916732 1.069608 0.991353 0.892748 1.250072 1.128588 1.153557 0.807326 1.029373 1.075894 1.044520 0.962627 0.924733 0.986017 1.213654 1.202021 0.870003 
0.877316 1.056605 0.805717 0.800110 0.960483 1.213919 0.865236 1.094769 1.231421 1.115842 1.235764 1.145772 0.946379 1.114434 0.870135 1.186252 1.105558 1.131906 0.853964 1.250367 1.022496 1.009937 0.842874 0.990213 1.214752 0.904153 1.182735 1.190715 1.017490 1.239467 1.202900 1.120182 0.883578 0.848671 1.065223 1.055783 0.854988 0.865213 0.888815 1.153686 1.125043 1.159635 0.921256 1.090155 1.206193 1.035482 0.986196 0.939960 
1.043664 0.982701 1.056040 0.799647 0.946150 1.220830 0.897477 0.843811 0.902269 1.048570 0.934677 1.160901 0.947943 1.002740 0.971896 1.111923 0.995248 1.201700 0.801576 1.237407 1.126555 1.168984 1.139349 1.236608 1.032753 0.993643 1.168780 0.996428 0.913060 0.954191 0.861550 0.956680 1.101891 0.825600 1.043667 0.960967 0.870975 0.840391 1.083710 1.234513 1.026884 1.233610 0.935359 1.086162 1.130644 1.095971 0.968801 0.997696 0.895915 
1.039076 1.208629 0.979558 0.796650 0.934036 1.199556 0.897290 1.256797 0.911066 1.028371 0.896365 1.180268 0.923006 1.106981 0.967533 1.152895 1.136230 1.213446 0.824990 0.872259 1.228469 0.870420 0.970537 1.083808 0.829199 0.854779 1.094007 0.825958 1.123142 1.032463 0.956954 1.127928 1.087079 0.812873 1.034184 0.953236 0.810928 1.254249 0.919505 0.802211 1.093170 1.052324 1.110705 0.849318 0.977951 
1.069826 1.215239 0.976361 0.796650 1.190942 1.252193 0.916277 1.077806 0.894331 1.024178 0.997138 0.897982 0.955967 0.904349 0.965546 1.192555 1.102773 1.213446 0.841722 0.868458 0.932703 0.989721 1.227415 1.014585 1.191962 0.922760 1.166414 1.047066 1.115561 0.932155 1.178909 0.964657 1.003871 0.847504 1.110430 0.999005 
0.999581 0.986620 1.253627 0.804760 0.832734 1.247803 0.882139 1.057436 0.884929 1.041311 0.953051 0.845741 0.955770 0.878724 0.867554 1.125696 1.053591 1.248037 0.841168 0.928226 0.922193 0.930278 1.205681 0.875015 1.231113 0.986506 1.161756 0.796748 1.019590 0.845332 1.082444 1.030800 0.908925 0.843868 1.072453 0.937694 1.005754 0.845396 1.114313 1.039506 0.961395 1.002726 1.035565 0.995823 1.000134 0.812581 1.181193 1.113097 0.988935 0.942369 0.878705 1.049240 0.927832 0.839666 1.232710 0.954059 0.979837 
1.194868 0.911471 1.237489 0.804760 0.834596 1.228520 0.924819 1.166629 1.001054 1.049978 1.039242 0.955573 1.208837 1.119368 0.874599 1.181659 1.222917 1.228275 0.817699 1.250647 1.192373 0.945214 1.024984 0.949113 1.184814 1.082550 1.233999 1.001832 0.929975 1.109322 1.146049 0.872176 0.855713 0.837600 0.968448 0.946871 0.902300 0.966332 1.251556 0.890334 0.953102 1.079512 1.179614 0.810027 0.959643 1.002410 
0.888324 1.051456 1.238315 0.799119 0.934159 0.896069 0.895343 0.907393 1.105622 1.035171 0.867884 0.809114 1.168845 1.112527 1.009298 1.153778 0.947430 1.213705 0.853728 1.224411 0.894289 0.922448 0.881991 0.822864 1.167723 1.093793 1.139450 0.907717 0.807829 1.098637 1.028298 0.900515 1.111810 0.844826 0.911154 1.046608 0.987911 0.812457 0.974310 
1.031106 1.072963 1.229535 0.802335 0.977112 0.975995 0.928165 0.853319 1.080961 1.077404 0.946238 0.904054 1.186986 0.914667 1.072698 1.167480 1.090910 1.231919 0.845157 1.228660 0.878887 0.931221 0.817785 1.036998 1.241274 1.069818 1.210145 1.144330 0.857333 1.133248 1.015088 0.993406 0.936850 0.797686 0.953848 1.111393 0.978915 1.077196 
1.003511 0.806695 1.257475 0.798342 1.182568 0.925742 0.924597 1.198611 0.876812 1.071670 0.813980 0.986200 1.034941 0.922556 1.126426 1.170041 1.072307 1.238612 0.875943 1.226365 0.857944 0.971220 0.834884 1.236486 1.215056 1.066124 1.204122 0.894879 1.012988 1.011141 1.038987 0.983273 0.903022 1.106137 0.870499 1.135446 1.208075 0.985429 1.046461 1.087951 
0.885483 0.963571 1.225167 0.798342 1.203946 1.219366 1.021768 0.808124 1.036274 1.049519 0.814435 0.984142 1.095505 0.967040 1.168398 0.843359 1.066412 1.214948 0.825285 1.232536 0.868837 0.956272 0.799451 0.905583 0.965056 1.215101 1.213748 0.839227 1.162615 0.958400 1.040043 0.863739 0.807088 1.106894 0.857844 0.867818 0.857258 1.206761 0.907124 0.966410 0.945139 0.872845 1.089292 
1.118432 1.007070 1.253444 0.802412 1.162270 1.140205 0.808189 0.843891 0.944096 1.041681 0.825274 0.980329 1.048736 0.893862 0.976437 1.256358 0.936936 1.244455 0.819174 1.180819 0.883761 0.946443 0.842041 0.931189 0.905019 0.979250 1.250826 0.940036 1.048014 1.110165 1.061868 0.966821 0.980295 1.040956 0.881722 0.890901 1.115186 1.145617 1.231113 1.061733 1.037148 1.045439 0.880980 
0.944588 1.208413 1.206506 0.802412 1.163223 1.073118 0.991989 0.842230 0.841232 1.046340 0.825274 0.985832 1.155962 0.860231 1.095691 1.080325 0.885650 1.233910 0.847755 1.252142 0.912690 0.937820 1.042429 0.908030 0.993520 1.161116 1.235905 0.988958 1.055510 1.044274 1.053130 1.221712 0.974238 1.249105 1.234763 0.947846 0.851442 0.881909 1.179677 0.847591 0.998448 0.931720 1.073304 1.085258 1.032498 
1.189888 1.123124 1.208984 0.802747 1.193846 0.851528 1.240115 1.181234 1.061234 1.056585 0.825274 0.900424 0.798107 0.876113 1.088202 0.962842 0.905534 1.216097 0.848514 1.226984 0.840735 0.938959 1.068183 0.917176 1.069205 0.987151 1.206829 1.226200 0.992172 1.200760 
1.227243 1.191988 1.254454 0.802747 1.196531 0.953981 1.206268 1.237938 1.036466 1.056188 0.812825 0.885951 0.853230 1.208881 1.090239 0.962842 0.846036 1.251054 0.796316 1.234442 0.925206 0.936297 1.079562 0.929375 1.068631 0.981515 1.185449 0.856610 1.252860 1.183899 0.894203 
1.248901 1.075822 1.257761 0.801925 1.203449 0.981886 1.043058 1.198979 1.047701 1.077561 0.837686 0.885191 0.891292 1.226537 0.919782 1.137398 0.916026 1.240277 0.838829 1.239643 0.932538 0.951809 0.990113 0.913807 0.921477 0.963719 0.943680 0.945156 1.221226 1.101905 1.244146 1.099385 1.070529 1.141581 0.888583 0.893882 0.868195 1.040267 0.868891 
1.235267 1.195278 1.248209 0.812130 1.091441 1.010617 1.002559 0.830568 1.135379 1.046259 0.819218 1.247613 1.245476 1.223585 1.215628 1.048936 0.864373 1.258616 0.810931 1.212736 0.894930 0.960413 0.951941 1.063777 0.971432 1.170698 0.978570 0.911941 1.203528 1.064414 1.057589 1.092949 1.092615 0.859978 0.903611 1.056163 1.018819 1.186944 0.855297 0.886969 1.051647 0.954218 0.887745 1.089318 1.169371 0.986375 1.152570 1.062499 1.184370 
1.258859 1.182584 1.208684 0.799690 1.095740 1.014421 1.023741 0.802603 1.203629 1.082447 0.799496 0.920388 0.912925 1.238184 1.162534 1.035698 0.899628 1.253383 0.835693 1.244899 0.869739 0.964759 0.995753 1.126430 1.101124 1.178115 0.994329 0.905283 1.238086 0.905352 0.897366 1.095283 0.827318 0.972741 0.902731 1.249507 1.049385 1.076887 0.903829 0.993299 1.191160 
1.258859 1.224974 0.940120 0.794933 1.223095 0.970245 0.935225 0.907218 1.228892 1.069051 0.835745 0.974186 0.953715 1.171092 1.228155 1.117103 1.098338 1.253383 0.817312 1.250382 0.910734 0.957721 1.108991 1.205505 1.068769 1.126039 0.979666 0.888140 1.193529 1.100985 0.890096 1.236593 1.035525 1.016054 0.981186 
1.241683 1.098316 0.828769 0.794933 0.842100 0.826892 0.930615 1.009107 1.109286 1.083980 0.813217 0.879197 0.894632 0.895389 1.195635 0.920090 1.162993 1.246018 0.855799 1.249121 1.021625 0.949355 1.143326 1.171967 1.084214 1.023755 0.992046 0.879056 1.254055 1.177398 0.956274 1.171497 1.090115 1.184038 1.241915 0.977979 0.833558 1.201444 0.995089 1.068711 1.029825 
1.230204 1.077185 1.210601 0.794933 0.877974 1.102336 0.943335 1.219815 0.998169 1.098181 0.820066 1.236017 0.864512 0.840418 1.095813 0.949715 1.167544 1.245974 0.902845 1.214307 1.024965 0.989227 0.895395 1.249242 1.090037 0.915356 1.105708 0.861948 0.947824 0.818579 0.936074 0.858630 1.228632 0.875763 1.053829 0.939244 0.815384 1.123024 1.014708 1.117711 0.903205 0.955957 0.827835 1.006575 
0.981069 1.067407 1.004361 0.794933 1.186390 0.832642 0.871665 1.226565 0.979588 1.047965 0.801386 1.240232 0.953743 0.855906 1.014710 0.831261 1.146386 1.039270 0.847653 1.214080 1.222849 0.932843 0.842424 1.232998 1.084913 0.960465 1.080227 0.875739 0.975570 1.172860 0.873021 0.810766 0.844428 1.139540 0.845164 1.228777 0.978242 1.032464 0.962090 0.884953 0.862070 0.966232 0.953131 0.815503 0.834939 0.958204 1.235327 0.884714 1.201526 1.238967 0.817235 0.806094 1.081100 
0.980953 1.204035 0.969046 0.795011 1.228083 0.901096 0.910237 1.242056 1.096728 1.071403 0.801386 1.212515 1.205095 0.954729 1.124012 0.998424 1.234628 1.060032 0.837795 1.214080 1.207388 0.984570 0.926973 1.170318 1.080032 0.936341 1.082148 0.869150 0.936392 1.167402 0.869123 1.228540 1.216422 1.004553 1.248132 1.240872 0.891965 1.161626 1.021994 0.979274 1.089225 
0.924645 1.127835 1.188915 0.795011 1.256392 0.839684 0.853823 1.209276 0.835122 1.104567 0.845607 0.918762 0.805297 0.962571 0.990716 1.020313 1.252278 1.099066 0.810794 1.249169 1.206923 0.949489 0.931421 1.181812 1.063646 0.920299 1.082137 0.887284 1.022111 1.136611 0.891894 1.243636 0.946099 0.800214 0.887062 1.013818 
1.042463 0.955866 1.044876 0.795011 1.030581 1.062980 1.091047 1.251196 1.045424 1.059315 0.818190 1.131420 0.948986 0.933517 1.025644 0.900422 1.242413 0.912825 0.893650 1.255774 1.198639 0.967927 1.191429 0.849685 1.095638 0.941104 1.007172 0.937504 0.918834 1.186598 0.928203 1.258200 1.222365 1.236481 1.061543 0.878135 1.116208 0.932160 0.942110 
0.911073 1.200160 0.946636 0.803215 1.098303 1.152272 1.084201 1.251196 0.818606 1.077811 0.988798 0.990863 0.836915 0.983521 0.995666 0.920973 1.258487 0.926665 0.863754 1.254245 1.182621 0.950972 0.919634 1.002355 1.074404 0.915063 1.035715 0.904333 1.233499 1.137960 0.991968 1.257684 1.217447 0.840143 1.000032 0.920368 0.885729 0.911882 1.163049 1.101812 
0.857684 0.801688 0.908347 0.801675 1.187396 0.902092 1.131945 1.212460 0.907477 1.047624 0.978786 0.796586 1.021652 1.005801 1.155840 1.062129 1.258487 1.180317 0.859657 1.196803 1.183453 0.978269 0.883130 0.933973 1.021902 0.893225 0.879810 1.058203 1.067850 0.896578 0.889346 1.257684 1.175253 0.855834 0.970582 1.204367 1.035027 1.129466 0.819370 0.981066 0.999067 1.069369 1.200147 1.016088 1.050938 0.956669 0.964068 
0.841323 0.920872 1.222483 0.802680 0.914648 1.008379 1.057300 1.153701 1.225714 1.035257 0.905057 1.002130 0.851342 1.105839 1.165877 0.812234 1.075711 1.020520 0.839839 1.231960 0.834809 0.974401 1.048318 0.934478 0.796701 1.206764 1.069911 0.906990 1.250662 0.951444 1.024019 1.250331 1.237822 0.828936 0.956729 0.875983 1.163292 1.114173 
0.932374 1.143539 0.880746 0.887082 0.915077 1.011246 1.070371 1.165181 1.251185 1.003259 0.916348 1.224386 1.037072 0.817005 1.165452 0.801021 1.084185 1.027606 0.847808 1.228671 1.185222 0.960973 1.068935 0.907453 0.902345 1.163899 0.876986 1.045834 0.965976 1.248806 1.258079 1.110236 1.235377 1.089104 1.074795 1.007726 0.965775 0.811442 
0.954314 0.866408 0.848417 1.016951 0.872678 1.213565 0.803423 0.882358 1.229731 1.065225 0.797474 1.252004 0.973173 0.805963 1.093044 0.800897 1.066069 1.038760 0.858010 1.226806 0.950268 0.960973 0.877512 0.914394 1.069911 1.204613 1.091014 1.155084 0.959928 0.968412 1.054040 1.061932 0.825033 0.811451 0.932942 0.868137 0.798339 0.960094 0.992188 0.859260 0.832574 0.944410 1.084550 1.016266 
0.941225 1.152644 0.829415 0.819362 0.974092 1.214041 0.949747 1.090058 1.253211 1.006894 1.047434 1.258257 1.003470 0.878777 1.154922 0.796381 1.067893 0.806613 0.811542 1.226806 1.034108 0.966129 0.883026 0.918878 0.994207 1.177850 0.878401 1.249325 1.158789 1.053113 1.126855 1.196158 1.084053 0.971526 1.204315 1.145545 0.794932 1.014002 1.162834 0.947397 1.047095 0.860848 0.984081 1.203190 0.902116 0.960367 
0.816700 1.112776 0.859594 1.090357 1.250532 1.194693 1.236876 0.834000 1.227820 0.971277 1.053629 1.258257 1.058812 1.212792 1.185399 0.796381 0.928396 1.182957 0.833408 1.232220 1.046851 0.975838 0.914485 0.929830 1.015942 0.817390 1.007484 1.205867 0.860340 1.157413 0.890275 0.991272 1.213204 0.938481 1.235817 1.048885 1.156419 1.197910 1.129976 0.998421 0.966797 
0.810519 1.173359 0.906829 1.085170 1.231694 1.252918 0.996104 0.827803 1.212218 1.245343 1.061301 1.253955 0.977246 1.093684 1.095948 0.798013 0.973490 0.823744 0.842171 1.248909 1.210448 0.958985 0.825829 1.090458 0.955058 1.074441 0.860923 0.948824 1.024004 0.902683 0.892556 0.903694 1.257099 1.249975 1.074599 
1.148272 1.232049 0.865969 1.059879 0.976378 1.021522 1.072259 0.822899 1.172009 1.154560 1.063375 1.248137 0.967838 0.947726 0.799243 0.795574 1.034851 0.964455 0.833864 1.209677 1.219717 0.972360 1.021154 1.050640 1.026001 1.015378 1.101295 1.219762 0.894906 0.886156 0.887753 0.933020 0.985645 0.910247 1.116968 0.902234 0.996850 1.017165 1.187081 0.999978 0.955037 1.097364 0.931721 1.159306 
0.955394 1.257352 1.142789 1.150662 0.888773 0.887158 1.070378 0.809288 1.164804 1.038775 1.048129 0.849086 0.895636 0.878183 1.021180 0.795574 1.061713 0.908269 0.809336 1.205726 1.139915 0.942216 1.025394 1.030561 1.099473 1.023408 1.073906 1.243362 1.206133 0.919437 0.950530 1.182744 1.205179 1.049735 1.064138 0.965519 0.874449 0.806917 0.947328 0.943974 0.905392 1.067113 0.908162 1.136995 1.140873 0.807545 0.899546 1.070002 0.875829 0.811992 
0.954742 1.256726 1.072369 0.922279 0.914513 0.949399 0.831278 0.817124 1.187970 0.948920 1.025801 1.163678 1.131111 1.038131 1.251104 0.796309 1.075790 0.931787 0.823984 1.229800 1.215576 0.942216 1.238916 0.982746 0.876291 1.013330 0.867213 1.226588 1.123505 0.822201 1.188750 1.142774 1.013115 0.873303 1.019460 0.969051 0.856062 1.013541 1.189119 1.179212 0.968889 1.062278 1.156273 1.045607 1.163232 1.013540 1.050364 
1.063252 1.256045 0.801322 0.914234 0.917105 1.039014 1.023508 0.831951 1.221967 0.972908 1.035611 1.180568 1.117556 1.190466 1.250819 0.937233 1.138075 1.202837 0.841131 1.249754 1.258868 0.984024 0.918107 0.972251 0.888246 1.008004 0.832247 1.246716 1.132441 0.908535 1.156965 1.221279 1.018824 0.933848 1.171551 1.126921 1.166069 0.940875 0.795020 1.154771 0.941872 1.081050 0.881132 1.172439 1.094164 1.219054 1.118293 1.153365 0.877215 1.255090 0.982746 1.198931 0.876831 
1.120245 1.249073 0.999884 0.887185 0.844595 1.140708 0.925867 0.810743 1.246311 1.055082 1.070536 1.210114 1.051958 0.971711 0.806582 1.001139 1.035352 1.082304 0.857036 1.252472 1.252380 0.987432 1.117189 0.933149 0.895383 1.008004 1.066149 1.246716 1.016613 0.928703 0.861756 1.187969 1.134724 1.147071 1.139839 1.177787 1.111886 1.023116 0.795020 0.909305 0.844270 1.089145 0.798161 1.060210 0.968247 0.982051 1.105169 1.094393 0.955780 0.952260 
1.054694 1.242398 1.087333 1.192044 1.200110 1.073334 0.914937 0.992975 1.228107 0.976894 1.085955 0.989678 1.199062 1.027461 1.174038 0.960435 1.115800 1.098313 0.912491 1.208493 1.253157 0.949244 0.841161 1.034980 1.044708 0.972897 1.241422 1.249212 1.027104 0.943795 0.856046 1.227450 1.248494 0.797940 0.999858 0.901620 1.219626 0.894957 1.158435 
0.962886 1.256976 1.132134 1.073930 0.934518 1.078471 0.898700 0.822128 1.154825 0.797940 1.054765 1.114245 0.973863 1.201422 1.145053 0.907964 0.895090 0.966255 0.804499 1.227378 1.211663 0.988530 0.955550 0.989894 0.892346 0.886960 1.159227 1.235169 0.899684 1.186039 0.837573 1.172885 0.977233 1.036658 0.886401 0.891683 0.924076 0.886352 
1.096507 1.242963 0.941623 0.952880 1.083156 1.124195 0.911716 0.877066 0.905212 0.798909 1.042999 1.133228 0.945457 1.224222 0.916762 0.975415 0.939998 1.072753 0.890236 1.227711 1.246534 0.967503 1.252543 0.908460 0.989253 0.970452 1.228852 1.256892 1.218623 1.120797 1.044056 1.054422 1.200116 0.969317 
1.065244 1.256410 1.072559 1.114080 1.114000 1.060935 1.076373 0.794771 0.874415 0.798909 1.092554 0.915495 0.846007 1.047630 1.089295 0.925924 0.918032 0.917685 0.801544 1.256377 1.254563 0.962250 1.140867 0.904345 1.048998 0.867408 1.185951 1.256892 1.172963 0.964939 1.064294 0.928839 0.952013 0.849168 0.998174 1.059915 1.008475 1.017637 0.931145 1.167880 0.905087 
1.075503 1.244733 1.072393 0.890953 1.074076 0.953481 1.226031 0.861848 1.022575 0.812576 1.117142 1.006063 1.111145 0.814994 1.170199 1.019059 0.900493 1.092947 0.812100 1.256377 1.254838 0.990249 1.204307 0.883284 1.045496 0.888201 1.249825 1.245849 1.091988 0.952823 1.120286 0.963951 0.947917 1.219002 0.954014 1.167057 1.045797 
1.249739 1.246556 1.205911 0.895503 1.184109 1.029278 1.096165 0.868475 1.243586 0.794360 1.125980 1.058968 1.039701 0.931169 1.001637 1.198299 0.943550 1.215885 0.866893 1.230029 1.243873 0.964737 1.191694 0.835702 0.841472 0.958511 1.202062 1.245849 1.112096 0.957971 1.125791 0.941899 0.931574 1.059938 1.030799 0.817435 1.078883 0.903984 1.173326 0.914819 0.968840 1.106708 1.014711 1.005324 0.851131 0.811311 1.257368 1.235620 0.830886 
0.954108 1.214884 1.072887 0.902303 1.007873 1.052950 1.186386 1.046049 0.970569 0.802877 1.121785 0.911054 1.059420 0.834915 0.916726 0.923643 0.850666 1.059145 0.859170 1.214578 1.255420 0.952875 1.176364 0.881036 1.220746 0.943463 1.215127 1.244523 0.847732 0.986357 1.108373 1.214211 1.141182 0.852828 1.098482 0.918724 0.896872 1.027059 1.052151 1.200387 0.993813 0.841600 1.086785 1.025679 1.098980 1.065663 0.913952 
0.905704 0.916606 0.832445 1.228879 1.231485 1.033990 1.010597 0.863605 1.057171 0.804241 1.087111 1.087938 1.028674 0.833974 0.949953 0.992120 0.837762 1.070560 0.816187 1.237346 1.229195 0.935960 1.196061 0.886105 0.877904 0.932229 1.214986 1.238296 0.802007 0.956168 1.028988 1.212570 1.010227 1.223979 0.890352 1.172566 0.904580 
0.920089 1.009720 0.952276 1.244449 1.212047 0.951295 0.797492 0.878961 1.072194 0.799101 1.106231 1.094867 1.008051 1.214663 1.110173 1.012735 0.922439 1.031515 0.795632 1.245215 1.166994 0.963723 0.946695 1.231866 0.853043 0.941864 1.182072 1.224725 1.047042 1.071523 1.011037 1.234835 0.917237 1.150088 
0.926242 0.998908 0.948455 1.208806 1.241273 1.075949 0.978859 0.969712 1.070583 0.801107 1.030499 1.056484 1.100161 0.992353 1.135228 1.185626 0.874490 1.056897 0.845772 1.232872 0.845346 0.960920 0.922157 1.248261 0.890470 1.148302 1.219062 1.227620 1.128932 1.065819 1.046023 1.039056 0.856794 0.836219 1.129464 0.847042 0.816729 0.897005 1.157964 1.082292 1.114555 0.807845 
0.905226 1.253156 0.954986 1.241497 1.214233 1.024902 1.198592 1.224538 0.798484 1.224311 1.072980 1.211162 1.127960 1.250835 1.158896 0.811466 0.906157 1.206383 0.840860 1.239206 0.885555 0.978296 1.039178 0.799160 1.013784 0.814984 1.209145 1.250275 1.196777 1.062237 1.052210 0.982997 0.843335 0.847405 0.978759 0.802764 1.255702 0.906368 1.053679 0.882075 1.117021 1.119177 1.145686 1.013362 0.985461 0.897803 
0.960432 0.829000 0.986718 1.251721 0.813814 1.152789 0.921776 1.011041 0.907909 1.018784 1.090765 1.084019 0.941128 1.145172 1.157267 0.958843 0.926981 1.222544 0.875066 1.227582 0.979432 1.022172 1.050618 1.140320 1.225796 0.815957 1.212189 1.250275 1.053662 1.104213 1.051522 1.079609 0.895828 1.092372 1.236077 0.803635 1.035825 1.025299 1.232426 1.004765 1.074223 
0.972783 1.030774 1.057253 1.256683 1.063828 1.102119 0.905383 0.837598 0.992801 0.868056 1.049902 0.976126 0.862645 1.000491 1.238242 0.972881 0.855804 1.055027 0.864525 1.197652 0.959965 1.006660 0.840113 0.945770 1.199860 0.915831 1.180771 1.243810 1.257113 0.885969 0.985055 1.196520 1.050377 1.063719 0.889473 0.799048 0.908625 0.833468 0.991725 1.214043 1.047553 0.840247 1.059497 1.135932 1.052286 
0.906907 0.958887 1.188466 1.215306 1.093141 1.102119 0.993383 0.866394 0.914483 0.824199 1.183299 1.225348 0.820986 1.058408 1.009324 1.091792 1.080456 1.050489 1.057395 1.235606 0.811599 0.980852 1.084125 0.885691 1.151443 0.794941 1.063920 1.242402 1.254112 0.832038 1.056622 1.054626 1.228938 0.869482 1.099621 1.187329 0.846758 1.232944 1.006216 1.057254 1.054693 1.021997 
1.221841 0.973350 1.020930 1.252497 1.077675 1.091929 0.966277 1.242488 0.913371 1.159343 1.035011 1.155277 0.848768 0.875365 1.071291 0.843577 0.875433 1.020855 0.814312 1.176928 0.915558 0.981189 0.901885 1.185977 0.993540 0.794941 0.947243 1.251508 1.254112 0.840796 1.131890 1.034750 0.813747 1.092032 1.069032 1.253613 1.108332 
0.928928 0.969538 1.102196 1.252497 1.104142 1.049010 0.963448 0.883199 0.897919 0.992832 0.942109 1.172417 0.881507 0.904470 0.957232 1.089272 1.041327 1.033538 1.091062 1.204693 0.916647 0.956071 0.884806 0.840961 1.216575 0.800554 0.991008 1.243398 1.254112 1.239696 0.982686 1.052447 1.050781 1.249595 0.840810 1.121197 1.191120 1.217278 1.087561 1.081011 0.886486 
0.809031 0.808547 1.091922 1.252497 1.188886 1.113975 0.900704 1.169274 1.192914 1.026030 0.832740 1.221934 0.827103 1.039542 1.078197 0.971335 0.874869 0.886555 1.063067 1.173774 0.908354 0.954769 0.878031 1.256516 1.241090 0.798884 1.165699 1.255968 1.019251 0.969643 0.890823 0.849514 1.220960 1.214690 0.875081 1.182476 0.980963 1.021295 1.044087 0.876261 0.939626 0.988068 
0.811872 0.997305 1.087006 1.257972 1.004062 1.170426 0.899066 1.003950 1.164654 1.059375 0.824130 0.851414 0.862085 1.068936 1.019268 0.815884 0.886235 1.045814 1.100195 1.210362 0.886768 1.108409 0.912258 1.253708 1.212063 1.017907 0.799384 1.216159 0.968934 1.047041 1.167199 0.851409 0.893609 1.174444 0.928230 0.817129 0.823633 1.077194 1.106687 1.005405 0.959656 1.050363 1.105934 0.882302 1.146695 1.063932 
1.095122 0.970704 1.036857 1.248298 1.059793 1.018268 1.065191 0.916431 1.239545 1.060986 0.803797 1.046974 0.808109 1.016137 0.948617 1.053684 0.883529 1.093528 1.080599 1.212770 0.912564 0.996549 0.923473 1.236441 0.922699 1.024853 1.120114 1.215296 0.962838 1.207512 1.117621 0.920152 0.795267 1.166999 0.839029 1.206540 1.094312 0.809672 0.826043 0.912884 1.086530 0.974466 
1.119247 0.929527 1.029788 1.256224 1.070551 1.051762 0.822470 0.865000 0.858393 1.218855 0.808756 1.064194 0.880353 0.812024 0.912419 0.938856 1.028520 0.862608 0.803976 1.183831 0.999365 0.983689 0.853188 0.974859 0.822078 0.880277 1.085717 1.221928 0.950004 1.164005 1.018105 0.897187 0.801429 1.137695 0.878082 1.235165 1.094312 0.918031 1.217854 1.059265 1.157766 0.800850 1.080445 1.098538 1.029085 0.803984 0.874498 0.997779 0.910134 0.872555 1.003686 
1.069165 0.953987 1.060145 1.235590 1.001690 0.965654 1.062061 1.255513 0.843169 1.216276 0.797951 1.037747 0.893825 1.096100 0.999033 1.226601 0.880147 0.985008 1.112731 1.183883 1.155921 1.057722 0.900785 0.868539 0.977711 0.823700 0.941788 1.245159 0.950004 1.179925 1.030835 1.064264 0.794540 1.212516 0.930789 1.216930 1.031723 1.161780 1.139325 1.079017 0.852850 1.050318 0.822358 0.832254 0.953532 
1.036211 1.229169 0.922120 1.240761 1.022824 0.883060 0.998627 1.070521 0.895964 1.253368 0.798551 1.067670 0.848466 1.036019 1.043655 1.247790 0.830485 1.155310 0.875391 1.209467 0.922003 1.202436 0.919971 1.252297 0.879461 0.900321 0.858268 1.232735 0.950428 1.076099 0.903101 0.978160 0.794540 0.998334 0.862855 1.201998 0.872019 1.189418 0.945646 0.931963 
1.247671 1.179507 0.929051 1.090755 1.202914 1.212406 0.836063 1.078157 1.170961 1.211783 0.957061 0.896659 0.811805 0.877437 1.010858 1.112342 1.024950 1.192951 0.918503 1.241346 0.960267 1.210548 1.245354 0.829969 1.141732 1.051241 1.205487 1.225786 0.929519 0.940259 1.169988 0.806507 0.796186 1.180974 0.865135 0.852917 1.237774 0.979335 1.069082 0.825973 
0.909877 1.007970 0.863330 0.810658 1.231751 0.824291 0.833580 1.044276 0.867668 1.153086 0.906988 1.079829 0.813261 0.826518 1.213569 1.007787 0.848911 1.185101 0.995671 1.207933 1.197573 1.162538 1.180278 1.200371 1.131137 1.065713 0.935027 1.201404 0.964078 0.979285 1.044282 0.895562 0.796186 0.892213 0.857655 1.189910 1.140173 1.061794 0.990311 0.928165 1.056427 1.062853 
0.952876 0.969622 0.982679 1.178469 1.224708 0.831046 0.842386 1.084364 0.914047 1.002890 0.907776 1.021501 0.807032 1.042207 1.255548 1.217722 1.209304 1.197479 0.799142 1.233023 1.138081 0.952017 1.212901 1.127099 1.056152 1.190895 1.051367 1.201238 0.998743 1.123212 1.255276 1.240283 0.878721 0.837400 0.901860 1.188293 1.159374 1.065012 0.972395 0.887728 0.939126 0.843397 
0.957275 0.884315 0.957558 1.241755 1.156062 0.829509 0.795973 1.059643 0.976375 0.957868 0.893802 0.975368 0.860557 1.033647 1.240954 1.217025 0.914905 1.228885 1.209305 1.189900 1.121397 0.951716 1.226143 1.228841 1.052929 1.128515 1.132056 0.806951 0.798467 1.082328 1.010257 0.824905 0.905050 1.153774 
0.906748 1.195207 0.900995 1.229783 1.070543 0.843030 0.795973 1.090006 1.053569 0.878164 0.944886 1.010359 0.894118 0.977410 1.207307 0.934710 1.256984 0.983564 0.962135 1.215828 0.985538 0.968823 1.252731 1.019653 1.053957 1.211360 0.803659 1.068891 0.888366 1.163928 0.889726 1.215607 1.067018 0.936373 1.143306 1.251850 1.230214 0.949163 0.905883 1.146040 0.891577 1.089368 0.967548 0.887469 1.041213 1.159467 1.060236 0.854387 1.180934 
0.921338 1.108823 0.992158 1.202438 1.042845 0.815995 0.795973 0.956360 1.008435 1.238772 0.942002 0.989313 0.837357 0.989564 0.869404 1.094880 1.257702 1.068529 0.843048 1.168925 1.176818 0.940709 1.221629 0.869356 1.045858 1.198944 0.941725 0.949542 1.207882 1.159411 1.060316 1.255646 1.003575 0.956266 0.956614 1.210881 0.965107 0.806431 1.057796 0.990389 
