   0.048586 2157.275884
   0.048456 2289.966000
   0.048643 2162.044395
   0.047697 2125.848996
   0.048132 2199.757456
   0.048689 2198.610807
   0.048166 2252.474217
   0.048305 2125.054842
   0.047797 2142.738461
   0.047790 2109.524682
   0.048821 2234.462254
   0.048856 2169.286805
   0.048483 2339.628927
   0.048744 2202.739013
   0.048396 2184.592460
   0.048008 2163.720175
   0.047352 2208.549414
   0.049070 2149.318483
   0.048154 2163.403840
   0.047303 2179.899497
   0.047416 2190.964412
   0.047814 2135.194947
   0.048596 2266.989307
   0.049247 2226.932948
   0.048754 2141.407569
   0.048177 2162.929680
   0.049167 2134.738164
   0.047717 2122.254665
   0.047770 2171.830762
   0.048025 2188.635258
   0.048940 2140.450646
   0.048543 2232.900648
   0.048686 2201.297679
   0.048748 2175.324079
   0.049192 2079.067396
   0.050017 2208.127958
   0.049277 2201.699096
   0.048964 2138.924458
   0.049198 2152.497536
   0.049024 2233.280174
   0.048876 2138.993037
   0.049522 2245.340150
   0.049035 2192.027079
   0.047753 2291.489610
   0.048488 2115.875596
   0.049557 2132.055617
   0.048470 2176.119311
   0.049104 2091.211271
   0.048907 2164.960814
   0.048731 2201.119029
   0.049075 2166.677514
   0.049312 2150.287091
   0.048657 2170.440820
   0.048527 2177.499215
   0.048429 2243.462012
   0.048319 2136.256765
   0.048349 2098.412288
   0.048360 2079.151209
   0.048172 2168.832531
   0.048787 2262.738171
   0.049147 2219.992727
   0.048438 2287.512342
   0.048122 2097.667680
   0.047712 2205.860060
   0.048459 2111.123021
   0.049990 2143.095237
   0.048166 2158.591894
   0.048788 2240.989351
   0.048526 2204.281763
   0.047753 2249.806036
   0.047824 2218.374713
   0.047814 2125.977436
   0.047540 2267.777863
   0.048375 2094.935922
   0.048547 2021.122141
   0.048363 2136.404576
   0.048113 2151.943558
   0.049186 2145.644278
   0.048851 2270.219868
   0.048765 2235.598916
   0.048800 2155.648043
   0.049174 2117.633646
   0.048555 2088.722991
   0.048480 2192.229341
   0.049887 2176.653850
   0.049675 2171.476523
   0.049220 2142.505099
   0.049620 2112.214374
   0.048546 2287.429818
   0.048595 2243.782176
   0.048910 2118.194612
   0.049069 2187.420984
   0.048722 2304.784546
   0.048434 2162.598265
   0.048813 2134.237418
   0.047938 2189.183745
   0.047788 2117.153980
   0.047957 2158.777660
   0.047572 2129.515470
   0.048157 2184.724398
   0.048173 2135.863223
   0.047917 2142.818307
   0.048377 2140.356537
   0.048877 2120.633294
   0.048305 2169.171439
   0.048080 2208.988363
   0.048383 2206.707700
   0.049793 2120.836351
   0.049323 2280.398417
   0.048360 2277.399184
   0.049469 2192.362660
   0.049239 2090.735471
   0.047814 2167.465462
   0.048345 2124.189959
   0.048180 2120.347609
   0.048026 2136.490003
   0.048082 2133.406827
   0.048118 2190.277915
   0.047623 2257.034247
   0.048809 2180.181911
   0.048510 2253.021861
   0.048032 2264.675433
   0.048195 2221.618584
   0.048840 2233.158877
   0.047710 2137.233959
   0.048214 2249.757954
   0.048628 2210.712383
   0.048321 2209.464244
   0.047789 2252.139178
   0.047692 2299.644283
   0.049287 2149.072621
   0.048380 2038.557020
   0.049564 2156.360947
   0.048728 2151.908056
   0.049574 2167.487917
   0.048645 2237.079728
   0.049452 2167.603075
   0.050157 2138.600525
   0.048306 2245.058723
   0.048779 2134.519185
   0.048683 2145.271858
   0.048833 2213.618202
   0.048589 2132.163997
   0.048584 2091.986791
   0.049177 2150.943332
   0.048984 2130.949547
   0.048747 2131.877597
   0.049288 2187.266832
   0.048777 2186.004138
   0.048698 2039.287572
   0.048882 2231.929909
   0.047605 2207.109969
   0.048163 2094.967202
   0.048090 2259.844625
   0.047499 2102.456612
   0.048523 2234.099120
   0.048047 2238.443549
   0.048236 2239.112283
   0.048119 2186.217981
   0.048047 2288.700505
   0.048488 2147.693777
   0.048989 2078.831709
   0.049092 2187.834570
   0.048439 2141.656001
   0.048628 2008.160311
   0.048306 2205.344740
   0.048141 2118.306089
   0.048816 2092.198603
   0.048531 2106.682194
   0.048614 2132.670590
   0.048409 2138.450516
   0.047859 2225.271772
   0.047756 2130.343097
   0.048950 2155.653967
   0.048060 2127.582458
   0.048107 2148.750302
   0.047553 2151.469032
   0.048110 2204.603616
   0.047627 2108.399372
   0.049062 2193.151458
   0.048281 2214.465311
   0.049010 2176.161492
   0.048290 2131.688673
   0.047214 2071.271254
   0.048043 2262.833057
   0.047686 2196.957253
   0.048251 2200.949985
   0.048149 2160.222180
   0.048018 2248.458141
   0.047722 2185.757116
   0.048645 2227.447175
   0.049028 2141.987821
   0.048905 2132.096118
   0.048755 2238.023637
   0.048854 2109.242824
   0.049053 2168.911661
   0.049012 2081.632562
   0.048450 2055.329369
   0.048787 2148.995729
   0.048752 2144.264799
