-6.607024 -14.655294 -2.890896 -11.417693 -10.966690 -12.098893 -10.553424 -9.648767 -7.315707 -7.514112 -4.333654 -12.149195 -4.242678 -11.637756 -6.113613 -8.246121 -8.709468 -12.299144 -5.368211 -8.460576 -8.061091 -5.186126 -2.782175 -3.099502 -8.363729 -4.106893 -9.008602 -10.445509 -8.180367 -13.645852 -4.365453 -9.862012 -5.620136 -9.832720 -11.273268 -10.867883 -13.829713 -10.892560 -8.201081 -7.945826 -6.017283 -11.475969 -7.289642 -1.811841 -7.147072 -10.454064 -22.528372 -7.977667 -4.590808 -1.745133 -12.575161 -12.090042 -13.444362 -8.253626 -14.078968 
-6.607024 -2.080405 -3.925051 -13.842240 -10.966690 -11.492996 -4.658989 -12.597213 -6.996836 -7.514112 -4.261636 -7.947222 -4.879789 -11.605331 -6.341897 -10.508352 -5.822851 -12.430105 -5.368211 -1.241450 -6.324044 -5.186126 -2.782175 -8.901336 -8.581535 -4.460015 -10.484303 -10.445509 -12.954672 -8.840068 -11.702151 -10.307402 -5.596208 -8.334191 -7.190749 
-6.607024 -1.848592 -13.001066 -9.304019 -10.966690 -12.239444 -4.167737 -14.022876 -6.996836 -9.361529 -9.926493 -7.890116 -4.879789 -12.489911 -4.652929 -2.338902 -5.757007 -12.430105 -5.368211 -9.440602 -14.593488 -7.109229 -2.975757 -8.901336 -9.834646 -4.460015 -10.540889 -4.514163 -9.930091 -8.840068 -9.241624 -9.239097 -12.419781 -3.397825 -4.580263 -10.081313 
-6.607024 -3.446256 -9.350764 -22.629725 -11.489654 -10.977009 -3.972139 -11.039083 -6.759195 -5.699553 -10.930391 -7.336096 -4.879789 -12.489911 -5.839865 -7.144176 -5.757007 -11.978471 -5.368211 -8.468337 -9.858138 -10.010924 -3.137491 -7.736140 -13.182934 -4.460015 -9.073025 -13.656826 -11.640111 -9.511459 -5.425314 -6.306757 -11.125553 -6.482878 -5.729818 -8.732841 -13.159871 -5.429875 -6.243706 -4.008648 -12.882379 -7.331973 -9.423190 -12.408139 
-6.607024 -2.440658 -9.350764 -20.865068 -7.638155 -10.752767 -4.610621 -11.205059 -6.759195 -7.144059 -10.986730 -7.814634 -4.879789 -12.458171 -5.839865 -5.869844 -6.540084 -12.321584 -5.268051 -9.736756 -9.764390 -9.296563 -2.884696 -8.073245 -8.211286 -4.591196 -12.263520 -3.532576 -4.531453 -10.267547 -5.334315 -8.689082 -9.607806 -11.340625 -9.231377 -9.595996 -10.053845 -6.199772 -8.218772 -10.498555 -8.346080 -13.425276 -6.049990 -15.055683 
-6.607024 -5.450130 -9.350764 -19.719500 -7.638155 -12.282130 -4.796937 -14.205967 -6.759195 -9.435230 -13.966622 -8.164033 -4.879789 -9.980591 -7.082433 -2.988885 -5.518724 -12.321584 -5.486531 -9.360892 -6.484214 -9.953691 -3.174669 -8.541157 -11.895984 -4.591196 -4.947399 -4.263632 -4.039227 -6.323897 -10.098443 -13.103303 -9.997422 -3.092535 -9.231377 -10.560248 -10.053845 -14.985794 -6.949230 -11.336579 -11.951028 -2.807027 -11.382806 -8.805431 -8.394929 -5.106271 -11.930676 -11.767767 -4.899643 -6.454477 -6.392454 -6.941662 -5.373193 -12.265783 
-6.607024 -6.812031 -9.022427 -18.087080 -7.638155 -4.477999 -10.202575 -11.586143 -7.198836 -9.093623 -9.179716 -8.164033 -4.879789 -9.980591 -7.857746 -2.268416 -13.787835 -12.321584 -5.486531 -9.360892 -4.347400 -12.183931 -3.174669 -5.817000 -12.474401 -4.591196 -5.482119 -8.955843 -11.959088 -3.924883 -9.163524 -5.656962 -9.306885 -10.724706 -14.822140 -7.816421 -10.829326 -4.157222 -7.962664 -10.650511 -6.569241 -8.783998 -1.203162 -6.203066 -5.395111 -11.827709 -3.488141 -0.771744 -13.605683 -11.784353 -1.903561 -11.422592 
-6.076115 -6.812031 -9.022427 -7.742878 -8.042484 -5.797856 -13.606147 -10.848117 -7.198836 -9.093623 -9.373175 -12.846765 -4.879789 -11.328166 -6.166416 -6.979014 -11.150334 -12.321584 -5.486531 -13.781426 -2.870726 -4.959434 -3.174669 -13.787396 -12.242581 -4.591196 -9.751409 -5.672873 -4.813600 -7.867293 -13.277874 -5.600397 -11.419361 -19.858338 -4.535325 -9.159689 -12.765337 -5.890375 -4.473601 -1.056337 -4.799509 -13.993404 
-6.076115 -6.812031 -8.690751 -6.856941 -6.236168 -14.670423 -10.106126 -12.022054 -7.305456 -8.798727 -9.255328 -2.282841 -4.879789 -11.328166 -6.166416 -17.479493 -3.372543 -12.321584 -5.683309 -9.452796 -4.038009 -4.226545 -6.685680 -4.716661 -12.370659 -3.099656 -4.397166 -4.343556 -14.030557 -8.553765 -4.582786 -12.684470 -11.419361 -15.732793 -10.260758 -9.159689 -2.560824 -10.523166 -7.877101 -6.734953 -8.562028 -6.307249 -7.090256 -9.074130 -18.781827 -14.284201 -3.276767 
-6.076115 -6.812031 -8.690751 -7.611102 -7.194341 -11.052782 -9.935609 -11.109762 -7.305456 -9.827137 -10.712607 -8.170088 -4.879789 -11.328166 -6.281597 -11.158651 -2.697453 -12.321584 -5.683309 -2.592359 -9.275636 -13.600243 -13.557601 -15.158490 -12.451276 -10.192568 -4.740559 -9.159689 -13.882492 -8.553765 -4.582786 -10.462898 -11.211642 -11.845170 -4.594794 -11.908370 
-6.076115 -6.067962 -7.564588 -6.425693 -4.811463 -5.357439 -9.920567 -11.845170 -7.305456 -9.169636 -8.040280 -8.317836 -4.879789 -11.050115 -6.092483 -4.582786 -2.150914 -12.321584 -5.683309 -2.592359 -10.679533 -2.963678 -10.447404 -11.911464 -11.474294 -11.451929 -6.202803 -9.551813 -10.470258 -8.553765 -10.712454 -8.180327 -14.405656 -12.019353 -19.689012 -11.707807 -8.088671 -7.815916 -10.914403 -10.284994 -9.777554 
-6.076115 -6.067962 -8.820318 -4.923218 -3.834711 -14.428702 -9.870713 -12.254609 -7.427954 -12.251553 -6.250509 -9.677607 -4.879789 -20.229860 -6.677716 -4.582786 -2.162475 -12.321584 -5.291075 -2.423201 -10.679533 -10.916822 -4.826856 -11.130120 -11.474294 -9.759580 -12.344524 -9.551813 -11.411330 -8.426134 -11.170310 -7.205388 -7.103708 -6.309793 -12.790509 -9.132285 -1.203288 -12.123096 -3.408675 
-6.076115 -5.850570 -8.482149 -10.612553 -7.070842 -9.617487 -13.247016 -10.501047 -7.427954 -5.342904 -7.383149 -9.636635 -4.879789 -20.611212 -6.677716 -3.652671 -2.162475 -12.464972 -5.291075 -2.358459 -10.134542 -9.078204 -9.454184 -10.545387 -13.394510 -9.303359 -11.629067 -9.551813 -4.357024 -5.870127 -11.171834 -10.582871 -8.469394 -12.311664 -6.553195 -3.892069 -7.494634 -6.176287 -3.783442 -8.032958 -8.781701 -7.204714 -10.679412 -13.345031 -6.612612 
-6.076115 -5.850570 -8.482149 -5.442430 -5.492314 -9.904449 -11.310730 -10.918197 -7.427954 -4.359314 -9.156532 -8.007846 -4.879789 -21.580701 -6.053041 -4.342593 -2.162475 -7.389087 -5.291075 -2.358459 -9.601913 -12.640179 -12.246423 -10.113354 -9.719834 -7.778215 -7.108901 -9.849668 -6.894674 -9.337463 -6.726312 -6.378406 
-6.076115 -6.264516 -8.600693 -4.527395 -8.628494 -13.783539 -12.285553 -12.608863 -7.427954 -22.248481 -13.383864 -6.988233 -4.879789 -21.580701 -10.448515 -4.178393 -2.703612 -9.733377 -5.291075 -2.358459 -10.202707 -12.809272 -11.747692 -10.333261 -6.840878 -7.778215 -6.675233 -2.964189 -3.205566 -5.337977 -4.344754 -15.119665 -2.800684 -1.208389 
-6.076115 -6.058165 -8.600693 -3.440175 -3.336160 -14.569376 -8.537884 -12.344746 -7.427954 -4.889862 -10.512529 -12.748562 -9.695465 -21.324968 -15.132992 -4.178393 -1.240590 -10.045003 -5.291075 -2.061005 -9.825574 -3.444972 -12.274374 -9.368129 -5.672275 -7.778215 -4.779723 -2.203994 -5.774922 
-6.076115 -6.058165 -8.600693 -15.559925 -6.736020 -4.416197 -4.604560 -11.907170 -7.427954 -4.496639 -9.578081 -12.547822 -10.280574 -22.624571 -11.825361 -4.178393 -3.033346 -8.807108 -5.291075 -2.061005 -7.520897 -2.458550 -12.396860 -11.944094 -4.067410 -6.825142 -7.369444 -12.280820 -10.383201 -6.413513 -6.045064 -8.329902 
-6.076115 -6.058165 -8.600693 -8.948243 -7.103663 -11.236519 -11.568860 -7.219413 -7.427954 -4.496639 -2.489527 -5.292258 -9.109628 -6.136157 -12.191083 -4.178393 -13.799898 -7.945311 -5.291075 -15.361682 -7.520897 -1.951717 -12.368916 -7.286755 -4.182542 -6.825142 -13.223010 -13.577123 -9.969946 -11.225965 -11.635046 
-6.076115 -4.906852 -3.351494 -11.250679 -7.103663 -11.236519 -12.047016 -8.723386 -7.194526 -4.226940 -7.406275 -4.522655 -12.794863 -6.089482 -11.694431 -4.178393 -9.969946 -8.449325 -5.291075 -2.143998 -7.520897 -3.880134 -12.368916 -13.127781 -5.088940 -14.843977 -13.161683 -3.787656 -9.179170 
-6.076115 -4.906852 -13.545978 -9.550632 -7.103663 -11.236519 -12.123511 -8.319556 -7.194526 -7.501852 -6.941217 -3.613115 -5.114037 -2.018232 -4.113587 -4.178393 -9.530582 -8.607171 -5.291075 -2.606645 -7.520897 -2.638468 -12.368916 -3.132711 -11.716504 -2.965017 -8.642282 -6.243392 -2.787084 -10.737811 -2.582832 -8.451612 -14.456734 -8.687396 -6.654195 -11.449106 -8.112815 -10.186133 -2.443797 -12.692243 
-6.076115 -4.446062 -6.352034 -9.767007 -6.481038 -11.236519 -11.756465 -14.605484 -7.194526 -10.764447 -6.941217 -3.613115 -4.413594 -12.205140 -10.566923 -4.178393 -9.748560 -7.972645 -5.291075 -9.411871 -3.197052 -3.325432 -11.806775 -8.901268 -14.821140 -2.668398 -8.542340 -8.963196 -13.845951 -3.981331 
-6.076115 -4.446062 -6.866379 -9.769761 -6.481038 -11.236519 -12.020550 -10.016463 -7.683529 -1.885613 -8.257601 -3.613115 -4.413594 -11.419474 -5.119987 -4.150850 -9.571629 -8.775867 -5.291075 -8.142387 -10.004166 -13.722993 -11.867340 -2.095482 -3.462417 -4.594816 -8.469315 -10.892730 -2.823372 -4.834040 -5.266689 -10.178840 -14.622298 
-6.076115 -7.690455 -22.534886 -9.769761 -6.481038 -12.655913 -2.633783 -15.233285 -7.683529 -0.867335 -8.257601 -3.613115 -5.626379 -10.326005 -5.354136 -4.150850 -8.769508 -12.469433 -5.291075 -8.142387 -11.077091 -8.573097 -11.867340 -2.922389 -14.950641 -6.349551 -9.482573 -11.021793 -12.208688 -9.118192 -2.672445 -9.379429 -7.805077 -4.436891 
-6.076115 -9.182326 -5.357641 -7.642645 -6.481038 -13.164205 -2.679382 -9.125741 -6.716985 -4.928689 -8.257601 -15.199244 -6.243337 -10.766142 -4.676946 -4.150850 -9.428878 -22.473489 -5.291075 -10.222755 -1.445281 -6.249012 -12.088295 -13.018918 -9.575796 -3.157548 -3.006798 -11.250729 -13.102126 
-6.076115 -8.712739 -6.324516 -7.642645 -6.481038 -13.657095 -2.634673 -8.380134 -6.716985 -13.035000 -4.238267 -8.276261 -12.576227 -4.668511 -4.915294 -4.150850 -9.428878 -19.252743 -5.291075 -6.377731 -3.217215 -5.000886 -12.088295 -8.867253 -9.648942 -4.665883 -11.250729 -4.330956 -8.260907 -10.602397 -7.062168 -13.627048 -4.059863 -6.064739 -11.494597 -5.993390 -5.866400 -12.296828 -3.108662 -4.529582 -14.178224 -4.877611 -15.188303 -6.461498 
-6.076115 -9.471393 -13.446448 -8.333598 -7.022387 -12.426743 -2.477154 -5.559054 -5.758476 -9.419681 -10.227152 -3.545980 -5.943589 -3.345140 -4.915294 -4.150850 -8.574417 -21.816048 -5.291075 -6.637387 -2.851281 -12.926471 -11.369451 -4.987420 -9.185475 -3.815772 -10.908866 -4.538089 -14.077518 -7.664285 -8.746854 -6.010786 -5.109652 -12.020517 -11.691880 -7.390291 -4.356743 -9.443723 -7.958105 -7.050213 -6.093001 
-6.076115 -15.105745 -4.315462 -8.333598 -7.022387 -3.719868 -2.499152 -10.734852 -10.920042 -8.835976 -11.618101 -15.507065 -4.265405 -8.617560 -4.408778 -4.150850 -9.433073 -19.927595 -5.291075 -12.104585 -8.225230 -5.753546 -10.635015 -8.358432 -10.560121 -4.021369 -11.157887 -4.161452 -3.682133 -13.769411 -1.572614 -12.404963 -4.256713 
-6.076115 -5.269381 -5.886276 -8.564430 -7.022387 -10.086890 -3.122630 -6.115198 -12.336440 -3.810200 -5.964928 -11.103418 -4.897331 -12.767569 -5.077353 -4.150850 -9.433073 -18.825287 -5.291075 -13.112927 -4.405912 -14.068719 -9.118115 -8.072596 -10.544052 -5.896595 -11.820709 -11.135436 -14.903421 -11.822423 -5.613127 -10.593995 -7.271412 -9.750798 -11.046163 
-6.076115 -2.477782 -4.353262 -8.096516 -7.022387 -11.239351 -5.689365 -14.236533 -9.703287 -8.684227 -8.945069 -11.672189 -1.569952 -12.873271 -5.288266 -4.150850 -11.660024 -18.558845 -5.291075 -4.267719 -8.682996 -6.623907 -9.542037 -8.115807 -11.058716 -13.511448 -4.000768 -7.791192 -11.045610 
-6.076115 -2.477782 -11.503975 -7.529385 -7.022387 -9.585673 -5.689365 -7.883426 -9.677695 -9.239144 -8.273846 -2.961606 -11.573547 -9.097060 -5.598703 -4.150850 -13.249958 -18.256972 -5.291075 -4.488141 -3.436543 -8.191867 -10.752850 -8.293998 -3.749529 -4.755875 -11.804364 -6.532142 -11.926096 -7.620773 -4.485954 -4.922471 -12.064431 -5.077736 -7.002106 -12.583807 
-6.076115 -2.497807 -11.254186 -11.781225 -7.022387 -9.585673 -5.468045 -14.348689 -9.677695 -9.016784 -8.329837 -12.006493 -11.661270 -5.373926 -5.598703 -4.150850 -12.636958 -4.616416 -5.291075 -10.396639 -6.328757 -8.255356 -9.416513 -8.962810 -9.975464 -2.857341 -11.964910 -7.534401 -10.041661 -3.620000 -4.150465 -6.001468 -6.763158 -11.555460 -11.454611 -1.747156 -9.071717 -6.412050 -5.792412 -9.709985 -3.674692 -5.876250 -12.583597 -10.804643 -8.444392 -7.139203 
-6.076115 -2.497807 -9.581122 -8.356899 -6.788447 -10.558930 -5.468045 -10.214650 -8.324576 -5.353038 -10.138997 -8.645953 -10.444958 -10.154588 -5.598703 -4.150850 -12.742477 -6.673129 -5.291075 -9.859974 -7.109497 -9.537481 -9.416513 -5.201585 -5.477741 -8.631223 -13.333113 -4.358689 -11.118696 -9.873347 -10.826978 -12.008295 -14.993839 -14.565919 -7.813068 -10.638189 -9.071717 -4.783536 -5.568317 -4.210434 -5.942153 -7.694885 -7.932302 -2.485342 -6.178467 -6.671263 -9.539538 -13.322164 -14.813004 -5.383852 -8.386468 -6.188369 -3.140877 
-6.076115 -2.497807 -3.470953 -8.457698 -6.788447 -13.119236 -5.468045 -9.862774 -7.971635 -10.427639 -10.019315 -8.488057 -11.468950 -5.192339 -5.023099 -4.150850 -12.742477 -8.995397 -5.291075 -14.150590 -5.556689 -8.689823 -10.272333 -5.315849 -8.748875 -8.631223 -7.775348 -4.776898 -10.062297 -9.907260 -11.825613 -8.864365 -6.999000 -5.568317 -1.689239 -10.966699 
-6.076115 -2.417615 -5.134725 -3.837299 -6.788447 -9.184226 -5.468045 -8.737821 -12.142296 -12.175443 -4.811160 -8.457129 -11.468950 -11.744407 -5.023099 -4.150850 -13.006806 -7.950883 -5.291075 -5.673491 -5.964540 -4.583105 -11.022752 -5.850618 -11.191990 -9.111941 -6.373132 -5.770827 -7.483775 -8.873940 -11.069242 -3.310642 -7.711008 -9.597428 -17.367255 -4.108380 -9.996694 -7.522443 -2.234811 -10.033004 
-6.076115 -2.441594 -9.073212 -2.573681 -6.788447 -7.232832 -5.468045 -2.062827 -9.360448 -11.627569 -6.092113 -8.247190 -12.430433 -5.467971 -4.964476 -4.150850 -11.896458 -7.075896 -5.291075 -5.673491 -9.676799 -7.835425 -11.022752 -10.613261 -5.877777 -9.046415 -6.373132 -4.319795 -5.595606 -10.208069 -10.000943 -5.662166 -4.970597 -5.331837 -5.599377 -12.289362 
-6.076115 -2.441594 -7.556800 -11.912433 -11.459845 -6.924968 -7.831343 -6.901200 -10.689660 -10.066460 -3.693345 -8.788541 -12.819540 -3.088085 -4.926714 -4.150850 -11.123361 -10.670435 -5.291075 -5.831720 -8.847190 -12.408552 -11.022752 -11.089067 -5.877777 -9.046415 -9.234371 -10.194484 -1.828235 -7.815552 -11.311787 -13.578456 -5.355339 -4.210090 -11.753259 -10.618840 -5.489683 -5.668857 -7.517066 -7.642649 -8.847457 -8.879606 -7.682184 -2.830842 -4.480833 -4.158713 -14.074824 -5.825346 -9.590038 -11.574623 -6.564770 
-6.076115 -10.501979 -7.384222 -4.423769 -8.045298 -7.259108 -6.864354 -6.868893 -5.914884 -10.066460 -5.084938 -8.788541 -9.013713 -3.415449 -6.686710 -4.150850 -10.041174 -11.335981 -5.291075 -9.134081 -8.096432 -7.960942 -9.855004 -2.759922 -5.218030 -9.046415 -11.820183 -8.502306 -8.847457 -10.966866 -21.613841 -11.182456 -12.022407 -12.119409 -12.108507 -9.092078 -5.146894 -6.439801 -8.957304 -8.603444 -4.442791 -8.341379 -6.502500 -9.310792 -3.196714 
-6.076115 -8.575005 -7.384222 -2.655543 -5.634560 -8.130569 -8.169275 -6.550660 -8.311691 -10.516881 -5.434985 -6.733540 -14.220542 -5.956449 -6.686710 -4.150850 -11.744802 -10.607754 -5.291075 -10.026975 -9.451509 -7.459338 -6.836638 -6.551376 -14.536599 -9.046415 -12.162950 -3.626716 -9.172647 -2.395155 -5.685238 -10.108527 -9.984778 -11.427606 -4.759446 -6.127059 -7.319189 -2.456469 -11.070182 -7.723766 -1.419624 -8.327305 -7.580203 -3.880403 -6.421148 -13.799907 -4.700828 -12.516105 -12.662173 
-6.076115 -4.993292 -8.144159 -3.903696 -10.016452 -8.766726 -8.169275 -7.953153 -7.352382 -10.485698 -5.434985 -11.086450 -9.194739 -2.358248 -7.095778 -4.584918 -8.511719 -5.286526 -5.291075 -1.132677 -3.236599 -7.459338 -2.580221 -8.495247 -3.205432 -10.580877 -7.435597 -6.528831 -3.763607 -2.395155 -12.291368 -10.232930 -4.636714 -4.329660 -4.792355 -4.671851 -7.936397 -7.535225 -13.832193 -7.723766 -7.499834 -11.960653 -12.005726 -2.242329 -10.505769 -2.238702 -15.290776 -7.339560 
-6.076115 -7.654141 -8.144159 -9.629460 -11.785830 -7.292090 -7.582091 -2.006568 -13.842627 -10.605867 -5.434985 -6.689285 -10.088360 -22.251457 -7.095778 -4.584918 -9.335780 -3.892873 -5.154650 -7.446516 -9.310326 -8.330681 -12.231035 -9.515332 -5.544497 -10.823216 -4.630263 -5.828774 -3.214528 -2.395155 -5.083553 -10.232930 -9.751524 -9.283275 -9.511691 -4.790617 -12.684244 -10.439851 -13.593538 -7.723766 -11.060889 -7.019384 -7.237656 -5.605763 -14.666820 -10.623668 -6.186758 -9.507225 -7.284254 
-6.076115 -4.453354 -8.144159 -4.878983 -4.020584 -6.818532 -11.210048 -4.123365 -8.930457 -8.324096 -14.710017 -12.524482 -13.069273 -22.251457 -7.095778 -4.584918 -4.975442 -5.288008 -5.154650 -7.598101 -5.386199 -8.724472 -12.237563 -10.363061 -8.144916 -10.780862 -6.353754 -5.337752 -6.876527 -2.546708 -5.385663 -10.319626 -8.365514 -10.811030 -4.448537 -4.003816 -8.469298 -4.261185 -5.240582 -4.708612 
-6.076115 -12.637645 -8.144159 -2.597530 -5.189623 -3.329846 -10.639433 -8.631106 -8.645835 -8.212271 -9.682418 -2.079802 -7.939227 -21.818891 -7.095778 -4.584918 -10.401977 -9.115031 -5.154650 -7.598101 -4.319334 -14.929575 -21.806805 -9.882321 -8.144916 -10.780862 -10.898658 -6.254705 -2.826118 -2.546708 -4.719336 -10.197743 -5.453714 -5.974897 -20.170705 -4.624967 -3.797451 -11.445561 -6.662762 -3.124173 -4.517029 -4.654679 -7.701041 -4.954040 -8.086758 -2.393300 -12.111807 -3.205933 -3.698958 -4.521426 -8.133004 -10.406164 -9.264901 
-6.076115 -6.484564 -8.144159 -1.325590 -15.051176 -3.011907 -11.141187 -10.885085 -3.521135 -7.948394 -7.799252 -9.122843 -9.581142 -3.478791 -7.095778 -4.584918 -10.331236 -7.623701 -5.154650 -6.594845 -4.049645 -4.683447 -10.309304 -10.403703 -8.133004 -11.364066 -9.693058 -1.245604 -2.414818 -2.546708 -4.711196 -10.197743 -11.984725 -5.874072 -3.657709 -10.409822 -11.996947 -5.084593 -7.553584 -14.296545 -12.434566 -5.341761 -11.143034 -6.240957 -21.792880 -11.039135 -12.832501 -4.595979 -10.551912 -8.270118 -13.693103 
-6.076115 -6.484564 -8.144159 -2.287416 -9.261869 -1.136709 -10.847033 -13.660730 -10.332974 -8.902915 -13.868919 -9.441422 -10.297664 -5.667249 -6.722686 -4.584918 -20.567966 -8.728719 -5.154650 -7.266823 -6.461023 -7.440186 -8.851799 -3.094325 -7.525639 -11.873502 -3.532227 -3.705745 -7.748092 -2.546708 -5.301227 -10.197743 -6.587929 -14.671334 -7.773338 -10.347528 -5.205942 -18.008608 -0.773653 -12.179784 -6.863565 -12.985702 -12.867597 -11.936274 -4.753514 -9.786755 -1.737333 
-6.076115 -6.484564 -9.085160 -4.690272 -9.155205 -11.905493 -12.174550 -10.415141 -6.693029 -8.561054 -10.690769 -19.422396 -6.332205 -4.987074 -4.622656 -4.584918 -12.391221 -9.714982 -5.154650 -7.266823 -2.161198 -3.523789 -9.023040 -11.012296 -7.525639 -5.231751 -5.718890 -4.272035 -6.124120 -12.555363 -11.547238 -10.197743 -8.024866 -10.224789 -14.394974 -13.581369 -4.438301 -8.442641 -1.089754 -12.223392 -10.046252 -9.823390 -7.743298 -2.895768 -1.996764 -9.916043 
-6.076115 -6.484564 -9.085160 -1.630176 -10.641018 -9.485899 -6.903115 -7.869061 -11.668720 -8.144914 -6.086263 -18.453777 -10.166907 -5.173045 -2.993987 -4.584918 -2.362494 -12.852032 -5.154650 -7.265755 -7.702326 -4.578084 -9.654938 -14.255034 -7.525639 -4.519365 -11.510451 -5.333748 -6.158484 -4.604105 -13.248181 -10.197743 -12.506773 -8.815821 -11.748700 -1.916787 -4.865546 -10.911788 -3.854116 -13.060719 -10.116364 -10.195921 -5.251710 -8.449134 -3.745691 -4.716873 -3.973700 -9.345317 -5.636594 -8.391240 -13.087332 
-6.076115 -5.092716 -9.599961 -2.632531 -6.942700 -9.291609 -3.924549 -8.769571 -14.797183 -8.687338 -10.688345 -18.500560 -10.830230 -10.187386 -4.815517 -4.584918 -2.362494 -3.168237 -5.154650 -6.537122 -9.434587 -12.493226 -10.735370 -2.339607 -4.604341 -15.334885 -3.007902 -8.736865 -6.159380 -4.604105 -14.197426 -10.197743 -11.109043 -8.485299 -4.846761 -6.691676 -4.865546 -4.575020 -10.366426 -12.080581 -8.037355 -3.303961 -10.582664 -3.000341 -4.618917 -9.016499 -10.117996 -10.181027 -1.115141 
-6.076115 -5.970790 -9.599961 -5.518335 -7.040067 -13.898253 -6.190658 -10.710473 -12.596920 -8.687338 -6.720617 -18.500560 -9.018145 -12.165049 -14.951481 -6.296208 -2.362494 -1.761139 -5.154650 -6.537122 -7.845762 -1.705210 -10.952578 -8.214868 -8.233873 -6.411675 -2.767017 -14.962782 -14.203021 -4.308302 -11.121155 -8.880287 -4.554827 -8.452950 -5.668924 -12.181987 -4.865546 -12.438286 -11.044925 -9.305041 -12.038132 -22.598109 -11.187531 -6.999248 -10.114388 -5.398229 -10.060764 -7.616156 -7.587253 -5.469164 -6.810002 -4.607977 
-6.076115 -9.314147 -9.599961 -9.013739 -10.567213 -12.135227 -6.612585 -11.470279 -4.865546 -9.619825 -3.618697 -8.766727 -10.807097 -5.531761 -10.326611 -8.845862 -2.387862 -12.380223 -5.154650 -6.537122 -15.188688 -2.908780 -11.881722 -14.782183 -18.780504 -15.053077 -2.684002 -12.464231 -20.959463 -4.308302 -6.242751 -11.240416 -6.735975 -7.415593 -5.668924 -12.535596 -12.452029 -13.366136 -6.935484 -6.992381 
-6.431565 -11.292737 -6.895662 -10.901169 -9.680236 -6.453604 -5.812960 -8.745904 -5.871141 -10.502647 -4.262809 -9.161434 -9.508619 -4.306840 -12.333276 -13.161702 -2.297616 -2.284606 -5.154650 -6.757969 -11.979135 -14.604022 -4.308302 -5.204618 -11.153058 -11.860458 -6.856666 -12.239651 -5.364252 -9.941284 
-5.773812 -9.884434 -5.680370 -7.497351 -9.311310 -4.191484 -5.688162 -4.506700 -5.871141 -8.469987 -10.768189 -7.724739 -9.930960 -6.671691 -8.857904 -10.255463 -2.703565 -8.274347 -5.154650 -6.757969 -10.810354 -12.230233 -4.308302 -8.647893 -3.458150 -10.321248 -6.856666 -12.267699 -4.321095 -18.994354 -15.125547 -1.970561 -4.427461 -4.066080 -5.384963 -22.535841 -3.220121 -4.292746 -11.207280 -12.087913 -12.485327 -5.322323 -4.278213 -3.227037 
-5.773812 -9.884434 -6.548816 -8.452623 -12.920283 -9.133824 -3.379127 -3.599833 -5.712181 -4.513393 -12.112585 -8.687759 -4.659976 -8.118919 -8.857904 -5.586020 -2.703565 -4.987578 -5.154650 -6.757969 -11.207280 -11.959048 -4.129155 -13.114249 -9.261870 -9.286341 -7.743938 -12.411686 -10.935539 -7.069404 -2.270757 -11.016215 -11.539370 -10.295435 -5.391960 -17.930349 -12.484541 -14.431046 -5.281378 -3.756893 -10.112212 -10.906352 -8.509599 -12.011646 -5.202953 -9.721157 -13.321828 -14.490639 -7.432512 
-5.773812 -8.985893 -2.318605 -11.987846 -13.544904 -7.802007 -18.901058 -10.138269 -5.102788 -4.513393 -11.578123 -8.698257 -5.082115 -6.523790 -8.857904 -7.011529 -2.576380 -13.569018 -5.154650 -6.757969 -9.677781 -7.692021 -12.067590 -11.394003 -11.414623 -12.333392 -7.743938 -4.388231 -2.671624 -6.194561 -2.270757 -8.543446 -4.241710 -11.189877 -11.028709 -8.215956 -12.300833 -6.879833 -10.883182 -5.270259 -21.689592 -12.774070 -14.083225 -20.731410 -5.500086 
-5.773812 -6.059677 -4.361961 -5.753118 -4.928259 -7.195260 -18.595040 -15.554753 -5.102788 -4.513393 -12.127666 -7.535898 -5.990451 -8.761123 -12.176003 -9.073884 -2.494161 -5.815648 -5.154650 -6.757969 -9.413057 -5.160092 -11.603443 -6.709666 -5.502464 -11.477894 -7.187805 -8.197576 -10.502300 -6.163148 -4.657771 -11.712893 -2.556788 -9.557923 -8.973904 -7.032179 -13.960178 -9.731988 -12.598576 -9.708577 -4.865706 -3.115411 -11.835659 -14.340702 -7.205506 -7.804520 -10.008212 -21.830055 -4.257161 -3.743506 -7.458469 -9.387175 
-5.773812 -5.090240 -5.558522 -13.361278 -4.674703 -6.818464 -3.469575 -7.022897 -5.102788 -4.513393 -13.113801 -7.535898 -6.160711 -8.666446 -2.213591 -5.954127 -2.494161 -5.158307 -5.154650 -6.757969 -3.985801 -10.222331 -4.219564 -13.549304 -5.714698 -11.228252 -7.187805 -9.945169 -11.514812 -8.646351 -2.939674 -5.989549 -7.405928 -10.042584 -8.621996 -10.939069 -4.916800 -9.731988 -12.588194 -14.187280 -12.097188 -3.291151 -5.003689 -8.385309 -19.645275 -1.516683 -14.445982 -3.971109 -10.433032 -7.041471 -5.171360 -9.360115 -3.701354 -10.316799 -8.142172 -6.821166 -6.926218 
-5.773812 -7.087353 -5.244438 -11.696624 -7.109574 -8.888595 -1.825570 -12.616309 -5.102788 -4.513393 -8.854551 -12.851066 -4.688601 -11.366256 -8.182607 -2.116681 -4.081171 -15.114633 -5.154650 -15.309840 -13.564182 -8.324410 -7.001823 -5.000856 -8.576469 -5.119208 -8.100408 -10.630276 -8.213119 -13.785843 -10.020093 -10.151542 -17.019367 -7.190956 -11.474103 -12.938939 -9.889795 
-5.773812 -7.759238 -9.089342 -12.344271 -3.623751 -8.888595 -4.379949 -11.427822 -5.005376 -4.513393 -9.767090 -7.782574 -10.218568 -5.647132 -9.820162 -2.418096 -3.853342 -11.560664 -5.154650 -4.207234 -10.204234 -8.694199 -2.409734 -6.082107 -5.496692 -6.754868 -8.464165 -9.484785 -17.392992 -6.924793 -8.322396 -11.070466 -15.266025 -9.327551 -4.035298 -3.027766 -6.537087 -7.046446 -3.863338 -7.366756 -9.257906 -5.885207 
-5.773812 -7.759238 -2.229822 -12.034516 -11.697826 -10.830463 -15.518953 -9.698226 -4.595968 -4.938008 -14.205856 -2.435657 -4.237441 -9.491724 -7.504943 -2.418096 -5.107505 -4.538150 -5.154650 -11.519849 -12.874245 -6.628362 -2.061251 -7.943851 -4.309148 -9.665742 -8.971360 -7.855287 -16.063699 -11.497502 -11.346920 -10.748121 -2.074135 -9.792116 -4.921421 -3.027766 -7.257352 -11.421982 -11.467317 -3.669784 -12.891667 -12.192659 
-5.773812 -7.759238 -2.347375 -12.893759 -12.652265 -8.128859 -8.355570 -9.578652 -4.595968 -4.938008 -10.743037 -3.467527 -4.354366 -12.349161 -7.504943 -2.404014 -4.747081 -4.583615 -5.154650 -11.391428 -16.479388 -6.050630 -8.050133 -11.553572 -6.997936 -5.926241 -8.971360 -8.635581 -6.124392 -9.989882 -9.831641 -8.246311 -6.525520 -8.767708 -10.822334 -10.893407 -6.150832 -9.319324 -8.840871 
-5.773812 -4.409445 -2.438970 -8.077892 -12.126045 -5.816169 -8.548825 -9.578652 -5.192562 -4.886504 -9.752714 -4.295495 -5.572342 -14.075395 -9.269789 -2.592745 -3.987426 -4.651536 -5.154650 -10.995258 -16.719570 -4.583951 -2.833969 -13.562193 -6.997936 -6.708483 -6.487350 -7.969925 -7.001277 -5.202775 -10.118352 -7.057460 -13.572979 -11.750739 -9.649141 -7.151440 -2.918884 -4.467676 -4.932110 -10.818385 -12.380540 
-5.773812 -4.409445 -3.442514 -10.589581 -11.469922 -4.659971 -8.548825 -10.268727 -5.192562 -4.886504 -9.361679 -2.884958 -6.977913 -7.098010 -10.090928 -2.840278 -3.987426 -10.254938 -5.154650 -10.788808 -6.828669 -9.243509 -2.701317 -8.868928 -6.046358 -21.206558 -9.308724 -7.969925 -4.194633 -6.537139 -5.241635 -7.057460 -7.716567 -10.429717 
-5.773812 -4.273720 -4.678462 -7.852549 -4.935104 -17.908101 -8.548825 -6.851724 -7.057460 -4.886504 -9.766237 -5.531930 -6.386106 -4.836084 -9.326434 -2.536323 -4.144833 -12.255725 -5.154650 -11.110908 -4.937640 -5.241635 -4.246809 -8.536212 -5.931639 -11.303397 -13.266740 -8.519715 -4.974857 -9.623439 -9.906197 -6.433044 -12.036125 -10.322417 -8.923896 -5.207777 -3.222764 -4.518300 
-5.773812 -4.742061 -5.505286 -2.847403 -3.314672 -17.908101 -8.464856 -5.612238 -6.486221 -4.886504 -3.165306 -4.938074 -5.219121 -4.011964 -13.659846 -3.800683 -2.162113 -6.522886 -5.154650 -11.325480 -2.322538 -5.241635 -8.306582 -9.064671 -8.984321 -10.520644 -15.034072 -7.773443 -3.895344 -9.079889 -4.524203 -12.794922 -7.816576 -2.437153 -8.490848 -4.945162 -13.992467 -14.372532 -11.551722 -4.043891 -3.685743 -4.827810 
-5.773812 -8.137340 -2.863233 -11.176766 -7.624336 -17.908101 -5.140408 -7.197273 -6.486221 -4.886504 -14.680467 -4.900728 -5.783810 -4.011964 -1.654073 -3.800683 -4.786640 -6.522886 -5.154650 -11.991981 -2.029749 -5.241635 -7.445932 -9.563005 -7.820461 -13.352274 -6.475608 -6.305129 -9.115786 -9.079889 -6.587231 -13.822554 -9.370226 -2.914167 -5.996145 -6.131489 -10.741970 -12.222304 -15.386534 -9.940196 -3.103971 -6.575214 -4.311931 -14.515959 -14.977031 -10.056464 -8.374041 -11.183545 -8.180053 -7.522261 -20.110705 -10.854538 
-5.887508 -5.121145 -2.737665 -8.333543 -7.905825 -19.000560 -11.312213 -8.000302 -8.915123 -4.886504 -9.347286 -9.305001 -5.178839 -4.011964 -4.926646 -3.800683 -4.993898 -7.093268 -5.823659 -12.996702 -6.234229 -5.594768 -8.353200 -9.624527 -8.356967 -7.406187 -2.744165 -5.529828 -8.959908 -9.494244 -12.579861 -15.211873 -22.657048 -9.900299 -4.552946 -4.645247 -4.524156 -5.625947 -11.711685 
-5.887508 -3.959442 -6.367481 -9.646331 -8.381483 -17.762994 -10.443845 -7.347912 -5.511419 -8.442333 -10.504765 -12.479193 -7.271787 -4.011964 -6.478549 -3.800683 -4.688308 -7.093268 -5.823659 -4.674168 -6.322631 -5.594768 -11.356766 -4.649582 -10.593873 -7.035745 -2.398837 -8.488240 -7.900605 -4.613722 -10.347971 -5.176366 -4.517438 -11.452777 -10.365765 -6.059088 -3.919837 -13.094796 
-5.887508 -4.849502 -6.385328 -8.936504 -7.778498 -10.279836 -14.763447 -6.710160 -7.879075 -9.405713 -3.001997 -8.914231 -4.747570 -4.011964 -6.459324 -3.800683 -6.718069 -7.093268 -5.823659 -8.977531 -3.775373 -5.287043 -10.960104 -4.649582 -5.927363 -7.086047 -2.658861 -17.671220 -6.740188 -12.000186 -10.261846 -8.007363 -13.475687 -9.988888 -3.613490 -10.971901 -5.731015 -10.229104 -8.102078 -10.965703 -1.973475 -9.348711 -11.989918 -5.475626 -12.461203 -5.381980 -7.290835 
-5.887508 -3.936812 -5.780324 -10.152057 -2.553244 -5.730975 -8.790483 -5.986715 -8.942845 -9.136117 -13.206290 -9.240747 -1.334360 -4.011964 -6.164344 -3.800683 -8.991387 -7.093268 -5.823659 -3.648793 -4.823425 -4.686908 -7.918686 -4.817367 -6.350855 -11.508368 -4.266854 -17.671220 -11.522486 -12.029583 -10.717202 -9.119950 -8.426435 -4.451409 -2.598186 -1.736675 -8.448026 -11.975780 -4.010143 -3.984022 -14.951882 -5.667470 -10.110787 -10.297448 -8.044372 -5.342987 -12.157599 -7.957529 -8.787328 -6.322290 -5.548217 -10.800989 -14.610209 -5.887395 -3.757269 -4.720335 -3.452970 -9.472509 
-5.887508 -10.648203 -7.683995 -10.152057 -4.825027 -8.505210 -8.790483 -2.769274 -9.058513 -10.219637 -10.583805 -9.206517 -6.888977 -4.011964 -6.008453 -2.382081 -9.757411 -7.093268 -5.823659 -13.153358 -8.589238 -4.686908 -10.061074 -5.347949 -9.339120 -9.453596 -17.939607 -3.254567 -12.671553 -8.019925 -4.730788 -8.819049 -10.386199 -5.022946 -2.855831 -3.918271 -10.551832 -8.906984 -3.959321 -12.613928 -7.059407 -6.695179 -3.569039 -12.410448 -9.081359 -8.940245 -10.174782 -3.181564 -6.315389 -2.185436 -6.378626 -14.205635 -6.221411 -13.930855 -6.512147 
-5.887508 -7.115840 -11.390361 -10.152057 -7.797518 -7.080803 -9.900131 -7.429914 -8.914359 -6.275713 -11.527584 -8.846608 -4.403153 -3.256349 -7.388746 -2.382081 -8.180099 -7.093268 -5.823659 -7.824015 -4.270996 -4.997234 -11.518418 -4.880641 -5.330919 -19.204463 -2.361524 -3.171775 -9.943729 -13.508176 -2.245130 -11.865107 -9.065227 -4.354850 -2.092157 -6.418201 -8.569075 -8.147077 -3.959321 -2.591590 -8.835523 -18.892374 -11.257593 -3.508549 -14.427884 -9.759640 -10.160547 -12.533770 -10.885588 
-5.887508 -6.705330 -10.816751 -9.762823 -2.384392 -9.703094 -7.546398 -3.616695 -9.632718 -7.460365 -12.136020 -11.452933 -8.019715 -8.085450 -11.628504 -11.075876 -7.315226 -7.093268 -5.813773 -17.440672 -4.234267 -4.928667 -9.625461 -4.098835 -6.123803 -10.261399 -2.997959 -6.367155 -8.141216 -7.378722 -1.836752 -12.142819 -4.187381 -6.407672 -8.589074 -9.296395 -8.091377 -7.838322 -5.005293 -11.046306 -6.555170 -12.543705 -3.862602 -4.697012 -8.341419 -3.731837 -11.372183 -8.070693 -11.555300 -5.670677 -12.533227 -14.752449 -11.063420 -5.540480 
-5.887508 -10.161066 -9.499498 -10.569914 -13.305243 -10.364856 -8.932680 -7.384087 -1.439284 -10.979101 -5.992268 -9.699878 -13.702882 -10.676995 -12.373890 -11.957227 -5.169755 -7.093268 -5.813773 -17.440672 -6.020694 -5.078134 -8.957385 -4.022082 -4.681646 -12.297819 -2.997959 -4.286876 -5.413014 -6.597006 -3.781626 -2.563832 -12.030437 -11.518154 -7.790179 -8.790518 -6.138827 -8.220986 -4.306078 -9.248113 -8.345702 -11.186449 -10.232517 -4.061192 -6.005932 -7.359073 -8.133684 -10.152026 -8.415708 -9.399802 -11.336407 -7.556532 
-5.887508 -3.894939 -12.598184 -10.916803 -7.674933 -10.147398 -8.220986 -6.673618 -15.806531 -13.201796 -6.627830 -4.381238 -4.697319 -7.798550 -15.565355 -11.716216 -6.252054 -6.662456 -5.813773 -12.597366 -7.418103 -4.316272 -14.700740 -4.022082 -10.457405 -12.289240 -1.488347 -4.949207 -2.286029 -5.778994 -3.781626 -11.010419 -11.354101 -11.867787 -4.824555 -9.766999 -6.639529 -12.511675 -14.704304 -6.735901 -9.190187 -13.063297 -4.838861 -2.660482 
-5.887508 -9.602555 -10.583470 -2.643252 -4.233192 -9.543725 -8.150362 -8.126762 -13.992712 -10.789195 -11.526000 -6.136845 -4.287432 -10.348639 -14.233133 -10.830193 -14.079180 -6.662456 -5.813773 -6.034302 -6.639529 -4.539158 -4.764774 -2.301105 -10.474255 -13.225580 -4.137224 -6.101429 -2.286029 -8.097094 -2.853319 -8.480424 -19.123616 -5.035699 -11.549939 -9.584179 -6.066447 -6.326108 -8.472269 -14.133425 -9.597798 
-5.887508 -9.373618 -10.692058 -11.052669 -3.739271 -9.283188 -8.150362 -4.310215 -14.908284 -8.993167 -5.204976 -5.777530 -10.261381 -12.363840 -13.894149 -11.412278 -14.427829 -6.662456 -5.813773 -4.178794 -6.639529 -4.784108 -6.073348 -11.709116 -9.371283 -12.487518 -8.074272 -4.297158 -2.088646 -1.924533 -11.053142 
-5.887508 -9.373618 -4.066876 -13.028034 -9.442582 -9.028954 -6.361073 -3.820403 -17.101429 -8.252427 -3.364621 -7.237821 -8.250370 -10.921173 -9.754033 -11.940280 -9.574390 -6.662456 -5.813773 -2.838816 -7.267131 -5.858642 -9.959417 -3.880483 -10.006899 -11.487379 -7.082010 -11.772525 -2.088646 -9.380419 -5.521238 -9.242916 -8.376411 -12.907412 -12.099486 -5.510469 -8.451326 -5.712038 -22.954343 -3.909343 -4.881493 -3.615102 -11.565184 -2.304351 -3.995897 -5.675980 -10.666030 -9.030227 -11.928410 
-5.887508 -8.722805 -7.997393 -8.130289 -14.910131 -8.759998 -5.704341 -3.820403 -16.211112 -7.747023 -9.936998 -7.237821 -7.777803 -13.588863 -12.384330 -11.707590 -11.394073 -6.662456 -5.813773 -2.441881 -21.355774 -5.532419 -19.573275 -12.555965 -6.125458 -8.507093 -15.319951 -5.106300 -2.088646 -13.331621 -7.574621 -12.408774 -6.357505 -3.435273 -9.559305 -6.458543 -4.338791 -10.930015 -8.751551 -3.999459 -5.930398 -2.433051 -11.192198 -12.830448 -13.757803 -9.314713 -10.766162 -10.191215 -6.997026 -4.381345 -8.582317 
-5.887508 -8.722805 -3.166907 -11.851064 -10.141300 -8.759998 -3.551716 -3.820403 -15.603432 -8.889415 -7.170623 -7.902858 -8.720028 -9.777397 -3.852522 -11.327383 -5.558249 -2.357204 -5.813773 -12.209015 -15.008203 -5.532419 -11.168216 -13.281600 -6.827643 -9.631431 -8.106356 -2.051959 -2.088646 -14.568779 -10.097928 -6.074868 -6.013191 -7.297398 -10.076864 -9.711104 -10.561731 -11.094878 -2.103304 -6.650754 -5.104267 -11.368748 -9.334320 -6.208565 
-5.887508 -8.172229 -8.579485 -3.447230 -11.085398 -8.581696 -3.026705 -3.820403 -15.603432 -9.449020 -7.401578 -10.783549 -10.951877 -8.006346 -4.489770 -11.604609 -7.702308 -3.802123 -5.813773 -10.364669 -13.564046 -5.532419 -9.528406 -11.279659 -6.827643 -9.227814 -8.106356 -2.278563 -2.596941 -6.006136 -8.129666 -7.864532 -6.730933 -10.297847 -6.280837 -10.279569 -9.519141 -5.441222 -9.948128 -2.887139 -14.704761 -7.173393 -7.395645 -8.360443 -10.223428 
-5.887508 -8.417328 -7.624781 -2.177366 -11.386995 -5.227254 -7.570266 -3.820403 -14.885341 -8.773429 -7.241764 -14.834712 -11.279911 -5.753165 -7.229032 -11.604609 -6.478870 -10.082542 -5.813773 -15.072723 -6.295119 -6.534869 -10.767336 -11.310822 -6.540313 -12.124178 -7.859209 -7.601482 -2.596941 -6.458299 -7.143989 -4.101019 -6.730933 -8.970786 -10.538905 -8.886822 -9.653206 -5.145564 -5.556589 
-5.887508 -9.411800 -6.592371 -1.802047 -11.629685 -9.740831 -8.046267 -3.820403 -13.042689 -4.393561 -7.076702 -4.456833 -9.165955 -9.730762 -7.229032 -11.760948 -6.280573 -5.669141 -5.813773 -5.008693 -10.949484 -5.231052 -6.775306 -10.917085 -8.169200 -11.131367 -8.427809 -4.067504 -2.596941 -6.803219 -11.396860 -10.289375 -2.760819 -6.212478 -6.359170 -8.360403 -8.426418 -15.089258 -4.617739 -6.634785 -8.220605 -10.185564 -7.308218 -22.396557 -3.028805 
-5.887508 -7.385184 -12.027667 -12.622945 -8.914673 -3.967194 -11.159632 -3.820403 -3.667661 -5.334608 -5.561139 -14.136792 -9.318746 -12.124754 -7.229032 -11.840735 -9.526113 -6.210339 -5.813773 -10.893053 -5.799860 -5.471584 -5.397393 -4.872472 -8.024134 -4.261436 -4.260449 -12.509271 -2.751808 -6.803219 -12.603970 -7.464706 -1.516271 -14.710556 -4.351442 -10.885891 -7.108345 -8.325292 -5.206317 -6.932168 -8.530149 -6.699438 -3.895121 -9.861810 -9.643834 -13.767114 -7.348801 -4.173372 -6.019790 -4.148256 -5.630186 -9.607276 -9.382778 -2.571533 -3.289437 -3.967245 -4.822257 -3.977493 
-5.887508 -4.622803 -11.206021 -4.892741 -9.701156 -10.831858 -6.816325 -3.820403 -4.697307 -5.702033 -9.379884 -12.269297 -9.345788 -11.371036 -7.229032 -15.672303 -9.397610 -7.108345 -5.813773 -10.204881 -7.776178 -4.896111 -9.959476 -9.056194 -8.166354 -2.488395 -3.502171 -8.829071 -2.484503 -9.647961 -22.742863 -9.158028 -1.516271 -7.524732 
-5.887508 -11.963200 -8.515460 -4.957527 -9.802866 -10.721872 -9.003127 -3.820403 -9.283610 -6.526337 -3.391958 -6.816988 -9.345788 -12.169391 -6.936339 -8.137250 -10.716293 -7.108345 -5.813773 -10.204881 -12.145959 -12.083352 -8.760124 -10.872893 -6.856826 -4.830025 -3.502171 -10.893622 -2.484503 -9.998133 -2.918534 -7.975242 -12.804147 -3.065134 -8.713288 -13.746677 
-5.887508 -12.859081 -14.440353 -4.195858 -9.611605 -12.623745 -9.995605 -3.820403 -10.048551 -5.953393 -4.523502 -4.981511 -9.208134 -11.799540 -6.936339 -7.937072 -3.959665 -7.417028 -5.813773 -10.204881 -5.890108 -8.529994 -6.622712 -11.140418 -3.282494 -3.984013 -13.038468 -10.097923 -3.020129 -12.301250 -11.363182 -8.582380 -7.223206 -2.347579 -11.106533 -9.755970 -11.655866 
-5.887508 -10.310236 -8.077868 -3.542850 -10.121620 -12.390865 -8.145242 -3.820403 -5.344517 -5.953393 -11.700899 -6.975838 -12.709936 -10.968984 -6.936339 -4.699349 -6.248525 -7.496854 -5.813773 -6.835741 -1.360973 -9.821205 -8.865886 -7.554028 -4.293494 -2.261600 -7.130358 -17.742837 -3.020129 -6.847013 -21.656386 
-5.887508 -6.442020 -8.077868 -3.662017 -10.046246 -3.335659 -12.299097 -20.367932 -14.012738 -5.953393 -13.441281 -9.414060 -11.983366 -10.331428 -6.936339 -11.528216 -7.007706 -4.579687 -5.813773 -7.527636 -4.414036 -5.458791 -14.751277 -4.271418 -12.608879 -2.687229 -8.367547 -10.632458 -3.412719 -6.847013 -11.604085 -3.678216 -12.660400 
-5.887508 -9.014452 -8.655167 -10.208891 -9.688839 -4.277629 -12.593739 -6.981327 -14.164286 -5.953393 -5.250979 -6.664706 -4.186927 -12.111227 -6.936339 -2.414328 -8.407046 -3.678216 -5.813773 -8.121315 -6.823119 -12.353486 -14.660165 -7.838068 -13.875929 -1.949966 -7.340154 -4.130611 -9.156536 -11.621182 -9.636402 -10.507169 -14.938344 -12.523409 -11.589773 -5.616719 -5.548983 -8.490282 -1.601257 
-5.887508 -8.056791 -9.463031 -4.478580 -9.359283 -8.449932 -9.765751 -12.173102 -6.720434 -7.942316 -10.030333 -7.173658 -4.810503 -9.547963 -4.372520 -2.414328 -8.490282 -3.678216 -5.813773 -19.062036 -15.086102 -13.461393 -10.210983 -7.822651 -8.064636 -1.566691 -5.580077 -4.067616 -4.762203 -22.174630 -3.799911 -14.204935 -6.838467 -3.655066 -5.934418 -22.706483 -9.080368 -3.916849 -3.056480 -7.516448 -7.352991 -3.698544 -7.457318 
-5.887508 -8.130690 -10.211891 -11.950865 -9.550455 -11.147510 -9.765751 -4.055995 -12.564246 -8.670453 -6.797659 -4.554734 -3.326640 -10.547207 -4.696787 -2.190825 -8.490282 -3.678216 -5.813773 -2.734821 -19.609635 -21.151763 -5.604597 -7.413350 -5.458120 -4.140458 -11.250078 -6.979477 -5.461155 -11.474549 -3.271396 -7.284119 -12.020361 -12.195940 -6.524848 -15.266310 -8.761623 -2.940015 -7.216566 -15.807230 -0.875435 -5.221322 -9.096072 -5.424073 -6.744401 -9.167559 -8.383510 
-5.887508 -7.639515 -9.601053 -5.425479 -10.762829 -13.449027 -9.468420 -7.030479 -11.012555 -10.757702 -7.383231 -5.402842 -12.153894 -9.164820 -4.189754 -9.747867 -8.857403 -3.678216 -5.813773 -12.242660 -8.557626 -5.480442 -6.811237 -8.427347 -4.168887 -10.143699 -11.573315 -8.723497 -5.512894 -3.025966 -4.048674 -7.284119 -12.534354 -12.587287 -8.677750 -8.173089 -14.879318 -13.106040 
-5.887508 -6.260244 -7.897087 -9.433484 -9.000665 -13.081414 -9.562386 -7.585307 -6.773099 -4.600701 -7.383231 -3.835079 -9.151386 -9.164820 -5.002917 -9.253140 -12.467553 -3.678216 -5.813773 -21.247336 -9.418256 -12.150501 -2.542876 -3.694849 -4.042433 -13.457355 -4.804384 -8.894760 -5.512894 -3.025966 -12.745123 -7.284119 -3.976378 -2.283917 -8.370901 -3.314148 -12.443897 -7.022655 -2.111670 -3.348580 -3.830460 -8.095102 
-5.887508 -4.214464 -8.484726 -21.260247 -12.186339 -21.094898 -12.444872 -7.585307 -7.022655 -10.143530 -7.638895 -7.207441 -8.727735 -10.796192 -4.389871 -8.912015 -8.900139 -3.956275 -5.813773 -5.273470 -9.335502 -12.548980 -2.191208 -7.138319 -6.051538 -7.146009 -11.342543 -8.894760 -5.246693 -3.025966 -6.889222 -7.284119 -10.175077 -9.005208 -6.425877 -8.473877 -6.194571 -7.482029 -8.180141 -11.045506 -6.682963 -21.308179 
-5.887508 -6.706275 -7.962135 -11.953770 -5.534561 -22.863606 -1.820654 -7.998386 -5.033405 -3.958797 -7.503868 -12.446498 -6.799846 -8.765913 -4.389871 -9.424368 -5.447652 -3.956275 -5.813773 -11.376966 -12.046355 -9.986320 -7.780150 -22.086467 -3.261052 -7.829333 -9.258282 -8.938138 -4.939020 -3.558445 -4.897195 -7.284119 -10.521200 -3.707899 -5.474663 -4.443641 -11.532558 -10.211916 -6.180151 -11.290560 -4.906721 -6.257154 -14.378597 -16.646211 -7.986906 -13.296410 -10.562119 -7.183620 -6.417358 -9.337778 -5.532672 -1.477839 
-5.887508 -7.844192 -8.622755 -6.308220 -9.341019 -4.882432 -9.656861 -9.704486 -4.514152 -5.542640 -5.052780 -3.254518 -3.999810 -10.059450 -3.094859 -9.424368 -11.865765 -3.956275 -5.813773 -10.187050 -18.739222 -5.057859 -6.227716 -22.891999 -6.660229 -8.144130 -8.030881 -5.933933 -4.939020 -2.396913 -8.720170 -7.284119 -7.506878 -6.523459 -4.734773 -7.183620 -10.137679 -4.996661 -4.163878 -9.060015 -4.505270 -7.923702 -11.156653 -11.555554 -11.526560 -12.657363 -8.290699 -8.991724 -10.231875 
-5.887508 -7.994220 -10.517778 -5.746616 -11.650038 -11.274535 -7.550475 -14.042674 -9.823760 -10.198267 -8.111409 -7.033003 -11.289314 -10.059450 -7.624368 -9.451618 -15.556049 -4.325398 -5.813773 -10.757439 -14.895800 -5.038681 -2.985866 -3.028301 -5.254245 -8.347420 -1.472228 -5.804139 -4.939020 -2.451951 -10.256485 -7.284119 -6.486532 -5.662458 -7.140985 -8.474231 -4.948889 -5.789467 -2.881607 -10.281620 -4.999407 -2.163876 -9.799788 -16.699295 -8.230224 -13.376232 -9.476536 -5.802462 -8.688386 -11.500732 -6.129741 -13.103914 -8.095124 -3.269627 -7.453745 -7.761696 -9.428985 
-5.887508 -8.006892 -9.784023 -9.423841 -14.493978 -12.582929 -7.453745 -12.330047 -12.266829 -3.646792 -5.317514 -6.945160 -14.206030 -10.511358 -20.098370 -10.432200 -5.401955 -4.325398 -5.304387 -10.757439 -15.242581 -5.031856 -3.789567 -13.851462 -4.400729 -8.347420 -1.852902 -5.755361 -5.051195 -13.423188 -6.187088 -7.284119 -10.784737 -4.321903 -8.052003 -8.474231 -16.647670 -8.665652 -3.370422 -20.290222 -4.999407 -3.394794 -9.550441 -5.115601 -8.741011 -14.822388 -9.476536 -7.302605 -3.969500 -6.175843 -9.420920 
-5.887508 -7.442238 -14.510291 -13.114924 -10.169114 -6.134414 -3.026034 -11.932042 -12.698198 -9.119757 -8.948658 -9.575351 -7.455602 -10.511358 -11.471525 -9.870626 -2.849095 -4.325398 -5.304387 -10.174272 -7.015835 -9.765257 -5.608182 -3.204862 -13.763835 -7.238878 -6.243071 -10.028575 -5.002817 -2.973686 -5.601217 -7.284119 -12.092031 -13.098663 -7.523273 -8.320046 -16.647670 -8.967530 -4.422779 -14.054648 -4.604197 -11.724173 -5.536661 -11.614687 -6.525694 -8.754275 -10.587387 -7.274187 -5.356576 -4.054274 -9.300032 -7.427556 -7.138058 -3.555948 -5.163085 -22.613710 
-5.887508 -6.428251 -11.033696 -9.638491 -10.927076 -7.078574 -6.165443 -14.085319 -7.584647 -11.312005 -11.460727 -9.094081 -7.890890 -10.511358 -7.576166 -11.957982 -3.615222 -4.325398 -5.304387 -10.174272 -13.373769 -5.800972 -5.589318 -2.148505 -6.825515 -6.200821 -9.071486 -12.041733 -5.002817 -6.809881 -5.601217 -7.284119 -4.422779 -10.017260 -11.500106 -8.320046 -16.222910 -2.835227 -4.817523 -12.161307 
-5.887508 -15.753799 -16.468888 -6.671927 -11.106708 -16.787232 -8.307140 -8.320046 -14.715662 -5.570570 -10.145305 -9.659914 -7.543984 -9.425303 -4.232554 -4.036277 -6.183423 -4.325398 -5.304387 -15.491103 -10.543021 -13.197964 -6.555058 -2.334786 -10.158003 -10.953946 -7.595482 -11.896237 -4.911963 -4.998680 -4.505682 -7.284119 -4.324423 -9.379478 -11.884645 -9.711063 -3.554476 -5.272607 -3.978010 -8.225013 -5.997295 -11.348861 -7.606689 
-5.887508 -12.373013 -17.433480 -8.793221 -11.146244 -10.773890 -7.235301 -9.329727 -2.719943 -5.017934 -3.565655 -9.153192 -7.643609 -9.660574 -1.776021 -12.171546 -8.486618 -4.325398 -5.304387 -8.284649 -9.420989 -22.275088 -8.919220 -2.334786 -10.158003 -11.904480 -5.694084 -9.465096 -4.911963 -15.463102 -4.355316 -7.284119 -12.859352 -8.758005 -11.884645 -8.624559 -10.070419 -5.017120 -4.891714 -3.849534 -11.373615 -8.761923 -9.476638 -14.457626 -7.196751 -11.658587 -7.510739 -5.478554 -11.325682 -13.476150 -5.308628 -7.574558 -15.736691 -9.663232 -12.031279 -3.614433 
-5.887508 -4.851785 -5.246606 -11.466349 -12.465216 -11.252992 -1.181634 -8.843540 -4.503881 -4.526148 -14.082340 -10.381439 -7.643609 -10.014269 -10.954816 -6.205314 -10.844735 -14.225153 -5.304387 -3.925901 -11.187366 -6.598826 -7.854865 -2.334786 -9.675752 -0.635037 -15.736691 -10.028520 -4.841084 -10.618707 -4.355316 -7.284119 -12.415415 -8.518344 -9.730836 -10.628672 -5.344121 -13.859505 -3.972555 -15.041957 -12.913071 -10.241351 -8.926632 -10.969391 -5.839101 -7.380208 -6.512891 -12.020851 -6.992756 
-5.887508 -9.438651 -4.291015 -13.348781 -10.855687 -4.730509 -11.606662 -8.843540 -6.539706 -4.986522 -14.753985 -7.692339 -7.752836 -10.857171 -10.954816 -6.205314 -10.573405 -11.734733 -5.304387 -4.588465 -8.284031 -13.945837 -5.734126 -2.334786 -8.864623 -11.773138 -19.069994 -4.575055 -4.841084 -12.076084 -4.314025 -7.284119 -4.144813 -8.518344 -3.305611 -9.670755 -5.728222 -7.006325 -13.286476 
-5.478052 -5.874603 -9.814634 -17.715268 -9.059221 -4.314025 -4.986698 -8.843540 -6.241576 -4.819499 -4.970543 -8.235842 -7.654939 -11.793704 -11.500656 -7.284119 -8.997185 -11.221448 -5.304387 -9.948262 -8.376489 -8.550517 -5.700470 -2.334786 -5.284163 -11.708670 -10.798538 
-5.478052 -7.019390 -9.032459 -11.875300 -11.611101 -4.314025 -3.130110 -3.544183 -11.348941 -12.100046 -5.441555 -7.337941 -7.802810 -11.793704 -11.800487 -7.284119 -3.569073 -11.252527 -5.304387 -8.891148 -22.523518 -8.181849 -5.365991 -2.211095 -14.507789 -11.708670 -6.026518 -11.370494 -5.208727 -7.206035 -9.950514 -7.129363 -2.733885 -8.736954 -4.311778 -13.840926 
-5.478052 -5.100116 -9.671082 -7.179545 -6.449331 -14.139631 -14.726771 -5.258060 -10.919900 -4.311778 -5.584127 -7.337941 -8.893665 -11.698009 -11.800487 -7.284119 -10.323881 -9.921827 -5.304387 -8.005371 -7.599580 -7.438110 -10.252260 -2.770674 -10.130670 -12.377737 -4.156902 -6.407996 -5.092523 -13.688853 -2.846131 -6.839829 
-5.478052 -4.469379 -9.177656 -13.375330 -5.921075 -5.667735 -3.582448 -6.349590 -3.577561 -4.311778 -5.683875 -7.293057 -8.893665 -11.698009 -11.577750 -7.744295 -3.523641 -5.357387 -5.304387 -9.044043 -14.099727 -7.988166 -9.970196 -2.447891 -9.009681 -14.598573 -12.986828 -11.808905 -8.440553 -6.356901 -3.448386 -9.247079 
-5.478052 -6.831782 -9.568050 -12.827340 -13.674171 -8.669000 -3.753678 -5.810954 -13.405500 -4.311778 -5.213480 -7.293057 -8.431809 -11.698009 -11.577750 -5.132036 -3.267141 -6.366239 -5.304387 -9.078097 -11.009404 -8.700935 -10.802470 -2.809690 -9.009681 -8.128088 -8.191892 -5.555218 -4.587738 -2.483474 -16.278966 -1.437966 -2.802832 -9.386766 -7.406590 -13.303086 -10.118356 
-5.478052 -5.151899 -9.586855 -6.377921 -5.815494 -9.623433 -2.300344 -10.077184 -5.373416 -4.311778 -5.738421 -7.276638 -2.574098 -11.252852 -4.324787 -5.325935 -15.284214 -4.306854 -5.304387 -7.874779 -8.352683 -8.158333 -2.814985 -1.592853 -9.176742 -12.089438 -4.378902 -2.912234 -12.711227 -2.913907 -14.694943 -4.569310 -10.586431 -5.252542 -4.924588 -12.637012 -5.081504 -1.671726 
-5.478052 -1.856164 -11.270678 -7.752672 -6.435890 -12.578094 -9.117217 -11.290972 -4.288197 -4.311778 -5.384940 -2.837436 -4.815417 -10.861943 -9.464483 -1.365206 -4.893679 -10.904323 -5.304387 -7.874779 -6.746145 -10.001343 -8.285754 -3.780873 -8.728378 -14.492795 -7.170482 -2.579313 -6.313177 -15.412025 -14.038480 -5.501411 -10.361331 -7.496474 -16.809164 
-6.327536 -2.592366 -5.296476 -7.752672 -8.484781 -4.055690 -14.264730 -3.491606 -4.935171 -4.311778 -5.384940 -3.691256 -8.920607 -10.531700 -10.068326 -9.285090 -4.919475 -11.544658 -5.304387 -7.955259 -13.130743 -9.548612 -11.104468 -7.177461 -6.444888 -2.972985 -2.813529 -2.579313 -12.696206 -13.342846 -8.301274 -11.254078 -5.216773 -8.929108 -12.170696 -5.407088 
-6.327536 -5.904833 -1.886700 -7.752672 -4.252719 -11.305249 -10.855248 -12.421144 -2.603144 -4.311778 -5.585855 -3.334298 -9.015633 -11.493916 -9.746088 -3.789342 -9.122418 -5.583893 -5.304387 -6.012244 -4.716412 -14.573404 -11.590161 -14.114804 -4.402954 -3.468643 -13.421025 -2.499608 -3.830837 -8.929108 -8.301274 -12.938817 -7.363029 -13.782039 -7.580082 -9.471992 -4.716513 -4.150350 -4.295373 -7.720472 -12.381920 -8.038343 -11.365197 -10.252531 -10.108611 -14.746949 -7.778371 
-6.327536 -5.972897 -15.221742 -7.752672 -11.472275 -10.298810 -12.865600 -12.307036 -7.297369 -4.311778 -5.283992 -1.853165 -8.593388 -7.600894 -9.169052 -11.316132 -14.123266 -8.347267 -5.304387 -10.291510 -9.003906 -10.055514 -10.909722 -4.648227 -4.167187 -2.471038 -3.665980 -2.087101 -10.497050 -9.092446 -1.551096 -7.817904 -8.870776 -6.689867 -1.639846 -4.939494 -5.552814 -8.528011 -22.730976 -6.982284 -2.720031 -13.194732 -10.169810 -9.625342 
-5.949266 -7.741473 -8.224187 -7.674925 -6.018580 -9.075343 -8.020104 -10.172174 -13.891035 -4.311778 -5.570064 -10.620381 -7.954019 -7.531170 -9.273433 -6.803740 -16.943948 -9.190852 -5.304387 -14.243924 -9.137932 -11.104520 -10.814017 -8.232815 -4.736295 -6.737230 -6.599259 -2.087101 -11.679219 -9.092446 -11.859500 -6.809959 -3.562637 -11.707091 -7.601549 -5.163157 -10.988763 -2.955457 -12.141025 -13.542816 -5.771198 -7.875361 -13.914062 
-5.949266 -2.388659 -2.039609 -12.563696 -6.809959 -4.509007 -9.141227 -13.006904 -8.783917 -4.311778 -5.570064 -8.518115 -4.775504 -6.194309 -9.859706 -7.638077 -19.048446 -7.808441 -5.304387 -7.999890 -6.741526 -3.844745 -9.147302 -10.254977 -5.542207 -6.777175 -8.257865 -2.475017 -10.797689 -8.330155 -8.871159 -11.814026 -3.743448 -9.316292 -22.161581 -7.299881 -22.463535 -13.552969 -11.412413 
-5.949266 -6.728811 -4.284852 -9.638584 -9.440834 -11.684373 -9.141227 -8.383232 -9.906209 -4.311778 -5.135639 -4.770932 -11.987738 -6.974855 -10.401059 -7.638077 -5.188097 -7.536714 -5.304387 -7.739388 -7.751414 -3.641864 -9.078864 -10.343606 -5.542207 -4.210266 -12.171634 -2.408309 -7.053878 -8.463657 -12.089651 -20.109768 -2.248096 -4.408943 -2.414220 -3.466950 -8.952461 
-5.949266 -8.049577 -14.048478 -12.027105 -2.339643 -9.661926 -8.863082 -3.491209 -4.486754 -4.311778 -5.898748 -7.501172 -9.258369 -7.729815 -10.332410 -7.574314 -8.154153 -7.273496 -5.304387 -12.605443 -7.315401 -4.753738 -11.790819 -14.001959 -5.542207 -10.915867 -4.878134 -10.380622 -3.382968 -5.554387 -3.306450 
-5.949266 -5.542207 -2.907345 -12.719168 -22.981109 -8.453004 -8.863082 -11.633157 -12.276397 -4.278315 -5.898748 -12.238662 -4.968289 -6.595703 -8.974765 -7.574314 -11.229481 -6.698418 -5.304387 -13.644903 -9.327500 -12.717951 -11.206586 -4.427872 -6.977999 -4.404048 -4.104121 -11.890837 -8.787931 -6.297846 -2.368970 -10.425148 
-5.949266 -5.542207 -10.549007 -3.660411 -22.869665 -9.088237 -8.863082 -9.619373 -10.889358 -4.278315 -5.898748 -14.764964 -12.802663 -8.348885 -9.360187 -7.574314 -12.115441 -7.364199 -5.304387 -10.533133 -9.008606 -14.486116 -9.619485 -10.714606 -9.415909 -11.480256 -7.144692 -9.110095 -3.813190 -7.703748 -2.573490 -7.080899 -5.802066 -9.710194 -8.669180 -12.892135 -8.187716 -11.652863 
-5.949266 -5.542207 -6.764017 -3.064767 -21.752523 -5.118287 -9.142849 -10.383808 -8.816811 -4.139677 -5.871901 -12.410495 -9.910210 -7.043599 -9.360187 -7.574314 -9.498783 -8.203013 -5.304387 -3.597512 -9.008606 -2.111022 -8.851556 -10.550217 -11.484833 -4.827166 -9.158807 -9.129592 -6.971258 -7.284140 -2.117497 -7.991030 -4.694999 
-6.566383 -5.542207 -9.417086 -2.667232 -22.378147 -10.424455 -8.874756 -11.376447 -9.445184 -4.139677 -5.871901 -13.243637 -4.426521 -7.850995 -9.360187 -7.574314 -11.391531 -8.431834 -5.304387 -15.352547 -8.188922 -3.586018 -11.547620 -6.965193 -11.720297 -3.718109 -9.158807 -10.956880 -3.120338 -13.815896 -3.136220 -11.479741 -9.795666 -2.827482 -6.362139 -9.437803 -4.619381 -3.054224 -10.139787 -7.536075 -8.740922 
-6.566383 -5.542207 -13.042292 -2.743240 -22.724817 -14.171377 -8.685114 -10.803269 -9.595595 -4.139677 -5.871901 -10.599712 -7.265962 -9.374575 -9.360187 -7.574314 -9.154889 -8.609798 -5.304387 -5.691200 -8.188922 -11.346005 -7.281108 -11.582252 -8.624552 -3.712376 -7.477937 -7.124666 -5.319529 -5.097651 -3.136220 -11.104720 -5.687516 -5.033717 -6.406819 -10.503496 -14.821297 
-6.566383 -5.542207 -8.405150 -4.220249 -12.518766 -7.057269 -8.374834 -3.136220 -6.611953 -4.139677 -5.703680 -10.726348 -8.314473 -7.445130 -9.360187 -7.258575 -9.154889 -7.479468 -5.304387 -5.314656 -8.188922 -4.407871 -8.656156 -10.134911 -8.425267 -3.712376 -6.353949 -2.111531 -5.794916 -21.669730 -15.496354 -9.518720 -15.483970 -10.540658 
-6.154494 -5.542207 -3.781701 -4.268552 -7.143542 -12.510108 -11.429539 -2.905873 -11.606561 -4.139677 -5.703680 -11.793113 -6.990041 -5.533883 -10.268212 -4.889200 -10.608530 -8.746010 -5.304387 -5.314656 -8.188922 -7.619924 -8.066327 -6.151101 -7.269485 -3.712376 -12.223030 -13.399408 -6.751023 -8.462193 -15.612276 -10.891663 -14.752854 -17.181927 -10.601802 -3.759443 -14.735481 -8.589498 -11.295681 
-12.433043 -5.542207 -12.082685 -3.617987 -7.143542 -6.326018 -8.661655 -3.290329 -11.320277 -4.139677 -5.703680 -8.655885 -10.406086 -8.017907 -10.863514 -8.847181 -8.040615 -8.497800 -5.304387 -1.677090 -8.227400 -4.944987 -8.463768 -7.682896 -12.691529 -3.712376 -11.914828 -16.512199 -10.279725 -8.008411 -14.395496 -13.487269 -13.726229 -11.875527 -4.479606 -6.336381 -8.097918 
-5.885765 -5.175746 -12.069272 -3.111364 -7.143542 -6.326018 -13.837203 -3.290329 -9.265744 -4.342774 -5.703680 -8.655885 -8.565098 -4.779260 -11.371085 -8.727046 -3.516085 -11.941450 -5.304387 -8.595700 -4.047513 -17.317327 -9.196631 -7.078299 -10.754615 -3.712376 -12.642563 -10.131862 -12.691055 -7.342625 -8.914112 -4.032215 -3.695274 -22.316650 -4.106569 -4.117308 -6.591253 
-4.424373 -5.336357 -12.275057 -2.254745 -7.447582 -6.326018 -6.065984 -3.290329 -8.909131 -4.245530 -5.703680 -9.236205 -10.955951 -6.645417 -5.264395 -8.853185 -3.516085 -11.335859 -5.435559 -8.595700 -10.866086 -11.428849 -9.185295 -7.078299 -5.131088 -3.712376 -11.520994 -19.595094 -15.348923 -4.489274 -8.465129 -9.034522 -13.266210 -7.403357 -13.098273 -5.158188 -10.031577 -6.158272 -9.611849 -9.069346 -5.226898 -9.420574 
-4.602622 -4.898254 -14.224025 -9.595153 -7.321545 -6.431066 -9.640683 -3.290329 -7.522619 -4.245530 -5.703680 -5.970795 -7.059815 -5.700810 -7.971875 -9.404133 -4.243023 -10.829564 -5.435559 -8.165012 -9.966093 -11.676779 -7.433722 -7.078299 -3.969474 -3.712376 -10.479540 -7.172705 -6.551101 -5.193446 -10.897792 -7.558782 -6.836321 -12.086539 -2.976805 -6.902855 -6.427043 -13.418414 -6.338147 -10.795192 -8.758487 -5.148209 -8.818825 -10.047129 -13.480419 -9.023774 -4.315225 -8.135900 -4.169996 -5.088607 -13.986213 -3.170095 
-6.456903 -9.001576 -13.862637 -11.537225 -7.375983 -6.431066 -8.348169 -3.290329 -7.992794 -4.245530 -5.703680 -12.756650 -9.266129 -9.838079 -8.784758 -9.404133 -8.711097 -10.829564 -5.435559 -7.086853 -6.463884 -2.863800 -8.316157 -7.433972 -3.655706 -3.712376 -12.245710 -6.726202 -1.463864 -3.577230 -12.249656 -7.542360 -6.820957 -8.864133 -3.053713 -9.007963 -5.844117 -10.549728 -8.594041 -4.704706 -8.987944 -4.364324 -3.696440 -4.686493 -13.116929 -11.270879 -18.760907 -6.836883 -6.711072 -4.631564 -4.595046 
-13.266117 -11.069684 -15.723997 -11.635526 -7.375983 -6.431066 -7.725811 -3.290329 -15.065404 -4.245530 -6.938538 -14.120832 -9.266129 -11.660532 -10.639200 -6.840532 -9.793692 -2.391551 -5.435559 -7.188404 -12.303130 -6.028054 -7.864597 -8.242772 -3.501201 -3.712376 -12.263015 -7.560826 -22.877945 -6.836883 -2.413808 -7.536401 -6.820957 -7.621317 -11.606426 -12.514041 -4.774553 -8.296532 -9.232646 -4.704706 -9.532606 -11.760928 -6.908988 -18.052285 -6.810931 
-1.555241 -8.578680 -2.791997 -9.932336 -7.375983 -6.431066 -10.827903 -2.708249 -3.606705 -4.245530 -5.690403 -12.537805 -20.364305 -5.338554 -7.039355 -10.310963 -10.278927 -2.201161 -5.435559 -8.031968 -4.130494 -4.807611 -7.112821 -1.038069 -2.320497 -3.833626 -13.479774 -7.486923 -22.913372 -8.248801 -10.833805 -4.964078 -4.454256 -3.201482 
-11.415133 -5.381822 -7.763290 -8.907586 -7.375983 -6.431066 -3.396234 -2.364275 -2.978970 -4.245530 -5.690403 -6.790470 -21.238871 -8.900174 -10.860178 -11.141363 -10.452082 -12.352022 -5.435559 -7.395729 -5.804430 -2.408821 -6.819693 -6.502237 -8.248801 -3.923399 -10.481600 -8.591170 -9.850103 -11.736751 -5.280840 -7.664084 -6.790052 -8.480197 -6.445623 -3.923852 -15.318832 -11.349332 -12.321438 
-7.167191 -6.594024 -7.763290 -8.907586 -7.599697 -6.431066 -11.970254 -2.461166 -8.958474 -4.245530 -5.690403 -11.296126 -15.645211 -11.400954 -8.683345 -5.336344 -10.612333 -6.796868 -5.435559 -7.770080 -11.490193 -6.667437 -7.707040 -8.461472 -3.618531 -7.000800 -6.526970 -9.542337 -13.128146 -10.952395 -4.497957 -2.777803 -11.192862 -6.148476 -4.894465 -2.888594 -5.581167 -8.109219 
-1.620242 -7.566673 -9.066717 -9.374952 -7.599697 -6.431066 -10.639048 -2.461166 -8.040781 -4.245530 -5.690403 -8.949944 -15.636869 -4.298971 -9.088466 -8.990194 -9.715405 -11.059988 -5.435559 -1.840666 -11.078925 -5.111416 -5.878826 -7.276230 -11.040037 -8.263100 -7.923254 -9.416851 -7.682621 -8.077475 -9.155902 -4.206997 -5.636600 -4.362909 -3.840972 -11.469420 -13.594953 -9.030573 -7.645879 -2.579408 -10.637097 -12.243956 -3.149565 -17.811047 -20.896683 -10.907363 -11.404397 -4.318602 
-2.073435 -4.610803 -7.086135 -9.374952 -7.539049 -6.431066 -12.647116 -2.745219 -9.395242 -4.245530 -4.936161 -12.644715 -15.636869 -9.881450 -7.865656 -9.004763 -2.914041 -5.994963 -5.435559 -7.900959 -10.282194 -9.317554 -6.859674 -11.679465 -6.982936 -8.263100 -7.249085 -12.648980 -4.001649 -15.642024 -9.155902 -10.878021 -5.140370 -10.508578 -5.258450 -4.119661 -13.157012 -6.718442 -9.787249 -10.685855 -3.481519 -13.505270 -6.628213 
-3.261870 -3.714116 -4.687269 -9.374952 -7.539049 -6.431066 -15.623112 -6.339091 -5.556379 -4.245530 -4.936161 -11.489869 -15.360670 -7.190246 -9.027739 -9.004763 -12.079643 -11.028647 -5.435559 -7.984832 -3.254286 -8.096054 -11.964260 -8.552690 -7.116117 -8.606155 -4.727506 -10.998164 -4.086367 -1.220973 -9.155902 -8.600119 -13.872027 -10.508578 -5.361577 -7.808513 -11.529278 -7.246036 -14.996154 -11.582857 -10.093951 -10.922853 -9.915003 -12.755534 -3.174842 -4.423046 -4.803840 -4.076584 
-8.455582 -4.139901 -5.219973 -9.374952 -7.848939 -6.431066 -9.171902 -9.151650 -7.801467 -4.245530 -7.257192 -11.456397 -15.360670 -4.403204 -5.498421 -8.714855 -12.586657 -6.260968 -5.435559 -6.515411 -14.196135 -8.216167 -6.006340 -3.296386 -2.768793 -6.501341 -2.989061 -4.931905 -2.668635 -6.133722 -11.885613 -8.252596 -12.724988 -9.484093 -4.769482 -8.066116 -12.134316 -5.491933 -8.602468 -7.700715 -7.650316 -11.926742 -12.360963 -4.520527 -11.023891 -10.298043 -2.989949 -5.958736 -14.703790 
-7.829520 -6.481253 -14.665821 -9.071762 -7.787174 -6.538500 -9.171902 -3.511070 -3.027634 -4.245530 -6.981232 -12.430885 -15.360670 -10.083711 -6.138776 -8.714855 -5.592426 -6.260968 -5.435559 -10.203838 -5.361715 -9.564604 -3.318476 -11.542768 -8.086157 -8.858176 -2.989061 -7.433411 -13.391106 -4.938868 -9.903256 -10.214946 -17.389663 -10.240104 -9.908087 -7.543854 -11.422001 -3.351209 -13.094415 -9.520603 -8.819536 -8.968568 -14.309093 -11.333557 -10.245383 
-8.189527 -6.481253 -9.654419 -9.675338 -13.813454 -6.538500 -8.752504 -3.880429 -2.479859 -4.245530 -7.493077 -9.663341 -16.852250 -9.672203 -2.967188 -8.714855 -9.701246 -6.260968 -5.435559 -4.341859 -6.570344 -7.112931 -12.275176 -3.686411 -7.870058 -8.858176 -2.951728 -7.425503 -11.662784 -7.402017 -3.514424 -6.317346 -12.371766 -10.162152 -13.559991 -8.415966 
-12.048960 -9.835220 -7.710739 -11.336118 -8.868440 -6.538500 -9.108732 -4.926572 -4.130957 -4.245530 -11.610516 -10.992207 -19.194313 -10.643619 -7.588208 -7.792664 -9.701246 -6.260968 -5.435559 -5.429095 -6.018043 -7.112931 -12.012069 -4.744188 -8.869529 -4.049480 -1.961339 -14.812395 -14.330493 -2.142085 -6.600690 -6.845713 -1.229147 -10.032505 -8.618531 -12.495338 -7.205614 -9.878368 -5.611336 -3.662899 -6.210547 -3.332001 -9.835484 -10.548613 -7.987071 -15.025439 -4.641628 -2.930448 -11.644394 -9.543647 -6.159092 -12.127699 -7.408086 -9.248548 -6.554896 -3.685552 -7.873777 
-10.693982 -12.302003 -7.059184 -9.266481 -6.821784 -8.210372 -9.108732 -1.660453 -2.703181 -4.245530 -6.381379 -15.771852 -11.006178 -9.612637 -7.007334 -7.275246 -15.024888 -6.260968 -5.435559 -6.829049 -1.954565 -7.112931 -4.595091 -14.183851 -9.095178 -10.820103 -2.783978 -13.148353 -9.845107 -10.192400 -11.528217 -9.441969 -6.412378 -9.972879 -14.853603 -9.682824 -10.241373 -5.896459 -5.836396 -2.733475 -9.382878 -4.575795 -3.288223 -6.546163 -8.716475 -6.402853 
-6.229114 -3.765311 -7.059184 -10.933572 -12.910486 -12.065257 -9.108732 -12.166527 -11.391659 -4.245530 -3.740200 -7.607069 -11.244520 -9.621393 -6.372350 -8.703997 -21.693147 -5.171562 -5.435559 -6.829049 -6.357536 -7.112931 -1.332649 -10.740719 -9.936089 -6.371967 -2.988971 -8.955267 -8.088514 -11.255130 -11.364174 -12.764057 -11.872094 -9.972879 -9.119013 -13.513671 -9.877532 -11.547192 -7.999723 
-4.262874 -6.094137 -7.047120 -11.025640 -9.702529 -17.835485 -9.597843 -11.235254 -13.502587 -4.245530 -12.911250 -1.087307 -11.938686 -10.149117 -12.304891 -8.926943 -9.855022 -5.420681 -6.129955 -6.829049 -9.389539 -7.112931 -12.530244 -5.279559 -9.664591 -4.806980 -2.988971 -5.789787 -7.361385 -11.533181 -12.255422 -3.618074 -8.318413 -13.362684 -9.734743 -11.215955 -4.210483 -10.439819 
-2.726274 -8.712297 -8.068718 -9.392059 -4.453997 -19.767983 -9.597843 -9.860838 -2.948694 -4.245530 -4.497257 -4.456199 -5.593109 -3.165653 -9.001355 -8.220248 -9.855022 -5.420681 -6.129955 -6.829049 -9.955867 -7.112931 -11.279403 -12.897258 -11.185891 -4.508409 -2.842928 -2.538668 -9.653042 -5.145637 -5.261829 -3.695365 -6.634700 -8.167959 -10.461820 -6.639005 -7.855882 -9.078646 -14.620335 -10.216443 
-3.149428 -7.451087 -9.343537 -8.833900 -5.243823 -12.770504 -8.862937 -14.086244 -5.944375 -4.245530 -11.268352 -4.120879 -8.737628 -2.190331 -8.769232 -11.476873 -7.818245 -3.919404 -6.369220 -6.829049 -10.361364 -7.112931 -12.158783 -10.547650 -2.852317 -8.641808 -2.586657 -1.444383 -8.140044 -20.124185 -3.907185 -3.038750 -8.377629 -8.625378 -11.557937 -5.834708 -2.976721 -12.498271 -3.112275 -8.157997 -8.108214 -4.504283 -11.834192 
-12.619040 -6.481206 -8.595293 -8.906076 -14.351084 -11.726359 -8.635199 -13.416958 -12.156864 -4.245530 -10.184161 -2.548023 -7.857597 -1.982733 -9.000399 -4.035830 -5.061693 -3.921355 -6.369220 -6.829049 -9.677001 -7.112931 -4.744479 -10.516596 -3.808066 -14.130543 -2.396114 -16.454958 -11.026264 -8.750352 -4.802317 -8.051240 -5.388765 -4.280607 -9.868300 -7.547065 -8.913956 -4.834033 -11.497534 -15.556165 -9.140100 -11.128974 -3.977957 
-9.544077 -14.356035 -3.097113 -8.906076 -12.480757 -6.033751 -3.593646 -4.828279 -11.386388 -4.245530 -10.430378 -5.779108 -11.487105 -3.026152 -8.913956 -4.588180 -7.847374 -3.854784 -6.369220 -6.829049 -9.003075 -7.112931 -7.524736 -8.206012 -8.213403 -8.987346 -2.396114 -13.705353 -15.660086 -13.743812 -4.802317 -7.872429 -8.392590 -11.497534 -14.228018 -15.567653 -2.971347 -9.607220 -4.105952 -10.358616 -9.088052 -6.967540 -10.888375 -5.994599 -7.339592 
-8.333027 -6.599526 -11.940951 -9.708318 -12.195233 -11.402585 -11.061261 -7.952081 -4.802317 -4.287606 -11.016066 -5.031582 -14.542842 -11.884166 -9.659484 -22.284400 -6.454715 -3.854784 -6.256407 -6.829049 -9.003075 -7.112931 -5.185269 -9.830535 -11.751184 -10.334270 -2.752719 -10.777672 -6.778362 -5.328204 
-7.369337 -11.561587 -11.694569 -9.082636 -11.811162 -3.649808 -10.045689 -7.070369 -4.223906 -3.942402 -9.960246 -2.025286 -5.518343 -2.953945 -9.536052 -20.415354 -12.202610 -5.403125 -6.256407 -6.829049 -9.003075 -7.112931 -4.779412 -8.454140 -2.357404 -5.637370 -12.424270 -4.631729 -14.967892 -6.236898 -8.005083 
-8.555902 -8.397550 -10.742703 -9.524701 -9.485342 -4.477730 -11.649896 -7.535129 -4.136052 -3.942402 -11.683797 -2.240782 -6.927411 -2.953945 -7.832561 -13.403684 -11.211032 -4.992398 -6.256407 -6.829049 -8.703219 -7.112931 -4.465570 -8.930231 -9.577130 -0.978246 -15.842098 -3.534797 -2.153613 -6.943572 -14.557319 -7.729943 -13.357448 -5.059363 -12.962076 -11.975256 -10.057122 -4.916503 -7.647795 
-7.906544 -10.470713 -10.628387 -9.847685 -9.485342 -4.236290 -7.160547 -5.236680 -3.916601 -3.942402 -11.497146 -9.252116 -6.210683 -2.953945 -11.979080 -3.631290 -6.748281 -4.992398 -6.256407 -6.829049 -2.237479 -7.112931 -21.689945 -7.013137 -1.988173 -14.601115 -15.842098 -9.217214 -7.334731 -6.780234 -5.951368 -7.729943 -7.889356 -8.845264 -7.489600 -4.461374 -11.411384 -8.529243 -3.340786 -11.447939 -13.033265 -6.633234 -8.529561 -6.245278 -1.215325 -12.549262 -5.605090 -10.724749 -6.259500 
-7.200161 -9.878387 -9.183040 -9.847685 -7.014632 -7.765024 -8.597138 -7.484595 -14.016646 -3.942402 -11.019773 -3.036738 -5.476730 -2.953945 -11.866557 -5.617057 -13.874382 -4.992398 -6.256407 -6.829049 -5.027188 -7.112931 -9.341311 -10.857472 -6.240834 -7.500695 -17.799768 -9.217214 -8.782571 -9.218207 -6.934854 -7.729943 -8.861785 -9.520982 -7.489600 -9.757697 -22.868097 -10.682990 -4.833966 -11.777938 -8.137878 
-7.827908 -7.558418 -1.722308 -9.847685 -10.800697 -9.924272 -8.109368 -10.128363 -9.131320 -4.151578 -10.158013 -9.012590 -9.390402 -2.953945 -11.751703 -8.441181 -8.010082 -6.004242 -6.256407 -6.829049 -10.388147 -7.112931 -8.813603 -10.350825 -5.574112 -10.516196 -20.950526 -9.051169 -7.364600 -6.100327 -7.599471 -5.129024 -5.020032 -3.296703 -8.063674 
-5.999041 -6.960513 -3.294150 -10.214907 -12.043454 -8.355947 -9.445855 -9.798913 -5.025371 -4.151578 -10.918709 -2.095775 -13.197599 -5.780813 -11.033605 -10.069229 -9.002971 -6.531613 -6.256407 -6.829049 -6.083454 -7.112931 -11.547392 -11.296054 -13.846907 -4.384661 -19.693943 -9.051169 -7.364600 -11.594627 -6.963294 -7.571951 -11.463046 -4.353288 -8.894306 -8.357489 -10.129899 -2.885131 -10.270844 -4.641690 -6.404069 
-5.913596 -7.408927 -7.624406 -10.214907 -10.942194 -15.091227 -9.445855 -2.885131 -5.644619 -4.151578 -11.445988 -4.474284 -11.368882 -11.150909 -4.073957 -10.281098 -8.769567 -6.531613 -6.256407 -6.829049 -6.532445 -7.112931 -5.756012 -10.420928 -8.997156 -2.481770 -5.481301 -9.051169 -2.615627 -10.351767 -6.963294 -8.653264 -11.794880 -5.990947 -9.980197 -13.131753 -2.853690 -9.442131 -10.931217 -2.022528 -10.171371 -13.282516 -13.760482 -7.322254 
-7.330066 -7.408927 -5.869753 -10.214907 -12.132818 -2.810607 -9.445855 -2.885131 -2.926143 -4.151578 -11.688178 -6.043197 -2.305229 -9.808042 -4.255997 -8.039914 -6.154951 -19.032030 -6.256407 -6.829049 -4.587193 -7.112931 -10.843869 -10.587834 -8.874812 -21.758038 -4.471831 -9.371910 -13.933462 -11.266091 -6.963294 -14.125642 -8.641031 -11.502822 -11.315877 -3.841993 -6.114289 -9.033002 -11.077173 -11.088988 -3.362973 -3.656477 -3.922305 -9.209038 -14.300477 -2.847891 -8.061160 -3.887493 -6.007420 -10.043668 -14.835705 -11.903499 -18.890818 
-7.330066 -7.627999 -5.173466 -10.326735 -8.109974 -11.110187 -6.718325 -2.885131 -9.694365 -4.151578 -11.261080 -7.587286 -13.004359 -12.524522 -12.498313 -11.640221 -6.052000 -12.594481 -6.281100 -6.829049 -8.256304 -7.112931 -2.834734 -11.646454 -8.440899 -9.659844 -4.919152 -9.528411 -10.380159 -11.596908 -6.142060 -5.554919 -5.020524 -2.922715 -8.796119 -6.874395 -11.616239 -2.348000 -4.004338 -6.927552 -6.542384 
-8.507453 -12.644380 -5.096393 -9.780432 -8.305556 -9.702920 -13.677812 -2.885131 -12.308212 -4.151578 -11.261080 -11.022248 -22.811758 -12.636802 -8.997767 -5.921973 -3.897486 -11.470297 -6.281100 -6.829049 -8.256304 -7.112931 -4.621239 -11.606539 -10.663492 -9.659844 -4.927536 -9.528411 -5.160408 -11.596908 -7.763943 -5.554919 -6.191850 -14.825256 -4.733430 -12.204374 
-10.744741 -10.065923 -10.745299 -10.828972 -10.861267 -4.193496 -7.975257 -2.885131 -10.239769 -4.151578 -11.605955 -5.968844 -2.082659 -13.751206 -10.053648 -10.064901 -7.362532 -8.258719 -6.281100 -6.829049 -8.256304 -7.112931 -10.215025 -2.901551 -10.288755 -8.980997 -4.781346 -3.870025 -4.030318 -17.382363 -7.284099 -4.992523 -3.518415 -20.993014 -8.319574 -11.346333 -22.640295 -12.981871 -12.600163 
-10.442988 -11.739292 -1.967812 -11.500186 -4.854508 -3.016247 -9.099488 -2.838751 -11.772787 -4.401120 -9.798222 -6.141492 -11.194052 -14.399845 -12.544717 -9.917817 -7.707871 -7.461178 -6.281100 -6.829049 -8.295072 -7.112931 -22.044180 -14.895763 -8.829476 -9.234217 -7.163337 -15.858805 -4.512460 -7.584896 -9.897212 -4.992523 -6.912101 -9.595429 -6.955762 -9.963425 -7.963645 -4.888933 -7.482023 -22.379285 
-8.902282 -4.967394 -3.469982 -8.543564 -7.004390 -4.216650 -7.988078 -2.838751 -5.138812 -4.151629 -21.803273 -14.707341 -4.733969 -9.936725 -6.862784 -5.561128 -7.012942 -9.078042 -6.281100 -6.829049 -7.853104 -7.112931 -14.529114 -8.414287 -5.973677 -15.059940 -4.220762 -10.894332 -10.310555 -2.378696 -6.450538 -5.181658 -6.251805 -8.584272 -9.128640 -1.154305 -13.280079 -5.446409 -11.649672 -11.108583 -14.854593 -4.600540 -11.707793 -11.797165 -7.629937 -13.818296 -5.151690 
-10.160162 -3.069872 -6.341670 -11.188587 -5.818110 -11.398330 -8.725994 -2.511324 -7.933059 -4.151629 -7.781849 -7.032962 -13.919563 -13.228069 -8.106237 -2.419271 -4.753688 -6.898136 -6.281100 -6.829049 -5.435261 -7.112931 -4.087167 -8.414287 -12.085501 -10.767573 -6.426384 -1.701398 -4.389151 -8.795764 -9.699226 -5.181658 -5.289407 -9.973076 -5.635282 -9.921453 -1.793164 -11.480130 
-9.000988 -9.821251 -9.919533 -3.469350 -9.520625 -8.831001 -5.074280 -2.458952 -7.736952 -4.047258 -7.853591 -5.598439 -2.809583 -11.599652 -7.885833 -11.894992 -14.037819 -9.206012 -6.281100 -6.829049 -6.601503 -7.112931 -4.917691 -8.414287 -5.151517 -11.764124 -10.005133 -3.393399 -7.646664 -4.793269 -11.355816 -12.162835 -9.768955 -10.542225 -7.097914 -12.158261 -5.607703 -9.592214 
-7.930231 -6.742600 -9.919533 -6.508359 -3.928011 -8.207718 -14.825003 -5.822930 -7.175101 -4.047258 -6.860238 -5.598439 -7.936293 -10.697882 -3.733738 -11.647744 -5.780457 -9.307827 -6.281100 -6.829049 -19.382208 -7.112931 -2.225324 -7.460030 -5.158285 -10.349789 -8.341445 -6.017096 -10.062858 -3.788664 -14.070335 -2.764673 -8.724859 -7.502719 -4.067256 -9.756308 -14.722056 -10.755445 -5.777541 -7.954749 -3.153293 -9.811894 -3.540514 -3.624230 
-14.951111 -3.847411 -9.919533 -15.070353 -8.590511 -8.917993 -22.096345 -5.801889 -8.351317 -7.958642 -4.372551 -4.849470 -3.299746 -10.431434 -7.657360 -8.327554 -5.354036 -13.209738 -6.281100 -6.829049 -10.669918 -7.112931 -1.430946 -7.460030 -4.553450 -11.029316 -12.093380 -6.321153 -5.469487 -7.071897 -21.935549 -3.119588 -12.651206 -3.850564 -3.086787 -6.326618 -3.238969 -9.708109 -4.814873 -7.024487 -5.631414 -14.984993 -2.495278 -3.179357 -7.853921 -2.794965 
-4.245371 -6.610238 -8.949938 -5.787266 -6.048529 -8.917993 -8.756177 -9.946342 -4.317686 -8.397321 -4.598175 -5.769392 -3.052320 -22.929497 -9.321180 -9.825828 -6.360700 -14.924072 -6.281100 -6.829049 -4.937374 -7.112931 -2.065790 -7.460030 -8.447629 -9.315147 -12.425520 -4.581326 -2.810871 -10.247695 -11.080169 -10.283529 -6.891504 -9.436255 -2.776048 -10.134887 -10.396741 -10.985572 -9.309612 -5.982307 -22.539222 
-7.530245 -11.691654 -1.292199 -4.399121 -3.415940 -5.884707 -9.601338 -9.513990 -8.569138 -10.410718 -4.610138 -5.769392 -7.173756 -6.851726 -9.939085 -9.853441 -9.554626 -14.410226 -6.281100 -6.829049 -2.776048 -7.112931 -13.198906 -4.348443 -22.668513 -9.738176 -5.444432 -13.183500 -4.104656 -6.554014 -9.088188 -2.980307 -8.766885 -10.661990 -2.403185 
-4.072977 -7.460907 -9.458040 -6.432256 -5.399018 -13.872141 -9.150269 -10.277213 -7.786952 -4.832556 -4.610138 -5.769392 -8.740186 -11.648872 -14.084703 -9.853441 -13.795955 -5.717901 -6.281100 -6.829049 -2.776048 -7.112931 -9.227042 -5.521010 -22.359162 -9.182530 -7.080524 -9.785701 -13.076147 -8.041254 -8.248216 -7.634085 -3.937552 -10.417726 -11.396596 -2.333526 -4.074271 -6.428546 -1.303403 -9.936014 -17.530064 -6.578059 -15.400166 -4.868626 
-12.921185 -6.832349 -5.299319 -3.815197 -1.732005 -10.735126 -10.096109 -10.841961 -7.786952 -9.166719 -4.704454 -9.553922 -12.215876 -12.188496 -7.417566 -9.520085 -2.645160 -5.663944 -6.000646 -6.829049 -2.264684 -7.112931 -8.879845 -5.521010 -7.768518 -9.174217 -5.732494 -4.949414 -9.334920 -7.577768 -6.011587 -3.275603 -13.036769 -4.700716 -4.022315 -10.143150 -18.051440 -2.410639 -9.155548 -7.849308 -13.419088 -6.777493 -13.190999 -1.017330 -5.443429 -10.961367 -6.186795 -5.027825 -8.048652 -11.626011 
-12.921185 -9.193753 -12.597911 -10.400919 -2.438890 -13.116645 -12.016140 -10.841961 -9.538587 -8.329112 -4.062975 -7.653812 -18.539367 -13.748028 -2.902112 -9.556983 -6.671754 -5.663944 -6.000646 -6.829049 -2.664976 -7.112931 -13.168834 -8.253632 -9.802270 -8.011586 -8.151967 -4.949414 -3.666061 -5.253691 -11.872306 -9.390306 -7.791275 -3.898350 -2.991272 -1.169813 -1.567107 -7.871271 -14.734839 -10.871937 -6.868224 -8.131854 -9.551754 -9.932363 -4.943002 -4.318825 -4.682975 
-2.622893 -9.091179 -5.918115 -10.524109 -1.856853 -7.678682 -4.879335 -11.023765 -10.938239 -19.161691 -4.062975 -10.839367 -5.296623 -4.347598 -4.756728 -9.121688 -4.392865 -10.370388 -6.000646 -6.829049 -2.664976 -7.112931 -3.476888 -10.297113 -9.858393 -6.235781 -7.913779 -5.128781 -5.162576 -7.967060 -9.665547 -8.231365 -14.823291 -5.015815 -5.054891 -8.284979 -8.493959 -6.793359 -11.726818 -13.242466 -10.627226 -7.463451 -8.186582 -20.319996 -9.671012 -19.948725 -11.432664 -4.238715 -10.751728 -5.843350 -5.837373 -10.279869 -8.397309 
-6.009449 -8.058001 -8.567200 -9.297880 -11.431701 -8.006831 -2.064164 -11.555859 -11.055845 -8.070772 -4.376235 -13.677589 -8.381262 -12.055497 -11.084665 -9.651140 -3.912462 -6.201271 -6.000646 -6.829049 -2.664976 -7.112931 -9.753135 -2.478575 -11.841953 -7.625347 -3.813748 -5.128781 -6.342368 -7.143096 -9.282222 -8.231365 -12.604785 -14.257465 -11.902643 -4.368271 -6.880511 -7.312441 -10.568098 -6.516256 -5.533687 -8.207009 -14.382745 -11.939309 -13.866629 -21.476937 -13.935143 -5.883569 -8.526676 -14.344481 
-3.559344 -7.439621 -9.521018 -11.624837 -7.243483 -3.595981 -2.997372 -3.123454 -10.659617 -5.127441 -4.376235 -7.483099 -8.314150 -6.370787 -6.465048 -9.007242 -12.351662 -8.864166 -6.000646 -6.829049 -2.664976 -7.112931 -4.047044 -3.799631 -7.916123 -21.025270 -4.519080 -5.464470 -8.100196 -7.143096 -9.213966 -9.059129 -3.608961 -11.364455 -13.337329 -10.445169 -9.100217 -8.545003 -12.015720 
-11.888222 -8.880698 -11.045214 -4.122380 -7.555834 -6.466335 -2.943873 -10.429778 -12.225594 -10.845006 -4.376235 -4.948369 -7.739019 -11.943357 -10.131724 -15.668614 -9.051468 -5.108531 -6.000646 -6.829049 -2.619050 -7.112931 -6.451802 -4.086211 -10.275935 -7.734620 -5.735691 -5.823574 -5.076011 -8.414293 -6.812224 -8.388298 -7.039791 -10.847110 -10.160253 -3.539726 -5.335685 -6.571979 
-5.203201 -8.437460 -4.861402 -10.322301 -4.763525 -9.694632 -2.859893 -10.121325 -4.535764 -9.686129 -4.376235 -5.103238 -8.842175 -10.394919 -4.447692 -7.206238 -9.051468 -9.450461 -6.000646 -6.829049 -2.619050 -7.112931 -11.281872 -10.533925 -8.981787 -1.541747 -4.516394 -5.392646 -8.061097 -12.307263 -4.103095 -4.152005 -3.690445 -11.028251 
-5.374931 -6.808696 -9.658436 -3.547230 -12.125412 -12.693133 -7.943650 -9.654876 -10.348040 -10.937911 -4.312991 -11.216278 -12.811571 -11.642070 -3.627798 -2.332106 -9.051468 -13.052091 -6.000646 -6.829049 -2.409297 -7.112931 -13.468362 -11.123135 -4.113699 -8.821662 -10.576296 -4.604386 -8.143294 -19.697918 -4.428204 -8.989714 -10.925104 -3.109905 -14.556687 -13.625735 -4.848726 -5.107892 -11.979578 -13.589698 -3.608286 
-6.425314 -6.453490 -10.996398 -5.936675 -3.591932 -7.395997 -13.978579 -10.454234 -7.565291 -10.011461 -4.667966 -2.270896 -5.082300 -6.000257 -11.636600 -4.550855 -8.104046 -1.589800 -6.000646 -6.829049 -2.987900 -7.112931 -12.842424 -10.329240 -4.113699 -8.640243 -8.508834 -5.021751 -4.242740 -19.697918 -4.700492 -8.989714 -1.724082 -9.960584 -11.790571 -12.321108 -12.422346 
-9.646321 -6.680362 -10.947038 -3.455745 -14.368073 -9.350857 -3.758857 -9.226659 -6.333400 -10.011461 -4.667966 -3.472908 -3.498912 -11.219183 -7.883778 -8.832093 -8.864601 -7.999591 -6.000646 -6.829049 -2.987900 -7.112931 -13.057591 -14.933942 -6.389598 -3.462151 -8.581278 -4.883156 -12.574352 -11.360499 -4.634238 -8.989714 -2.516909 -9.567567 -5.111498 -8.854045 -7.374063 -10.814144 -9.074271 -9.461566 -9.787317 -5.993105 -7.604300 -10.488362 -11.515006 -10.151599 -3.261089 -7.512484 -12.972468 
-9.339006 -6.618783 -12.024373 -3.455745 -11.010417 -21.125007 -11.818619 -3.991118 -11.859340 -9.146238 -4.667966 -2.229530 -3.498912 -8.856463 -7.834808 -9.386172 -9.678622 -8.783372 -6.000646 -6.829049 -2.551415 -7.112931 -6.581679 -6.211873 -7.876265 -8.343279 -8.581278 -5.012036 -10.988422 -16.919926 -4.634238 -11.865511 -4.213714 -9.392669 -5.971141 -10.695994 -3.252393 -5.736333 -11.392265 -10.277079 -6.952673 -7.129830 -6.995139 -13.889402 -12.198008 -4.655630 -9.059369 
-8.085310 -4.429679 -11.383512 -7.128411 -11.582635 -4.432686 -6.310665 -1.993055 -10.433958 -8.545835 -4.667966 -5.012933 -3.967213 -13.816463 -6.712552 -7.368167 -9.626956 -9.504451 -6.000646 -6.829049 -2.551415 -7.112931 -6.593641 -13.450543 -9.558416 -7.567290 -8.581278 -5.010190 -11.592208 -17.456543 -5.658239 -11.491144 -15.408044 -10.230837 -7.437893 -18.858124 -8.853516 
-8.984792 -3.225821 -12.356131 -7.452446 -11.866666 -4.343731 -11.371660 -2.480360 -9.342385 -9.051072 -4.667966 -4.001612 -3.674455 -11.891030 -9.777665 -6.647234 -10.184736 -8.705712 -6.000646 -6.829049 -2.652475 -7.112931 -7.795126 -5.714077 -9.837198 -8.143110 -8.030024 -5.401014 -3.525608 -8.762856 -3.337027 -12.734394 -11.473632 -10.118890 
-9.384205 -5.017925 -12.356131 -8.435650 -10.851430 -6.047176 -8.052516 -6.701183 -10.867532 -8.579882 -4.191229 -3.863617 -11.167724 -14.334451 -11.991553 -3.453971 -8.878505 -9.013672 -6.000646 -6.829049 -1.892198 -7.112931 -8.409640 -9.153131 -10.964747 -4.487238 -8.373605 -5.363611 -9.554496 -8.309562 -14.238345 -7.478090 -4.186503 -11.786605 -2.774454 -20.742046 -11.255521 -14.557356 -4.481078 -11.149586 -6.548444 -12.140575 
-8.780402 -10.568682 -12.504834 -7.841806 -11.681141 -8.786623 -6.682579 -4.415312 -7.224300 -8.959356 -4.284469 -3.993274 -2.797577 -10.571794 -12.279721 -10.045163 -9.071061 -4.302918 -6.000646 -6.892042 -4.175624 -7.112931 -12.555133 -3.715319 -4.191415 -10.963927 -8.683180 -6.254349 -9.528132 -9.136179 -8.111447 -8.179245 -5.809387 -7.341538 -15.026039 -8.723349 -6.069854 -10.066387 -5.217965 -10.134645 -8.060547 -8.749628 -4.035861 -5.181436 -13.976275 -9.715799 
-8.764871 -9.327396 -13.085058 -8.143336 -12.818451 -2.692151 -10.057051 -4.997122 -7.664938 -7.758458 -4.323465 -10.740792 -14.644815 -9.177420 -12.476409 -2.649816 -10.224910 -11.471001 -6.000646 -6.892042 -9.842476 -7.112931 -14.331693 -6.764891 -11.274099 -11.326975 -8.757874 -5.723710 -7.974839 -7.061239 -7.756405 -7.724904 -5.474121 -4.304572 -7.134889 -9.547090 -9.715107 -20.126786 -4.087646 -7.815017 -1.725376 
-8.764871 -4.323917 -5.324207 -8.106112 -6.972538 -2.644615 -9.232474 -11.850616 -19.919044 -3.615837 -6.000971 -6.361209 -5.529362 -11.815066 -11.951552 -9.410294 -9.826613 -10.642730 -8.911419 -6.892042 -4.289235 -7.112931 -10.799031 -14.310558 -10.935564 -14.154993 -7.119564 -5.723710 -4.774311 -7.885554 -6.414109 -9.280353 -4.167424 -13.393838 -9.133411 -9.560872 -3.483743 -10.390279 -5.611932 -9.302227 -5.518715 -7.158120 -8.891222 -10.201032 -14.908997 
-8.764871 -16.135136 -12.188844 -8.106112 -5.301615 -2.386710 -7.103892 -3.592316 -9.670277 -4.738895 -9.730774 -7.882084 -5.529362 -11.603484 -8.436071 -5.535773 -12.588393 -3.734476 -11.145152 -6.892042 -3.939801 -7.112931 -12.792742 -2.126006 -9.479724 -8.512070 -8.587025 -5.723710 -4.774311 -10.664069 -5.180940 -9.607516 -11.305086 -5.449449 -22.503825 -4.622509 -10.410918 -9.302227 -9.552525 -2.427463 -7.550760 -4.257207 
-9.452140 -12.447066 -3.879571 -5.716038 -7.540072 -2.386710 -7.887905 -14.805999 -10.186865 -1.302481 -8.255793 -7.882084 -5.529362 -4.985078 -5.367372 -10.041806 -10.082056 -4.728655 -3.623433 -6.892042 -2.361370 -7.112931 -9.434083 -4.393197 -5.492362 -8.587553 -4.155214 -6.371671 -4.774311 -10.664069 -10.719057 -2.427463 -13.929014 -3.111183 -5.529438 -10.886082 -11.654113 
-6.799778 -10.249341 -5.088803 -6.143521 -7.802171 -2.241958 -8.866509 -2.589533 -10.484869 -10.309260 -8.230428 -8.855592 -5.484337 -6.255366 -9.240806 -2.997673 -18.793549 -4.174873 -5.857817 -6.892042 -3.485550 -7.467633 -9.434083 -9.384226 -8.072787 -10.465693 -8.941942 -7.011264 -3.755059 -13.442244 -17.843588 -2.427463 -9.306280 -11.436867 -12.289394 -5.086071 -9.266388 -14.123287 -5.548557 -7.353265 -8.765378 
-2.968230 -13.945035 -5.576926 -6.538928 -5.349529 -3.640724 -11.140573 -1.648835 -7.906123 -7.894170 -10.238771 -8.177480 -5.527103 -3.714513 -9.105387 -10.502413 -10.137429 -10.142551 -5.813748 -6.254245 -3.466265 -7.467633 -9.434083 -4.604616 -7.191224 -9.873978 -4.852360 -6.445178 -7.917657 -20.483602 -6.023946 -21.770055 -5.295025 -10.599775 -7.684011 -8.258738 -2.913344 -8.246357 -3.987552 -12.524330 -5.486907 -14.732663 
-6.278459 -19.505938 -6.161642 -6.538928 -9.856860 -11.266692 -10.579675 -3.309312 -12.743748 -8.250867 -10.960357 -7.871191 -5.527103 -3.074722 -7.279492 -12.027147 -9.723412 -12.338868 -9.968255 -6.254245 -1.641865 -5.169865 -9.434083 -4.604616 -8.722262 -14.309990 -10.249509 -6.638972 -7.263205 -4.894135 -8.401525 -2.851911 -13.005297 -12.705531 -5.837971 -11.328786 -11.208539 -11.190079 -6.818668 -8.523423 -7.746028 -5.386601 -11.151888 -9.609128 -11.420866 -3.899156 
-11.100311 -17.894573 -11.664720 -5.944613 -3.672289 -12.087464 -1.950698 -9.943774 -11.879348 -9.541904 -11.172244 -3.496621 -5.527103 -6.267268 -9.386787 -14.427042 -9.723412 -0.866289 -9.172065 -6.254245 -1.981831 -11.152481 -9.434083 -3.537625 -10.219760 -3.779540 -9.457282 -6.638972 -7.263205 -7.607203 -9.930823 -2.410327 -9.134547 -12.705531 -4.838197 -10.109102 -6.682161 -15.601746 -7.233947 -11.342819 -7.749838 -3.189641 
-5.727084 -17.894573 -5.445863 -5.944613 -5.302806 -15.259239 -11.990625 -9.962437 -9.165692 -4.881358 -11.411459 -4.325913 -5.527103 -4.549210 -7.370891 -7.762699 -3.799581 -12.034689 -9.852081 -6.254245 -9.204757 -7.915310 -8.727598 -3.053705 -12.033261 -2.183028 -12.043673 -6.754492 -7.263205 -7.607203 -10.757326 -11.342819 -10.787917 -12.161906 -5.709175 -9.654609 -5.306330 -12.316868 -1.518503 -2.123936 -4.711893 -8.639155 -4.859877 -5.874963 -2.842588 -13.852681 -5.857004 -9.946676 -14.740434 -8.417271 -11.060062 
-4.841203 -18.983725 -4.303559 -4.927487 -6.224690 -10.084990 -5.557400 -12.342823 -9.165692 -3.412924 -10.612954 -3.749075 -5.527103 -13.344785 -9.566799 -7.929201 -1.988507 -4.816186 -15.423806 -6.254245 -11.167310 -10.397281 -9.313073 -9.910531 -2.724588 -11.310805 -14.211506 -5.410878 -7.263205 -8.507809 -8.959220 -10.485281 -9.073677 -12.820363 -5.865130 -10.073140 -21.933265 -11.211521 -3.367661 -6.000565 -3.400975 -13.293466 -11.813884 -5.666173 -5.634033 
-5.632355 -4.772371 -14.717099 -10.777815 -5.683667 -5.354841 -11.558322 -8.121396 -3.677815 -3.787594 -10.612954 -3.749075 -5.527103 -3.518212 -9.399550 -7.154834 -1.084093 -7.090257 -14.682322 -6.254245 -7.835878 -13.052405 -8.510428 -5.588434 -1.128953 -8.102520 -13.114532 -5.410878 -7.263205 -8.986263 -11.234264 -7.699423 -9.529954 -4.407501 -8.805748 -11.342891 -4.878171 -11.598556 -9.923535 -6.080858 
-4.940416 -4.418120 -9.124478 -9.725150 -11.906355 -5.816403 -9.862064 -8.121396 -2.820457 -4.857237 -8.069023 -3.831455 -5.527103 -5.562136 -3.518676 -7.154834 -5.175534 -9.063811 -12.614373 -6.254245 -7.774671 -13.327253 -6.399601 -5.059352 -12.873358 -5.649532 -10.556537 -5.410878 -7.263205 -3.530210 -6.390963 -3.305195 -8.364665 -4.630743 -13.399235 -3.893245 -12.818728 -8.862865 -3.971180 -9.919277 
-14.326751 -3.887674 -9.932628 -12.030673 -10.860112 -9.699159 -6.829453 -7.614774 -1.965645 -4.195533 -8.069023 -10.023360 -5.527103 -8.766952 -3.676289 -11.442017 -14.728892 -9.220222 -20.105487 -6.254245 -4.499884 -11.034122 -13.374085 -8.764276 -7.909957 -4.171412 -14.733588 -6.647691 -7.263205 -8.803875 -3.662283 -5.335079 -11.310011 -12.263770 -8.164639 -10.840251 -13.959168 -8.978384 -15.270587 -13.127456 -6.806846 -5.204681 
-7.542870 -19.638530 -7.399380 -5.800617 -11.145004 -9.920520 -5.567979 -6.601499 -2.766671 -3.252044 -8.069023 -9.336318 -5.527103 -2.716109 -4.354717 -12.146407 -5.758673 -9.253550 -11.310011 -6.254245 -11.798461 -7.263205 -6.139441 -8.928540 -5.684687 -3.361735 -11.835083 -3.586862 -9.931500 -3.885067 -1.857173 -8.334166 -11.019871 -8.426797 -9.124976 -5.555197 -7.258517 -13.756225 -6.240817 -5.797983 -3.035500 -4.345174 
-5.631384 -10.606723 -17.319942 -5.800617 -10.449183 -9.725782 -8.890647 -5.660451 -10.130992 -11.386432 -8.069023 -9.419467 -5.527103 -4.642834 -3.210639 -10.715443 -2.377087 -9.253550 -3.790588 -6.254245 -5.186390 -7.263205 -7.675865 -8.957140 -5.604660 -1.379326 -4.959023 -4.820090 -9.408022 -19.227813 -6.946836 -10.417462 -12.754125 -10.494275 
-5.930963 -13.690390 -19.658357 -5.800617 -3.879710 -9.725782 -8.534051 -4.641843 -10.457869 -10.927962 -9.500438 -4.345680 -5.527103 -3.088231 -3.407150 -12.728180 -3.954377 -7.027171 -11.105064 -6.254245 -9.729524 -7.263205 -6.387287 -10.016662 -4.443851 -12.758311 -3.694442 -3.602966 -7.317686 -3.746488 -10.889651 -10.993423 -10.470952 -4.315875 -6.030389 -8.103965 -7.041006 -18.227672 -10.010588 -19.825286 -9.483938 -4.065244 -13.734165 -1.596383 -14.290010 -8.610572 -3.338207 -6.532404 -2.491871 
-5.425666 -8.610572 -16.805611 -13.138510 -7.511098 -10.019429 -8.534051 -11.737143 -3.288310 -12.379977 -8.236496 -7.942308 -5.527103 -5.857953 -11.648678 -10.004185 -4.559899 -22.232463 -22.161854 -6.321592 -3.810053 -7.681998 -6.193724 -1.706975 -4.531219 -13.323160 -4.021140 -11.848221 -6.323437 -4.269262 -1.960585 -10.727624 -12.398860 -15.334725 -15.968787 -5.385603 -9.673470 -10.167826 -3.843751 -14.643099 
