chr_2	154733325	426858	0
chr_1	130542040	378958	0
chr_3	117354649	364466	0
chr_4	77569119	234263	0
chr_1A	83360395	267639	0
chr_5	65372011	244053	0
chr_7	42269002	173337	0
chr_6	36042260	136729	0
chr_8	30812800	135087	0
chr_9	25209642	132268	0
chr_12	22122385	124749	0
chr_10	20863612	108027	0
chr_11	20094942	92834	0
chr_4A	22932710	116643	0
chr_13	18697132	118262	0
chr_14	15801410	100452	0
chr_20	13841461	102794	0
chr_15	15054219	111525	0
chr_18	12892066	109927	0
chr_19	11902485	83867	0
chr_17	11539259	93834	0
chr_21	6061340	44288	0
chr_24	7462420	63569	0
chr_23	6657905	64086	0
chr_26	6972093	63785	0
chr_27	6532972	49952	0
chr_28	6734083	48653	0
chr_22	5910535	46986	0
chr_25	2823765	17745	0
chr_29	2009830	10545	0
chr_W	322193	2365	0
chr_Z	67472377	214374	0
Pipfil_0	497682	1356	0
Pipfil_1	703837	12582	0
Pipfil_2	593419	12948	0
Pipfil_3	85766	4258	0
Pipfil_4	1068697	24388	0
Pipfil_5	830945	20977	0
Pipfil_6	649995	9995	0
Pipfil_7	287816	4349	0
Pipfil_8	218771	9978	0
Pipfil_9	354961	9237	0
Pipfil_10	238179	4035	0
Pipfil_11	166028	2384	0
Pipfil_12	128207	2767	0
Pipfil_13	185455	4139	0
Pipfil_14	31570	2	0
Pipfil_15	16376	0	0
Pipfil_16	42697	112	0
Pipfil_17	6321	0	0
Pipfil_18	529060	398	0
Pipfil_19	320528	5133	0
Pipfil_20	592450	4502	0
Pipfil_21	231077	529	0
Pipfil_22	170311	192	0
Pipfil_23	82568	70	0
Pipfil_24	24341	83	0
Pipfil_25	106887	80	0
Pipfil_26	110128	422	0
Pipfil_27	28060	65	0
Pipfil_28	12493	37	0
Pipfil_29	75284	66	0
Pipfil_30	31039	1	0
Pipfil_31	34215	0	0
Pipfil_32	10301	0	0
Pipfil_33	65082	25	0
Pipfil_34	13854	0	0
Pipfil_35	38774	155	0
Pipfil_36	34958	255	0
Pipfil_37	19558	39	0
Pipfil_38	44084	42	0
Pipfil_39	39844	955	0
Pipfil_40	39251	101	0
Pipfil_41	39005	473	0
Pipfil_42	58673	48	0
Pipfil_43	38542	1264	0
Pipfil_44	38529	845	0
Pipfil_45	38270	11	0
Pipfil_46	38266	234	0
Pipfil_47	37545	238	0
Pipfil_48	37521	499	0
Pipfil_49	55619	548	0
Pipfil_50	37010	234	0
Pipfil_51	60810	220	0
Pipfil_52	36293	0	0
Pipfil_53	36053	404	0
Pipfil_54	35856	21	0
Pipfil_55	35645	53	0
Pipfil_56	35344	15	0
Pipfil_57	35274	727	0
Pipfil_58	35072	1324	0
Pipfil_59	34826	445	0
Pipfil_60	34745	244	0
Pipfil_61	34749	1049	0
Pipfil_62	34689	1482	0
Pipfil_63	34058	350	0
Pipfil_64	32972	1856	0
Pipfil_65	64898	327	0
Pipfil_66	63424	1190	0
Pipfil_67	80633	1711	0
Pipfil_68	32361	309	0
Pipfil_69	32307	45	0
Pipfil_70	31674	598	0
Pipfil_71	30947	723	0
Pipfil_72	30818	232	0
Pipfil_73	30566	396	0
Pipfil_74	30541	126	0
Pipfil_75	30321	7	0
Pipfil_76	30275	934	0
Pipfil_77	30267	151	0
Pipfil_78	30196	1064	0
Pipfil_79	40150	19	0
Pipfil_80	29211	9	0
Pipfil_81	36049	159	0
Pipfil_82	29144	203	0
Pipfil_83	29119	6	0
Pipfil_84	28873	131	0
Pipfil_85	28587	3	0
Pipfil_86	28195	1084	0
Pipfil_87	28193	448	0
Pipfil_88	28167	359	0
Pipfil_89	28119	6	0
Pipfil_90	28027	239	0
Pipfil_91	27887	179	0
Pipfil_92	27878	457	0
Pipfil_93	27765	624	0
Pipfil_94	27698	369	0
Pipfil_95	27582	312	0
Pipfil_96	42963	14	0
Pipfil_97	27229	8	0
Pipfil_98	38966	175	0
Pipfil_99	27124	461	0
Pipfil_100	71039	1931	0
Pipfil_101	38734	78	0
Pipfil_102	26674	20	0
Pipfil_103	40365	4	0
Pipfil_104	26545	0	0
Pipfil_105	26096	42	0
Pipfil_106	37351	555	0
Pipfil_107	25902	570	0
Pipfil_108	25841	18	0
Pipfil_109	25550	494	0
Pipfil_110	25523	435	0
Pipfil_111	25188	553	0
Pipfil_112	25042	24	0
Pipfil_113	25025	234	0
Pipfil_114	32643	1103	0
Pipfil_115	24773	1103	0
Pipfil_116	24547	588	0
Pipfil_117	24499	270	0
Pipfil_118	63487	34	0
Pipfil_119	24249	6	0
Pipfil_120	24081	147	0
Pipfil_121	23750	217	0
Pipfil_122	23693	424	0
Pipfil_123	44934	680	0
Pipfil_124	23607	8	0
Pipfil_125	23610	365	0
Pipfil_126	23588	422	0
Pipfil_127	23539	826	0
Pipfil_128	23331	0	0
Pipfil_129	23326	194	0
Pipfil_130	23308	540	0
Pipfil_131	23028	0	0
Pipfil_132	23002	254	0
Pipfil_133	22865	23	0
Pipfil_134	41663	307	0
Pipfil_135	43705	153	0
Pipfil_136	22701	104	0
Pipfil_137	22663	20	0
Pipfil_138	22601	628	0
Pipfil_139	22554	195	0
Pipfil_140	22346	210	0
Pipfil_141	22291	54	0
Pipfil_142	30700	1332	0
Pipfil_143	22095	57	0
Pipfil_144	22019	477	0
Pipfil_145	21937	3	0
Pipfil_146	36794	42	0
Pipfil_147	21889	289	0
Pipfil_148	21871	3	0
Pipfil_149	21750	6	0
Pipfil_150	34547	0	0
Pipfil_151	21635	102	0
Pipfil_152	21566	0	0
Pipfil_153	33094	740	0
Pipfil_154	21513	258	0
Pipfil_155	21499	0	0
Pipfil_156	21429	116	0
Pipfil_157	21396	1729	0
Pipfil_158	21326	0	0
Pipfil_159	21291	138	0
Pipfil_160	21234	275	0
Pipfil_161	21213	0	0
Pipfil_162	21181	2	0
Pipfil_163	21039	62	0
Pipfil_164	27974	2	0
Pipfil_165	32074	1	0
Pipfil_166	50006	31	0
Pipfil_167	20815	0	0
Pipfil_168	20728	1726	0
Pipfil_169	20664	0	0
Pipfil_170	20562	40	0
Pipfil_171	20537	18	0
Pipfil_172	20463	1256	0
Pipfil_173	20403	649	0
Pipfil_174	20371	2	0
Pipfil_175	20255	39	0
Pipfil_176	20222	229	0
Pipfil_177	32342	13	0
Pipfil_178	29695	510	0
Pipfil_179	25349	468	0
Pipfil_180	44156	553	0
Pipfil_181	19986	4	0
Pipfil_182	19966	0	0
Pipfil_183	39054	917	0
Pipfil_184	19896	93	0
Pipfil_185	58734	286	0
Pipfil_186	19829	148	0
Pipfil_187	19781	64	0
Pipfil_188	19750	438	0
Pipfil_189	39459	39	0
Pipfil_190	19597	253	0
Pipfil_191	19532	118	0
Pipfil_192	30964	62	0
Pipfil_193	19327	9	0
Pipfil_194	19224	0	0
Pipfil_195	19172	19	0
Pipfil_196	19110	90	0
Pipfil_197	19098	3	0
Pipfil_198	18962	1772	0
Pipfil_199	18947	14	0
Pipfil_200	18925	0	0
Pipfil_201	18904	319	0
Pipfil_202	44377	0	0
Pipfil_203	18838	27	0
Pipfil_204	18782	5	0
Pipfil_205	18745	11	0
Pipfil_206	18663	0	0
Pipfil_207	18625	155	0
Pipfil_208	18397	0	0
Pipfil_209	18327	6	0
Pipfil_210	18099	11	0
Pipfil_211	17978	674	0
Pipfil_212	17963	402	0
Pipfil_213	17956	63	0
Pipfil_214	17919	84	0
Pipfil_215	17870	125	0
Pipfil_216	17765	420	0
Pipfil_217	17754	36	0
Pipfil_218	17525	8	0
Pipfil_219	17391	0	0
Pipfil_220	16970	968	0
Pipfil_221	28106	32	0
Pipfil_222	16784	61	0
Pipfil_223	16792	349	0
Pipfil_224	31659	1	0
Pipfil_225	38885	76	0
Pipfil_226	16463	168	0
Pipfil_227	16453	2	0
Pipfil_228	16385	58	0
Pipfil_229	16367	169	0
Pipfil_230	32412	0	0
Pipfil_231	16273	145	0
Pipfil_232	33246	30	0
Pipfil_233	16213	14	0
Pipfil_234	32740	37	0
Pipfil_235	16091	110	0
Pipfil_236	16095	79	0
Pipfil_237	15977	0	0
Pipfil_238	15935	0	0
Pipfil_239	15941	112	0
Pipfil_240	15865	19	0
Pipfil_241	22135	0	0
Pipfil_242	15819	103	0
Pipfil_243	15742	430	0
Pipfil_244	15639	2	0
Pipfil_245	15573	0	0
Pipfil_246	15527	22	0
Pipfil_247	15521	29	0
Pipfil_248	15508	415	0
Pipfil_249	15474	1	0
Pipfil_250	15378	243	0
Pipfil_251	15359	221	0
Pipfil_252	15340	205	0
Pipfil_253	15288	1	0
Pipfil_254	26284	85	0
Pipfil_255	15137	80	0
Pipfil_256	15136	683	0
Pipfil_257	15128	9	0
Pipfil_258	15115	4	0
Pipfil_259	15090	0	0
Pipfil_260	15073	3	0
Pipfil_261	15057	49	0
Pipfil_262	28387	32	0
Pipfil_263	15037	0	0
Pipfil_264	46832	0	0
Pipfil_265	15009	2	0
Pipfil_266	14850	1	0
Pipfil_267	31465	142	0
Pipfil_268	14565	847	0
Pipfil_269	14556	32	0
Pipfil_270	14484	14	0
Pipfil_271	14482	12	0
Pipfil_272	14468	559	0
Pipfil_273	14446	0	0
Pipfil_274	14291	65	0
Pipfil_275	14218	2	0
Pipfil_276	14139	40	0
Pipfil_277	13956	0	0
Pipfil_278	31172	1	0
Pipfil_279	13919	270	0
Pipfil_280	13873	1	0
Pipfil_281	13866	59	0
Pipfil_282	29613	11	0
Pipfil_283	13824	14	0
Pipfil_284	13813	0	0
Pipfil_285	13801	113	0
Pipfil_286	13782	4	0
Pipfil_287	13667	12	0
Pipfil_288	13654	1	0
Pipfil_289	13565	8	0
Pipfil_290	13535	0	0
Pipfil_291	13522	0	0
Pipfil_292	13398	760	0
Pipfil_293	26107	86	0
Pipfil_294	13192	149	0
Pipfil_295	13152	45	0
Pipfil_296	30630	30	0
Pipfil_297	13078	18	0
Pipfil_298	13063	0	0
Pipfil_299	13030	58	0
Pipfil_300	12994	13	0
Pipfil_301	12991	1	0
Pipfil_302	12995	0	0
Pipfil_303	12983	2	0
Pipfil_304	12910	0	0
Pipfil_305	12908	0	0
Pipfil_306	12810	16	0
Pipfil_307	20181	0	0
Pipfil_308	12660	1	0
Pipfil_309	12623	4	0
Pipfil_310	25263	0	0
Pipfil_311	32617	0	0
Pipfil_312	12534	165	0
Pipfil_313	12520	53	0
Pipfil_314	12430	0	0
Pipfil_315	12376	4	0
Pipfil_316	12359	21	0
Pipfil_317	12352	174	0
Pipfil_318	12266	6	0
Pipfil_319	12250	11	0
Pipfil_320	12220	3	0
Pipfil_321	12202	0	0
Pipfil_322	12179	35	0
Pipfil_323	12084	24	0
Pipfil_324	30507	15	0
Pipfil_325	11790	4	0
Pipfil_326	11759	26	0
Pipfil_327	31265	4	0
Pipfil_328	21629	11	0
Pipfil_329	11434	0	0
Pipfil_330	11286	0	0
Pipfil_331	11248	13	0
Pipfil_332	11200	50	0
Pipfil_333	11174	8	0
Pipfil_334	11152	0	0
Pipfil_335	11102	27	0
Pipfil_336	11054	55	0
Pipfil_337	18204	0	0
Pipfil_338	10989	13	0
Pipfil_339	10923	0	0
Pipfil_340	10878	82	0
Pipfil_341	10795	279	0
Pipfil_342	10785	0	0
Pipfil_343	22047	19	0
Pipfil_344	10645	0	0
Pipfil_345	10639	148	0
Pipfil_346	10623	0	0
Pipfil_347	10581	98	0
Pipfil_348	10566	0	0
Pipfil_349	17836	609	0
Pipfil_350	17238	21	0
Pipfil_351	20558	201	0
Pipfil_352	10431	139	0
Pipfil_353	10415	66	0
Pipfil_354	10359	1	0
Pipfil_355	10373	7	0
Pipfil_356	10273	0	0
Pipfil_357	10274	1	0
Pipfil_358	10271	5	0
Pipfil_359	10252	23	0
Pipfil_360	10112	0	0
Pipfil_361	10108	15	0
Pipfil_362	10096	0	0
Pipfil_363	10042	0	0
Pipfil_364	10006	13	0
Pipfil_365	9987	1	0
Pipfil_366	21722	3	0
Pipfil_367	9907	0	0
Pipfil_368	9887	8	0
Pipfil_369	15930	78	0
Pipfil_370	9791	55	0
Pipfil_371	9747	0	0
Pipfil_372	9733	0	0
Pipfil_373	9689	6	0
Pipfil_374	9683	4	0
Pipfil_375	9647	0	0
Pipfil_376	9637	0	0
Pipfil_377	9507	15	0
Pipfil_378	9503	62	0
Pipfil_379	9356	38	0
Pipfil_380	9326	0	0
Pipfil_381	9297	92	0
Pipfil_382	9263	162	0
Pipfil_383	9268	0	0
Pipfil_384	9245	0	0
Pipfil_385	9189	0	0
Pipfil_386	9116	33	0
Pipfil_387	9095	3	0
Pipfil_388	9112	28	0
Pipfil_389	8971	2	0
Pipfil_390	8910	0	0
Pipfil_391	8835	12	0
Pipfil_392	8829	6	0
Pipfil_393	8809	1	0
Pipfil_394	8758	0	0
Pipfil_395	8744	0	0
Pipfil_396	18092	0	0
Pipfil_397	8654	0	0
Pipfil_398	8559	0	0
Pipfil_399	8523	1	0
Pipfil_400	8511	0	0
Pipfil_401	8501	0	0
Pipfil_402	8499	0	0
Pipfil_403	8439	0	0
Pipfil_404	14359	284	0
Pipfil_405	8434	8	0
Pipfil_406	8386	0	0
Pipfil_407	8328	0	0
Pipfil_408	8327	53	0
Pipfil_409	8282	10	0
Pipfil_410	8225	9	0
Pipfil_411	8222	82	0
Pipfil_412	8136	305	0
Pipfil_413	8085	1	0
Pipfil_414	8081	1	0
Pipfil_415	8068	0	0
Pipfil_416	8019	0	0
Pipfil_417	8009	0	0
Pipfil_418	7967	25	0
Pipfil_419	7933	0	0
Pipfil_420	7905	124	0
Pipfil_421	7900	0	0
Pipfil_422	15770	0	0
Pipfil_423	7812	0	0
Pipfil_424	7809	0	0
Pipfil_425	7728	0	0
Pipfil_426	15578	0	0
Pipfil_427	7623	3	0
Pipfil_428	7552	0	0
Pipfil_429	7505	26	0
Pipfil_430	7466	0	0
Pipfil_431	7455	249	0
Pipfil_432	7431	1	0
Pipfil_433	7370	0	0
Pipfil_434	7369	1	0
Pipfil_435	7341	0	0
Pipfil_436	7344	0	0
Pipfil_437	7342	1	0
Pipfil_438	7338	0	0
Pipfil_439	7332	0	0
Pipfil_440	7332	1	0
Pipfil_441	7289	12	0
Pipfil_442	7241	0	0
Pipfil_443	7196	113	0
Pipfil_444	7079	24	0
Pipfil_445	7070	0	0
Pipfil_446	7024	0	0
Pipfil_447	6922	0	0
Pipfil_448	6910	33	0
Pipfil_449	6890	0	0
Pipfil_450	6837	0	0
Pipfil_451	6827	0	0
Pipfil_452	6809	0	0
Pipfil_453	6775	0	0
Pipfil_454	6703	0	0
Pipfil_455	6677	0	0
Pipfil_456	6677	0	0
Pipfil_457	6657	361	0
Pipfil_458	6632	0	0
Pipfil_459	6598	44	0
Pipfil_460	6583	6	0
Pipfil_461	6546	0	0
Pipfil_462	6542	6	0
Pipfil_463	6513	16	0
Pipfil_464	6430	0	0
Pipfil_465	6414	0	0
Pipfil_466	6371	13	0
Pipfil_467	6256	1	0
Pipfil_468	6251	0	0
Pipfil_469	6250	0	0
Pipfil_470	6219	9	0
Pipfil_471	6174	16	0
Pipfil_472	6147	0	0
Pipfil_473	6086	0	0
Pipfil_474	6067	18	0
Pipfil_475	6061	34	0
Pipfil_476	6028	0	0
Pipfil_477	6016	3	0
Pipfil_478	5981	0	0
Pipfil_479	5924	15	0
Pipfil_480	5929	2	0
Pipfil_481	5876	0	0
Pipfil_482	5801	0	0
Pipfil_483	5742	0	0
Pipfil_484	10613	0	0
Pipfil_485	5676	2	0
Pipfil_486	5661	11	0
Pipfil_487	5654	0	0
Pipfil_488	5617	0	0
Pipfil_489	5611	0	0
Pipfil_490	5594	0	0
Pipfil_491	5547	9	0
Pipfil_492	5520	0	0
Pipfil_493	5456	0	0
Pipfil_494	5432	0	0
Pipfil_495	5141	0	0
Pipfil_496	5058	0	0
Pipfil_497	5063	0	0
Pipfil_498	4996	0	0
Pipfil_499	4991	0	0
Pipfil_500	4989	0	0
Pipfil_501	4987	0	0
Pipfil_502	4980	147	0
Pipfil_503	4979	0	0
Pipfil_504	4948	0	0
Pipfil_505	4922	0	0
Pipfil_506	4868	5	0
Pipfil_507	4790	0	0
Pipfil_508	4742	1	0
Pipfil_509	4702	0	0
Pipfil_510	4655	22	0
Pipfil_511	4648	0	0
Pipfil_512	4611	2	0
Pipfil_513	4598	0	0
Pipfil_514	4558	0	0
Pipfil_515	4504	0	0
Pipfil_516	4463	0	0
Pipfil_517	4354	0	0
Pipfil_518	4289	0	0
Pipfil_519	4250	1	0
Pipfil_520	4144	0	0
Pipfil_521	4107	0	0
Pipfil_522	4106	0	0
Pipfil_523	4104	0	0
Pipfil_524	4066	0	0
Pipfil_525	4065	0	0
Pipfil_526	4031	0	0
Pipfil_527	3823	0	0
Pipfil_528	3821	0	0
Pipfil_529	3798	12	0
Pipfil_530	3756	4	0
Pipfil_531	3747	0	0
Pipfil_532	3592	3	0
Pipfil_533	3555	0	0
Pipfil_534	3512	0	0
Pipfil_535	3497	6	0
Pipfil_536	3364	0	0
Pipfil_537	3340	3	0
Pipfil_538	3037	0	0
Pipfil_539	2989	0	0
Pipfil_540	2919	0	0
Pipfil_541	2887	0	0
Pipfil_542	2886	0	0
Pipfil_543	2768	47	0
Pipfil_544	2765	0	0
Pipfil_545	2668	0	0
Pipfil_546	2381	0	0
Pipfil_547	210314	2387	0
Pipfil_548	187151	7720	0
Pipfil_549	186972	8792	0
Pipfil_550	158417	4576	0
Pipfil_551	140714	7979	0
Pipfil_552	138320	5677	0
Pipfil_553	179379	1414	0
Pipfil_554	130486	3071	0
Pipfil_555	123285	4434	0
Pipfil_556	132030	822	0
Pipfil_557	109285	3622	0
Pipfil_558	108088	3579	0
Pipfil_559	95760	2309	0
Pipfil_560	94845	1907	0
Pipfil_561	88693	841	0
Pipfil_562	180688	4306	0
Pipfil_563	112055	3079	0
Pipfil_564	105822	1122	0
Pipfil_565	144085	2806	0
Pipfil_566	112188	205	0
Pipfil_567	115266	1621	0
Pipfil_568	90776	815	0
Pipfil_569	71727	2245	0
Pipfil_570	71460	1892	0
Pipfil_571	71228	1776	0
Pipfil_572	70569	192	0
Pipfil_573	69532	3678	0
Pipfil_574	68750	41	0
Pipfil_575	68341	1384	0
Pipfil_576	68076	1724	0
Pipfil_577	66871	2769	0
Pipfil_578	65406	1842	0
Pipfil_579	65160	1945	0
Pipfil_580	64596	1000	0
Pipfil_581	63487	49	0
Pipfil_582	83229	2548	0
Pipfil_583	62745	396	0
Pipfil_584	62715	8	0
Pipfil_585	61689	694	0
Pipfil_586	103683	392	0
Pipfil_587	59919	589	0
Pipfil_588	59497	751	0
Pipfil_589	57557	1002	0
Pipfil_590	57397	1185	0
Pipfil_591	55753	747	0
Pipfil_592	55397	755	0
Pipfil_593	54928	294	0
Pipfil_594	54532	549	0
Pipfil_595	53393	425	0
Pipfil_596	51524	1473	0
Pipfil_597	50789	480	0
Pipfil_598	49952	1952	0
Pipfil_599	49800	1925	0
Pipfil_600	49775	645	0
Pipfil_601	49514	2655	0
Pipfil_602	49369	415	0
Pipfil_603	49043	169	0
Pipfil_604	48717	149	0
Pipfil_605	48505	551	0
Pipfil_606	48389	122	0
Pipfil_607	47807	104	0
Pipfil_608	47198	426	0
Pipfil_609	45596	0	0
Pipfil_610	45313	1176	0
Pipfil_611	45291	1125	0
Pipfil_612	45089	1407	0
Pipfil_613	61264	900	0
Pipfil_614	44948	2348	0
Pipfil_615	44535	1151	0
Pipfil_616	44358	666	0
Pipfil_617	59780	1153	0
Pipfil_618	43496	48	0
Pipfil_619	70706	591	0
Pipfil_620	43323	53	0
Pipfil_621	43024	365	0
Pipfil_622	42833	240	0
Pipfil_623	42451	2009	0
Pipfil_624	42197	79	0
Pipfil_625	74245	2835	0
Pipfil_626	40998	68	0
Pipfil_627	40949	1726	0
Pipfil_628	40797	26	0
Pipfil_629	53181	1345	0
Pipfil_630	106089	16	0
Pipfil_631	40328	39	0
Pipfil_632	40265	313	0
Pipfil_633	40205	187	0
*	0	0	224371
