chr_2	154733325	159902	0
chr_1	130542040	138502	0
chr_3	117354649	135146	0
chr_4	77569119	86448	0
chr_1A	83360395	99650	0
chr_5	65372011	87036	0
chr_7	42269002	61836	0
chr_6	36042260	51612	0
chr_8	30812800	49544	0
chr_9	25209642	44293	0
chr_12	22122385	43612	0
chr_10	20863612	38279	0
chr_11	20094942	32610	0
chr_4A	22932710	43322	0
chr_13	18697132	39775	0
chr_14	15801410	32667	0
chr_20	13841461	32621	0
chr_15	15054219	36420	0
chr_18	12892066	33334	0
chr_19	11902485	25841	0
chr_17	11539259	29475	0
chr_21	6061340	13984	0
chr_24	7462420	19959	0
chr_23	6657905	17236	0
chr_26	6972093	16878	0
chr_27	6532972	14214	0
chr_28	6734083	13271	0
chr_22	5910535	12799	0
chr_25	2823765	4414	0
chr_29	2009830	2777	0
chr_W	322193	652	0
chr_Z	67472377	46986	0
Pipfil_0	497682	304	0
Pipfil_1	703837	2340	0
Pipfil_2	593419	2496	0
Pipfil_3	85766	971	0
Pipfil_4	1068697	6373	0
Pipfil_5	830945	4865	0
Pipfil_6	649995	2178	0
Pipfil_7	287816	1370	0
Pipfil_8	218771	1903	0
Pipfil_9	354961	1990	0
Pipfil_10	238179	1011	0
Pipfil_11	166028	531	0
Pipfil_12	128207	626	0
Pipfil_13	185455	998	0
Pipfil_14	31570	0	0
Pipfil_15	16376	0	0
Pipfil_16	42697	24	0
Pipfil_17	6321	0	0
Pipfil_18	529060	44	0
Pipfil_19	320528	965	0
Pipfil_20	592450	1453	0
Pipfil_21	231077	137	0
Pipfil_22	170311	38	0
Pipfil_23	82568	8	0
Pipfil_24	24341	138	0
Pipfil_25	106887	15	0
Pipfil_26	110128	248	0
Pipfil_27	28060	6	0
Pipfil_28	12493	10	0
Pipfil_29	75284	5	0
Pipfil_30	31039	0	0
Pipfil_31	34215	0	0
Pipfil_32	10301	0	0
Pipfil_33	65082	25	0
Pipfil_34	13854	0	0
Pipfil_35	38774	6	0
Pipfil_36	34958	29	0
Pipfil_37	19558	12	0
Pipfil_38	44084	13	0
Pipfil_39	39844	304	0
Pipfil_40	39251	32	0
Pipfil_41	39005	74	0
Pipfil_42	58673	2	0
Pipfil_43	38542	218	0
Pipfil_44	38529	176	0
Pipfil_45	38270	6	0
Pipfil_46	38266	48	0
Pipfil_47	37545	106	0
Pipfil_48	37521	156	0
Pipfil_49	55619	108	0
Pipfil_50	37010	41	0
Pipfil_51	60810	34	0
Pipfil_52	36293	7	0
Pipfil_53	36053	71	0
Pipfil_54	35856	16	0
Pipfil_55	35645	20	0
Pipfil_56	35344	13	0
Pipfil_57	35274	100	0
Pipfil_58	35072	350	0
Pipfil_59	34826	63	0
Pipfil_60	34745	46	0
Pipfil_61	34749	180	0
Pipfil_62	34689	289	0
Pipfil_63	34058	97	0
Pipfil_64	32972	330	0
Pipfil_65	64898	74	0
Pipfil_66	63424	105	0
Pipfil_67	80633	475	0
Pipfil_68	32361	67	0
Pipfil_69	32307	101	0
Pipfil_70	31674	147	0
Pipfil_71	30947	161	0
Pipfil_72	30818	19	0
Pipfil_73	30566	142	0
Pipfil_74	30541	13	0
Pipfil_75	30321	9	0
Pipfil_76	30275	169	0
Pipfil_77	30267	14	0
Pipfil_78	30196	318	0
Pipfil_79	40150	0	0
Pipfil_80	29211	8	0
Pipfil_81	36049	40	0
Pipfil_82	29144	62	0
Pipfil_83	29119	1	0
Pipfil_84	28873	144	0
Pipfil_85	28587	5	0
Pipfil_86	28195	161	0
Pipfil_87	28193	163	0
Pipfil_88	28167	87	0
Pipfil_89	28119	10	0
Pipfil_90	28027	109	0
Pipfil_91	27887	33	0
Pipfil_92	27878	70	0
Pipfil_93	27765	132	0
Pipfil_94	27698	50	0
Pipfil_95	27582	78	0
Pipfil_96	42963	19	0
Pipfil_97	27229	4	0
Pipfil_98	38966	25	0
Pipfil_99	27124	250	0
Pipfil_100	71039	471	0
Pipfil_101	38734	40	0
Pipfil_102	26674	4	0
Pipfil_103	40365	5	0
Pipfil_104	26545	0	0
Pipfil_105	26096	10	0
Pipfil_106	37351	119	0
Pipfil_107	25902	105	0
Pipfil_108	25841	8	0
Pipfil_109	25550	95	0
Pipfil_110	25523	162	0
Pipfil_111	25188	112	0
Pipfil_112	25042	27	0
Pipfil_113	25025	56	0
Pipfil_114	32643	685	0
Pipfil_115	24773	152	0
Pipfil_116	24547	159	0
Pipfil_117	24499	18	0
Pipfil_118	63487	7	0
Pipfil_119	24249	4	0
Pipfil_120	24081	97	0
Pipfil_121	23750	77	0
Pipfil_122	23693	133	0
Pipfil_123	44934	273	0
Pipfil_124	23607	9	0
Pipfil_125	23610	94	0
Pipfil_126	23588	23	0
Pipfil_127	23539	163	0
Pipfil_128	23331	0	0
Pipfil_129	23326	60	0
Pipfil_130	23308	98	0
Pipfil_131	23028	0	0
Pipfil_132	23002	47	0
Pipfil_133	22865	56	0
Pipfil_134	41663	61	0
Pipfil_135	43705	43	0
Pipfil_136	22701	42	0
Pipfil_137	22663	16	0
Pipfil_138	22601	136	0
Pipfil_139	22554	54	0
Pipfil_140	22346	111	0
Pipfil_141	22291	10	0
Pipfil_142	30700	273	0
Pipfil_143	22095	41	0
Pipfil_144	22019	39	0
Pipfil_145	21937	3	0
Pipfil_146	36794	11	0
Pipfil_147	21889	45	0
Pipfil_148	21871	0	0
Pipfil_149	21750	0	0
Pipfil_150	34547	2	0
Pipfil_151	21635	46	0
Pipfil_152	21566	0	0
Pipfil_153	33094	242	0
Pipfil_154	21513	109	0
Pipfil_155	21499	0	0
Pipfil_156	21429	11	0
Pipfil_157	21396	258	0
Pipfil_158	21326	0	0
Pipfil_159	21291	15	0
Pipfil_160	21234	79	0
Pipfil_161	21213	0	0
Pipfil_162	21181	1	0
Pipfil_163	21039	4	0
Pipfil_164	27974	6	0
Pipfil_165	32074	2	0
Pipfil_166	50006	20	0
Pipfil_167	20815	0	0
Pipfil_168	20728	252	0
Pipfil_169	20664	0	0
Pipfil_170	20562	5	0
Pipfil_171	20537	12	0
Pipfil_172	20463	131	0
Pipfil_173	20403	163	0
Pipfil_174	20371	0	0
Pipfil_175	20255	13	0
Pipfil_176	20222	30	0
Pipfil_177	32342	16	0
Pipfil_178	29695	66	0
Pipfil_179	25349	67	0
Pipfil_180	44156	183	0
Pipfil_181	19986	4	0
Pipfil_182	19966	3	0
Pipfil_183	39054	251	0
Pipfil_184	19896	89	0
Pipfil_185	58734	71	0
Pipfil_186	19829	29	0
Pipfil_187	19781	71	0
Pipfil_188	19750	125	0
Pipfil_189	39459	2	0
Pipfil_190	19597	45	0
Pipfil_191	19532	27	0
Pipfil_192	30964	32	0
Pipfil_193	19327	7	0
Pipfil_194	19224	3	0
Pipfil_195	19172	7	0
Pipfil_196	19110	21	0
Pipfil_197	19098	0	0
Pipfil_198	18962	319	0
Pipfil_199	18947	9	0
Pipfil_200	18925	0	0
Pipfil_201	18904	80	0
Pipfil_202	44377	0	0
Pipfil_203	18838	3	0
Pipfil_204	18782	2	0
Pipfil_205	18745	3	0
Pipfil_206	18663	0	0
Pipfil_207	18625	37	0
Pipfil_208	18397	4	0
Pipfil_209	18327	0	0
Pipfil_210	18099	4	0
Pipfil_211	17978	64	0
Pipfil_212	17963	31	0
Pipfil_213	17956	22	0
Pipfil_214	17919	87	0
Pipfil_215	17870	6	0
Pipfil_216	17765	128	0
Pipfil_217	17754	3	0
Pipfil_218	17525	6	0
Pipfil_219	17391	0	0
Pipfil_220	16970	307	0
Pipfil_221	28106	52	0
Pipfil_222	16784	16	0
Pipfil_223	16792	122	0
Pipfil_224	31659	3	0
Pipfil_225	38885	63	0
Pipfil_226	16463	17	0
Pipfil_227	16453	5	0
Pipfil_228	16385	9	0
Pipfil_229	16367	38	0
Pipfil_230	32412	0	0
Pipfil_231	16273	21	0
Pipfil_232	33246	0	0
Pipfil_233	16213	6	0
Pipfil_234	32740	5	0
Pipfil_235	16091	21	0
Pipfil_236	16095	91	0
Pipfil_237	15977	0	0
Pipfil_238	15935	0	0
Pipfil_239	15941	9	0
Pipfil_240	15865	15	0
Pipfil_241	22135	2	0
Pipfil_242	15819	24	0
Pipfil_243	15742	135	0
Pipfil_244	15639	0	0
Pipfil_245	15573	0	0
Pipfil_246	15527	12	0
Pipfil_247	15521	20	0
Pipfil_248	15508	108	0
Pipfil_249	15474	2	0
Pipfil_250	15378	34	0
Pipfil_251	15359	65	0
Pipfil_252	15340	29	0
Pipfil_253	15288	0	0
Pipfil_254	26284	12	0
Pipfil_255	15137	51	0
Pipfil_256	15136	339	0
Pipfil_257	15128	0	0
Pipfil_258	15115	5	0
Pipfil_259	15090	0	0
Pipfil_260	15073	0	0
Pipfil_261	15057	19	0
Pipfil_262	28387	16	0
Pipfil_263	15037	0	0
Pipfil_264	46832	0	0
Pipfil_265	15009	0	0
Pipfil_266	14850	6	0
Pipfil_267	31465	18	0
Pipfil_268	14565	84	0
Pipfil_269	14556	21	0
Pipfil_270	14484	4	0
Pipfil_271	14482	14	0
Pipfil_272	14468	73	0
Pipfil_273	14446	2	0
Pipfil_274	14291	22	0
Pipfil_275	14218	3	0
Pipfil_276	14139	0	0
Pipfil_277	13956	4	0
Pipfil_278	31172	3	0
Pipfil_279	13919	33	0
Pipfil_280	13873	11	0
Pipfil_281	13866	12	0
Pipfil_282	29613	19	0
Pipfil_283	13824	12	0
Pipfil_284	13813	0	0
Pipfil_285	13801	29	0
Pipfil_286	13782	4	0
Pipfil_287	13667	3	0
Pipfil_288	13654	2	0
Pipfil_289	13565	3	0
Pipfil_290	13535	0	0
Pipfil_291	13522	0	0
Pipfil_292	13398	132	0
Pipfil_293	26107	97	0
Pipfil_294	13192	9	0
Pipfil_295	13152	8	0
Pipfil_296	30630	6	0
Pipfil_297	13078	21	0
Pipfil_298	13063	0	0
Pipfil_299	13030	39	0
Pipfil_300	12994	1	0
Pipfil_301	12991	2	0
Pipfil_302	12995	0	0
Pipfil_303	12983	2	0
Pipfil_304	12910	0	0
Pipfil_305	12908	0	0
Pipfil_306	12810	1	0
Pipfil_307	20181	0	0
Pipfil_308	12660	2	0
Pipfil_309	12623	15	0
Pipfil_310	25263	1	0
Pipfil_311	32617	2	0
Pipfil_312	12534	50	0
Pipfil_313	12520	2	0
Pipfil_314	12430	0	0
Pipfil_315	12376	0	0
Pipfil_316	12359	10	0
Pipfil_317	12352	14	0
Pipfil_318	12266	1	0
Pipfil_319	12250	7	0
Pipfil_320	12220	1	0
Pipfil_321	12202	0	0
Pipfil_322	12179	0	0
Pipfil_323	12084	11	0
Pipfil_324	30507	5	0
Pipfil_325	11790	2	0
Pipfil_326	11759	0	0
Pipfil_327	31265	0	0
Pipfil_328	21629	1	0
Pipfil_329	11434	0	0
Pipfil_330	11286	0	0
Pipfil_331	11248	6	0
Pipfil_332	11200	10	0
Pipfil_333	11174	0	0
Pipfil_334	11152	0	0
Pipfil_335	11102	1	0
Pipfil_336	11054	23	0
Pipfil_337	18204	0	0
Pipfil_338	10989	25	0
Pipfil_339	10923	0	0
Pipfil_340	10878	1	0
Pipfil_341	10795	1	0
Pipfil_342	10785	0	0
Pipfil_343	22047	15	0
Pipfil_344	10645	0	0
Pipfil_345	10639	10	0
Pipfil_346	10623	0	0
Pipfil_347	10581	26	0
Pipfil_348	10566	0	0
Pipfil_349	17836	243	0
Pipfil_350	17238	1	0
Pipfil_351	20558	49	0
Pipfil_352	10431	60	0
Pipfil_353	10415	14	0
Pipfil_354	10359	1	0
Pipfil_355	10373	0	0
Pipfil_356	10273	0	0
Pipfil_357	10274	2	0
Pipfil_358	10271	0	0
Pipfil_359	10252	0	0
Pipfil_360	10112	3	0
Pipfil_361	10108	2	0
Pipfil_362	10096	0	0
Pipfil_363	10042	0	0
Pipfil_364	10006	0	0
Pipfil_365	9987	1	0
Pipfil_366	21722	0	0
Pipfil_367	9907	0	0
Pipfil_368	9887	1	0
Pipfil_369	15930	4	0
Pipfil_370	9791	26	0
Pipfil_371	9747	4	0
Pipfil_372	9733	0	0
Pipfil_373	9689	0	0
Pipfil_374	9683	6	0
Pipfil_375	9647	0	0
Pipfil_376	9637	0	0
Pipfil_377	9507	0	0
Pipfil_378	9503	0	0
Pipfil_379	9356	3	0
Pipfil_380	9326	0	0
Pipfil_381	9297	17	0
Pipfil_382	9263	60	0
Pipfil_383	9268	0	0
Pipfil_384	9245	0	0
Pipfil_385	9189	0	0
Pipfil_386	9116	0	0
Pipfil_387	9095	9	0
Pipfil_388	9112	1	0
Pipfil_389	8971	2	0
Pipfil_390	8910	0	0
Pipfil_391	8835	1	0
Pipfil_392	8829	0	0
Pipfil_393	8809	1	0
Pipfil_394	8758	0	0
Pipfil_395	8744	0	0
Pipfil_396	18092	0	0
Pipfil_397	8654	0	0
Pipfil_398	8559	0	0
Pipfil_399	8523	1	0
Pipfil_400	8511	0	0
Pipfil_401	8501	0	0
Pipfil_402	8499	0	0
Pipfil_403	8439	0	0
Pipfil_404	14359	90	0
Pipfil_405	8434	6	0
Pipfil_406	8386	3	0
Pipfil_407	8328	0	0
Pipfil_408	8327	0	0
Pipfil_409	8282	6	0
Pipfil_410	8225	2	0
Pipfil_411	8222	24	0
Pipfil_412	8136	93	0
Pipfil_413	8085	3	0
Pipfil_414	8081	1	0
Pipfil_415	8068	0	0
Pipfil_416	8019	0	0
Pipfil_417	8009	0	0
Pipfil_418	7967	1	0
Pipfil_419	7933	1	0
Pipfil_420	7905	7	0
Pipfil_421	7900	0	0
Pipfil_422	15770	0	0
Pipfil_423	7812	0	0
Pipfil_424	7809	0	0
Pipfil_425	7728	0	0
Pipfil_426	15578	0	0
Pipfil_427	7623	0	0
Pipfil_428	7552	1	0
Pipfil_429	7505	0	0
Pipfil_430	7466	0	0
Pipfil_431	7455	201	0
Pipfil_432	7431	0	0
Pipfil_433	7370	9	0
Pipfil_434	7369	0	0
Pipfil_435	7341	0	0
Pipfil_436	7344	0	0
Pipfil_437	7342	0	0
Pipfil_438	7338	0	0
Pipfil_439	7332	0	0
Pipfil_440	7332	1	0
Pipfil_441	7289	26	0
Pipfil_442	7241	0	0
Pipfil_443	7196	21	0
Pipfil_444	7079	6	0
Pipfil_445	7070	0	0
Pipfil_446	7024	0	0
Pipfil_447	6922	0	0
Pipfil_448	6910	2	0
Pipfil_449	6890	0	0
Pipfil_450	6837	0	0
Pipfil_451	6827	0	0
Pipfil_452	6809	1	0
Pipfil_453	6775	0	0
Pipfil_454	6703	0	0
Pipfil_455	6677	0	0
Pipfil_456	6677	0	0
Pipfil_457	6657	40	0
Pipfil_458	6632	0	0
Pipfil_459	6598	0	0
Pipfil_460	6583	0	0
Pipfil_461	6546	0	0
Pipfil_462	6542	2	0
Pipfil_463	6513	3	0
Pipfil_464	6430	19	0
Pipfil_465	6414	1	0
Pipfil_466	6371	8	0
Pipfil_467	6256	2	0
Pipfil_468	6251	0	0
Pipfil_469	6250	0	0
Pipfil_470	6219	1	0
Pipfil_471	6174	11	0
Pipfil_472	6147	0	0
Pipfil_473	6086	0	0
Pipfil_474	6067	1	0
Pipfil_475	6061	10	0
Pipfil_476	6028	0	0
Pipfil_477	6016	7	0
Pipfil_478	5981	0	0
Pipfil_479	5924	1	0
Pipfil_480	5929	2	0
Pipfil_481	5876	0	0
Pipfil_482	5801	0	0
Pipfil_483	5742	0	0
Pipfil_484	10613	0	0
Pipfil_485	5676	0	0
Pipfil_486	5661	6	0
Pipfil_487	5654	0	0
Pipfil_488	5617	0	0
Pipfil_489	5611	0	0
Pipfil_490	5594	0	0
Pipfil_491	5547	0	0
Pipfil_492	5520	0	0
Pipfil_493	5456	0	0
Pipfil_494	5432	4	0
Pipfil_495	5141	1	0
Pipfil_496	5058	0	0
Pipfil_497	5063	0	0
Pipfil_498	4996	0	0
Pipfil_499	4991	0	0
Pipfil_500	4989	0	0
Pipfil_501	4987	0	0
Pipfil_502	4980	49	0
Pipfil_503	4979	0	0
Pipfil_504	4948	0	0
Pipfil_505	4922	0	0
Pipfil_506	4868	3	0
Pipfil_507	4790	0	0
Pipfil_508	4742	0	0
Pipfil_509	4702	0	0
Pipfil_510	4655	3	0
Pipfil_511	4648	0	0
Pipfil_512	4611	0	0
Pipfil_513	4598	0	0
Pipfil_514	4558	0	0
Pipfil_515	4504	0	0
Pipfil_516	4463	0	0
Pipfil_517	4354	0	0
Pipfil_518	4289	0	0
Pipfil_519	4250	0	0
Pipfil_520	4144	0	0
Pipfil_521	4107	1	0
Pipfil_522	4106	0	0
Pipfil_523	4104	0	0
Pipfil_524	4066	0	0
Pipfil_525	4065	0	0
Pipfil_526	4031	0	0
Pipfil_527	3823	0	0
Pipfil_528	3821	0	0
Pipfil_529	3798	2	0
Pipfil_530	3756	0	0
Pipfil_531	3747	0	0
Pipfil_532	3592	0	0
Pipfil_533	3555	0	0
Pipfil_534	3512	0	0
Pipfil_535	3497	10	0
Pipfil_536	3364	0	0
Pipfil_537	3340	0	0
Pipfil_538	3037	0	0
Pipfil_539	2989	0	0
Pipfil_540	2919	0	0
Pipfil_541	2887	0	0
Pipfil_542	2886	0	0
Pipfil_543	2768	0	0
Pipfil_544	2765	0	0
Pipfil_545	2668	0	0
Pipfil_546	2381	0	0
Pipfil_547	210314	229	0
Pipfil_548	187151	1639	0
Pipfil_549	186972	1895	0
Pipfil_550	158417	1412	0
Pipfil_551	140714	1755	0
Pipfil_552	138320	2061	0
Pipfil_553	179379	227	0
Pipfil_554	130486	506	0
Pipfil_555	123285	1148	0
Pipfil_556	132030	98	0
Pipfil_557	109285	761	0
Pipfil_558	108088	799	0
Pipfil_559	95760	567	0
Pipfil_560	94845	418	0
Pipfil_561	88693	137	0
Pipfil_562	180688	1365	0
Pipfil_563	112055	640	0
Pipfil_564	105822	245	0
Pipfil_565	144085	645	0
Pipfil_566	112188	333	0
Pipfil_567	115266	217	0
Pipfil_568	90776	104	0
Pipfil_569	71727	442	0
Pipfil_570	71460	265	0
Pipfil_571	71228	376	0
Pipfil_572	70569	22	0
Pipfil_573	69532	787	0
Pipfil_574	68750	21	0
Pipfil_575	68341	445	0
Pipfil_576	68076	191	0
Pipfil_577	66871	682	0
Pipfil_578	65406	424	0
Pipfil_579	65160	497	0
Pipfil_580	64596	202	0
Pipfil_581	63487	28	0
Pipfil_582	83229	582	0
Pipfil_583	62745	65	0
Pipfil_584	62715	7	0
Pipfil_585	61689	157	0
Pipfil_586	103683	103	0
Pipfil_587	59919	61	0
Pipfil_588	59497	152	0
Pipfil_589	57557	352	0
Pipfil_590	57397	215	0
Pipfil_591	55753	94	0
Pipfil_592	55397	179	0
Pipfil_593	54928	55	0
Pipfil_594	54532	99	0
Pipfil_595	53393	58	0
Pipfil_596	51524	320	0
Pipfil_597	50789	85	0
Pipfil_598	49952	252	0
Pipfil_599	49800	378	0
Pipfil_600	49775	108	0
Pipfil_601	49514	535	0
Pipfil_602	49369	32	0
Pipfil_603	49043	17	0
Pipfil_604	48717	89	0
Pipfil_605	48505	224	0
Pipfil_606	48389	36	0
Pipfil_607	47807	15	0
Pipfil_608	47198	69	0
Pipfil_609	45596	5	0
Pipfil_610	45313	267	0
Pipfil_611	45291	423	0
Pipfil_612	45089	336	0
Pipfil_613	61264	162	0
Pipfil_614	44948	575	0
Pipfil_615	44535	93	0
Pipfil_616	44358	185	0
Pipfil_617	59780	246	0
Pipfil_618	43496	23	0
Pipfil_619	70706	108	0
Pipfil_620	43323	9	0
Pipfil_621	43024	59	0
Pipfil_622	42833	31	0
Pipfil_623	42451	618	0
Pipfil_624	42197	62	0
Pipfil_625	74245	676	0
Pipfil_626	40998	16	0
Pipfil_627	40949	409	0
Pipfil_628	40797	8	0
Pipfil_629	53181	275	0
Pipfil_630	106089	8	0
Pipfil_631	40328	23	0
Pipfil_632	40265	82	0
Pipfil_633	40205	32	0
*	0	0	56195
