chr_2	154733325	203378	0
chr_1	130542040	182078	0
chr_3	117354649	172960	0
chr_4	77569119	112388	0
chr_1A	83360395	129084	0
chr_5	65372011	116993	0
chr_7	42269002	81692	0
chr_6	36042260	64777	0
chr_8	30812800	64062	0
chr_9	25209642	62400	0
chr_12	22122385	60232	0
chr_10	20863612	51182	0
chr_11	20094942	43829	0
chr_4A	22932710	56135	0
chr_13	18697132	56588	0
chr_14	15801410	47729	0
chr_20	13841461	48824	0
chr_15	15054219	53271	0
chr_18	12892066	52244	0
chr_19	11902485	38878	0
chr_17	11539259	44824	0
chr_21	6061340	20916	0
chr_24	7462420	29933	0
chr_23	6657905	30831	0
chr_26	6972093	29249	0
chr_27	6532972	22932	0
chr_28	6734083	22309	0
chr_22	5910535	22057	0
chr_25	2823765	8715	0
chr_29	2009830	5033	0
chr_W	322193	1145	0
chr_Z	67472377	62803	0
Pipfil_0	497682	622	0
Pipfil_1	703837	7547	0
Pipfil_2	593419	6491	0
Pipfil_3	85766	2194	0
Pipfil_4	1068697	14342	0
Pipfil_5	830945	11570	0
Pipfil_6	649995	5088	0
Pipfil_7	287816	2380	0
Pipfil_8	218771	5401	0
Pipfil_9	354961	4763	0
Pipfil_10	238179	2208	0
Pipfil_11	166028	1402	0
Pipfil_12	128207	1498	0
Pipfil_13	185455	2050	0
Pipfil_14	31570	1	0
Pipfil_15	16376	11	0
Pipfil_16	42697	52	0
Pipfil_17	6321	0	0
Pipfil_18	529060	85	0
Pipfil_19	320528	2725	0
Pipfil_20	592450	2094	0
Pipfil_21	231077	166	0
Pipfil_22	170311	78	0
Pipfil_23	82568	16	0
Pipfil_24	24341	49	0
Pipfil_25	106887	29	0
Pipfil_26	110128	144	0
Pipfil_27	28060	24	0
Pipfil_28	12493	11	0
Pipfil_29	75284	38	0
Pipfil_30	31039	0	0
Pipfil_31	34215	0	0
Pipfil_32	10301	0	0
Pipfil_33	65082	43	0
Pipfil_34	13854	1	0
Pipfil_35	38774	33	0
Pipfil_36	34958	68	0
Pipfil_37	19558	5	0
Pipfil_38	44084	18	0
Pipfil_39	39844	506	0
Pipfil_40	39251	86	0
Pipfil_41	39005	320	0
Pipfil_42	58673	41	0
Pipfil_43	38542	615	0
Pipfil_44	38529	480	0
Pipfil_45	38270	10	0
Pipfil_46	38266	144	0
Pipfil_47	37545	85	0
Pipfil_48	37521	216	0
Pipfil_49	55619	269	0
Pipfil_50	37010	81	0
Pipfil_51	60810	123	0
Pipfil_52	36293	0	0
Pipfil_53	36053	125	0
Pipfil_54	35856	17	0
Pipfil_55	35645	5	0
Pipfil_56	35344	7	0
Pipfil_57	35274	535	0
Pipfil_58	35072	739	0
Pipfil_59	34826	518	0
Pipfil_60	34745	140	0
Pipfil_61	34749	629	0
Pipfil_62	34689	696	0
Pipfil_63	34058	108	0
Pipfil_64	32972	846	0
Pipfil_65	64898	179	0
Pipfil_66	63424	658	0
Pipfil_67	80633	940	0
Pipfil_68	32361	168	0
Pipfil_69	32307	22	0
Pipfil_70	31674	259	0
Pipfil_71	30947	447	0
Pipfil_72	30818	77	0
Pipfil_73	30566	186	0
Pipfil_74	30541	60	0
Pipfil_75	30321	2	0
Pipfil_76	30275	412	0
Pipfil_77	30267	59	0
Pipfil_78	30196	513	0
Pipfil_79	40150	9	0
Pipfil_80	29211	4	0
Pipfil_81	36049	75	0
Pipfil_82	29144	114	0
Pipfil_83	29119	0	0
Pipfil_84	28873	38	0
Pipfil_85	28587	1	0
Pipfil_86	28195	487	0
Pipfil_87	28193	315	0
Pipfil_88	28167	232	0
Pipfil_89	28119	13	0
Pipfil_90	28027	98	0
Pipfil_91	27887	119	0
Pipfil_92	27878	217	0
Pipfil_93	27765	382	0
Pipfil_94	27698	232	0
Pipfil_95	27582	207	0
Pipfil_96	42963	27	0
Pipfil_97	27229	8	0
Pipfil_98	38966	83	0
Pipfil_99	27124	405	0
Pipfil_100	71039	863	0
Pipfil_101	38734	38	0
Pipfil_102	26674	1	0
Pipfil_103	40365	16	0
Pipfil_104	26545	0	0
Pipfil_105	26096	41	0
Pipfil_106	37351	340	0
Pipfil_107	25902	300	0
Pipfil_108	25841	9	0
Pipfil_109	25550	281	0
Pipfil_110	25523	140	0
Pipfil_111	25188	453	0
Pipfil_112	25042	27	0
Pipfil_113	25025	97	0
Pipfil_114	32643	355	0
Pipfil_115	24773	390	0
Pipfil_116	24547	353	0
Pipfil_117	24499	52	0
Pipfil_118	63487	22	0
Pipfil_119	24249	15	0
Pipfil_120	24081	39	0
Pipfil_121	23750	139	0
Pipfil_122	23693	340	0
Pipfil_123	44934	286	0
Pipfil_124	23607	7	0
Pipfil_125	23610	252	0
Pipfil_126	23588	223	0
Pipfil_127	23539	500	0
Pipfil_128	23331	0	0
Pipfil_129	23326	15	0
Pipfil_130	23308	306	0
Pipfil_131	23028	0	0
Pipfil_132	23002	162	0
Pipfil_133	22865	10	0
Pipfil_134	41663	195	0
Pipfil_135	43705	66	0
Pipfil_136	22701	78	0
Pipfil_137	22663	10	0
Pipfil_138	22601	473	0
Pipfil_139	22554	89	0
Pipfil_140	22346	149	0
Pipfil_141	22291	13	0
Pipfil_142	30700	528	0
Pipfil_143	22095	28	0
Pipfil_144	22019	212	0
Pipfil_145	21937	2	0
Pipfil_146	36794	3	0
Pipfil_147	21889	13	0
Pipfil_148	21871	1	0
Pipfil_149	21750	1	0
Pipfil_150	34547	2	0
Pipfil_151	21635	29	0
Pipfil_152	21566	0	0
Pipfil_153	33094	328	0
Pipfil_154	21513	174	0
Pipfil_155	21499	0	0
Pipfil_156	21429	51	0
Pipfil_157	21396	838	0
Pipfil_158	21326	0	0
Pipfil_159	21291	61	0
Pipfil_160	21234	158	0
Pipfil_161	21213	0	0
Pipfil_162	21181	5	0
Pipfil_163	21039	11	0
Pipfil_164	27974	4	0
Pipfil_165	32074	7	0
Pipfil_166	50006	17	0
Pipfil_167	20815	5	0
Pipfil_168	20728	957	0
Pipfil_169	20664	1	0
Pipfil_170	20562	6	0
Pipfil_171	20537	9	0
Pipfil_172	20463	643	0
Pipfil_173	20403	396	0
Pipfil_174	20371	0	0
Pipfil_175	20255	12	0
Pipfil_176	20222	177	0
Pipfil_177	32342	39	0
Pipfil_178	29695	188	0
Pipfil_179	25349	297	0
Pipfil_180	44156	425	0
Pipfil_181	19986	3	0
Pipfil_182	19966	2	0
Pipfil_183	39054	460	0
Pipfil_184	19896	21	0
Pipfil_185	58734	149	0
Pipfil_186	19829	67	0
Pipfil_187	19781	47	0
Pipfil_188	19750	224	0
Pipfil_189	39459	6	0
Pipfil_190	19597	107	0
Pipfil_191	19532	116	0
Pipfil_192	30964	20	0
Pipfil_193	19327	6	0
Pipfil_194	19224	0	0
Pipfil_195	19172	3	0
Pipfil_196	19110	45	0
Pipfil_197	19098	0	0
Pipfil_198	18962	973	0
Pipfil_199	18947	7	0
Pipfil_200	18925	0	0
Pipfil_201	18904	152	0
Pipfil_202	44377	0	0
Pipfil_203	18838	26	0
Pipfil_204	18782	3	0
Pipfil_205	18745	0	0
Pipfil_206	18663	1	0
Pipfil_207	18625	118	0
Pipfil_208	18397	0	0
Pipfil_209	18327	1	0
Pipfil_210	18099	2	0
Pipfil_211	17978	341	0
Pipfil_212	17963	264	0
Pipfil_213	17956	40	0
Pipfil_214	17919	86	0
Pipfil_215	17870	61	0
Pipfil_216	17765	302	0
Pipfil_217	17754	1	0
Pipfil_218	17525	3	0
Pipfil_219	17391	0	0
Pipfil_220	16970	544	0
Pipfil_221	28106	51	0
Pipfil_222	16784	7	0
Pipfil_223	16792	144	0
Pipfil_224	31659	0	0
Pipfil_225	38885	59	0
Pipfil_226	16463	109	0
Pipfil_227	16453	23	0
Pipfil_228	16385	49	0
Pipfil_229	16367	77	0
Pipfil_230	32412	0	0
Pipfil_231	16273	83	0
Pipfil_232	33246	2	0
Pipfil_233	16213	3	0
Pipfil_234	32740	27	0
Pipfil_235	16091	33	0
Pipfil_236	16095	73	0
Pipfil_237	15977	4	0
Pipfil_238	15935	0	0
Pipfil_239	15941	67	0
Pipfil_240	15865	1	0
Pipfil_241	22135	0	0
Pipfil_242	15819	4	0
Pipfil_243	15742	62	0
Pipfil_244	15639	7	0
Pipfil_245	15573	0	0
Pipfil_246	15527	5	0
Pipfil_247	15521	16	0
Pipfil_248	15508	220	0
Pipfil_249	15474	1	0
Pipfil_250	15378	111	0
Pipfil_251	15359	107	0
Pipfil_252	15340	99	0
Pipfil_253	15288	2	0
Pipfil_254	26284	3	0
Pipfil_255	15137	1	0
Pipfil_256	15136	284	0
Pipfil_257	15128	0	0
Pipfil_258	15115	12	0
Pipfil_259	15090	0	0
Pipfil_260	15073	8	0
Pipfil_261	15057	26	0
Pipfil_262	28387	26	0
Pipfil_263	15037	2	0
Pipfil_264	46832	0	0
Pipfil_265	15009	0	0
Pipfil_266	14850	4	0
Pipfil_267	31465	55	0
Pipfil_268	14565	348	0
Pipfil_269	14556	17	0
Pipfil_270	14484	9	0
Pipfil_271	14482	1	0
Pipfil_272	14468	286	0
Pipfil_273	14446	0	0
Pipfil_274	14291	8	0
Pipfil_275	14218	2	0
Pipfil_276	14139	25	0
Pipfil_277	13956	0	0
Pipfil_278	31172	3	0
Pipfil_279	13919	217	0
Pipfil_280	13873	2	0
Pipfil_281	13866	16	0
Pipfil_282	29613	15	0
Pipfil_283	13824	5	0
Pipfil_284	13813	0	0
Pipfil_285	13801	51	0
Pipfil_286	13782	6	0
Pipfil_287	13667	11	0
Pipfil_288	13654	2	0
Pipfil_289	13565	2	0
Pipfil_290	13535	0	0
Pipfil_291	13522	0	0
Pipfil_292	13398	390	0
Pipfil_293	26107	59	0
Pipfil_294	13192	38	0
Pipfil_295	13152	29	0
Pipfil_296	30630	2	0
Pipfil_297	13078	4	0
Pipfil_298	13063	0	0
Pipfil_299	13030	24	0
Pipfil_300	12994	1	0
Pipfil_301	12991	0	0
Pipfil_302	12995	0	0
Pipfil_303	12983	5	0
Pipfil_304	12910	0	0
Pipfil_305	12908	0	0
Pipfil_306	12810	0	0
Pipfil_307	20181	0	0
Pipfil_308	12660	0	0
Pipfil_309	12623	2	0
Pipfil_310	25263	0	0
Pipfil_311	32617	1	0
Pipfil_312	12534	95	0
Pipfil_313	12520	9	0
Pipfil_314	12430	0	0
Pipfil_315	12376	35	0
Pipfil_316	12359	6	0
Pipfil_317	12352	78	0
Pipfil_318	12266	0	0
Pipfil_319	12250	2	0
Pipfil_320	12220	2	0
Pipfil_321	12202	0	0
Pipfil_322	12179	1	0
Pipfil_323	12084	15	0
Pipfil_324	30507	0	0
Pipfil_325	11790	1	0
Pipfil_326	11759	1	0
Pipfil_327	31265	0	0
Pipfil_328	21629	1	0
Pipfil_329	11434	0	0
Pipfil_330	11286	0	0
Pipfil_331	11248	0	0
Pipfil_332	11200	4	0
Pipfil_333	11174	0	0
Pipfil_334	11152	0	0
Pipfil_335	11102	18	0
Pipfil_336	11054	23	0
Pipfil_337	18204	0	0
Pipfil_338	10989	1	0
Pipfil_339	10923	0	0
Pipfil_340	10878	54	0
Pipfil_341	10795	85	0
Pipfil_342	10785	0	0
Pipfil_343	22047	45	0
Pipfil_344	10645	0	0
Pipfil_345	10639	75	0
Pipfil_346	10623	0	0
Pipfil_347	10581	36	0
Pipfil_348	10566	0	0
Pipfil_349	17836	182	0
Pipfil_350	17238	2	0
Pipfil_351	20558	46	0
Pipfil_352	10431	64	0
Pipfil_353	10415	17	0
Pipfil_354	10359	1	0
Pipfil_355	10373	0	0
Pipfil_356	10273	0	0
Pipfil_357	10274	2	0
Pipfil_358	10271	13	0
Pipfil_359	10252	14	0
Pipfil_360	10112	0	0
Pipfil_361	10108	1	0
Pipfil_362	10096	0	0
Pipfil_363	10042	0	0
Pipfil_364	10006	1	0
Pipfil_365	9987	1	0
Pipfil_366	21722	0	0
Pipfil_367	9907	0	0
Pipfil_368	9887	11	0
Pipfil_369	15930	4	0
Pipfil_370	9791	30	0
Pipfil_371	9747	0	0
Pipfil_372	9733	1	0
Pipfil_373	9689	6	0
Pipfil_374	9683	19	0
Pipfil_375	9647	0	0
Pipfil_376	9637	0	0
Pipfil_377	9507	0	0
Pipfil_378	9503	20	0
Pipfil_379	9356	16	0
Pipfil_380	9326	0	0
Pipfil_381	9297	28	0
Pipfil_382	9263	20	0
Pipfil_383	9268	0	0
Pipfil_384	9245	0	0
Pipfil_385	9189	0	0
Pipfil_386	9116	3	0
Pipfil_387	9095	8	0
Pipfil_388	9112	0	0
Pipfil_389	8971	0	0
Pipfil_390	8910	44	0
Pipfil_391	8835	1	0
Pipfil_392	8829	2	0
Pipfil_393	8809	1	0
Pipfil_394	8758	0	0
Pipfil_395	8744	0	0
Pipfil_396	18092	0	0
Pipfil_397	8654	0	0
Pipfil_398	8559	0	0
Pipfil_399	8523	4	0
Pipfil_400	8511	0	0
Pipfil_401	8501	6	0
Pipfil_402	8499	0	0
Pipfil_403	8439	0	0
Pipfil_404	14359	46	0
Pipfil_405	8434	5	0
Pipfil_406	8386	0	0
Pipfil_407	8328	0	0
Pipfil_408	8327	8	0
Pipfil_409	8282	4	0
Pipfil_410	8225	0	0
Pipfil_411	8222	19	0
Pipfil_412	8136	193	0
Pipfil_413	8085	2	0
Pipfil_414	8081	0	0
Pipfil_415	8068	0	0
Pipfil_416	8019	0	0
Pipfil_417	8009	0	0
Pipfil_418	7967	12	0
Pipfil_419	7933	2	0
Pipfil_420	7905	24	0
Pipfil_421	7900	0	0
Pipfil_422	15770	0	0
Pipfil_423	7812	0	0
Pipfil_424	7809	0	0
Pipfil_425	7728	0	0
Pipfil_426	15578	0	0
Pipfil_427	7623	0	0
Pipfil_428	7552	0	0
Pipfil_429	7505	0	0
Pipfil_430	7466	0	0
Pipfil_431	7455	148	0
Pipfil_432	7431	1	0
Pipfil_433	7370	0	0
Pipfil_434	7369	0	0
Pipfil_435	7341	0	0
Pipfil_436	7344	1	0
Pipfil_437	7342	0	0
Pipfil_438	7338	0	0
Pipfil_439	7332	0	0
Pipfil_440	7332	0	0
Pipfil_441	7289	7	0
Pipfil_442	7241	0	0
Pipfil_443	7196	4	0
Pipfil_444	7079	13	0
Pipfil_445	7070	0	0
Pipfil_446	7024	2	0
Pipfil_447	6922	0	0
Pipfil_448	6910	7	0
Pipfil_449	6890	0	0
Pipfil_450	6837	1	0
Pipfil_451	6827	0	0
Pipfil_452	6809	0	0
Pipfil_453	6775	0	0
Pipfil_454	6703	0	0
Pipfil_455	6677	0	0
Pipfil_456	6677	0	0
Pipfil_457	6657	172	0
Pipfil_458	6632	0	0
Pipfil_459	6598	17	0
Pipfil_460	6583	0	0
Pipfil_461	6546	0	0
Pipfil_462	6542	0	0
Pipfil_463	6513	2	0
Pipfil_464	6430	8	0
Pipfil_465	6414	2	0
Pipfil_466	6371	1	0
Pipfil_467	6256	8	0
Pipfil_468	6251	0	0
Pipfil_469	6250	1	0
Pipfil_470	6219	0	0
Pipfil_471	6174	3	0
Pipfil_472	6147	0	0
Pipfil_473	6086	0	0
Pipfil_474	6067	1	0
Pipfil_475	6061	14	0
Pipfil_476	6028	0	0
Pipfil_477	6016	6	0
Pipfil_478	5981	1	0
Pipfil_479	5924	3	0
Pipfil_480	5929	5	0
Pipfil_481	5876	0	0
Pipfil_482	5801	0	0
Pipfil_483	5742	0	0
Pipfil_484	10613	0	0
Pipfil_485	5676	99	0
Pipfil_486	5661	6	0
Pipfil_487	5654	0	0
Pipfil_488	5617	0	0
Pipfil_489	5611	0	0
Pipfil_490	5594	0	0
Pipfil_491	5547	0	0
Pipfil_492	5520	0	0
Pipfil_493	5456	0	0
Pipfil_494	5432	0	0
Pipfil_495	5141	0	0
Pipfil_496	5058	0	0
Pipfil_497	5063	0	0
Pipfil_498	4996	0	0
Pipfil_499	4991	0	0
Pipfil_500	4989	0	0
Pipfil_501	4987	0	0
Pipfil_502	4980	41	0
Pipfil_503	4979	0	0
Pipfil_504	4948	0	0
Pipfil_505	4922	0	0
Pipfil_506	4868	1	0
Pipfil_507	4790	0	0
Pipfil_508	4742	0	0
Pipfil_509	4702	0	0
Pipfil_510	4655	58	0
Pipfil_511	4648	3	0
Pipfil_512	4611	0	0
Pipfil_513	4598	0	0
Pipfil_514	4558	0	0
Pipfil_515	4504	0	0
Pipfil_516	4463	1	0
Pipfil_517	4354	0	0
Pipfil_518	4289	0	0
Pipfil_519	4250	2	0
Pipfil_520	4144	0	0
Pipfil_521	4107	11	0
Pipfil_522	4106	0	0
Pipfil_523	4104	0	0
Pipfil_524	4066	0	0
Pipfil_525	4065	0	0
Pipfil_526	4031	0	0
Pipfil_527	3823	0	0
Pipfil_528	3821	0	0
Pipfil_529	3798	8	0
Pipfil_530	3756	0	0
Pipfil_531	3747	0	0
Pipfil_532	3592	0	0
Pipfil_533	3555	0	0
Pipfil_534	3512	0	0
Pipfil_535	3497	2	0
Pipfil_536	3364	0	0
Pipfil_537	3340	2	0
Pipfil_538	3037	0	0
Pipfil_539	2989	0	0
Pipfil_540	2919	10	0
Pipfil_541	2887	0	0
Pipfil_542	2886	0	0
Pipfil_543	2768	9	0
Pipfil_544	2765	0	0
Pipfil_545	2668	0	0
Pipfil_546	2381	0	0
Pipfil_547	210314	1153	0
Pipfil_548	187151	4110	0
Pipfil_549	186972	4899	0
Pipfil_550	158417	2862	0
Pipfil_551	140714	4125	0
Pipfil_552	138320	3265	0
Pipfil_553	179379	574	0
Pipfil_554	130486	2268	0
Pipfil_555	123285	2463	0
Pipfil_556	132030	343	0
Pipfil_557	109285	2163	0
Pipfil_558	108088	1850	0
Pipfil_559	95760	1330	0
Pipfil_560	94845	1120	0
Pipfil_561	88693	393	0
Pipfil_562	180688	2396	0
Pipfil_563	112055	1513	0
Pipfil_564	105822	627	0
Pipfil_565	144085	1413	0
Pipfil_566	112188	104	0
Pipfil_567	115266	861	0
Pipfil_568	90776	402	0
Pipfil_569	71727	1187	0
Pipfil_570	71460	1022	0
Pipfil_571	71228	816	0
Pipfil_572	70569	85	0
Pipfil_573	69532	2049	0
Pipfil_574	68750	16	0
Pipfil_575	68341	859	0
Pipfil_576	68076	1005	0
Pipfil_577	66871	1547	0
Pipfil_578	65406	991	0
Pipfil_579	65160	770	0
Pipfil_580	64596	647	0
Pipfil_581	63487	52	0
Pipfil_582	83229	1131	0
Pipfil_583	62745	166	0
Pipfil_584	62715	11	0
Pipfil_585	61689	369	0
Pipfil_586	103683	243	0
Pipfil_587	59919	256	0
Pipfil_588	59497	433	0
Pipfil_589	57557	492	0
Pipfil_590	57397	727	0
Pipfil_591	55753	312	0
Pipfil_592	55397	440	0
Pipfil_593	54928	233	0
Pipfil_594	54532	317	0
Pipfil_595	53393	239	0
Pipfil_596	51524	812	0
Pipfil_597	50789	222	0
Pipfil_598	49952	918	0
Pipfil_599	49800	1203	0
Pipfil_600	49775	807	0
Pipfil_601	49514	1423	0
Pipfil_602	49369	211	0
Pipfil_603	49043	62	0
Pipfil_604	48717	96	0
Pipfil_605	48505	243	0
Pipfil_606	48389	49	0
Pipfil_607	47807	41	0
Pipfil_608	47198	171	0
Pipfil_609	45596	9	0
Pipfil_610	45313	593	0
Pipfil_611	45291	615	0
Pipfil_612	45089	762	0
Pipfil_613	61264	404	0
Pipfil_614	44948	1276	0
Pipfil_615	44535	594	0
Pipfil_616	44358	325	0
Pipfil_617	59780	597	0
Pipfil_618	43496	53	0
Pipfil_619	70706	305	0
Pipfil_620	43323	31	0
Pipfil_621	43024	232	0
Pipfil_622	42833	177	0
Pipfil_623	42451	1116	0
Pipfil_624	42197	39	0
Pipfil_625	74245	1214	0
Pipfil_626	40998	17	0
Pipfil_627	40949	1011	0
Pipfil_628	40797	3	0
Pipfil_629	53181	829	0
Pipfil_630	106089	24	0
Pipfil_631	40328	15	0
Pipfil_632	40265	205	0
Pipfil_633	40205	106	0
*	0	0	117412
