chr_2	154733325	570964	0
chr_1	130542040	509459	0
chr_3	117354649	485888	0
chr_4	77569119	313472	0
chr_1A	83360395	364329	0
chr_5	65372011	324505	0
chr_7	42269002	229201	0
chr_6	36042260	180571	0
chr_8	30812800	178680	0
chr_9	25209642	172327	0
chr_12	22122385	167961	0
chr_10	20863612	141916	0
chr_11	20094942	121861	0
chr_4A	22932710	153404	0
chr_13	18697132	152794	0
chr_14	15801410	132189	0
chr_20	13841461	133348	0
chr_15	15054219	145963	0
chr_18	12892066	146313	0
chr_19	11902485	105441	0
chr_17	11539259	121414	0
chr_21	6061340	57429	0
chr_24	7462420	81771	0
chr_23	6657905	81155	0
chr_26	6972093	78976	0
chr_27	6532972	63958	0
chr_28	6734083	60617	0
chr_22	5910535	59342	0
chr_25	2823765	20833	0
chr_29	2009830	13172	0
chr_W	322193	2873	0
chr_Z	67472377	178138	0
Pipfil_0	497682	1759	0
Pipfil_1	703837	15207	0
Pipfil_2	593419	14036	0
Pipfil_3	85766	5024	0
Pipfil_4	1068697	34860	0
Pipfil_5	830945	27103	0
Pipfil_6	649995	12524	0
Pipfil_7	287816	5909	0
Pipfil_8	218771	12464	0
Pipfil_9	354961	11366	0
Pipfil_10	238179	5501	0
Pipfil_11	166028	3496	0
Pipfil_12	128207	3333	0
Pipfil_13	185455	5494	0
Pipfil_14	31570	7	0
Pipfil_15	16376	0	0
Pipfil_16	42697	163	0
Pipfil_17	6321	0	0
Pipfil_18	529060	273	0
Pipfil_19	320528	6039	0
Pipfil_20	592450	5683	0
Pipfil_21	231077	632	0
Pipfil_22	170311	144	0
Pipfil_23	82568	64	0
Pipfil_24	24341	273	0
Pipfil_25	106887	136	0
Pipfil_26	110128	636	0
Pipfil_27	28060	92	0
Pipfil_28	12493	56	0
Pipfil_29	75284	51	0
Pipfil_30	31039	3	0
Pipfil_31	34215	0	0
Pipfil_32	10301	0	0
Pipfil_33	65082	101	0
Pipfil_34	13854	0	0
Pipfil_35	38774	99	0
Pipfil_36	34958	304	0
Pipfil_37	19558	71	0
Pipfil_38	44084	50	0
Pipfil_39	39844	1159	0
Pipfil_40	39251	155	0
Pipfil_41	39005	513	0
Pipfil_42	58673	81	0
Pipfil_43	38542	1306	0
Pipfil_44	38529	909	0
Pipfil_45	38270	21	0
Pipfil_46	38266	313	0
Pipfil_47	37545	257	0
Pipfil_48	37521	567	0
Pipfil_49	55619	821	0
Pipfil_50	37010	173	0
Pipfil_51	60810	292	0
Pipfil_52	36293	8	0
Pipfil_53	36053	443	0
Pipfil_54	35856	37	0
Pipfil_55	35645	68	0
Pipfil_56	35344	44	0
Pipfil_57	35274	905	0
Pipfil_58	35072	1839	0
Pipfil_59	34826	538	0
Pipfil_60	34745	445	0
Pipfil_61	34749	1561	0
Pipfil_62	34689	1929	0
Pipfil_63	34058	358	0
Pipfil_64	32972	1788	0
Pipfil_65	64898	474	0
Pipfil_66	63424	1215	0
Pipfil_67	80633	2512	0
Pipfil_68	32361	407	0
Pipfil_69	32307	167	0
Pipfil_70	31674	788	0
Pipfil_71	30947	860	0
Pipfil_72	30818	388	0
Pipfil_73	30566	733	0
Pipfil_74	30541	198	0
Pipfil_75	30321	26	0
Pipfil_76	30275	1251	0
Pipfil_77	30267	231	0
Pipfil_78	30196	1296	0
Pipfil_79	40150	52	0
Pipfil_80	29211	17	0
Pipfil_81	36049	178	0
Pipfil_82	29144	327	0
Pipfil_83	29119	36	0
Pipfil_84	28873	251	0
Pipfil_85	28587	5	0
Pipfil_86	28195	1246	0
Pipfil_87	28193	512	0
Pipfil_88	28167	523	0
Pipfil_89	28119	20	0
Pipfil_90	28027	244	0
Pipfil_91	27887	203	0
Pipfil_92	27878	660	0
Pipfil_93	27765	819	0
Pipfil_94	27698	449	0
Pipfil_95	27582	381	0
Pipfil_96	42963	23	0
Pipfil_97	27229	19	0
Pipfil_98	38966	177	0
Pipfil_99	27124	990	0
Pipfil_100	71039	2299	0
Pipfil_101	38734	97	0
Pipfil_102	26674	19	0
Pipfil_103	40365	3	0
Pipfil_104	26545	2	0
Pipfil_105	26096	39	0
Pipfil_106	37351	761	0
Pipfil_107	25902	867	0
Pipfil_108	25841	22	0
Pipfil_109	25550	651	0
Pipfil_110	25523	660	0
Pipfil_111	25188	819	0
Pipfil_112	25042	70	0
Pipfil_113	25025	219	0
Pipfil_114	32643	1563	0
Pipfil_115	24773	894	0
Pipfil_116	24547	637	0
Pipfil_117	24499	46	0
Pipfil_118	63487	50	0
Pipfil_119	24249	2	0
Pipfil_120	24081	208	0
Pipfil_121	23750	280	0
Pipfil_122	23693	725	0
Pipfil_123	44934	988	0
Pipfil_124	23607	9	0
Pipfil_125	23610	509	0
Pipfil_126	23588	523	0
Pipfil_127	23539	846	0
Pipfil_128	23331	0	0
Pipfil_129	23326	80	0
Pipfil_130	23308	623	0
Pipfil_131	23028	2	0
Pipfil_132	23002	273	0
Pipfil_133	22865	89	0
Pipfil_134	41663	542	0
Pipfil_135	43705	299	0
Pipfil_136	22701	182	0
Pipfil_137	22663	38	0
Pipfil_138	22601	1185	0
Pipfil_139	22554	164	0
Pipfil_140	22346	535	0
Pipfil_141	22291	50	0
Pipfil_142	30700	1362	0
Pipfil_143	22095	101	0
Pipfil_144	22019	519	0
Pipfil_145	21937	20	0
Pipfil_146	36794	6	0
Pipfil_147	21889	78	0
Pipfil_148	21871	19	0
Pipfil_149	21750	24	0
Pipfil_150	34547	0	0
Pipfil_151	21635	104	0
Pipfil_152	21566	18	0
Pipfil_153	33094	1240	0
Pipfil_154	21513	328	0
Pipfil_155	21499	3	0
Pipfil_156	21429	157	0
Pipfil_157	21396	1661	0
Pipfil_158	21326	0	0
Pipfil_159	21291	211	0
Pipfil_160	21234	454	0
Pipfil_161	21213	0	0
Pipfil_162	21181	5	0
Pipfil_163	21039	62	0
Pipfil_164	27974	55	0
Pipfil_165	32074	4	0
Pipfil_166	50006	79	0
Pipfil_167	20815	0	0
Pipfil_168	20728	1977	0
Pipfil_169	20664	0	0
Pipfil_170	20562	29	0
Pipfil_171	20537	25	0
Pipfil_172	20463	1934	0
Pipfil_173	20403	899	0
Pipfil_174	20371	5	0
Pipfil_175	20255	11	0
Pipfil_176	20222	305	0
Pipfil_177	32342	84	0
Pipfil_178	29695	539	0
Pipfil_179	25349	589	0
Pipfil_180	44156	742	0
Pipfil_181	19986	8	0
Pipfil_182	19966	7	0
Pipfil_183	39054	1112	0
Pipfil_184	19896	83	0
Pipfil_185	58734	389	0
Pipfil_186	19829	266	0
Pipfil_187	19781	17	0
Pipfil_188	19750	538	0
Pipfil_189	39459	19	0
Pipfil_190	19597	410	0
Pipfil_191	19532	116	0
Pipfil_192	30964	128	0
Pipfil_193	19327	24	0
Pipfil_194	19224	2	0
Pipfil_195	19172	2	0
Pipfil_196	19110	110	0
Pipfil_197	19098	1	0
Pipfil_198	18962	2114	0
Pipfil_199	18947	15	0
Pipfil_200	18925	0	0
Pipfil_201	18904	431	0
Pipfil_202	44377	1	0
Pipfil_203	18838	54	0
Pipfil_204	18782	4	0
Pipfil_205	18745	3	0
Pipfil_206	18663	1	0
Pipfil_207	18625	283	0
Pipfil_208	18397	0	0
Pipfil_209	18327	5	0
Pipfil_210	18099	12	0
Pipfil_211	17978	724	0
Pipfil_212	17963	508	0
Pipfil_213	17956	113	0
Pipfil_214	17919	8	0
Pipfil_215	17870	187	0
Pipfil_216	17765	577	0
Pipfil_217	17754	8	0
Pipfil_218	17525	27	0
Pipfil_219	17391	0	0
Pipfil_220	16970	1446	0
Pipfil_221	28106	145	0
Pipfil_222	16784	15	0
Pipfil_223	16792	387	0
Pipfil_224	31659	2	0
Pipfil_225	38885	179	0
Pipfil_226	16463	261	0
Pipfil_227	16453	3	0
Pipfil_228	16385	65	0
Pipfil_229	16367	218	0
Pipfil_230	32412	1	0
Pipfil_231	16273	193	0
Pipfil_232	33246	53	0
Pipfil_233	16213	20	0
Pipfil_234	32740	42	0
Pipfil_235	16091	375	0
Pipfil_236	16095	7	0
Pipfil_237	15977	38	0
Pipfil_238	15935	0	0
Pipfil_239	15941	180	0
Pipfil_240	15865	36	0
Pipfil_241	22135	1	0
Pipfil_242	15819	34	0
Pipfil_243	15742	379	0
Pipfil_244	15639	9	0
Pipfil_245	15573	0	0
Pipfil_246	15527	8	0
Pipfil_247	15521	39	0
Pipfil_248	15508	494	0
Pipfil_249	15474	9	0
Pipfil_250	15378	235	0
Pipfil_251	15359	285	0
Pipfil_252	15340	368	0
Pipfil_253	15288	1	0
Pipfil_254	26284	29	0
Pipfil_255	15137	577	0
Pipfil_256	15136	760	0
Pipfil_257	15128	0	0
Pipfil_258	15115	25	0
Pipfil_259	15090	0	0
Pipfil_260	15073	2	0
Pipfil_261	15057	84	0
Pipfil_262	28387	25	0
Pipfil_263	15037	1	0
Pipfil_264	46832	0	0
Pipfil_265	15009	3	0
Pipfil_266	14850	9	0
Pipfil_267	31465	211	0
Pipfil_268	14565	726	0
Pipfil_269	14556	39	0
Pipfil_270	14484	25	0
Pipfil_271	14482	12	0
Pipfil_272	14468	563	0
Pipfil_273	14446	0	0
Pipfil_274	14291	63	0
Pipfil_275	14218	10	0
Pipfil_276	14139	60	0
Pipfil_277	13956	0	0
Pipfil_278	31172	6	0
Pipfil_279	13919	530	0
Pipfil_280	13873	6	0
Pipfil_281	13866	82	0
Pipfil_282	29613	9	0
Pipfil_283	13824	26	0
Pipfil_284	13813	0	0
Pipfil_285	13801	151	0
Pipfil_286	13782	16	0
Pipfil_287	13667	46	0
Pipfil_288	13654	6	0
Pipfil_289	13565	42	0
Pipfil_290	13535	0	0
Pipfil_291	13522	1	0
Pipfil_292	13398	1190	0
Pipfil_293	26107	6	0
Pipfil_294	13192	250	0
Pipfil_295	13152	88	0
Pipfil_296	30630	28	0
Pipfil_297	13078	6	0
Pipfil_298	13063	0	0
Pipfil_299	13030	72	0
Pipfil_300	12994	6	0
Pipfil_301	12991	3	0
Pipfil_302	12995	0	0
Pipfil_303	12983	4	0
Pipfil_304	12910	0	0
Pipfil_305	12908	0	0
Pipfil_306	12810	2	0
Pipfil_307	20181	0	0
Pipfil_308	12660	11	0
Pipfil_309	12623	1	0
Pipfil_310	25263	6	0
Pipfil_311	32617	0	0
Pipfil_312	12534	87	0
Pipfil_313	12520	34	0
Pipfil_314	12430	0	0
Pipfil_315	12376	59	0
Pipfil_316	12359	23	0
Pipfil_317	12352	163	0
Pipfil_318	12266	5	0
Pipfil_319	12250	2	0
Pipfil_320	12220	1	0
Pipfil_321	12202	1	0
Pipfil_322	12179	40	0
Pipfil_323	12084	55	0
Pipfil_324	30507	102	0
Pipfil_325	11790	0	0
Pipfil_326	11759	0	0
Pipfil_327	31265	4	0
Pipfil_328	21629	16	0
Pipfil_329	11434	4	0
Pipfil_330	11286	0	0
Pipfil_331	11248	2	0
Pipfil_332	11200	67	0
Pipfil_333	11174	1	0
Pipfil_334	11152	0	0
Pipfil_335	11102	40	0
Pipfil_336	11054	78	0
Pipfil_337	18204	1	0
Pipfil_338	10989	21	0
Pipfil_339	10923	0	0
Pipfil_340	10878	87	0
Pipfil_341	10795	99	0
Pipfil_342	10785	0	0
Pipfil_343	22047	81	0
Pipfil_344	10645	0	0
Pipfil_345	10639	186	0
Pipfil_346	10623	0	0
Pipfil_347	10581	117	0
Pipfil_348	10566	0	0
Pipfil_349	17836	710	0
Pipfil_350	17238	18	0
Pipfil_351	20558	253	0
Pipfil_352	10431	67	0
Pipfil_353	10415	105	0
Pipfil_354	10359	2	0
Pipfil_355	10373	3	0
Pipfil_356	10273	0	0
Pipfil_357	10274	7	0
Pipfil_358	10271	19	0
Pipfil_359	10252	27	0
Pipfil_360	10112	2	0
Pipfil_361	10108	2	0
Pipfil_362	10096	0	0
Pipfil_363	10042	4	0
Pipfil_364	10006	5	0
Pipfil_365	9987	3	0
Pipfil_366	21722	0	0
Pipfil_367	9907	0	0
Pipfil_368	9887	4	0
Pipfil_369	15930	63	0
Pipfil_370	9791	88	0
Pipfil_371	9747	0	0
Pipfil_372	9733	3	0
Pipfil_373	9689	9	0
Pipfil_374	9683	36	0
Pipfil_375	9647	0	0
Pipfil_376	9637	0	0
Pipfil_377	9507	7	0
Pipfil_378	9503	88	0
Pipfil_379	9356	29	0
Pipfil_380	9326	0	0
Pipfil_381	9297	101	0
Pipfil_382	9263	49	0
Pipfil_383	9268	0	0
Pipfil_384	9245	0	0
Pipfil_385	9189	0	0
Pipfil_386	9116	36	0
Pipfil_387	9095	12	0
Pipfil_388	9112	0	0
Pipfil_389	8971	0	0
Pipfil_390	8910	0	0
Pipfil_391	8835	2	0
Pipfil_392	8829	2	0
Pipfil_393	8809	10	0
Pipfil_394	8758	0	0
Pipfil_395	8744	0	0
Pipfil_396	18092	0	0
Pipfil_397	8654	0	0
Pipfil_398	8559	1	0
Pipfil_399	8523	1	0
Pipfil_400	8511	0	0
Pipfil_401	8501	4	0
Pipfil_402	8499	0	0
Pipfil_403	8439	0	0
Pipfil_404	14359	88	0
Pipfil_405	8434	35	0
Pipfil_406	8386	1	0
Pipfil_407	8328	0	0
Pipfil_408	8327	1	0
Pipfil_409	8282	11	0
Pipfil_410	8225	8	0
Pipfil_411	8222	198	0
Pipfil_412	8136	375	0
Pipfil_413	8085	0	0
Pipfil_414	8081	0	0
Pipfil_415	8068	0	0
Pipfil_416	8019	0	0
Pipfil_417	8009	0	0
Pipfil_418	7967	22	0
Pipfil_419	7933	2	0
Pipfil_420	7905	61	0
Pipfil_421	7900	0	0
Pipfil_422	15770	0	0
Pipfil_423	7812	0	0
Pipfil_424	7809	0	0
Pipfil_425	7728	10	0
Pipfil_426	15578	0	0
Pipfil_427	7623	0	0
Pipfil_428	7552	0	0
Pipfil_429	7505	12	0
Pipfil_430	7466	0	0
Pipfil_431	7455	471	0
Pipfil_432	7431	1	0
Pipfil_433	7370	9	0
Pipfil_434	7369	0	0
Pipfil_435	7341	0	0
Pipfil_436	7344	2	0
Pipfil_437	7342	1	0
Pipfil_438	7338	1	0
Pipfil_439	7332	0	0
Pipfil_440	7332	3	0
Pipfil_441	7289	64	0
Pipfil_442	7241	0	0
Pipfil_443	7196	21	0
Pipfil_444	7079	37	0
Pipfil_445	7070	0	0
Pipfil_446	7024	0	0
Pipfil_447	6922	2	0
Pipfil_448	6910	0	0
Pipfil_449	6890	0	0
Pipfil_450	6837	1	0
Pipfil_451	6827	0	0
Pipfil_452	6809	0	0
Pipfil_453	6775	0	0
Pipfil_454	6703	0	0
Pipfil_455	6677	0	0
Pipfil_456	6677	0	0
Pipfil_457	6657	426	0
Pipfil_458	6632	0	0
Pipfil_459	6598	36	0
Pipfil_460	6583	0	0
Pipfil_461	6546	0	0
Pipfil_462	6542	0	0
Pipfil_463	6513	4	0
Pipfil_464	6430	26	0
Pipfil_465	6414	0	0
Pipfil_466	6371	0	0
Pipfil_467	6256	0	0
Pipfil_468	6251	0	0
Pipfil_469	6250	0	0
Pipfil_470	6219	0	0
Pipfil_471	6174	10	0
Pipfil_472	6147	0	0
Pipfil_473	6086	0	0
Pipfil_474	6067	2	0
Pipfil_475	6061	19	0
Pipfil_476	6028	0	0
Pipfil_477	6016	5	0
Pipfil_478	5981	0	0
Pipfil_479	5924	30	0
Pipfil_480	5929	12	0
Pipfil_481	5876	0	0
Pipfil_482	5801	1	0
Pipfil_483	5742	0	0
Pipfil_484	10613	0	0
Pipfil_485	5676	82	0
Pipfil_486	5661	23	0
Pipfil_487	5654	0	0
Pipfil_488	5617	0	0
Pipfil_489	5611	0	0
Pipfil_490	5594	0	0
Pipfil_491	5547	0	0
Pipfil_492	5520	0	0
Pipfil_493	5456	1	0
Pipfil_494	5432	0	0
Pipfil_495	5141	2	0
Pipfil_496	5058	0	0
Pipfil_497	5063	1	0
Pipfil_498	4996	0	0
Pipfil_499	4991	0	0
Pipfil_500	4989	0	0
Pipfil_501	4987	3	0
Pipfil_502	4980	80	0
Pipfil_503	4979	0	0
Pipfil_504	4948	0	0
Pipfil_505	4922	0	0
Pipfil_506	4868	38	0
Pipfil_507	4790	0	0
Pipfil_508	4742	0	0
Pipfil_509	4702	0	0
Pipfil_510	4655	78	0
Pipfil_511	4648	1	0
Pipfil_512	4611	61	0
Pipfil_513	4598	0	0
Pipfil_514	4558	1	0
Pipfil_515	4504	0	0
Pipfil_516	4463	4	0
Pipfil_517	4354	0	0
Pipfil_518	4289	0	0
Pipfil_519	4250	0	0
Pipfil_520	4144	0	0
Pipfil_521	4107	0	0
Pipfil_522	4106	0	0
Pipfil_523	4104	0	0
Pipfil_524	4066	1	0
Pipfil_525	4065	0	0
Pipfil_526	4031	0	0
Pipfil_527	3823	0	0
Pipfil_528	3821	0	0
Pipfil_529	3798	27	0
Pipfil_530	3756	0	0
Pipfil_531	3747	0	0
Pipfil_532	3592	75	0
Pipfil_533	3555	0	0
Pipfil_534	3512	0	0
Pipfil_535	3497	0	0
Pipfil_536	3364	0	0
Pipfil_537	3340	2	0
Pipfil_538	3037	0	0
Pipfil_539	2989	0	0
Pipfil_540	2919	24	0
Pipfil_541	2887	22	0
Pipfil_542	2886	0	0
Pipfil_543	2768	10	0
Pipfil_544	2765	0	0
Pipfil_545	2668	0	0
Pipfil_546	2381	0	0
Pipfil_547	210314	2734	0
Pipfil_548	187151	9015	0
Pipfil_549	186972	11095	0
Pipfil_550	158417	6599	0
Pipfil_551	140714	9722	0
Pipfil_552	138320	9987	0
Pipfil_553	179379	1519	0
Pipfil_554	130486	4632	0
Pipfil_555	123285	5736	0
Pipfil_556	132030	886	0
Pipfil_557	109285	4504	0
Pipfil_558	108088	4660	0
Pipfil_559	95760	2627	0
Pipfil_560	94845	2469	0
Pipfil_561	88693	868	0
Pipfil_562	180688	6805	0
Pipfil_563	112055	3705	0
Pipfil_564	105822	1487	0
Pipfil_565	144085	3645	0
Pipfil_566	112188	530	0
Pipfil_567	115266	1772	0
Pipfil_568	90776	976	0
Pipfil_569	71727	3104	0
Pipfil_570	71460	2277	0
Pipfil_571	71228	2201	0
Pipfil_572	70569	241	0
Pipfil_573	69532	4392	0
Pipfil_574	68750	58	0
Pipfil_575	68341	2134	0
Pipfil_576	68076	1990	0
Pipfil_577	66871	3536	0
Pipfil_578	65406	2152	0
Pipfil_579	65160	1886	0
Pipfil_580	64596	1144	0
Pipfil_581	63487	33	0
Pipfil_582	83229	2941	0
Pipfil_583	62745	439	0
Pipfil_584	62715	42	0
Pipfil_585	61689	885	0
Pipfil_586	103683	513	0
Pipfil_587	59919	717	0
Pipfil_588	59497	992	0
Pipfil_589	57557	1053	0
Pipfil_590	57397	1031	0
Pipfil_591	55753	780	0
Pipfil_592	55397	1171	0
Pipfil_593	54928	384	0
Pipfil_594	54532	705	0
Pipfil_595	53393	667	0
Pipfil_596	51524	2116	0
Pipfil_597	50789	519	0
Pipfil_598	49952	1761	0
Pipfil_599	49800	2296	0
Pipfil_600	49775	2915	0
Pipfil_601	49514	3183	0
Pipfil_602	49369	443	0
Pipfil_603	49043	200	0
Pipfil_604	48717	325	0
Pipfil_605	48505	652	0
Pipfil_606	48389	223	0
Pipfil_607	47807	146	0
Pipfil_608	47198	467	0
Pipfil_609	45596	1	0
Pipfil_610	45313	1807	0
Pipfil_611	45291	1569	0
Pipfil_612	45089	1903	0
Pipfil_613	61264	1325	0
Pipfil_614	44948	2813	0
Pipfil_615	44535	1409	0
Pipfil_616	44358	773	0
Pipfil_617	59780	1622	0
Pipfil_618	43496	65	0
Pipfil_619	70706	793	0
Pipfil_620	43323	181	0
Pipfil_621	43024	418	0
Pipfil_622	42833	327	0
Pipfil_623	42451	2626	0
Pipfil_624	42197	212	0
Pipfil_625	74245	2804	0
Pipfil_626	40998	60	0
Pipfil_627	40949	2329	0
Pipfil_628	40797	36	0
Pipfil_629	53181	1849	0
Pipfil_630	106089	42	0
Pipfil_631	40328	16	0
Pipfil_632	40265	439	0
Pipfil_633	40205	211	0
*	0	0	314644
