chr_2	154733325	236511	0
chr_1	130542040	211762	0
chr_3	117354649	203621	0
chr_4	77569119	130229	0
chr_1A	83360395	150178	0
chr_5	65372011	137034	0
chr_7	42269002	95635	0
chr_6	36042260	75961	0
chr_8	30812800	75833	0
chr_9	25209642	73969	0
chr_12	22122385	70478	0
chr_10	20863612	59474	0
chr_11	20094942	51673	0
chr_4A	22932710	70113	0
chr_13	18697132	65126	0
chr_14	15801410	56241	0
chr_20	13841461	56643	0
chr_15	15054219	61068	0
chr_18	12892066	64591	0
chr_19	11902485	45135	0
chr_17	11539259	52249	0
chr_21	6061340	24746	0
chr_24	7462420	35470	0
chr_23	6657905	35833	0
chr_26	6972093	35407	0
chr_27	6532972	27361	0
chr_28	6734083	26333	0
chr_22	5910535	26115	0
chr_25	2823765	9793	0
chr_29	2009830	6451	0
chr_W	322193	1277	0
chr_Z	67472377	73461	0
Pipfil_0	497682	803	0
Pipfil_1	703837	7376	0
Pipfil_2	593419	5926	0
Pipfil_3	85766	2586	0
Pipfil_4	1068697	15418	0
Pipfil_5	830945	14635	0
Pipfil_6	649995	6359	0
Pipfil_7	287816	2550	0
Pipfil_8	218771	6809	0
Pipfil_9	354961	5709	0
Pipfil_10	238179	2887	0
Pipfil_11	166028	1557	0
Pipfil_12	128207	1929	0
Pipfil_13	185455	2585	0
Pipfil_14	31570	1	0
Pipfil_15	16376	9	0
Pipfil_16	42697	82	0
Pipfil_17	6321	0	0
Pipfil_18	529060	134	0
Pipfil_19	320528	2393	0
Pipfil_20	592450	2487	0
Pipfil_21	231077	322	0
Pipfil_22	170311	102	0
Pipfil_23	82568	19	0
Pipfil_24	24341	52	0
Pipfil_25	106887	28	0
Pipfil_26	110128	201	0
Pipfil_27	28060	46	0
Pipfil_28	12493	28	0
Pipfil_29	75284	26	0
Pipfil_30	31039	0	0
Pipfil_31	34215	0	0
Pipfil_32	10301	0	0
Pipfil_33	65082	62	0
Pipfil_34	13854	0	0
Pipfil_35	38774	43	0
Pipfil_36	34958	114	0
Pipfil_37	19558	28	0
Pipfil_38	44084	17	0
Pipfil_39	39844	567	0
Pipfil_40	39251	103	0
Pipfil_41	39005	214	0
Pipfil_42	58673	36	0
Pipfil_43	38542	728	0
Pipfil_44	38529	489	0
Pipfil_45	38270	9	0
Pipfil_46	38266	178	0
Pipfil_47	37545	117	0
Pipfil_48	37521	266	0
Pipfil_49	55619	362	0
Pipfil_50	37010	65	0
Pipfil_51	60810	161	0
Pipfil_52	36293	3	0
Pipfil_53	36053	230	0
Pipfil_54	35856	15	0
Pipfil_55	35645	31	0
Pipfil_56	35344	13	0
Pipfil_57	35274	383	0
Pipfil_58	35072	824	0
Pipfil_59	34826	404	0
Pipfil_60	34745	209	0
Pipfil_61	34749	781	0
Pipfil_62	34689	837	0
Pipfil_63	34058	123	0
Pipfil_64	32972	959	0
Pipfil_65	64898	172	0
Pipfil_66	63424	763	0
Pipfil_67	80633	1251	0
Pipfil_68	32361	170	0
Pipfil_69	32307	25	0
Pipfil_70	31674	419	0
Pipfil_71	30947	329	0
Pipfil_72	30818	127	0
Pipfil_73	30566	384	0
Pipfil_74	30541	64	0
Pipfil_75	30321	1	0
Pipfil_76	30275	410	0
Pipfil_77	30267	84	0
Pipfil_78	30196	576	0
Pipfil_79	40150	3	0
Pipfil_80	29211	7	0
Pipfil_81	36049	80	0
Pipfil_82	29144	137	0
Pipfil_83	29119	3	0
Pipfil_84	28873	91	0
Pipfil_85	28587	0	0
Pipfil_86	28195	527	0
Pipfil_87	28193	258	0
Pipfil_88	28167	212	0
Pipfil_89	28119	15	0
Pipfil_90	28027	93	0
Pipfil_91	27887	93	0
Pipfil_92	27878	355	0
Pipfil_93	27765	314	0
Pipfil_94	27698	223	0
Pipfil_95	27582	158	0
Pipfil_96	42963	7	0
Pipfil_97	27229	5	0
Pipfil_98	38966	82	0
Pipfil_99	27124	427	0
Pipfil_100	71039	1188	0
Pipfil_101	38734	29	0
Pipfil_102	26674	4	0
Pipfil_103	40365	4	0
Pipfil_104	26545	8	0
Pipfil_105	26096	17	0
Pipfil_106	37351	397	0
Pipfil_107	25902	498	0
Pipfil_108	25841	8	0
Pipfil_109	25550	317	0
Pipfil_110	25523	196	0
Pipfil_111	25188	349	0
Pipfil_112	25042	11	0
Pipfil_113	25025	107	0
Pipfil_114	32643	466	0
Pipfil_115	24773	372	0
Pipfil_116	24547	694	0
Pipfil_117	24499	48	0
Pipfil_118	63487	225	0
Pipfil_119	24249	3	0
Pipfil_120	24081	66	0
Pipfil_121	23750	110	0
Pipfil_122	23693	362	0
Pipfil_123	44934	294	0
Pipfil_124	23607	4	0
Pipfil_125	23610	178	0
Pipfil_126	23588	224	0
Pipfil_127	23539	545	0
Pipfil_128	23331	0	0
Pipfil_129	23326	20	0
Pipfil_130	23308	334	0
Pipfil_131	23028	0	0
Pipfil_132	23002	150	0
Pipfil_133	22865	14	0
Pipfil_134	41663	190	0
Pipfil_135	43705	116	0
Pipfil_136	22701	85	0
Pipfil_137	22663	16	0
Pipfil_138	22601	482	0
Pipfil_139	22554	124	0
Pipfil_140	22346	241	0
Pipfil_141	22291	23	0
Pipfil_142	30700	535	0
Pipfil_143	22095	37	0
Pipfil_144	22019	227	0
Pipfil_145	21937	5	0
Pipfil_146	36794	6	0
Pipfil_147	21889	7	0
Pipfil_148	21871	7	0
Pipfil_149	21750	1	0
Pipfil_150	34547	1	0
Pipfil_151	21635	67	0
Pipfil_152	21566	0	0
Pipfil_153	33094	414	0
Pipfil_154	21513	160	0
Pipfil_155	21499	0	0
Pipfil_156	21429	76	0
Pipfil_157	21396	1077	0
Pipfil_158	21326	0	0
Pipfil_159	21291	83	0
Pipfil_160	21234	201	0
Pipfil_161	21213	0	0
Pipfil_162	21181	5	0
Pipfil_163	21039	23	0
Pipfil_164	27974	4	0
Pipfil_165	32074	0	0
Pipfil_166	50006	19	0
Pipfil_167	20815	0	0
Pipfil_168	20728	981	0
Pipfil_169	20664	0	0
Pipfil_170	20562	10	0
Pipfil_171	20537	14	0
Pipfil_172	20463	639	0
Pipfil_173	20403	515	0
Pipfil_174	20371	0	0
Pipfil_175	20255	29	0
Pipfil_176	20222	118	0
Pipfil_177	32342	18	0
Pipfil_178	29695	205	0
Pipfil_179	25349	280	0
Pipfil_180	44156	404	0
Pipfil_181	19986	3	0
Pipfil_182	19966	4	0
Pipfil_183	39054	474	0
Pipfil_184	19896	36	0
Pipfil_185	58734	134	0
Pipfil_186	19829	175	0
Pipfil_187	19781	10	0
Pipfil_188	19750	273	0
Pipfil_189	39459	5	0
Pipfil_190	19597	115	0
Pipfil_191	19532	70	0
Pipfil_192	30964	34	0
Pipfil_193	19327	7	0
Pipfil_194	19224	0	0
Pipfil_195	19172	2	0
Pipfil_196	19110	71	0
Pipfil_197	19098	252	0
Pipfil_198	18962	1312	0
Pipfil_199	18947	8	0
Pipfil_200	18925	0	0
Pipfil_201	18904	222	0
Pipfil_202	44377	0	0
Pipfil_203	18838	15	0
Pipfil_204	18782	0	0
Pipfil_205	18745	1	0
Pipfil_206	18663	0	0
Pipfil_207	18625	110	0
Pipfil_208	18397	2	0
Pipfil_209	18327	0	0
Pipfil_210	18099	2	0
Pipfil_211	17978	363	0
Pipfil_212	17963	258	0
Pipfil_213	17956	33	0
Pipfil_214	17919	7	0
Pipfil_215	17870	58	0
Pipfil_216	17765	281	0
Pipfil_217	17754	2	0
Pipfil_218	17525	20	0
Pipfil_219	17391	0	0
Pipfil_220	16970	562	0
Pipfil_221	28106	31	0
Pipfil_222	16784	28	0
Pipfil_223	16792	150	0
Pipfil_224	31659	0	0
Pipfil_225	38885	91	0
Pipfil_226	16463	105	0
Pipfil_227	16453	3	0
Pipfil_228	16385	41	0
Pipfil_229	16367	106	0
Pipfil_230	32412	0	0
Pipfil_231	16273	155	0
Pipfil_232	33246	16	0
Pipfil_233	16213	10	0
Pipfil_234	32740	22	0
Pipfil_235	16091	110	0
Pipfil_236	16095	7	0
Pipfil_237	15977	11	0
Pipfil_238	15935	0	0
Pipfil_239	15941	54	0
Pipfil_240	15865	17	0
Pipfil_241	22135	0	0
Pipfil_242	15819	0	0
Pipfil_243	15742	129	0
Pipfil_244	15639	2	0
Pipfil_245	15573	0	0
Pipfil_246	15527	2	0
Pipfil_247	15521	15	0
Pipfil_248	15508	277	0
Pipfil_249	15474	5	0
Pipfil_250	15378	139	0
Pipfil_251	15359	113	0
Pipfil_252	15340	123	0
Pipfil_253	15288	0	0
Pipfil_254	26284	1	0
Pipfil_255	15137	71	0
Pipfil_256	15136	408	0
Pipfil_257	15128	1	0
Pipfil_258	15115	2	0
Pipfil_259	15090	0	0
Pipfil_260	15073	5	0
Pipfil_261	15057	37	0
Pipfil_262	28387	42	0
Pipfil_263	15037	3	0
Pipfil_264	46832	0	0
Pipfil_265	15009	4	0
Pipfil_266	14850	7	0
Pipfil_267	31465	87	0
Pipfil_268	14565	396	0
Pipfil_269	14556	22	0
Pipfil_270	14484	18	0
Pipfil_271	14482	5	0
Pipfil_272	14468	353	0
Pipfil_273	14446	0	0
Pipfil_274	14291	27	0
Pipfil_275	14218	5	0
Pipfil_276	14139	25	0
Pipfil_277	13956	0	0
Pipfil_278	31172	2	0
Pipfil_279	13919	187	0
Pipfil_280	13873	6	0
Pipfil_281	13866	16	0
Pipfil_282	29613	10	0
Pipfil_283	13824	13	0
Pipfil_284	13813	0	0
Pipfil_285	13801	65	0
Pipfil_286	13782	16	0
Pipfil_287	13667	28	0
Pipfil_288	13654	1	0
Pipfil_289	13565	23	0
Pipfil_290	13535	0	0
Pipfil_291	13522	0	0
Pipfil_292	13398	527	0
Pipfil_293	26107	8	0
Pipfil_294	13192	89	0
Pipfil_295	13152	38	0
Pipfil_296	30630	8	0
Pipfil_297	13078	3	0
Pipfil_298	13063	0	0
Pipfil_299	13030	49	0
Pipfil_300	12994	0	0
Pipfil_301	12991	3	0
Pipfil_302	12995	0	0
Pipfil_303	12983	9	0
Pipfil_304	12910	0	0
Pipfil_305	12908	0	0
Pipfil_306	12810	0	0
Pipfil_307	20181	0	0
Pipfil_308	12660	2	0
Pipfil_309	12623	1	0
Pipfil_310	25263	0	0
Pipfil_311	32617	0	0
Pipfil_312	12534	94	0
Pipfil_313	12520	1	0
Pipfil_314	12430	0	0
Pipfil_315	12376	9	0
Pipfil_316	12359	9	0
Pipfil_317	12352	98	0
Pipfil_318	12266	0	0
Pipfil_319	12250	0	0
Pipfil_320	12220	0	0
Pipfil_321	12202	0	0
Pipfil_322	12179	0	0
Pipfil_323	12084	11	0
Pipfil_324	30507	7	0
Pipfil_325	11790	0	0
Pipfil_326	11759	0	0
Pipfil_327	31265	0	0
Pipfil_328	21629	1	0
Pipfil_329	11434	6	0
Pipfil_330	11286	0	0
Pipfil_331	11248	2	0
Pipfil_332	11200	8	0
Pipfil_333	11174	1	0
Pipfil_334	11152	0	0
Pipfil_335	11102	23	0
Pipfil_336	11054	29	0
Pipfil_337	18204	0	0
Pipfil_338	10989	8	0
Pipfil_339	10923	0	0
Pipfil_340	10878	36	0
Pipfil_341	10795	18	0
Pipfil_342	10785	0	0
Pipfil_343	22047	3	0
Pipfil_344	10645	0	0
Pipfil_345	10639	81	0
Pipfil_346	10623	0	0
Pipfil_347	10581	55	0
Pipfil_348	10566	0	0
Pipfil_349	17836	225	0
Pipfil_350	17238	5	0
Pipfil_351	20558	51	0
Pipfil_352	10431	16	0
Pipfil_353	10415	52	0
Pipfil_354	10359	1	0
Pipfil_355	10373	1	0
Pipfil_356	10273	0	0
Pipfil_357	10274	2	0
Pipfil_358	10271	9	0
Pipfil_359	10252	9	0
Pipfil_360	10112	1	0
Pipfil_361	10108	0	0
Pipfil_362	10096	0	0
Pipfil_363	10042	0	0
Pipfil_364	10006	3	0
Pipfil_365	9987	0	0
Pipfil_366	21722	0	0
Pipfil_367	9907	0	0
Pipfil_368	9887	1	0
Pipfil_369	15930	16	0
Pipfil_370	9791	52	0
Pipfil_371	9747	0	0
Pipfil_372	9733	7	0
Pipfil_373	9689	2	0
Pipfil_374	9683	1	0
Pipfil_375	9647	0	0
Pipfil_376	9637	0	0
Pipfil_377	9507	2	0
Pipfil_378	9503	49	0
Pipfil_379	9356	15	0
Pipfil_380	9326	0	0
Pipfil_381	9297	51	0
Pipfil_382	9263	61	0
Pipfil_383	9268	0	0
Pipfil_384	9245	0	0
Pipfil_385	9189	0	0
Pipfil_386	9116	0	0
Pipfil_387	9095	13	0
Pipfil_388	9112	0	0
Pipfil_389	8971	0	0
Pipfil_390	8910	0	0
Pipfil_391	8835	2	0
Pipfil_392	8829	1	0
Pipfil_393	8809	0	0
Pipfil_394	8758	0	0
Pipfil_395	8744	0	0
Pipfil_396	18092	0	0
Pipfil_397	8654	0	0
Pipfil_398	8559	0	0
Pipfil_399	8523	2	0
Pipfil_400	8511	0	0
Pipfil_401	8501	1	0
Pipfil_402	8499	0	0
Pipfil_403	8439	0	0
Pipfil_404	14359	140	0
Pipfil_405	8434	23	0
Pipfil_406	8386	0	0
Pipfil_407	8328	0	0
Pipfil_408	8327	0	0
Pipfil_409	8282	6	0
Pipfil_410	8225	0	0
Pipfil_411	8222	29	0
Pipfil_412	8136	188	0
Pipfil_413	8085	0	0
Pipfil_414	8081	0	0
Pipfil_415	8068	0	0
Pipfil_416	8019	0	0
Pipfil_417	8009	0	0
Pipfil_418	7967	14	0
Pipfil_419	7933	226	0
Pipfil_420	7905	94	0
Pipfil_421	7900	0	0
Pipfil_422	15770	0	0
Pipfil_423	7812	0	0
Pipfil_424	7809	0	0
Pipfil_425	7728	1	0
Pipfil_426	15578	0	0
Pipfil_427	7623	0	0
Pipfil_428	7552	1	0
Pipfil_429	7505	0	0
Pipfil_430	7466	0	0
Pipfil_431	7455	145	0
Pipfil_432	7431	0	0
Pipfil_433	7370	1	0
Pipfil_434	7369	0	0
Pipfil_435	7341	0	0
Pipfil_436	7344	0	0
Pipfil_437	7342	0	0
Pipfil_438	7338	0	0
Pipfil_439	7332	0	0
Pipfil_440	7332	2	0
Pipfil_441	7289	8	0
Pipfil_442	7241	0	0
Pipfil_443	7196	3	0
Pipfil_444	7079	21	0
Pipfil_445	7070	0	0
Pipfil_446	7024	1	0
Pipfil_447	6922	0	0
Pipfil_448	6910	5	0
Pipfil_449	6890	0	0
Pipfil_450	6837	0	0
Pipfil_451	6827	0	0
Pipfil_452	6809	0	0
Pipfil_453	6775	0	0
Pipfil_454	6703	0	0
Pipfil_455	6677	0	0
Pipfil_456	6677	0	0
Pipfil_457	6657	211	0
Pipfil_458	6632	1	0
Pipfil_459	6598	12	0
Pipfil_460	6583	0	0
Pipfil_461	6546	0	0
Pipfil_462	6542	1	0
Pipfil_463	6513	0	0
Pipfil_464	6430	82	0
Pipfil_465	6414	0	0
Pipfil_466	6371	1	0
Pipfil_467	6256	0	0
Pipfil_468	6251	0	0
Pipfil_469	6250	0	0
Pipfil_470	6219	1	0
Pipfil_471	6174	4	0
Pipfil_472	6147	0	0
Pipfil_473	6086	0	0
Pipfil_474	6067	1	0
Pipfil_475	6061	14	0
Pipfil_476	6028	0	0
Pipfil_477	6016	18	0
Pipfil_478	5981	0	0
Pipfil_479	5924	13	0
Pipfil_480	5929	2	0
Pipfil_481	5876	0	0
Pipfil_482	5801	0	0
Pipfil_483	5742	0	0
Pipfil_484	10613	0	0
Pipfil_485	5676	0	0
Pipfil_486	5661	4	0
Pipfil_487	5654	0	0
Pipfil_488	5617	0	0
Pipfil_489	5611	0	0
Pipfil_490	5594	0	0
Pipfil_491	5547	0	0
Pipfil_492	5520	0	0
Pipfil_493	5456	2	0
Pipfil_494	5432	0	0
Pipfil_495	5141	0	0
Pipfil_496	5058	0	0
Pipfil_497	5063	0	0
Pipfil_498	4996	0	0
Pipfil_499	4991	0	0
Pipfil_500	4989	0	0
Pipfil_501	4987	0	0
Pipfil_502	4980	96	0
Pipfil_503	4979	0	0
Pipfil_504	4948	0	0
Pipfil_505	4922	0	0
Pipfil_506	4868	1	0
Pipfil_507	4790	0	0
Pipfil_508	4742	0	0
Pipfil_509	4702	0	0
Pipfil_510	4655	23	0
Pipfil_511	4648	0	0
Pipfil_512	4611	0	0
Pipfil_513	4598	0	0
Pipfil_514	4558	0	0
Pipfil_515	4504	0	0
Pipfil_516	4463	0	0
Pipfil_517	4354	0	0
Pipfil_518	4289	0	0
Pipfil_519	4250	0	0
Pipfil_520	4144	0	0
Pipfil_521	4107	0	0
Pipfil_522	4106	0	0
Pipfil_523	4104	0	0
Pipfil_524	4066	0	0
Pipfil_525	4065	0	0
Pipfil_526	4031	0	0
Pipfil_527	3823	0	0
Pipfil_528	3821	0	0
Pipfil_529	3798	8	0
Pipfil_530	3756	0	0
Pipfil_531	3747	0	0
Pipfil_532	3592	0	0
Pipfil_533	3555	0	0
Pipfil_534	3512	0	0
Pipfil_535	3497	6	0
Pipfil_536	3364	0	0
Pipfil_537	3340	0	0
Pipfil_538	3037	0	0
Pipfil_539	2989	0	0
Pipfil_540	2919	0	0
Pipfil_541	2887	0	0
Pipfil_542	2886	0	0
Pipfil_543	2768	0	0
Pipfil_544	2765	0	0
Pipfil_545	2668	0	0
Pipfil_546	2381	0	0
Pipfil_547	210314	1204	0
Pipfil_548	187151	4854	0
Pipfil_549	186972	5652	0
Pipfil_550	158417	3166	0
Pipfil_551	140714	4536	0
Pipfil_552	138320	4526	0
Pipfil_553	179379	722	0
Pipfil_554	130486	1852	0
Pipfil_555	123285	3058	0
Pipfil_556	132030	429	0
Pipfil_557	109285	2285	0
Pipfil_558	108088	2323	0
Pipfil_559	95760	1486	0
Pipfil_560	94845	1183	0
Pipfil_561	88693	462	0
Pipfil_562	180688	2677	0
Pipfil_563	112055	1954	0
Pipfil_564	105822	626	0
Pipfil_565	144085	1613	0
Pipfil_566	112188	115	0
Pipfil_567	115266	964	0
Pipfil_568	90776	449	0
Pipfil_569	71727	1534	0
Pipfil_570	71460	798	0
Pipfil_571	71228	1282	0
Pipfil_572	70569	90	0
Pipfil_573	69532	2550	0
Pipfil_574	68750	21	0
Pipfil_575	68341	826	0
Pipfil_576	68076	1051	0
Pipfil_577	66871	1953	0
Pipfil_578	65406	1006	0
Pipfil_579	65160	775	0
Pipfil_580	64596	385	0
Pipfil_581	63487	131	0
Pipfil_582	83229	1617	0
Pipfil_583	62745	163	0
Pipfil_584	62715	6	0
Pipfil_585	61689	437	0
Pipfil_586	103683	241	0
Pipfil_587	59919	327	0
Pipfil_588	59497	552	0
Pipfil_589	57557	429	0
Pipfil_590	57397	747	0
Pipfil_591	55753	429	0
Pipfil_592	55397	609	0
Pipfil_593	54928	217	0
Pipfil_594	54532	439	0
Pipfil_595	53393	239	0
Pipfil_596	51524	849	0
Pipfil_597	50789	163	0
Pipfil_598	49952	722	0
Pipfil_599	49800	1290	0
Pipfil_600	49775	783	0
Pipfil_601	49514	1803	0
Pipfil_602	49369	203	0
Pipfil_603	49043	107	0
Pipfil_604	48717	74	0
Pipfil_605	48505	248	0
Pipfil_606	48389	73	0
Pipfil_607	47807	52	0
Pipfil_608	47198	230	0
Pipfil_609	45596	3	0
Pipfil_610	45313	845	0
Pipfil_611	45291	694	0
Pipfil_612	45089	932	0
Pipfil_613	61264	502	0
Pipfil_614	44948	1515	0
Pipfil_615	44535	615	0
Pipfil_616	44358	393	0
Pipfil_617	59780	760	0
Pipfil_618	43496	2	0
Pipfil_619	70706	394	0
Pipfil_620	43323	26	0
Pipfil_621	43024	150	0
Pipfil_622	42833	136	0
Pipfil_623	42451	1349	0
Pipfil_624	42197	31	0
Pipfil_625	74245	1352	0
Pipfil_626	40998	13	0
Pipfil_627	40949	1281	0
Pipfil_628	40797	8	0
Pipfil_629	53181	993	0
Pipfil_630	106089	3	0
Pipfil_631	40328	20	0
Pipfil_632	40265	193	0
Pipfil_633	40205	72	0
*	0	0	143022
