chr_2	154733325	404994	0
chr_1	130542040	361979	0
chr_3	117354649	345923	0
chr_4	77569119	223727	0
chr_1A	83360395	254518	0
chr_5	65372011	230262	0
chr_7	42269002	162984	0
chr_6	36042260	129483	0
chr_8	30812800	129194	0
chr_9	25209642	125968	0
chr_12	22122385	120606	0
chr_10	20863612	102604	0
chr_11	20094942	87773	0
chr_4A	22932710	123507	0
chr_13	18697132	113343	0
chr_14	15801410	95830	0
chr_20	13841461	99002	0
chr_15	15054219	106839	0
chr_18	12892066	106981	0
chr_19	11902485	80742	0
chr_17	11539259	89464	0
chr_21	6061340	41939	0
chr_24	7462420	61213	0
chr_23	6657905	61818	0
chr_26	6972093	61163	0
chr_27	6532972	48574	0
chr_28	6734083	46987	0
chr_22	5910535	44225	0
chr_25	2823765	16035	0
chr_29	2009830	10493	0
chr_W	322193	2122	0
chr_Z	67472377	202035	0
Pipfil_0	497682	1233	0
Pipfil_1	703837	11501	0
Pipfil_2	593419	10782	0
Pipfil_3	85766	3892	0
Pipfil_4	1068697	25422	0
Pipfil_5	830945	22052	0
Pipfil_6	649995	10484	0
Pipfil_7	287816	4369	0
Pipfil_8	218771	10114	0
Pipfil_9	354961	9164	0
Pipfil_10	238179	4080	0
Pipfil_11	166028	2483	0
Pipfil_12	128207	2804	0
Pipfil_13	185455	4292	0
Pipfil_14	31570	6	0
Pipfil_15	16376	0	0
Pipfil_16	42697	124	0
Pipfil_17	6321	0	0
Pipfil_18	529060	268	0
Pipfil_19	320528	4735	0
Pipfil_20	592450	4357	0
Pipfil_21	231077	511	0
Pipfil_22	170311	154	0
Pipfil_23	82568	46	0
Pipfil_24	24341	112	0
Pipfil_25	106887	23	0
Pipfil_26	110128	416	0
Pipfil_27	28060	89	0
Pipfil_28	12493	83	0
Pipfil_29	75284	52	0
Pipfil_30	31039	7	0
Pipfil_31	34215	0	0
Pipfil_32	10301	0	0
Pipfil_33	65082	58	0
Pipfil_34	13854	0	0
Pipfil_35	38774	62	0
Pipfil_36	34958	130	0
Pipfil_37	19558	57	0
Pipfil_38	44084	53	0
Pipfil_39	39844	947	0
Pipfil_40	39251	145	0
Pipfil_41	39005	447	0
Pipfil_42	58673	130	0
Pipfil_43	38542	1240	0
Pipfil_44	38529	937	0
Pipfil_45	38270	7	0
Pipfil_46	38266	244	0
Pipfil_47	37545	206	0
Pipfil_48	37521	541	0
Pipfil_49	55619	578	0
Pipfil_50	37010	238	0
Pipfil_51	60810	260	0
Pipfil_52	36293	3	0
Pipfil_53	36053	285	0
Pipfil_54	35856	26	0
Pipfil_55	35645	53	0
Pipfil_56	35344	16	0
Pipfil_57	35274	618	0
Pipfil_58	35072	1478	0
Pipfil_59	34826	366	0
Pipfil_60	34745	212	0
Pipfil_61	34749	1019	0
Pipfil_62	34689	1658	0
Pipfil_63	34058	230	0
Pipfil_64	32972	1556	0
Pipfil_65	64898	311	0
Pipfil_66	63424	1270	0
Pipfil_67	80633	2011	0
Pipfil_68	32361	291	0
Pipfil_69	32307	58	0
Pipfil_70	31674	684	0
Pipfil_71	30947	675	0
Pipfil_72	30818	254	0
Pipfil_73	30566	587	0
Pipfil_74	30541	146	0
Pipfil_75	30321	17	0
Pipfil_76	30275	809	0
Pipfil_77	30267	147	0
Pipfil_78	30196	983	0
Pipfil_79	40150	2	0
Pipfil_80	29211	4	0
Pipfil_81	36049	132	0
Pipfil_82	29144	268	0
Pipfil_83	29119	7	0
Pipfil_84	28873	132	0
Pipfil_85	28587	13	0
Pipfil_86	28195	921	0
Pipfil_87	28193	433	0
Pipfil_88	28167	501	0
Pipfil_89	28119	11	0
Pipfil_90	28027	165	0
Pipfil_91	27887	218	0
Pipfil_92	27878	422	0
Pipfil_93	27765	519	0
Pipfil_94	27698	480	0
Pipfil_95	27582	367	0
Pipfil_96	42963	11	0
Pipfil_97	27229	7	0
Pipfil_98	38966	170	0
Pipfil_99	27124	579	0
Pipfil_100	71039	2166	0
Pipfil_101	38734	114	0
Pipfil_102	26674	4	0
Pipfil_103	40365	16	0
Pipfil_104	26545	4	0
Pipfil_105	26096	35	0
Pipfil_106	37351	612	0
Pipfil_107	25902	766	0
Pipfil_108	25841	14	0
Pipfil_109	25550	537	0
Pipfil_110	25523	267	0
Pipfil_111	25188	700	0
Pipfil_112	25042	17	0
Pipfil_113	25025	276	0
Pipfil_114	32643	1313	0
Pipfil_115	24773	896	0
Pipfil_116	24547	824	0
Pipfil_117	24499	60	0
Pipfil_118	63487	18	0
Pipfil_119	24249	6	0
Pipfil_120	24081	163	0
Pipfil_121	23750	163	0
Pipfil_122	23693	545	0
Pipfil_123	44934	658	0
Pipfil_124	23607	8	0
Pipfil_125	23610	467	0
Pipfil_126	23588	477	0
Pipfil_127	23539	916	0
Pipfil_128	23331	0	0
Pipfil_129	23326	67	0
Pipfil_130	23308	640	0
Pipfil_131	23028	0	0
Pipfil_132	23002	362	0
Pipfil_133	22865	30	0
Pipfil_134	41663	342	0
Pipfil_135	43705	144	0
Pipfil_136	22701	107	0
Pipfil_137	22663	2	0
Pipfil_138	22601	882	0
Pipfil_139	22554	192	0
Pipfil_140	22346	293	0
Pipfil_141	22291	31	0
Pipfil_142	30700	990	0
Pipfil_143	22095	81	0
Pipfil_144	22019	492	0
Pipfil_145	21937	7	0
Pipfil_146	36794	2	0
Pipfil_147	21889	179	0
Pipfil_148	21871	20	0
Pipfil_149	21750	7	0
Pipfil_150	34547	3	0
Pipfil_151	21635	51	0
Pipfil_152	21566	0	0
Pipfil_153	33094	738	0
Pipfil_154	21513	267	0
Pipfil_155	21499	7	0
Pipfil_156	21429	128	0
Pipfil_157	21396	1401	0
Pipfil_158	21326	0	0
Pipfil_159	21291	164	0
Pipfil_160	21234	385	0
Pipfil_161	21213	0	0
Pipfil_162	21181	2	0
Pipfil_163	21039	50	0
Pipfil_164	27974	0	0
Pipfil_165	32074	0	0
Pipfil_166	50006	65	0
Pipfil_167	20815	4	0
Pipfil_168	20728	1825	0
Pipfil_169	20664	0	0
Pipfil_170	20562	45	0
Pipfil_171	20537	25	0
Pipfil_172	20463	1283	0
Pipfil_173	20403	684	0
Pipfil_174	20371	1	0
Pipfil_175	20255	21	0
Pipfil_176	20222	202	0
Pipfil_177	32342	97	0
Pipfil_178	29695	476	0
Pipfil_179	25349	399	0
Pipfil_180	44156	587	0
Pipfil_181	19986	3	0
Pipfil_182	19966	4	0
Pipfil_183	39054	1089	0
Pipfil_184	19896	143	0
Pipfil_185	58734	286	0
Pipfil_186	19829	214	0
Pipfil_187	19781	171	0
Pipfil_188	19750	487	0
Pipfil_189	39459	5	0
Pipfil_190	19597	326	0
Pipfil_191	19532	122	0
Pipfil_192	30964	58	0
Pipfil_193	19327	9	0
Pipfil_194	19224	0	0
Pipfil_195	19172	6	0
Pipfil_196	19110	157	0
Pipfil_197	19098	3	0
Pipfil_198	18962	1648	0
Pipfil_199	18947	16	0
Pipfil_200	18925	0	0
Pipfil_201	18904	242	0
Pipfil_202	44377	5	0
Pipfil_203	18838	35	0
Pipfil_204	18782	2	0
Pipfil_205	18745	4	0
Pipfil_206	18663	0	0
Pipfil_207	18625	199	0
Pipfil_208	18397	1	0
Pipfil_209	18327	0	0
Pipfil_210	18099	4	0
Pipfil_211	17978	751	0
Pipfil_212	17963	456	0
Pipfil_213	17956	80	0
Pipfil_214	17919	1	0
Pipfil_215	17870	146	0
Pipfil_216	17765	678	0
Pipfil_217	17754	3	0
Pipfil_218	17525	11	0
Pipfil_219	17391	0	0
Pipfil_220	16970	1030	0
Pipfil_221	28106	31	0
Pipfil_222	16784	48	0
Pipfil_223	16792	285	0
Pipfil_224	31659	2	0
Pipfil_225	38885	130	0
Pipfil_226	16463	266	0
Pipfil_227	16453	37	0
Pipfil_228	16385	66	0
Pipfil_229	16367	175	0
Pipfil_230	32412	0	0
Pipfil_231	16273	170	0
Pipfil_232	33246	3	0
Pipfil_233	16213	58	0
Pipfil_234	32740	59	0
Pipfil_235	16091	139	0
Pipfil_236	16095	1	0
Pipfil_237	15977	10	0
Pipfil_238	15935	0	0
Pipfil_239	15941	165	0
Pipfil_240	15865	35	0
Pipfil_241	22135	7	0
Pipfil_242	15819	28	0
Pipfil_243	15742	447	0
Pipfil_244	15639	17	0
Pipfil_245	15573	0	0
Pipfil_246	15527	23	0
Pipfil_247	15521	28	0
Pipfil_248	15508	367	0
Pipfil_249	15474	1	0
Pipfil_250	15378	264	0
Pipfil_251	15359	224	0
Pipfil_252	15340	254	0
Pipfil_253	15288	2	0
Pipfil_254	26284	6	0
Pipfil_255	15137	65	0
Pipfil_256	15136	695	0
Pipfil_257	15128	0	0
Pipfil_258	15115	1	0
Pipfil_259	15090	0	0
Pipfil_260	15073	0	0
Pipfil_261	15057	56	0
Pipfil_262	28387	65	0
Pipfil_263	15037	1	0
Pipfil_264	46832	0	0
Pipfil_265	15009	1	0
Pipfil_266	14850	22	0
Pipfil_267	31465	167	0
Pipfil_268	14565	624	0
Pipfil_269	14556	26	0
Pipfil_270	14484	21	0
Pipfil_271	14482	12	0
Pipfil_272	14468	616	0
Pipfil_273	14446	7	0
Pipfil_274	14291	56	0
Pipfil_275	14218	3	0
Pipfil_276	14139	41	0
Pipfil_277	13956	0	0
Pipfil_278	31172	5	0
Pipfil_279	13919	295	0
Pipfil_280	13873	10	0
Pipfil_281	13866	67	0
Pipfil_282	29613	3	0
Pipfil_283	13824	10	0
Pipfil_284	13813	0	0
Pipfil_285	13801	124	0
Pipfil_286	13782	6	0
Pipfil_287	13667	6	0
Pipfil_288	13654	0	0
Pipfil_289	13565	23	0
Pipfil_290	13535	0	0
Pipfil_291	13522	0	0
Pipfil_292	13398	765	0
Pipfil_293	26107	0	0
Pipfil_294	13192	164	0
Pipfil_295	13152	49	0
Pipfil_296	30630	1	0
Pipfil_297	13078	9	0
Pipfil_298	13063	1	0
Pipfil_299	13030	41	0
Pipfil_300	12994	11	0
Pipfil_301	12991	0	0
Pipfil_302	12995	0	0
Pipfil_303	12983	7	0
Pipfil_304	12910	0	0
Pipfil_305	12908	0	0
Pipfil_306	12810	0	0
Pipfil_307	20181	0	0
Pipfil_308	12660	5	0
Pipfil_309	12623	0	0
Pipfil_310	25263	0	0
Pipfil_311	32617	0	0
Pipfil_312	12534	136	0
Pipfil_313	12520	2	0
Pipfil_314	12430	0	0
Pipfil_315	12376	7	0
Pipfil_316	12359	35	0
Pipfil_317	12352	205	0
Pipfil_318	12266	9	0
Pipfil_319	12250	8	0
Pipfil_320	12220	16	0
Pipfil_321	12202	1	0
Pipfil_322	12179	1	0
Pipfil_323	12084	39	0
Pipfil_324	30507	0	0
Pipfil_325	11790	18	0
Pipfil_326	11759	0	0
Pipfil_327	31265	2	0
Pipfil_328	21629	12	0
Pipfil_329	11434	8	0
Pipfil_330	11286	3	0
Pipfil_331	11248	1	0
Pipfil_332	11200	5	0
Pipfil_333	11174	2	0
Pipfil_334	11152	0	0
Pipfil_335	11102	21	0
Pipfil_336	11054	54	0
Pipfil_337	18204	0	0
Pipfil_338	10989	29	0
Pipfil_339	10923	0	0
Pipfil_340	10878	92	0
Pipfil_341	10795	284	0
Pipfil_342	10785	0	0
Pipfil_343	22047	49	0
Pipfil_344	10645	0	0
Pipfil_345	10639	203	0
Pipfil_346	10623	0	0
Pipfil_347	10581	78	0
Pipfil_348	10566	0	0
Pipfil_349	17836	397	0
Pipfil_350	17238	1	0
Pipfil_351	20558	242	0
Pipfil_352	10431	79	0
Pipfil_353	10415	66	0
Pipfil_354	10359	4	0
Pipfil_355	10373	0	0
Pipfil_356	10273	0	0
Pipfil_357	10274	6	0
Pipfil_358	10271	14	0
Pipfil_359	10252	24	0
Pipfil_360	10112	16	0
Pipfil_361	10108	3	0
Pipfil_362	10096	0	0
Pipfil_363	10042	0	0
Pipfil_364	10006	0	0
Pipfil_365	9987	1	0
Pipfil_366	21722	4	0
Pipfil_367	9907	2	0
Pipfil_368	9887	11	0
Pipfil_369	15930	26	0
Pipfil_370	9791	79	0
Pipfil_371	9747	0	0
Pipfil_372	9733	0	0
Pipfil_373	9689	7	0
Pipfil_374	9683	2	0
Pipfil_375	9647	0	0
Pipfil_376	9637	0	0
Pipfil_377	9507	2	0
Pipfil_378	9503	46	0
Pipfil_379	9356	41	0
Pipfil_380	9326	0	0
Pipfil_381	9297	71	0
Pipfil_382	9263	18	0
Pipfil_383	9268	0	0
Pipfil_384	9245	0	0
Pipfil_385	9189	0	0
Pipfil_386	9116	10	0
Pipfil_387	9095	0	0
Pipfil_388	9112	1	0
Pipfil_389	8971	0	0
Pipfil_390	8910	0	0
Pipfil_391	8835	2	0
Pipfil_392	8829	0	0
Pipfil_393	8809	1	0
Pipfil_394	8758	0	0
Pipfil_395	8744	0	0
Pipfil_396	18092	0	0
Pipfil_397	8654	0	0
Pipfil_398	8559	0	0
Pipfil_399	8523	1	0
Pipfil_400	8511	0	0
Pipfil_401	8501	1	0
Pipfil_402	8499	0	0
Pipfil_403	8439	0	0
Pipfil_404	14359	141	0
Pipfil_405	8434	11	0
Pipfil_406	8386	2	0
Pipfil_407	8328	0	0
Pipfil_408	8327	0	0
Pipfil_409	8282	5	0
Pipfil_410	8225	4	0
Pipfil_411	8222	235	0
Pipfil_412	8136	265	0
Pipfil_413	8085	1	0
Pipfil_414	8081	3	0
Pipfil_415	8068	0	0
Pipfil_416	8019	0	0
Pipfil_417	8009	0	0
Pipfil_418	7967	16	0
Pipfil_419	7933	1	0
Pipfil_420	7905	51	0
Pipfil_421	7900	2	0
Pipfil_422	15770	0	0
Pipfil_423	7812	1	0
Pipfil_424	7809	0	0
Pipfil_425	7728	0	0
Pipfil_426	15578	0	0
Pipfil_427	7623	2	0
Pipfil_428	7552	2	0
Pipfil_429	7505	4	0
Pipfil_430	7466	0	0
Pipfil_431	7455	285	0
Pipfil_432	7431	0	0
Pipfil_433	7370	5	0
Pipfil_434	7369	0	0
Pipfil_435	7341	0	0
Pipfil_436	7344	2	0
Pipfil_437	7342	0	0
Pipfil_438	7338	0	0
Pipfil_439	7332	0	0
Pipfil_440	7332	4	0
Pipfil_441	7289	12	0
Pipfil_442	7241	0	0
Pipfil_443	7196	33	0
Pipfil_444	7079	26	0
Pipfil_445	7070	0	0
Pipfil_446	7024	1	0
Pipfil_447	6922	0	0
Pipfil_448	6910	15	0
Pipfil_449	6890	0	0
Pipfil_450	6837	0	0
Pipfil_451	6827	0	0
Pipfil_452	6809	0	0
Pipfil_453	6775	0	0
Pipfil_454	6703	0	0
Pipfil_455	6677	0	0
Pipfil_456	6677	1	0
Pipfil_457	6657	349	0
Pipfil_458	6632	0	0
Pipfil_459	6598	43	0
Pipfil_460	6583	2	0
Pipfil_461	6546	0	0
Pipfil_462	6542	1	0
Pipfil_463	6513	2	0
Pipfil_464	6430	0	0
Pipfil_465	6414	0	0
Pipfil_466	6371	23	0
Pipfil_467	6256	7	0
Pipfil_468	6251	0	0
Pipfil_469	6250	1	0
Pipfil_470	6219	4	0
Pipfil_471	6174	12	0
Pipfil_472	6147	0	0
Pipfil_473	6086	0	0
Pipfil_474	6067	1	0
Pipfil_475	6061	51	0
Pipfil_476	6028	0	0
Pipfil_477	6016	4	0
Pipfil_478	5981	0	0
Pipfil_479	5924	5	0
Pipfil_480	5929	5	0
Pipfil_481	5876	0	0
Pipfil_482	5801	0	0
Pipfil_483	5742	0	0
Pipfil_484	10613	0	0
Pipfil_485	5676	4	0
Pipfil_486	5661	13	0
Pipfil_487	5654	0	0
Pipfil_488	5617	0	0
Pipfil_489	5611	0	0
Pipfil_490	5594	0	0
Pipfil_491	5547	0	0
Pipfil_492	5520	0	0
Pipfil_493	5456	0	0
Pipfil_494	5432	0	0
Pipfil_495	5141	1	0
Pipfil_496	5058	0	0
Pipfil_497	5063	0	0
Pipfil_498	4996	0	0
Pipfil_499	4991	0	0
Pipfil_500	4989	0	0
Pipfil_501	4987	2	0
Pipfil_502	4980	87	0
Pipfil_503	4979	0	0
Pipfil_504	4948	0	0
Pipfil_505	4922	0	0
Pipfil_506	4868	1	0
Pipfil_507	4790	0	0
Pipfil_508	4742	0	0
Pipfil_509	4702	0	0
Pipfil_510	4655	59	0
Pipfil_511	4648	0	0
Pipfil_512	4611	2	0
Pipfil_513	4598	0	0
Pipfil_514	4558	0	0
Pipfil_515	4504	0	0
Pipfil_516	4463	1	0
Pipfil_517	4354	0	0
Pipfil_518	4289	0	0
Pipfil_519	4250	0	0
Pipfil_520	4144	0	0
Pipfil_521	4107	1	0
Pipfil_522	4106	0	0
Pipfil_523	4104	0	0
Pipfil_524	4066	0	0
Pipfil_525	4065	0	0
Pipfil_526	4031	0	0
Pipfil_527	3823	2	0
Pipfil_528	3821	0	0
Pipfil_529	3798	9	0
Pipfil_530	3756	0	0
Pipfil_531	3747	0	0
Pipfil_532	3592	0	0
Pipfil_533	3555	0	0
Pipfil_534	3512	0	0
Pipfil_535	3497	4	0
Pipfil_536	3364	0	0
Pipfil_537	3340	2	0
Pipfil_538	3037	0	0
Pipfil_539	2989	0	0
Pipfil_540	2919	7	0
Pipfil_541	2887	1	0
Pipfil_542	2886	2	0
Pipfil_543	2768	4	0
Pipfil_544	2765	0	0
Pipfil_545	2668	7	0
Pipfil_546	2381	0	0
Pipfil_547	210314	2618	0
Pipfil_548	187151	8199	0
Pipfil_549	186972	9400	0
Pipfil_550	158417	4452	0
Pipfil_551	140714	7763	0
Pipfil_552	138320	5069	0
Pipfil_553	179379	1510	0
Pipfil_554	130486	3573	0
Pipfil_555	123285	4643	0
Pipfil_556	132030	771	0
Pipfil_557	109285	4158	0
Pipfil_558	108088	3329	0
Pipfil_559	95760	2271	0
Pipfil_560	94845	2025	0
Pipfil_561	88693	979	0
Pipfil_562	180688	4724	0
Pipfil_563	112055	3222	0
Pipfil_564	105822	978	0
Pipfil_565	144085	2550	0
Pipfil_566	112188	201	0
Pipfil_567	115266	1862	0
Pipfil_568	90776	876	0
Pipfil_569	71727	2396	0
Pipfil_570	71460	1439	0
Pipfil_571	71228	1879	0
Pipfil_572	70569	208	0
Pipfil_573	69532	3564	0
Pipfil_574	68750	32	0
Pipfil_575	68341	1507	0
Pipfil_576	68076	2050	0
Pipfil_577	66871	2777	0
Pipfil_578	65406	2175	0
Pipfil_579	65160	1334	0
Pipfil_580	64596	962	0
Pipfil_581	63487	21	0
Pipfil_582	83229	2397	0
Pipfil_583	62745	299	0
Pipfil_584	62715	5	0
Pipfil_585	61689	703	0
Pipfil_586	103683	377	0
Pipfil_587	59919	661	0
Pipfil_588	59497	731	0
Pipfil_589	57557	927	0
Pipfil_590	57397	1326	0
Pipfil_591	55753	742	0
Pipfil_592	55397	720	0
Pipfil_593	54928	229	0
Pipfil_594	54532	549	0
Pipfil_595	53393	515	0
Pipfil_596	51524	1612	0
Pipfil_597	50789	359	0
Pipfil_598	49952	1789	0
Pipfil_599	49800	2116	0
Pipfil_600	49775	556	0
Pipfil_601	49514	2622	0
Pipfil_602	49369	485	0
Pipfil_603	49043	212	0
Pipfil_604	48717	224	0
Pipfil_605	48505	580	0
Pipfil_606	48389	130	0
Pipfil_607	47807	55	0
Pipfil_608	47198	394	0
Pipfil_609	45596	0	0
Pipfil_610	45313	1099	0
Pipfil_611	45291	1199	0
Pipfil_612	45089	1626	0
Pipfil_613	61264	748	0
Pipfil_614	44948	2389	0
Pipfil_615	44535	1215	0
Pipfil_616	44358	649	0
Pipfil_617	59780	1163	0
Pipfil_618	43496	14	0
Pipfil_619	70706	500	0
Pipfil_620	43323	71	0
Pipfil_621	43024	294	0
Pipfil_622	42833	268	0
Pipfil_623	42451	2037	0
Pipfil_624	42197	82	0
Pipfil_625	74245	2352	0
Pipfil_626	40998	36	0
Pipfil_627	40949	2111	0
Pipfil_628	40797	21	0
Pipfil_629	53181	1375	0
Pipfil_630	106089	25	0
Pipfil_631	40328	17	0
Pipfil_632	40265	365	0
Pipfil_633	40205	261	0
*	0	0	217987
