chr_2	154733325	484456	0
chr_1	130542040	438638	0
chr_3	117354649	420834	0
chr_4	77569119	270153	0
chr_1A	83360395	307685	0
chr_5	65372011	289109	0
chr_7	42269002	198896	0
chr_6	36042260	158264	0
chr_8	30812800	155885	0
chr_9	25209642	154146	0
chr_12	22122385	151556	0
chr_10	20863612	125817	0
chr_11	20094942	109505	0
chr_4A	22932710	146612	0
chr_13	18697132	141464	0
chr_14	15801410	119497	0
chr_20	13841461	124436	0
chr_15	15054219	132003	0
chr_18	12892066	135653	0
chr_19	11902485	101246	0
chr_17	11539259	114483	0
chr_21	6061340	54066	0
chr_24	7462420	78992	0
chr_23	6657905	77663	0
chr_26	6972093	75469	0
chr_27	6532972	60220	0
chr_28	6734083	57970	0
chr_22	5910535	56258	0
chr_25	2823765	21890	0
chr_29	2009830	13522	0
chr_W	322193	2673	0
chr_Z	67472377	240673	0
Pipfil_0	497682	1407	0
Pipfil_1	703837	17302	0
Pipfil_2	593419	14921	0
Pipfil_3	85766	4971	0
Pipfil_4	1068697	35017	0
Pipfil_5	830945	26687	0
Pipfil_6	649995	13068	0
Pipfil_7	287816	6025	0
Pipfil_8	218771	13210	0
Pipfil_9	354961	11888	0
Pipfil_10	238179	5286	0
Pipfil_11	166028	3252	0
Pipfil_12	128207	3540	0
Pipfil_13	185455	5447	0
Pipfil_14	31570	11	0
Pipfil_15	16376	0	0
Pipfil_16	42697	109	0
Pipfil_17	6321	0	0
Pipfil_18	529060	336	0
Pipfil_19	320528	5734	0
Pipfil_20	592450	5328	0
Pipfil_21	231077	577	0
Pipfil_22	170311	207	0
Pipfil_23	82568	69	0
Pipfil_24	24341	258	0
Pipfil_25	106887	70	0
Pipfil_26	110128	683	0
Pipfil_27	28060	78	0
Pipfil_28	12493	75	0
Pipfil_29	75284	72	0
Pipfil_30	31039	2	0
Pipfil_31	34215	0	0
Pipfil_32	10301	0	0
Pipfil_33	65082	153	0
Pipfil_34	13854	0	0
Pipfil_35	38774	89	0
Pipfil_36	34958	117	0
Pipfil_37	19558	58	0
Pipfil_38	44084	57	0
Pipfil_39	39844	1173	0
Pipfil_40	39251	188	0
Pipfil_41	39005	600	0
Pipfil_42	58673	104	0
Pipfil_43	38542	1356	0
Pipfil_44	38529	1149	0
Pipfil_45	38270	7	0
Pipfil_46	38266	316	0
Pipfil_47	37545	218	0
Pipfil_48	37521	597	0
Pipfil_49	55619	693	0
Pipfil_50	37010	227	0
Pipfil_51	60810	334	0
Pipfil_52	36293	4	0
Pipfil_53	36053	352	0
Pipfil_54	35856	21	0
Pipfil_55	35645	34	0
Pipfil_56	35344	24	0
Pipfil_57	35274	1064	0
Pipfil_58	35072	1777	0
Pipfil_59	34826	1164	0
Pipfil_60	34745	56	0
Pipfil_61	34749	1445	0
Pipfil_62	34689	2144	0
Pipfil_63	34058	340	0
Pipfil_64	32972	1986	0
Pipfil_65	64898	450	0
Pipfil_66	63424	1637	0
Pipfil_67	80633	2693	0
Pipfil_68	32361	355	0
Pipfil_69	32307	79	0
Pipfil_70	31674	900	0
Pipfil_71	30947	809	0
Pipfil_72	30818	271	0
Pipfil_73	30566	945	0
Pipfil_74	30541	159	0
Pipfil_75	30321	16	0
Pipfil_76	30275	870	0
Pipfil_77	30267	218	0
Pipfil_78	30196	1179	0
Pipfil_79	40150	1	0
Pipfil_80	29211	10	0
Pipfil_81	36049	192	0
Pipfil_82	29144	302	0
Pipfil_83	29119	8	0
Pipfil_84	28873	216	0
Pipfil_85	28587	19	0
Pipfil_86	28195	1168	0
Pipfil_87	28193	588	0
Pipfil_88	28167	695	0
Pipfil_89	28119	14	0
Pipfil_90	28027	306	0
Pipfil_91	27887	296	0
Pipfil_92	27878	554	0
Pipfil_93	27765	842	0
Pipfil_94	27698	539	0
Pipfil_95	27582	473	0
Pipfil_96	42963	67	0
Pipfil_97	27229	8	0
Pipfil_98	38966	197	0
Pipfil_99	27124	650	0
Pipfil_100	71039	2160	0
Pipfil_101	38734	159	0
Pipfil_102	26674	9	0
Pipfil_103	40365	11	0
Pipfil_104	26545	6	0
Pipfil_105	26096	173	0
Pipfil_106	37351	670	0
Pipfil_107	25902	1224	0
Pipfil_108	25841	10	0
Pipfil_109	25550	561	0
Pipfil_110	25523	358	0
Pipfil_111	25188	1137	0
Pipfil_112	25042	27	0
Pipfil_113	25025	205	0
Pipfil_114	32643	925	0
Pipfil_115	24773	784	0
Pipfil_116	24547	864	0
Pipfil_117	24499	98	0
Pipfil_118	63487	47	0
Pipfil_119	24249	2	0
Pipfil_120	24081	157	0
Pipfil_121	23750	275	0
Pipfil_122	23693	696	0
Pipfil_123	44934	780	0
Pipfil_124	23607	12	0
Pipfil_125	23610	498	0
Pipfil_126	23588	588	0
Pipfil_127	23539	915	0
Pipfil_128	23331	0	0
Pipfil_129	23326	89	0
Pipfil_130	23308	903	0
Pipfil_131	23028	3	0
Pipfil_132	23002	359	0
Pipfil_133	22865	39	0
Pipfil_134	41663	379	0
Pipfil_135	43705	123	0
Pipfil_136	22701	138	0
Pipfil_137	22663	9	0
Pipfil_138	22601	1147	0
Pipfil_139	22554	217	0
Pipfil_140	22346	606	0
Pipfil_141	22291	59	0
Pipfil_142	30700	1527	0
Pipfil_143	22095	79	0
Pipfil_144	22019	578	0
Pipfil_145	21937	2	0
Pipfil_146	36794	2	0
Pipfil_147	21889	57	0
Pipfil_148	21871	21	0
Pipfil_149	21750	13	0
Pipfil_150	34547	3	0
Pipfil_151	21635	140	0
Pipfil_152	21566	1	0
Pipfil_153	33094	1096	0
Pipfil_154	21513	333	0
Pipfil_155	21499	1	0
Pipfil_156	21429	171	0
Pipfil_157	21396	2079	0
Pipfil_158	21326	0	0
Pipfil_159	21291	152	0
Pipfil_160	21234	373	0
Pipfil_161	21213	0	0
Pipfil_162	21181	8	0
Pipfil_163	21039	6	0
Pipfil_164	27974	32	0
Pipfil_165	32074	4	0
Pipfil_166	50006	33	0
Pipfil_167	20815	43	0
Pipfil_168	20728	2224	0
Pipfil_169	20664	0	0
Pipfil_170	20562	22	0
Pipfil_171	20537	25	0
Pipfil_172	20463	1134	0
Pipfil_173	20403	850	0
Pipfil_174	20371	3	0
Pipfil_175	20255	8	0
Pipfil_176	20222	304	0
Pipfil_177	32342	21	0
Pipfil_178	29695	589	0
Pipfil_179	25349	623	0
Pipfil_180	44156	659	0
Pipfil_181	19986	11	0
Pipfil_182	19966	3	0
Pipfil_183	39054	1217	0
Pipfil_184	19896	127	0
Pipfil_185	58734	290	0
Pipfil_186	19829	234	0
Pipfil_187	19781	281	0
Pipfil_188	19750	494	0
Pipfil_189	39459	5	0
Pipfil_190	19597	304	0
Pipfil_191	19532	164	0
Pipfil_192	30964	72	0
Pipfil_193	19327	18	0
Pipfil_194	19224	3	0
Pipfil_195	19172	0	0
Pipfil_196	19110	207	0
Pipfil_197	19098	0	0
Pipfil_198	18962	1958	0
Pipfil_199	18947	14	0
Pipfil_200	18925	0	0
Pipfil_201	18904	343	0
Pipfil_202	44377	2	0
Pipfil_203	18838	45	0
Pipfil_204	18782	3	0
Pipfil_205	18745	2	0
Pipfil_206	18663	1	0
Pipfil_207	18625	213	0
Pipfil_208	18397	7	0
Pipfil_209	18327	2	0
Pipfil_210	18099	3	0
Pipfil_211	17978	863	0
Pipfil_212	17963	669	0
Pipfil_213	17956	101	0
Pipfil_214	17919	193	0
Pipfil_215	17870	192	0
Pipfil_216	17765	778	0
Pipfil_217	17754	5	0
Pipfil_218	17525	16	0
Pipfil_219	17391	0	0
Pipfil_220	16970	1120	0
Pipfil_221	28106	33	0
Pipfil_222	16784	108	0
Pipfil_223	16792	353	0
Pipfil_224	31659	5	0
Pipfil_225	38885	143	0
Pipfil_226	16463	255	0
Pipfil_227	16453	38	0
Pipfil_228	16385	100	0
Pipfil_229	16367	227	0
Pipfil_230	32412	16	0
Pipfil_231	16273	292	0
Pipfil_232	33246	50	0
Pipfil_233	16213	24	0
Pipfil_234	32740	43	0
Pipfil_235	16091	119	0
Pipfil_236	16095	148	0
Pipfil_237	15977	9	0
Pipfil_238	15935	0	0
Pipfil_239	15941	182	0
Pipfil_240	15865	15	0
Pipfil_241	22135	3	0
Pipfil_242	15819	1	0
Pipfil_243	15742	159	0
Pipfil_244	15639	11	0
Pipfil_245	15573	0	0
Pipfil_246	15527	3	0
Pipfil_247	15521	45	0
Pipfil_248	15508	401	0
Pipfil_249	15474	2	0
Pipfil_250	15378	321	0
Pipfil_251	15359	185	0
Pipfil_252	15340	328	0
Pipfil_253	15288	2	0
Pipfil_254	26284	7	0
Pipfil_255	15137	2	0
Pipfil_256	15136	738	0
Pipfil_257	15128	0	0
Pipfil_258	15115	1	0
Pipfil_259	15090	0	0
Pipfil_260	15073	5	0
Pipfil_261	15057	85	0
Pipfil_262	28387	39	0
Pipfil_263	15037	7	0
Pipfil_264	46832	0	0
Pipfil_265	15009	0	0
Pipfil_266	14850	3	0
Pipfil_267	31465	179	0
Pipfil_268	14565	1043	0
Pipfil_269	14556	56	0
Pipfil_270	14484	28	0
Pipfil_271	14482	18	0
Pipfil_272	14468	654	0
Pipfil_273	14446	3	0
Pipfil_274	14291	58	0
Pipfil_275	14218	4	0
Pipfil_276	14139	57	0
Pipfil_277	13956	1	0
Pipfil_278	31172	5	0
Pipfil_279	13919	435	0
Pipfil_280	13873	1	0
Pipfil_281	13866	14	0
Pipfil_282	29613	34	0
Pipfil_283	13824	25	0
Pipfil_284	13813	0	0
Pipfil_285	13801	135	0
Pipfil_286	13782	14	0
Pipfil_287	13667	2	0
Pipfil_288	13654	2	0
Pipfil_289	13565	48	0
Pipfil_290	13535	0	0
Pipfil_291	13522	0	0
Pipfil_292	13398	896	0
Pipfil_293	26107	169	0
Pipfil_294	13192	180	0
Pipfil_295	13152	99	0
Pipfil_296	30630	10	0
Pipfil_297	13078	13	0
Pipfil_298	13063	0	0
Pipfil_299	13030	105	0
Pipfil_300	12994	3	0
Pipfil_301	12991	0	0
Pipfil_302	12995	0	0
Pipfil_303	12983	21	0
Pipfil_304	12910	1	0
Pipfil_305	12908	0	0
Pipfil_306	12810	1	0
Pipfil_307	20181	0	0
Pipfil_308	12660	5	0
Pipfil_309	12623	5	0
Pipfil_310	25263	1	0
Pipfil_311	32617	1	0
Pipfil_312	12534	121	0
Pipfil_313	12520	19	0
Pipfil_314	12430	0	0
Pipfil_315	12376	22	0
Pipfil_316	12359	17	0
Pipfil_317	12352	249	0
Pipfil_318	12266	2	0
Pipfil_319	12250	1	0
Pipfil_320	12220	2	0
Pipfil_321	12202	0	0
Pipfil_322	12179	9	0
Pipfil_323	12084	46	0
Pipfil_324	30507	1	0
Pipfil_325	11790	0	0
Pipfil_326	11759	16	0
Pipfil_327	31265	6	0
Pipfil_328	21629	8	0
Pipfil_329	11434	14	0
Pipfil_330	11286	0	0
Pipfil_331	11248	1	0
Pipfil_332	11200	3	0
Pipfil_333	11174	0	0
Pipfil_334	11152	0	0
Pipfil_335	11102	38	0
Pipfil_336	11054	67	0
Pipfil_337	18204	0	0
Pipfil_338	10989	11	0
Pipfil_339	10923	0	0
Pipfil_340	10878	134	0
Pipfil_341	10795	152	0
Pipfil_342	10785	1	0
Pipfil_343	22047	18	0
Pipfil_344	10645	0	0
Pipfil_345	10639	233	0
Pipfil_346	10623	1	0
Pipfil_347	10581	58	0
Pipfil_348	10566	0	0
Pipfil_349	17836	749	0
Pipfil_350	17238	5	0
Pipfil_351	20558	46	0
Pipfil_352	10431	47	0
Pipfil_353	10415	68	0
Pipfil_354	10359	7	0
Pipfil_355	10373	2	0
Pipfil_356	10273	0	0
Pipfil_357	10274	4	0
Pipfil_358	10271	20	0
Pipfil_359	10252	24	0
Pipfil_360	10112	1	0
Pipfil_361	10108	1	0
Pipfil_362	10096	0	0
Pipfil_363	10042	2	0
Pipfil_364	10006	7	0
Pipfil_365	9987	1	0
Pipfil_366	21722	0	0
Pipfil_367	9907	1	0
Pipfil_368	9887	3	0
Pipfil_369	15930	13	0
Pipfil_370	9791	83	0
Pipfil_371	9747	0	0
Pipfil_372	9733	3	0
Pipfil_373	9689	7	0
Pipfil_374	9683	7	0
Pipfil_375	9647	0	0
Pipfil_376	9637	0	0
Pipfil_377	9507	4	0
Pipfil_378	9503	82	0
Pipfil_379	9356	35	0
Pipfil_380	9326	0	0
Pipfil_381	9297	86	0
Pipfil_382	9263	145	0
Pipfil_383	9268	1	0
Pipfil_384	9245	0	0
Pipfil_385	9189	0	0
Pipfil_386	9116	35	0
Pipfil_387	9095	33	0
Pipfil_388	9112	0	0
Pipfil_389	8971	1	0
Pipfil_390	8910	0	0
Pipfil_391	8835	1	0
Pipfil_392	8829	3	0
Pipfil_393	8809	4	0
Pipfil_394	8758	0	0
Pipfil_395	8744	0	0
Pipfil_396	18092	0	0
Pipfil_397	8654	0	0
Pipfil_398	8559	0	0
Pipfil_399	8523	0	0
Pipfil_400	8511	0	0
Pipfil_401	8501	0	0
Pipfil_402	8499	0	0
Pipfil_403	8439	0	0
Pipfil_404	14359	115	0
Pipfil_405	8434	22	0
Pipfil_406	8386	0	0
Pipfil_407	8328	0	0
Pipfil_408	8327	0	0
Pipfil_409	8282	11	0
Pipfil_410	8225	3	0
Pipfil_411	8222	14	0
Pipfil_412	8136	472	0
Pipfil_413	8085	1	0
Pipfil_414	8081	11	0
Pipfil_415	8068	0	0
Pipfil_416	8019	0	0
Pipfil_417	8009	0	0
Pipfil_418	7967	10	0
Pipfil_419	7933	7	0
Pipfil_420	7905	110	0
Pipfil_421	7900	0	0
Pipfil_422	15770	2	0
Pipfil_423	7812	0	0
Pipfil_424	7809	0	0
Pipfil_425	7728	0	0
Pipfil_426	15578	0	0
Pipfil_427	7623	2	0
Pipfil_428	7552	3	0
Pipfil_429	7505	5	0
Pipfil_430	7466	0	0
Pipfil_431	7455	225	0
Pipfil_432	7431	9	0
Pipfil_433	7370	31	0
Pipfil_434	7369	0	0
Pipfil_435	7341	0	0
Pipfil_436	7344	2	0
Pipfil_437	7342	0	0
Pipfil_438	7338	0	0
Pipfil_439	7332	0	0
Pipfil_440	7332	3	0
Pipfil_441	7289	93	0
Pipfil_442	7241	0	0
Pipfil_443	7196	1	0
Pipfil_444	7079	42	0
Pipfil_445	7070	0	0
Pipfil_446	7024	4	0
Pipfil_447	6922	0	0
Pipfil_448	6910	17	0
Pipfil_449	6890	0	0
Pipfil_450	6837	1	0
Pipfil_451	6827	0	0
Pipfil_452	6809	0	0
Pipfil_453	6775	0	0
Pipfil_454	6703	0	0
Pipfil_455	6677	0	0
Pipfil_456	6677	0	0
Pipfil_457	6657	288	0
Pipfil_458	6632	1	0
Pipfil_459	6598	26	0
Pipfil_460	6583	0	0
Pipfil_461	6546	0	0
Pipfil_462	6542	2	0
Pipfil_463	6513	1	0
Pipfil_464	6430	3	0
Pipfil_465	6414	6	0
Pipfil_466	6371	0	0
Pipfil_467	6256	8	0
Pipfil_468	6251	0	0
Pipfil_469	6250	1	0
Pipfil_470	6219	1	0
Pipfil_471	6174	15	0
Pipfil_472	6147	0	0
Pipfil_473	6086	0	0
Pipfil_474	6067	0	0
Pipfil_475	6061	26	0
Pipfil_476	6028	0	0
Pipfil_477	6016	1	0
Pipfil_478	5981	0	0
Pipfil_479	5924	9	0
Pipfil_480	5929	4	0
Pipfil_481	5876	0	0
Pipfil_482	5801	0	0
Pipfil_483	5742	0	0
Pipfil_484	10613	0	0
Pipfil_485	5676	4	0
Pipfil_486	5661	0	0
Pipfil_487	5654	0	0
Pipfil_488	5617	0	0
Pipfil_489	5611	0	0
Pipfil_490	5594	0	0
Pipfil_491	5547	1	0
Pipfil_492	5520	0	0
Pipfil_493	5456	0	0
Pipfil_494	5432	0	0
Pipfil_495	5141	0	0
Pipfil_496	5058	0	0
Pipfil_497	5063	0	0
Pipfil_498	4996	0	0
Pipfil_499	4991	0	0
Pipfil_500	4989	0	0
Pipfil_501	4987	1	0
Pipfil_502	4980	45	0
Pipfil_503	4979	0	0
Pipfil_504	4948	0	0
Pipfil_505	4922	12	0
Pipfil_506	4868	1	0
Pipfil_507	4790	0	0
Pipfil_508	4742	0	0
Pipfil_509	4702	0	0
Pipfil_510	4655	5	0
Pipfil_511	4648	0	0
Pipfil_512	4611	0	0
Pipfil_513	4598	0	0
Pipfil_514	4558	0	0
Pipfil_515	4504	0	0
Pipfil_516	4463	1	0
Pipfil_517	4354	0	0
Pipfil_518	4289	0	0
Pipfil_519	4250	2	0
Pipfil_520	4144	0	0
Pipfil_521	4107	2	0
Pipfil_522	4106	0	0
Pipfil_523	4104	0	0
Pipfil_524	4066	0	0
Pipfil_525	4065	0	0
Pipfil_526	4031	0	0
Pipfil_527	3823	3	0
Pipfil_528	3821	0	0
Pipfil_529	3798	9	0
Pipfil_530	3756	0	0
Pipfil_531	3747	0	0
Pipfil_532	3592	0	0
Pipfil_533	3555	0	0
Pipfil_534	3512	0	0
Pipfil_535	3497	3	0
Pipfil_536	3364	0	0
Pipfil_537	3340	6	0
Pipfil_538	3037	0	0
Pipfil_539	2989	0	0
Pipfil_540	2919	0	0
Pipfil_541	2887	0	0
Pipfil_542	2886	0	0
Pipfil_543	2768	3	0
Pipfil_544	2765	0	0
Pipfil_545	2668	0	0
Pipfil_546	2381	0	0
Pipfil_547	210314	3163	0
Pipfil_548	187151	9347	0
Pipfil_549	186972	11077	0
Pipfil_550	158417	6875	0
Pipfil_551	140714	9907	0
Pipfil_552	138320	11837	0
Pipfil_553	179379	1643	0
Pipfil_554	130486	5142	0
Pipfil_555	123285	5911	0
Pipfil_556	132030	1040	0
Pipfil_557	109285	4948	0
Pipfil_558	108088	5293	0
Pipfil_559	95760	2851	0
Pipfil_560	94845	2670	0
Pipfil_561	88693	923	0
Pipfil_562	180688	6684	0
Pipfil_563	112055	4426	0
Pipfil_564	105822	1729	0
Pipfil_565	144085	3316	0
Pipfil_566	112188	288	0
Pipfil_567	115266	1996	0
Pipfil_568	90776	1182	0
Pipfil_569	71727	2835	0
Pipfil_570	71460	3240	0
Pipfil_571	71228	2192	0
Pipfil_572	70569	259	0
Pipfil_573	69532	4131	0
Pipfil_574	68750	38	0
Pipfil_575	68341	1793	0
Pipfil_576	68076	2485	0
Pipfil_577	66871	3706	0
Pipfil_578	65406	2703	0
Pipfil_579	65160	1889	0
Pipfil_580	64596	2081	0
Pipfil_581	63487	126	0
Pipfil_582	83229	3004	0
Pipfil_583	62745	436	0
Pipfil_584	62715	19	0
Pipfil_585	61689	986	0
Pipfil_586	103683	536	0
Pipfil_587	59919	774	0
Pipfil_588	59497	982	0
Pipfil_589	57557	921	0
Pipfil_590	57397	1533	0
Pipfil_591	55753	1191	0
Pipfil_592	55397	1037	0
Pipfil_593	54928	553	0
Pipfil_594	54532	894	0
Pipfil_595	53393	734	0
Pipfil_596	51524	2213	0
Pipfil_597	50789	545	0
Pipfil_598	49952	1921	0
Pipfil_599	49800	2590	0
Pipfil_600	49775	2405	0
Pipfil_601	49514	2940	0
Pipfil_602	49369	597	0
Pipfil_603	49043	263	0
Pipfil_604	48717	309	0
Pipfil_605	48505	751	0
Pipfil_606	48389	135	0
Pipfil_607	47807	127	0
Pipfil_608	47198	459	0
Pipfil_609	45596	25	0
Pipfil_610	45313	1451	0
Pipfil_611	45291	1534	0
Pipfil_612	45089	1814	0
Pipfil_613	61264	1111	0
Pipfil_614	44948	2717	0
Pipfil_615	44535	1831	0
Pipfil_616	44358	762	0
Pipfil_617	59780	1585	0
Pipfil_618	43496	29	0
Pipfil_619	70706	771	0
Pipfil_620	43323	168	0
Pipfil_621	43024	550	0
Pipfil_622	42833	325	0
Pipfil_623	42451	2628	0
Pipfil_624	42197	37	0
Pipfil_625	74245	2760	0
Pipfil_626	40998	57	0
Pipfil_627	40949	2407	0
Pipfil_628	40797	20	0
Pipfil_629	53181	1856	0
Pipfil_630	106089	74	0
Pipfil_631	40328	45	0
Pipfil_632	40265	467	0
Pipfil_633	40205	196	0
*	0	0	264225
