# This file was produced by samtools stats (1.17+htslib-1.17) and can be plotted using plot-bamstats
# This file contains statistics for all reads.
# The command line was:  stats trimmomaticbwamapped/Ceratopipra_rubrocapilla_B4615.GBSPipfilbwa.bam
# CHK, Checksum	[2]Read Names	[3]Sequences	[4]Qualities
# CHK, CRC32 of reads which passed filtering followed by addition (32bit overflow)
CHK	c81c9e50	3b3d10ed	7092bd40
# Summary Numbers. Use `grep ^SN | cut -f 2-` to extract this part.
SN	raw total sequences:	2099142	# excluding supplementary and secondary reads
SN	filtered sequences:	0
SN	sequences:	2099142
SN	is sorted:	1
SN	1st fragments:	2099142
SN	last fragments:	0
SN	reads mapped:	1976488
SN	reads mapped and paired:	0	# paired-end technology bit set + both mates mapped
SN	reads unmapped:	122654
SN	reads properly paired:	0	# proper-pair bit set
SN	reads paired:	0	# paired-end technology bit set
SN	reads duplicated:	0	# PCR or optical duplicate bit set
SN	reads MQ0:	334011	# mapped and MQ=0
SN	reads QC failed:	0
SN	non-primary alignments:	0
SN	supplementary alignments:	7710
SN	total length:	141489883	# ignores clipping
SN	total first fragment length:	141489883	# ignores clipping
SN	total last fragment length:	0	# ignores clipping
SN	bases mapped:	134414470	# ignores clipping
SN	bases mapped (cigar):	132086961	# more accurate
SN	bases trimmed:	0
SN	bases duplicated:	0
SN	mismatches:	2860958	# from NM fields
SN	error rate:	2.165966e-02	# mismatches / bases mapped (cigar)
SN	average length:	67
SN	average first fragment length:	67
SN	average last fragment length:	0
SN	maximum length:	90
SN	maximum first fragment length:	90
SN	maximum last fragment length:	0
SN	average quality:	36.5
SN	insert size average:	0.0
SN	insert size standard deviation:	0.0
SN	inward oriented pairs:	0
SN	outward oriented pairs:	0
SN	pairs with other orientation:	0
SN	pairs on different chromosomes:	0
SN	percentage of properly paired reads (%):	0.0
# First Fragment Qualities. Use `grep ^FFQ | cut -f 2-` to extract this part.
# Columns correspond to qualities and rows to cycles. First column is the cycle number.
FFQ	1	0	0	0	0	0	0	0	0	0	0	0	0	0	0	12615	0	0	0	0	0	0	0	0	0	0	0	0	47256	0	0	0	0	0	83381	0	0	0	1955890	0
FFQ	2	0	0	0	0	0	0	0	0	0	0	0	0	0	0	24983	0	0	0	0	0	0	0	75	0	0	0	0	47879	0	0	0	0	0	93448	0	0	0	1932757	0
FFQ	3	0	0	23	0	0	0	0	0	0	0	0	0	0	0	43417	0	0	0	0	0	0	0	107	0	0	0	0	48917	0	0	0	0	0	123077	0	0	0	1883601	0
FFQ	4	0	0	0	0	0	0	0	0	0	0	0	0	0	0	51109	0	0	0	0	0	0	0	61	0	0	0	0	44901	0	0	0	0	0	82186	0	0	0	1920885	0
FFQ	5	0	0	1	0	0	0	0	0	0	0	0	0	0	0	11015	0	0	0	0	0	0	0	146	0	0	0	0	25410	0	0	0	0	0	52927	0	0	0	2009643	0
FFQ	6	0	0	0	0	0	0	0	0	0	0	0	0	0	0	67571	0	0	0	0	0	0	0	100	0	0	0	0	36072	0	0	0	0	0	60987	0	0	0	1934412	0
FFQ	7	0	0	0	0	0	0	0	0	0	0	0	0	0	0	27629	0	0	0	0	0	0	0	2654	0	0	0	0	47994	0	0	0	0	0	82531	0	0	0	1938334	0
FFQ	8	0	0	0	0	0	0	0	0	0	0	0	0	0	0	27039	0	0	0	0	0	0	0	1719	0	0	0	0	36778	0	0	0	0	0	64143	0	0	0	1969463	0
FFQ	9	0	0	0	0	0	0	0	0	0	0	0	0	0	0	24152	0	0	0	0	0	0	0	1404	0	0	0	0	30912	0	0	0	0	0	57135	0	0	0	1985539	0
FFQ	10	0	0	0	0	0	0	0	0	0	0	0	0	0	0	24500	0	0	0	0	0	0	0	1999	0	0	0	0	30148	0	0	0	0	0	57890	0	0	0	1984605	0
FFQ	11	0	0	0	0	0	0	0	0	0	0	0	0	0	0	23060	0	0	0	0	0	0	0	1494	0	0	0	0	28910	0	0	0	0	0	54035	0	0	0	1991643	0
FFQ	12	0	0	0	0	0	0	0	0	0	0	0	0	0	0	23210	0	0	0	0	0	0	0	1305	0	0	0	0	28345	0	0	0	0	0	53561	0	0	0	1992721	0
FFQ	13	0	0	0	0	0	0	0	0	0	0	0	0	0	0	23048	0	0	0	0	0	0	0	1429	0	0	0	0	28503	0	0	0	0	0	52518	0	0	0	1993644	0
FFQ	14	0	0	0	0	0	0	0	0	0	0	0	0	0	0	21346	0	0	0	0	0	0	0	1373	0	0	0	0	27721	0	0	0	0	0	51298	0	0	0	1997404	0
FFQ	15	0	0	0	0	0	0	0	0	0	0	0	0	0	0	21792	0	0	0	0	0	0	0	1486	0	0	0	0	27282	0	0	0	0	0	51270	0	0	0	1997312	0
FFQ	16	0	0	0	0	0	0	0	0	0	0	0	0	0	0	28120	0	0	0	0	0	0	0	1569	0	0	0	0	28519	0	0	0	0	0	52170	0	0	0	1988764	0
FFQ	17	0	0	0	0	0	0	0	0	0	0	0	0	0	0	21153	0	0	0	0	0	0	0	1442	0	0	0	0	31298	0	0	0	0	0	50125	0	0	0	1995124	0
FFQ	18	0	0	0	0	0	0	0	0	0	0	0	0	0	0	21135	0	0	0	0	0	0	0	1342	0	0	0	0	27434	0	0	0	0	0	50290	0	0	0	1998941	0
FFQ	19	0	0	0	0	0	0	0	0	0	0	0	0	0	0	21298	0	0	0	0	0	0	0	1371	0	0	0	0	26532	0	0	0	0	0	49295	0	0	0	2000646	0
FFQ	20	0	0	0	0	0	0	0	0	0	0	0	0	0	0	21150	0	0	0	0	0	0	0	1496	0	0	0	0	26339	0	0	0	0	0	48254	0	0	0	2001903	0
FFQ	21	0	0	0	0	0	0	0	0	0	0	0	0	0	0	25158	0	0	0	0	0	0	0	1490	0	0	0	0	27466	0	0	0	0	0	49764	0	0	0	1995264	0
FFQ	22	0	0	0	0	0	0	0	0	0	0	0	0	0	0	20287	0	0	0	0	0	0	0	1517	0	0	0	0	29436	0	0	0	0	0	48920	0	0	0	1998982	0
FFQ	23	0	0	0	0	0	0	0	0	0	0	0	0	0	0	31038	0	0	0	0	0	0	0	1606	0	0	0	0	28583	0	0	0	0	0	50539	0	0	0	1987376	0
FFQ	24	0	0	0	0	0	0	0	0	0	0	0	0	0	0	20359	0	0	0	0	0	0	0	1618	0	0	0	0	33398	0	0	0	0	0	50910	0	0	0	1992857	0
FFQ	25	0	0	0	0	0	0	0	0	0	0	0	0	0	0	20072	0	0	0	0	0	0	0	1513	0	0	0	0	27222	0	0	0	0	0	49494	0	0	0	2000841	0
FFQ	26	0	0	0	0	0	0	0	0	0	0	0	0	0	0	18824	0	0	0	0	0	0	0	1376	0	0	0	0	25100	0	0	0	0	0	47165	0	0	0	2006677	0
FFQ	27	0	0	0	0	0	0	0	0	0	0	0	0	0	0	19476	0	0	0	0	0	0	0	1382	0	0	0	0	24623	0	0	0	0	0	46968	0	0	0	2006693	0
FFQ	28	0	0	0	0	0	0	0	0	0	0	0	0	0	0	19865	0	0	0	0	0	0	0	1367	0	0	0	0	25058	0	0	0	0	0	47200	0	0	0	2005652	0
FFQ	29	0	0	0	0	0	0	0	0	0	0	0	0	0	0	18904	0	0	0	0	0	0	0	1260	0	0	0	0	24467	0	0	0	0	0	45896	0	0	0	2008615	0
FFQ	30	0	0	0	0	0	0	0	0	0	0	0	0	0	0	18585	0	0	0	0	0	0	0	1263	0	0	0	0	23920	0	0	0	0	0	45327	0	0	0	2010047	0
FFQ	31	0	0	0	0	0	0	0	0	0	0	0	0	0	0	18662	0	0	0	0	0	0	0	1339	0	0	0	0	23996	0	0	0	0	0	45556	0	0	0	2009589	0
FFQ	32	0	0	0	0	0	0	0	0	0	0	0	0	0	0	26228	0	0	0	0	0	0	0	1529	0	0	0	0	26529	0	0	0	0	0	45957	0	0	0	1998899	0
FFQ	33	0	0	0	0	0	0	0	0	0	0	0	0	0	0	19053	0	0	0	0	0	0	0	1525	0	0	0	0	30057	0	0	0	0	0	46567	0	0	0	2001940	0
FFQ	34	0	0	0	0	0	0	0	0	0	0	0	0	0	0	19295	0	0	0	0	0	0	0	1558	0	0	0	0	25793	0	0	0	0	0	46864	0	0	0	2005632	0
FFQ	35	0	0	0	0	0	0	0	0	0	0	0	0	0	0	18275	0	0	0	0	0	0	0	1440	0	0	0	0	24040	0	0	0	0	0	45295	0	0	0	2010092	0
FFQ	36	0	0	0	0	0	0	0	0	0	0	0	0	0	0	18286	0	0	0	0	0	0	0	1361	0	0	0	0	22921	0	0	0	0	0	44711	0	0	0	2011863	0
FFQ	37	0	0	0	0	0	0	0	0	0	0	0	0	0	0	22277	0	0	0	0	0	0	0	1381	0	0	0	0	23963	0	0	0	0	0	45139	0	0	0	2006382	0
FFQ	38	0	0	0	0	0	0	0	0	0	0	0	0	0	0	17569	0	0	0	0	0	0	0	1394	0	0	0	0	25734	0	0	0	0	0	44120	0	0	0	2010325	0
FFQ	39	0	0	0	0	0	0	0	0	0	0	0	0	0	0	17534	0	0	0	0	0	0	0	1386	0	0	0	0	22795	0	0	0	0	0	43226	0	0	0	2014201	0
FFQ	40	0	0	0	0	0	0	0	0	0	0	0	0	0	0	17254	0	0	0	0	0	0	0	1403	0	0	0	0	23063	0	0	0	0	0	43854	0	0	0	2013568	0
FFQ	41	0	0	0	0	0	0	0	0	0	0	0	0	0	0	16395	0	0	0	0	0	0	0	1362	0	0	0	0	21714	0	0	0	0	0	42334	0	0	0	1962320	0
FFQ	42	0	0	0	0	0	0	0	0	0	0	0	0	0	0	16099	0	0	0	0	0	0	0	1339	0	0	0	0	21208	0	0	0	0	0	40844	0	0	0	1905235	0
FFQ	43	0	0	0	0	0	0	0	0	0	0	0	0	0	0	21455	0	0	0	0	0	0	0	1387	0	0	0	0	22233	0	0	0	0	0	42303	0	0	0	1840458	0
FFQ	44	0	0	0	0	0	0	0	0	0	0	0	0	0	0	18674	0	0	0	0	0	0	0	1488	0	0	0	0	25441	0	0	0	0	0	39424	0	0	0	1738814	0
FFQ	45	0	0	0	0	0	0	0	0	0	0	0	0	0	0	14413	0	0	0	0	0	0	0	1339	0	0	0	0	23381	0	0	0	0	0	39245	0	0	0	1700518	0
FFQ	46	0	0	0	0	0	0	0	0	0	0	0	0	0	0	14241	0	0	0	0	0	0	0	1213	0	0	0	0	19501	0	0	0	0	0	37292	0	0	0	1632566	0
FFQ	47	0	0	0	0	0	0	0	0	0	0	0	0	0	0	17332	0	0	0	0	0	0	0	1272	0	0	0	0	18690	0	0	0	0	0	36193	0	0	0	1575276	0
FFQ	48	0	0	0	0	0	0	0	0	0	0	0	0	0	0	15356	0	0	0	0	0	0	0	1254	0	0	0	0	21326	0	0	0	0	0	35932	0	0	0	1534769	0
FFQ	49	0	0	0	0	0	0	0	0	0	0	0	0	0	0	13860	0	0	0	0	0	0	0	1264	0	0	0	0	19414	0	0	0	0	0	34841	0	0	0	1489322	0
FFQ	50	0	0	0	0	0	0	0	0	0	0	0	0	0	0	22662	0	0	0	0	0	0	0	1402	0	0	0	0	20027	0	0	0	0	0	34767	0	0	0	1445036	0
FFQ	51	0	0	0	0	0	0	0	0	0	0	0	0	0	0	18513	0	0	0	0	0	0	0	1511	0	0	0	0	26550	0	0	0	0	0	35449	0	0	0	1408204	0
FFQ	52	0	0	0	0	0	0	0	0	0	0	0	0	0	0	13168	0	0	0	0	0	0	0	1345	0	0	0	0	22819	0	0	0	0	0	35257	0	0	0	1386064	0
FFQ	53	0	0	0	0	0	0	0	0	0	0	0	0	0	0	12655	0	0	0	0	0	0	0	1216	0	0	0	0	17318	0	0	0	0	0	33938	0	0	0	1360642	0
FFQ	54	0	0	0	0	0	0	0	0	0	0	0	0	0	0	12572	0	0	0	0	0	0	0	1211	0	0	0	0	16009	0	0	0	0	0	32333	0	0	0	1330011	0
FFQ	55	0	0	0	0	0	0	0	0	0	0	0	0	0	0	12744	0	0	0	0	0	0	0	1241	0	0	0	0	16191	0	0	0	0	0	33020	0	0	0	1287092	0
FFQ	56	0	0	0	0	0	0	0	0	0	0	0	0	0	0	15263	0	0	0	0	0	0	0	1301	0	0	0	0	16530	0	0	0	0	0	32129	0	0	0	1250953	0
FFQ	57	0	0	0	0	0	0	0	0	0	0	0	0	0	0	12408	0	0	0	0	0	0	0	1359	0	0	0	0	17606	0	0	0	0	0	32222	0	0	0	1217422	0
FFQ	58	0	0	0	0	0	0	0	0	0	0	0	0	0	0	12654	0	0	0	0	0	0	0	1352	0	0	0	0	16239	0	0	0	0	0	31849	0	0	0	1188736	0
FFQ	59	0	0	0	0	0	0	0	0	0	0	0	0	0	0	11882	0	0	0	0	0	0	0	1364	0	0	0	0	14878	0	0	0	0	0	30639	0	0	0	1157144	0
FFQ	60	0	0	0	0	0	0	0	0	0	0	0	0	0	0	12024	0	0	0	0	0	0	0	1362	0	0	0	0	14541	0	0	0	0	0	29671	0	0	0	1132839	0
FFQ	61	0	0	0	0	0	0	0	0	0	0	0	0	0	0	12124	0	0	0	0	0	0	0	1446	0	0	0	0	14540	0	0	0	0	0	29585	0	0	0	1106889	0
FFQ	62	0	0	0	0	0	0	0	0	0	0	0	0	0	0	11727	0	0	0	0	0	0	0	1526	0	0	0	0	14191	0	0	0	0	0	29405	0	0	0	1078917	0
FFQ	63	0	0	0	0	0	0	0	0	0	0	0	0	0	0	11669	0	0	0	0	0	0	0	1453	0	0	0	0	14261	0	0	0	0	0	29142	0	0	0	1049364	0
FFQ	64	0	0	0	0	0	0	0	0	0	0	0	0	0	0	11750	0	0	0	0	0	0	0	1530	0	0	0	0	14083	0	0	0	0	0	29319	0	0	0	1025624	0
FFQ	65	0	0	0	0	0	0	0	0	0	0	0	0	0	0	11389	0	0	0	0	0	0	0	1606	0	0	0	0	13662	0	0	0	0	0	28740	0	0	0	1000211	0
FFQ	66	0	0	0	0	0	0	0	0	0	0	0	0	0	0	11564	0	0	0	0	0	0	0	1665	0	0	0	0	13405	0	0	0	0	0	28484	0	0	0	976448	0
FFQ	67	0	0	0	0	0	0	0	0	0	0	0	0	0	0	11510	0	0	0	0	0	0	0	1785	0	0	0	0	13242	0	0	0	0	0	28651	0	0	0	955382	0
FFQ	68	0	0	0	0	0	0	0	0	0	0	0	0	0	0	11129	0	0	0	0	0	0	0	1845	0	0	0	0	13159	0	0	0	0	0	28282	0	0	0	934325	0
FFQ	69	0	0	0	0	0	0	0	0	0	0	0	0	0	0	13273	0	0	0	0	0	0	0	2018	0	0	0	0	13448	0	0	0	0	0	27739	0	0	0	913894	0
FFQ	70	0	0	0	0	0	0	0	0	0	0	0	0	0	0	14903	0	0	0	0	0	0	0	2452	0	0	0	0	15570	0	0	0	0	0	28205	0	0	0	889778	0
FFQ	71	0	0	0	0	0	0	0	0	0	0	0	0	0	0	11188	0	0	0	0	0	0	0	2616	0	0	0	0	16439	0	0	0	0	0	28111	0	0	0	871151	0
FFQ	72	0	0	0	0	0	0	0	0	0	0	0	0	0	0	11227	0	0	0	0	0	0	0	2462	0	0	0	0	15163	0	0	0	0	0	28232	0	0	0	853563	0
FFQ	73	0	0	0	0	0	0	0	0	0	0	0	0	0	0	10899	0	0	0	0	0	0	0	2633	0	0	0	0	13462	0	0	0	0	0	27760	0	0	0	828821	0
FFQ	74	0	0	0	0	0	0	0	0	0	0	0	0	0	0	10654	0	0	0	0	0	0	0	2619	0	0	0	0	12573	0	0	0	0	0	27403	0	0	0	803834	0
FFQ	75	0	0	0	0	0	0	0	0	0	0	0	0	0	0	10634	0	0	0	0	0	0	0	2687	0	0	0	0	11711	0	0	0	0	0	26733	0	0	0	786749	0
FFQ	76	0	0	0	0	0	0	0	0	0	0	0	0	0	0	10897	0	0	0	0	0	0	0	2826	0	0	0	0	11693	0	0	0	0	0	27341	0	0	0	769754	0
FFQ	77	0	0	0	0	0	0	0	0	0	0	0	0	0	0	10518	0	0	0	0	0	0	0	2790	0	0	0	0	10940	0	0	0	0	0	26667	0	0	0	754016	0
FFQ	78	0	0	0	0	0	0	0	0	0	0	0	0	0	0	10345	0	0	0	0	0	0	0	2838	0	0	0	0	10614	0	0	0	0	0	26450	0	0	0	738253	0
FFQ	79	0	0	0	0	0	0	0	0	0	0	0	0	0	0	10551	0	0	0	0	0	0	0	3077	0	0	0	0	10436	0	0	0	0	0	26705	0	0	0	721074	0
FFQ	80	0	0	0	0	0	0	0	0	0	0	0	0	0	0	15919	0	0	0	0	0	0	0	3470	0	0	0	0	11622	0	0	0	0	0	27847	0	0	0	712888	0
FFQ	81	0	0	0	0	0	0	0	0	0	0	0	0	0	0	11027	0	0	0	0	0	0	0	4205	0	0	0	0	13269	0	0	0	0	0	28012	0	0	0	714891	0
FFQ	82	0	0	0	0	0	0	0	0	0	0	0	0	0	0	11026	0	0	0	0	0	0	0	3801	0	0	0	0	11272	0	0	0	0	0	28685	0	0	0	716160	0
FFQ	83	0	0	0	0	0	0	0	0	0	0	0	0	0	0	10851	0	0	0	0	0	0	0	3643	0	0	0	0	10734	0	0	0	0	0	28689	0	0	0	716574	0
FFQ	84	0	0	0	0	0	0	0	0	0	0	0	0	0	0	11133	0	0	0	0	0	0	0	3660	0	0	0	0	10731	0	0	0	0	0	28695	0	0	0	715803	0
FFQ	85	0	0	0	0	0	0	0	0	0	0	0	0	0	0	10947	0	0	0	0	0	0	0	3658	0	0	0	0	10496	0	0	0	0	0	28732	0	0	0	715637	0
FFQ	86	0	0	0	0	0	0	0	0	0	0	0	0	0	0	10581	0	0	0	0	0	0	0	3685	0	0	0	0	10063	0	0	0	0	0	29092	0	0	0	715505	0
FFQ	87	0	0	0	0	0	0	0	0	0	0	0	0	0	0	11121	0	0	0	0	0	0	0	3684	0	0	0	0	10670	0	0	0	0	0	30614	0	0	0	712120	0
FFQ	88	0	0	0	0	0	0	0	0	0	0	0	0	0	0	11333	0	0	0	0	0	0	0	3913	0	0	0	0	11360	0	0	0	0	0	32340	0	0	0	708095	0
FFQ	89	0	0	0	0	0	0	0	0	0	0	0	0	0	0	9408	0	0	0	0	0	0	0	4160	0	0	0	0	11063	0	0	0	0	0	32647	0	0	0	707405	0
FFQ	90	0	0	0	0	0	0	0	0	0	0	0	0	0	0	0	0	0	0	0	0	0	0	4418	0	0	0	0	11060	0	0	0	0	0	33218	0	0	0	703482	0
# Last Fragment Qualities. Use `grep ^LFQ | cut -f 2-` to extract this part.
# Columns correspond to qualities and rows to cycles. First column is the cycle number.
# GC Content of first fragments. Use `grep ^GCF | cut -f 2-` to extract this part.
GCF	6.78	0
GCF	13.82	1
GCF	14.57	2
GCF	15.33	3
GCF	15.83	2
GCF	16.83	3
GCF	17.84	2
GCF	18.34	0
GCF	19.10	2
GCF	19.85	17
GCF	20.60	18
GCF	21.36	22
GCF	21.86	24
GCF	22.36	23
GCF	22.86	32
GCF	23.37	43
GCF	23.87	46
GCF	24.37	72
GCF	24.87	80
GCF	25.38	132
GCF	25.88	146
GCF	26.38	151
GCF	26.88	250
GCF	27.39	273
GCF	27.89	384
GCF	28.39	399
GCF	28.89	574
GCF	29.40	642
GCF	29.90	875
GCF	30.40	1007
GCF	30.90	1385
GCF	31.41	1479
GCF	31.91	1627
GCF	32.41	2073
GCF	32.91	2202
GCF	33.42	2963
GCF	33.92	3101
GCF	34.42	4041
GCF	34.92	4311
GCF	35.43	5075
GCF	35.93	5600
GCF	36.43	6809
GCF	36.93	7203
GCF	37.44	8108
GCF	37.94	10192
GCF	38.44	10821
GCF	38.94	13256
GCF	39.45	13704
GCF	39.95	16061
GCF	40.45	16916
GCF	40.95	19502
GCF	41.46	20841
GCF	41.96	21684
GCF	42.46	25152
GCF	42.96	27009
GCF	43.47	30223
GCF	43.97	32148
GCF	44.47	36665
GCF	44.97	38140
GCF	45.48	41625
GCF	45.98	44097
GCF	46.48	51354
GCF	46.98	54089
GCF	47.49	59564
GCF	47.99	66909
GCF	48.49	68538
GCF	48.99	81767
GCF	49.50	82367
GCF	50.00	92849
GCF	50.50	93811
GCF	51.01	99568
GCF	51.51	102628
GCF	52.01	107507
GCF	52.51	112720
GCF	53.02	114769
GCF	53.52	126460
GCF	54.02	130038
GCF	54.52	134940
GCF	55.03	137543
GCF	55.53	142217
GCF	56.03	151357
GCF	56.53	156889
GCF	57.04	159551
GCF	57.54	163187
GCF	58.04	167424
GCF	58.54	168372
GCF	59.05	172633
GCF	59.55	173892
GCF	60.05	179747
GCF	60.55	180375
GCF	61.06	179031
GCF	61.56	173090
GCF	62.06	172001
GCF	62.56	175555
GCF	63.07	174698
GCF	63.57	165804
GCF	64.07	162925
GCF	64.57	155765
GCF	65.08	139941
GCF	65.58	133204
GCF	66.08	129177
GCF	66.58	115880
GCF	67.09	107666
GCF	67.59	91991
GCF	68.09	81960
GCF	68.59	78439
GCF	69.10	69492
GCF	69.60	60547
GCF	70.10	52635
GCF	70.60	49149
GCF	71.11	40795
GCF	71.61	35265
GCF	72.11	32594
GCF	72.61	29669
GCF	73.12	24837
GCF	73.62	21339
GCF	74.12	16780
GCF	74.62	11916
GCF	75.13	9861
GCF	75.63	7611
GCF	76.13	6030
GCF	76.63	5538
GCF	77.14	5128
GCF	77.64	4472
GCF	78.14	3787
GCF	78.64	4185
GCF	79.15	4082
GCF	79.65	3824
GCF	80.15	1534
GCF	80.65	1417
GCF	81.16	1070
GCF	81.66	1012
GCF	82.16	994
GCF	82.66	929
GCF	83.17	790
GCF	83.67	677
GCF	84.17	595
GCF	84.67	365
GCF	85.18	215
GCF	85.68	131
GCF	86.18	164
GCF	86.68	156
GCF	87.19	157
GCF	87.69	33
GCF	88.19	18
GCF	88.69	26
GCF	89.20	34
GCF	89.70	32
GCF	90.20	31
GCF	91.46	7
GCF	93.97	0
GCF	95.98	1
# GC Content of last fragments. Use `grep ^GCL | cut -f 2-` to extract this part.
# ACGT content per cycle. Use `grep ^GCC | cut -f 2-` to extract this part. The columns are: cycle; A,C,G,T base counts as a percentage of all A/C/G/T bases [%]; and N and O counts as a percentage of all A/C/G/T bases [%]
GCC	1	47.04	0.00	0.00	52.96	0.00	0.00
GCC	2	0.00	47.04	52.96	0.00	0.00	0.00
GCC	3	0.00	52.96	47.04	0.00	0.00	0.00
GCC	4	52.96	0.00	0.00	47.04	0.00	0.00
GCC	5	0.00	47.04	52.96	0.00	0.00	0.00
GCC	6	18.43	31.77	31.31	18.49	0.00	0.00
GCC	7	24.18	26.01	26.34	23.47	0.00	0.00
GCC	8	19.63	30.67	30.75	18.95	0.00	0.00
GCC	9	21.30	29.70	28.33	20.67	0.00	0.00
GCC	10	25.03	24.92	24.76	25.29	0.00	0.00
GCC	11	20.27	29.42	29.90	20.42	0.00	0.00
GCC	12	20.27	29.72	29.75	20.27	0.00	0.00
GCC	13	24.14	25.66	26.26	23.94	0.00	0.00
GCC	14	19.31	30.14	30.64	19.91	0.00	0.00
GCC	15	21.31	28.70	28.54	21.45	0.00	0.00
GCC	16	22.84	26.70	26.99	23.46	0.00	0.00
GCC	17	19.48	30.44	30.57	19.51	0.00	0.00
GCC	18	21.04	28.94	28.66	21.36	0.00	0.00
GCC	19	22.26	27.88	27.56	22.30	0.00	0.00
GCC	20	20.09	29.67	29.44	20.80	0.00	0.00
GCC	21	21.77	28.57	28.06	21.59	0.00	0.00
GCC	22	22.47	27.73	27.33	22.46	0.00	0.00
GCC	23	19.91	30.23	30.11	19.75	0.00	0.00
GCC	24	21.40	28.68	28.55	21.37	0.00	0.00
GCC	25	23.73	26.48	26.31	23.47	0.00	0.00
GCC	26	20.79	29.10	29.24	20.87	0.00	0.00
GCC	27	20.74	29.05	29.12	21.09	0.00	0.00
GCC	28	22.42	27.52	27.41	22.65	0.00	0.00
GCC	29	21.13	29.05	28.68	21.13	0.00	0.00
GCC	30	20.73	29.13	29.26	20.89	0.00	0.00
GCC	31	22.63	27.32	27.30	22.75	0.00	0.00
GCC	32	19.94	29.77	29.71	20.58	0.00	0.00
GCC	33	21.50	28.71	28.75	21.04	0.00	0.00
GCC	34	23.06	27.18	26.85	22.91	0.00	0.00
GCC	35	20.92	29.09	28.97	21.02	0.00	0.00
GCC	36	20.91	29.28	28.83	20.97	0.00	0.00
GCC	37	22.12	27.98	27.49	22.40	0.00	0.00
GCC	38	20.16	30.13	29.65	20.06	0.00	0.00
GCC	39	19.58	30.29	30.08	20.06	0.00	0.00
GCC	40	21.96	27.89	27.86	22.28	0.00	0.00
GCC	41	20.14	30.19	30.01	19.66	0.00	0.00
GCC	42	21.13	29.64	28.38	20.84	0.00	0.00
GCC	43	22.88	27.17	26.99	22.97	0.00	0.00
GCC	44	20.39	29.56	29.61	20.44	0.00	0.00
GCC	45	21.93	28.20	27.78	22.09	0.00	0.00
GCC	46	22.32	27.74	27.78	22.16	0.00	0.00
GCC	47	20.76	29.34	28.90	21.00	0.00	0.00
GCC	48	21.74	28.49	28.04	21.73	0.00	0.00
GCC	49	22.49	27.86	27.08	22.57	0.00	0.00
GCC	50	21.19	29.23	28.49	21.09	0.00	0.00
GCC	51	21.60	28.46	28.33	21.62	0.00	0.00
GCC	52	22.42	27.95	27.47	22.15	0.00	0.00
GCC	53	21.31	28.65	28.31	21.73	0.00	0.00
GCC	54	21.59	28.79	28.18	21.44	0.00	0.00
GCC	55	22.38	27.88	27.31	22.42	0.00	0.00
GCC	56	21.56	28.32	28.45	21.67	0.00	0.00
GCC	57	21.64	28.47	28.40	21.49	0.00	0.00
GCC	58	23.25	27.03	26.49	23.23	0.00	0.00
GCC	59	21.07	29.30	28.41	21.22	0.00	0.00
GCC	60	21.64	29.03	27.77	21.55	0.00	0.00
GCC	61	22.42	27.84	27.66	22.08	0.00	0.00
GCC	62	21.84	27.95	28.12	22.08	0.00	0.00
GCC	63	21.80	28.31	28.21	21.67	0.00	0.00
GCC	64	21.94	27.94	27.77	22.35	0.00	0.00
GCC	65	21.99	28.68	28.13	21.21	0.00	0.00
GCC	66	22.37	27.86	27.78	21.99	0.00	0.00
GCC	67	22.59	27.48	27.39	22.54	0.00	0.00
GCC	68	21.23	29.19	28.44	21.14	0.00	0.00
GCC	69	21.66	28.39	27.99	21.96	0.00	0.00
GCC	70	22.20	27.76	27.56	22.47	0.00	0.00
GCC	71	21.13	29.01	28.91	20.95	0.00	0.00
GCC	72	22.03	28.34	27.66	21.97	0.00	0.00
GCC	73	22.80	27.25	27.35	22.60	0.00	0.00
GCC	74	22.03	27.90	28.04	22.04	0.00	0.00
GCC	75	21.46	28.51	28.50	21.53	0.00	0.00
GCC	76	22.58	27.41	27.60	22.41	0.00	0.00
GCC	77	21.96	28.21	27.99	21.84	0.00	0.00
GCC	78	21.80	28.13	28.11	21.96	0.00	0.00
GCC	79	22.46	27.64	27.22	22.68	0.00	0.00
GCC	80	22.04	28.33	27.81	21.81	0.00	0.00
GCC	81	21.24	28.17	29.04	21.55	0.00	0.00
GCC	82	23.64	26.16	26.94	23.25	0.00	0.00
GCC	83	22.64	27.07	27.69	22.60	0.00	0.00
GCC	84	22.84	27.22	27.27	22.67	0.00	0.00
GCC	85	22.88	27.10	27.14	22.88	0.00	0.00
GCC	86	22.28	27.91	27.57	22.25	0.00	0.00
GCC	87	21.96	28.14	27.93	21.96	0.00	0.00
GCC	88	23.89	26.08	26.03	24.00	0.00	0.00
GCC	89	22.45	27.76	27.48	22.31	0.00	0.00
GCC	90	22.57	27.23	27.45	22.75	0.00	0.00
# ACGT content per cycle, read oriented. Use `grep ^GCT | cut -f 2-` to extract this part. The columns are: cycle; A,C,G,T base counts as a percentage of all A/C/G/T bases [%]
GCT	1	0.00	0.00	0.00	100.00
GCT	2	0.00	0.00	100.00	0.00
GCT	3	0.00	100.00	0.00	0.00
GCT	4	100.00	0.00	0.00	0.00
GCT	5	0.00	0.00	100.00	0.00
GCT	6	19.68	31.93	31.15	17.25
GCT	7	24.41	23.12	29.23	23.24
GCT	8	21.21	31.74	29.69	17.36
GCT	9	22.02	31.79	26.24	19.95
GCT	10	25.19	23.22	26.46	25.12
GCT	11	20.10	26.87	32.44	20.59
GCT	12	22.74	29.45	30.02	17.80
GCT	13	23.48	23.73	28.19	24.60
GCT	14	18.88	27.51	33.28	20.33
GCT	15	20.67	27.03	30.21	22.09
GCT	16	24.41	24.30	29.39	21.89
GCT	17	18.73	31.52	29.49	20.26
GCT	18	21.57	31.14	26.45	20.83
GCT	19	22.58	30.23	25.21	21.98
GCT	20	19.50	31.97	27.15	21.38
GCT	21	23.39	29.30	27.33	19.98
GCT	22	21.91	26.37	28.70	23.02
GCT	23	19.69	27.81	32.53	19.97
GCT	24	23.09	26.28	30.95	19.67
GCT	25	22.64	25.60	27.19	24.57
GCT	26	20.15	26.56	31.79	21.51
GCT	27	21.72	27.89	30.28	20.11
GCT	28	22.95	28.39	26.55	22.12
GCT	29	21.96	28.58	29.15	20.31
GCT	30	19.79	30.11	28.28	21.82
GCT	31	22.89	25.62	28.99	22.50
GCT	32	20.38	29.99	29.50	20.14
GCT	33	23.10	29.65	27.81	19.44
GCT	34	23.22	27.59	26.44	22.75
GCT	35	20.17	29.55	28.51	21.78
GCT	36	20.81	30.50	27.61	21.07
GCT	37	21.89	28.85	26.62	22.63
GCT	38	18.14	30.41	29.36	22.08
GCT	39	18.15	33.49	26.88	21.48
GCT	40	19.87	29.63	26.12	24.38
GCT	41	19.93	30.43	29.77	19.87
GCT	42	20.60	32.65	25.38	21.38
GCT	43	24.19	27.57	26.58	21.66
GCT	44	20.84	31.52	27.65	19.99
GCT	45	22.45	29.35	26.63	21.57
GCT	46	23.25	27.40	28.12	21.24
GCT	47	20.81	29.68	28.57	20.94
GCT	48	22.26	30.06	26.46	21.21
GCT	49	22.46	28.90	26.04	22.60
GCT	50	20.91	30.00	27.72	21.37
GCT	51	21.57	29.92	26.86	21.65
GCT	52	22.01	28.46	26.96	22.57
GCT	53	21.45	29.31	27.66	21.58
GCT	54	21.98	30.21	26.76	21.06
GCT	55	21.73	28.57	26.63	23.08
GCT	56	21.42	29.22	27.55	21.81
GCT	57	21.97	30.91	25.96	21.17
GCT	58	23.44	28.54	24.99	23.04
GCT	59	19.95	30.01	27.70	22.34
GCT	60	21.78	30.14	26.66	21.41
GCT	61	22.04	29.44	26.06	22.46
GCT	62	21.79	29.15	26.93	22.14
GCT	63	22.02	28.23	28.30	21.46
GCT	64	21.94	28.46	27.24	22.35
GCT	65	21.17	29.09	27.72	22.02
GCT	66	22.37	28.50	27.14	21.99
GCT	67	22.34	28.02	26.85	22.79
GCT	68	21.29	29.57	28.06	21.08
GCT	69	20.84	30.33	26.05	22.78
GCT	70	21.97	28.37	26.95	22.70
GCT	71	21.29	30.90	27.02	20.79
GCT	72	23.45	29.44	26.56	20.56
GCT	73	23.54	28.25	26.34	21.87
GCT	74	22.10	28.97	26.96	21.97
GCT	75	21.63	29.15	27.85	21.37
GCT	76	22.24	28.85	26.16	22.74
GCT	77	22.43	29.68	26.52	21.37
GCT	78	22.04	29.46	26.78	21.72
GCT	79	22.79	28.31	26.55	22.35
GCT	80	22.93	28.25	27.89	20.93
GCT	81	21.94	29.84	27.37	20.85
GCT	82	25.62	27.10	26.00	21.27
GCT	83	22.97	28.89	25.87	22.27
GCT	84	23.47	28.53	25.96	22.03
GCT	85	24.12	26.31	27.93	21.64
GCT	86	22.73	25.75	29.73	21.80
GCT	87	24.29	27.54	28.53	19.64
GCT	88	26.49	25.53	26.59	21.40
GCT	89	24.62	25.19	30.05	20.14
GCT	90	26.37	25.56	29.12	18.95
# ACGT content per cycle for first fragments. Use `grep ^FBC | cut -f 2-` to extract this part. The columns are: cycle; A,C,G,T base counts as a percentage of all A/C/G/T bases [%]; and N and O counts as a percentage of all A/C/G/T bases [%]
FBC	1	47.04	0.00	0.00	52.96	0.00	0.00
FBC	2	0.00	47.04	52.96	0.00	0.00	0.00
FBC	3	0.00	52.96	47.04	0.00	0.00	0.00
FBC	4	52.96	0.00	0.00	47.04	0.00	0.00
FBC	5	0.00	47.04	52.96	0.00	0.00	0.00
FBC	6	18.43	31.77	31.31	18.49	0.00	0.00
FBC	7	24.18	26.01	26.34	23.47	0.00	0.00
FBC	8	19.63	30.67	30.75	18.95	0.00	0.00
FBC	9	21.30	29.70	28.33	20.67	0.00	0.00
FBC	10	25.03	24.92	24.76	25.29	0.00	0.00
FBC	11	20.27	29.42	29.90	20.42	0.00	0.00
FBC	12	20.27	29.72	29.75	20.27	0.00	0.00
FBC	13	24.14	25.66	26.26	23.94	0.00	0.00
FBC	14	19.31	30.14	30.64	19.91	0.00	0.00
FBC	15	21.31	28.70	28.54	21.45	0.00	0.00
FBC	16	22.84	26.70	26.99	23.46	0.00	0.00
FBC	17	19.48	30.44	30.57	19.51	0.00	0.00
FBC	18	21.04	28.94	28.66	21.36	0.00	0.00
FBC	19	22.26	27.88	27.56	22.30	0.00	0.00
FBC	20	20.09	29.67	29.44	20.80	0.00	0.00
FBC	21	21.77	28.57	28.06	21.59	0.00	0.00
FBC	22	22.47	27.73	27.33	22.46	0.00	0.00
FBC	23	19.91	30.23	30.11	19.75	0.00	0.00
FBC	24	21.40	28.68	28.55	21.37	0.00	0.00
FBC	25	23.73	26.48	26.31	23.47	0.00	0.00
FBC	26	20.79	29.10	29.24	20.87	0.00	0.00
FBC	27	20.74	29.05	29.12	21.09	0.00	0.00
FBC	28	22.42	27.52	27.41	22.65	0.00	0.00
FBC	29	21.13	29.05	28.68	21.13	0.00	0.00
FBC	30	20.73	29.13	29.26	20.89	0.00	0.00
FBC	31	22.63	27.32	27.30	22.75	0.00	0.00
FBC	32	19.94	29.77	29.71	20.58	0.00	0.00
FBC	33	21.50	28.71	28.75	21.04	0.00	0.00
FBC	34	23.06	27.18	26.85	22.91	0.00	0.00
FBC	35	20.92	29.09	28.97	21.02	0.00	0.00
FBC	36	20.91	29.28	28.83	20.97	0.00	0.00
FBC	37	22.12	27.98	27.49	22.40	0.00	0.00
FBC	38	20.16	30.13	29.65	20.06	0.00	0.00
FBC	39	19.58	30.29	30.08	20.06	0.00	0.00
FBC	40	21.96	27.89	27.86	22.28	0.00	0.00
FBC	41	20.14	30.19	30.01	19.66	0.00	0.00
FBC	42	21.13	29.64	28.38	20.84	0.00	0.00
FBC	43	22.88	27.17	26.99	22.97	0.00	0.00
FBC	44	20.39	29.56	29.61	20.44	0.00	0.00
FBC	45	21.93	28.20	27.78	22.09	0.00	0.00
FBC	46	22.32	27.74	27.78	22.16	0.00	0.00
FBC	47	20.76	29.34	28.90	21.00	0.00	0.00
FBC	48	21.74	28.49	28.04	21.73	0.00	0.00
FBC	49	22.49	27.86	27.08	22.57	0.00	0.00
FBC	50	21.19	29.23	28.49	21.09	0.00	0.00
FBC	51	21.60	28.46	28.33	21.62	0.00	0.00
FBC	52	22.42	27.95	27.47	22.15	0.00	0.00
FBC	53	21.31	28.65	28.31	21.73	0.00	0.00
FBC	54	21.59	28.79	28.18	21.44	0.00	0.00
FBC	55	22.38	27.88	27.31	22.42	0.00	0.00
FBC	56	21.56	28.32	28.45	21.67	0.00	0.00
FBC	57	21.64	28.47	28.40	21.49	0.00	0.00
FBC	58	23.25	27.03	26.49	23.23	0.00	0.00
FBC	59	21.07	29.30	28.41	21.22	0.00	0.00
FBC	60	21.64	29.03	27.77	21.55	0.00	0.00
FBC	61	22.42	27.84	27.66	22.08	0.00	0.00
FBC	62	21.84	27.95	28.12	22.08	0.00	0.00
FBC	63	21.80	28.31	28.21	21.67	0.00	0.00
FBC	64	21.94	27.94	27.77	22.35	0.00	0.00
FBC	65	21.99	28.68	28.13	21.21	0.00	0.00
FBC	66	22.37	27.86	27.78	21.99	0.00	0.00
FBC	67	22.59	27.48	27.39	22.54	0.00	0.00
FBC	68	21.23	29.19	28.44	21.14	0.00	0.00
FBC	69	21.66	28.39	27.99	21.96	0.00	0.00
FBC	70	22.20	27.76	27.56	22.47	0.00	0.00
FBC	71	21.13	29.01	28.91	20.95	0.00	0.00
FBC	72	22.03	28.34	27.66	21.97	0.00	0.00
FBC	73	22.80	27.25	27.35	22.60	0.00	0.00
FBC	74	22.03	27.90	28.04	22.04	0.00	0.00
FBC	75	21.46	28.51	28.50	21.53	0.00	0.00
FBC	76	22.58	27.41	27.60	22.41	0.00	0.00
FBC	77	21.96	28.21	27.99	21.84	0.00	0.00
FBC	78	21.80	28.13	28.11	21.96	0.00	0.00
FBC	79	22.46	27.64	27.22	22.68	0.00	0.00
FBC	80	22.04	28.33	27.81	21.81	0.00	0.00
FBC	81	21.24	28.17	29.04	21.55	0.00	0.00
FBC	82	23.64	26.16	26.94	23.25	0.00	0.00
FBC	83	22.64	27.07	27.69	22.60	0.00	0.00
FBC	84	22.84	27.22	27.27	22.67	0.00	0.00
FBC	85	22.88	27.10	27.14	22.88	0.00	0.00
FBC	86	22.28	27.91	27.57	22.25	0.00	0.00
FBC	87	21.96	28.14	27.93	21.96	0.00	0.00
FBC	88	23.89	26.08	26.03	24.00	0.00	0.00
FBC	89	22.45	27.76	27.48	22.31	0.00	0.00
FBC	90	22.57	27.23	27.45	22.75	0.00	0.00
# ACGT raw counters for first fragments. Use `grep ^FTC | cut -f 2-` to extract this part. The columns are: A,C,G,T,N base counters
FTC	30383088	40411139	40287563	30408093	0
# ACGT content per cycle for last fragments. Use `grep ^LBC | cut -f 2-` to extract this part. The columns are: cycle; A,C,G,T base counts as a percentage of all A/C/G/T bases [%]; and N and O counts as a percentage of all A/C/G/T bases [%]
# ACGT raw counters for last fragments. Use `grep ^LTC | cut -f 2-` to extract this part. The columns are: A,C,G,T,N base counters
LTC	0	0	0	0	0
# Insert sizes. Use `grep ^IS | cut -f 2-` to extract this part. The columns are: insert size, pairs total, inward oriented pairs, outward oriented pairs, other pairs
# Read lengths. Use `grep ^RL | cut -f 2-` to extract this part. The columns are: read length, count
RL	40	55017
RL	41	59400
RL	42	56889
RL	43	103995
RL	44	44945
RL	45	74083
RL	46	56050
RL	47	40126
RL	48	49936
RL	49	34807
RL	50	33667
RL	51	31574
RL	52	32884
RL	53	33633
RL	54	41848
RL	55	34112
RL	56	35159
RL	57	30187
RL	58	34923
RL	59	25470
RL	60	25853
RL	61	28818
RL	62	29877
RL	63	23583
RL	64	26698
RL	65	24042
RL	66	20996
RL	67	21830
RL	68	18368
RL	69	19464
RL	70	21403
RL	71	18858
RL	72	27072
RL	73	26492
RL	74	18569
RL	75	16003
RL	76	17580
RL	77	16431
RL	78	16657
RL	79	97
RL	80	342
RL	81	460
RL	82	453
RL	83	469
RL	84	552
RL	85	544
RL	86	717
RL	87	1168
RL	88	2358
RL	89	12505
RL	90	752178
# Read lengths - first fragments. Use `grep ^FRL | cut -f 2-` to extract this part. The columns are: read length, count
FRL	40	55017
FRL	41	59400
FRL	42	56889
FRL	43	103995
FRL	44	44945
FRL	45	74083
FRL	46	56050
FRL	47	40126
FRL	48	49936
FRL	49	34807
FRL	50	33667
FRL	51	31574
FRL	52	32884
FRL	53	33633
FRL	54	41848
FRL	55	34112
FRL	56	35159
FRL	57	30187
FRL	58	34923
FRL	59	25470
FRL	60	25853
FRL	61	28818
FRL	62	29877
FRL	63	23583
FRL	64	26698
FRL	65	24042
FRL	66	20996
FRL	67	21830
FRL	68	18368
FRL	69	19464
FRL	70	21403
FRL	71	18858
FRL	72	27072
FRL	73	26492
FRL	74	18569
FRL	75	16003
FRL	76	17580
FRL	77	16431
FRL	78	16657
FRL	79	97
FRL	80	342
FRL	81	460
FRL	82	453
FRL	83	469
FRL	84	552
FRL	85	544
FRL	86	717
FRL	87	1168
FRL	88	2358
FRL	89	12505
FRL	90	752178
# Read lengths - last fragments. Use `grep ^LRL | cut -f 2-` to extract this part. The columns are: read length, count
# Mapping qualities for reads !(UNMAP|SECOND|SUPPL|QCFAIL|DUP). Use `grep ^MAPQ | cut -f 2-` to extract this part. The columns are: mapq, count
MAPQ	0	334011
MAPQ	1	3408
MAPQ	2	8946
MAPQ	3	5128
MAPQ	4	4878
MAPQ	5	3185
MAPQ	6	3558
MAPQ	7	4410
MAPQ	8	4344
MAPQ	9	4679
MAPQ	10	4845
MAPQ	11	3531
MAPQ	12	3187
MAPQ	13	2662
MAPQ	14	1339
MAPQ	15	1788
MAPQ	16	1854
MAPQ	17	1679
MAPQ	18	1737
MAPQ	19	2381
MAPQ	20	2734
MAPQ	21	2169
MAPQ	22	3982
MAPQ	23	2478
MAPQ	24	3944
MAPQ	25	4659
MAPQ	26	1940
MAPQ	27	4057
MAPQ	28	1611
MAPQ	29	1702
MAPQ	30	1891
MAPQ	31	1320
MAPQ	32	1941
MAPQ	33	2434
MAPQ	34	1494
MAPQ	35	1816
MAPQ	36	1583
MAPQ	37	1870
MAPQ	38	1728
MAPQ	39	1828
MAPQ	40	2306
MAPQ	41	1506
MAPQ	42	1745
MAPQ	43	1540
MAPQ	44	3626
MAPQ	45	2201
MAPQ	46	1875
MAPQ	47	2807
MAPQ	48	2845
MAPQ	49	4451
MAPQ	50	3831
MAPQ	51	3031
MAPQ	52	3676
MAPQ	53	2107
MAPQ	54	6700
MAPQ	55	4479
MAPQ	56	3173
MAPQ	57	3501
MAPQ	58	3529
MAPQ	59	6499
MAPQ	60	1462329
# Indel distribution. Use `grep ^ID | cut -f 2-` to extract this part. The columns are: length, number of insertions, number of deletions
ID	1	31814	50755
ID	2	10043	12140
ID	3	4504	5946
ID	4	2621	3958
ID	5	1743	2837
ID	6	1862	2794
ID	7	1069	1801
ID	8	1069	1617
ID	9	595	1268
ID	10	521	1002
ID	11	583	917
ID	12	332	779
ID	13	204	506
ID	14	208	488
ID	15	139	421
ID	16	152	288
ID	17	106	237
ID	18	94	222
ID	19	27	229
ID	20	10	169
ID	21	35	100
ID	22	8	56
ID	23	30	75
ID	24	1	88
ID	25	1	21
ID	26	3	36
ID	27	0	41
ID	29	0	7
ID	30	0	2
ID	31	0	10
ID	33	0	2
ID	35	0	7
ID	37	0	2
# Indels per cycle. Use `grep ^IC | cut -f 2-` to extract this part. The columns are: cycle, number of insertions (fwd), .. (rev) , number of deletions (fwd), .. (rev)
IC	3	0	0	131	0
IC	4	78	0	945	0
IC	5	586	0	659	0
IC	6	470	0	509	0
IC	7	415	0	847	0
IC	8	518	0	1110	0
IC	9	570	0	1176	0
IC	10	678	0	1071	0
IC	11	734	0	1329	0
IC	12	972	0	1152	0
IC	13	838	0	1120	0
IC	14	817	0	1283	0
IC	15	726	0	1948	0
IC	16	990	0	1677	0
IC	17	1141	0	1141	0
IC	18	1031	0	1358	0
IC	19	778	0	1559	0
IC	20	1033	0	1412	0
IC	21	985	0	1408	0
IC	22	1084	0	1527	0
IC	23	932	0	1322	0
IC	24	863	0	1865	0
IC	25	1047	0	1704	0
IC	26	1002	0	1516	0
IC	27	993	0	1316	0
IC	28	904	0	1694	0
IC	29	1035	0	1242	0
IC	30	1213	0	1387	0
IC	31	900	0	1746	0
IC	32	1249	0	1502	0
IC	33	891	0	1553	0
IC	34	961	0	1465	0
IC	35	936	0	1376	0
IC	36	1053	0	1448	0
IC	37	1076	0	1479	0
IC	38	1046	0	1881	0
IC	39	963	0	1576	0
IC	40	1071	0	1534	0
IC	41	1162	0	1279	0
IC	42	939	0	1209	0
IC	43	1003	0	1218	0
IC	44	878	0	1327	0
IC	45	958	0	1258	0
IC	46	814	0	1373	0
IC	47	842	0	1565	0
IC	48	746	0	1289	0
IC	49	825	0	1204	0
IC	50	932	0	1249	0
IC	51	743	0	1413	0
IC	52	662	0	1231	0
IC	53	763	0	1142	0
IC	54	684	0	1071	0
IC	55	619	0	1106	0
IC	56	683	0	914	0
IC	57	538	0	865	0
IC	58	573	0	925	0
IC	59	632	0	964	0
IC	60	671	0	907	0
IC	61	644	0	837	0
IC	62	537	0	918	0
IC	63	553	0	825	0
IC	64	515	0	846	0
IC	65	550	0	859	0
IC	66	464	0	814	0
IC	67	462	0	679	0
IC	68	420	0	671	0
IC	69	367	0	632	0
IC	70	323	0	451	0
IC	71	376	0	595	0
IC	72	361	0	513	0
IC	73	313	0	558	0
IC	74	278	0	480	0
IC	75	289	0	498	0
IC	76	243	0	390	0
IC	77	321	0	503	0
IC	78	237	0	422	0
IC	79	257	0	394	0
IC	80	221	0	429	0
IC	81	201	0	360	0
IC	82	226	0	323	0
IC	83	204	0	221	0
IC	84	129	0	252	0
IC	85	197	0	236	0
IC	86	484	0	300	0
IC	87	356	0	338	0
# Coverage distribution. Use `grep ^COV | cut -f 2-` to extract this part.
COV	[1-1]	1	4909160
COV	[2-2]	2	2070735
COV	[3-3]	3	1240585
COV	[4-4]	4	844131
COV	[5-5]	5	620217
COV	[6-6]	6	481911
COV	[7-7]	7	404052
COV	[8-8]	8	324431
COV	[9-9]	9	278212
COV	[10-10]	10	244565
COV	[11-11]	11	208673
COV	[12-12]	12	191911
COV	[13-13]	13	170581
COV	[14-14]	14	151175
COV	[15-15]	15	143799
COV	[16-16]	16	131475
COV	[17-17]	17	122088
COV	[18-18]	18	116857
COV	[19-19]	19	103320
COV	[20-20]	20	97382
COV	[21-21]	21	93826
COV	[22-22]	22	84289
COV	[23-23]	23	77204
COV	[24-24]	24	77641
COV	[25-25]	25	70351
COV	[26-26]	26	62756
COV	[27-27]	27	64298
COV	[28-28]	28	60714
COV	[29-29]	29	58161
COV	[30-30]	30	55690
COV	[31-31]	31	51932
COV	[32-32]	32	47812
COV	[33-33]	33	45204
COV	[34-34]	34	43082
COV	[35-35]	35	40238
COV	[36-36]	36	37603
COV	[37-37]	37	34515
COV	[38-38]	38	33421
COV	[39-39]	39	34006
COV	[40-40]	40	31190
COV	[41-41]	41	30608
COV	[42-42]	42	28424
COV	[43-43]	43	27042
COV	[44-44]	44	24650
COV	[45-45]	45	24881
COV	[46-46]	46	23609
COV	[47-47]	47	23858
COV	[48-48]	48	22425
COV	[49-49]	49	20144
COV	[50-50]	50	18109
COV	[51-51]	51	19203
COV	[52-52]	52	17809
COV	[53-53]	53	17408
COV	[54-54]	54	16369
COV	[55-55]	55	16894
COV	[56-56]	56	14784
COV	[57-57]	57	13525
COV	[58-58]	58	12452
COV	[59-59]	59	12812
COV	[60-60]	60	12141
COV	[61-61]	61	11840
COV	[62-62]	62	11432
COV	[63-63]	63	11055
COV	[64-64]	64	11390
COV	[65-65]	65	10830
COV	[66-66]	66	8246
COV	[67-67]	67	8827
COV	[68-68]	68	9669
COV	[69-69]	69	7756
COV	[70-70]	70	7618
COV	[71-71]	71	7905
COV	[72-72]	72	7848
COV	[73-73]	73	6967
COV	[74-74]	74	7269
COV	[75-75]	75	6235
COV	[76-76]	76	6118
COV	[77-77]	77	6210
COV	[78-78]	78	5835
COV	[79-79]	79	5406
COV	[80-80]	80	5519
COV	[81-81]	81	4742
COV	[82-82]	82	4288
COV	[83-83]	83	4387
COV	[84-84]	84	3614
COV	[85-85]	85	3929
COV	[86-86]	86	3612
COV	[87-87]	87	3492
COV	[88-88]	88	3793
COV	[89-89]	89	3732
COV	[90-90]	90	3191
COV	[91-91]	91	2766
COV	[92-92]	92	2490
COV	[93-93]	93	2631
COV	[94-94]	94	2749
COV	[95-95]	95	2292
COV	[96-96]	96	2711
COV	[97-97]	97	2087
COV	[98-98]	98	2106
COV	[99-99]	99	2224
COV	[100-100]	100	2113
COV	[101-101]	101	1894
COV	[102-102]	102	1389
COV	[103-103]	103	1453
COV	[104-104]	104	1406
COV	[105-105]	105	1222
COV	[106-106]	106	1564
COV	[107-107]	107	1274
COV	[108-108]	108	912
COV	[109-109]	109	821
COV	[110-110]	110	740
COV	[111-111]	111	1133
COV	[112-112]	112	1294
COV	[113-113]	113	863
COV	[114-114]	114	1032
COV	[115-115]	115	1001
COV	[116-116]	116	1048
COV	[117-117]	117	1043
COV	[118-118]	118	957
COV	[119-119]	119	1058
COV	[120-120]	120	840
COV	[121-121]	121	697
COV	[122-122]	122	725
COV	[123-123]	123	916
COV	[124-124]	124	459
COV	[125-125]	125	602
COV	[126-126]	126	918
COV	[127-127]	127	810
COV	[128-128]	128	546
COV	[129-129]	129	620
COV	[130-130]	130	727
COV	[131-131]	131	386
COV	[132-132]	132	661
COV	[133-133]	133	483
COV	[134-134]	134	698
COV	[135-135]	135	433
COV	[136-136]	136	657
COV	[137-137]	137	479
COV	[138-138]	138	427
COV	[139-139]	139	340
COV	[140-140]	140	494
COV	[141-141]	141	459
COV	[142-142]	142	685
COV	[143-143]	143	601
COV	[144-144]	144	436
COV	[145-145]	145	456
COV	[146-146]	146	539
COV	[147-147]	147	437
COV	[148-148]	148	598
COV	[149-149]	149	611
COV	[150-150]	150	142
COV	[151-151]	151	186
COV	[152-152]	152	337
COV	[153-153]	153	162
COV	[154-154]	154	293
COV	[155-155]	155	186
COV	[156-156]	156	235
COV	[157-157]	157	255
COV	[158-158]	158	330
COV	[159-159]	159	268
COV	[160-160]	160	335
COV	[161-161]	161	270
COV	[162-162]	162	414
COV	[163-163]	163	265
COV	[164-164]	164	256
COV	[165-165]	165	252
COV	[166-166]	166	343
COV	[167-167]	167	267
COV	[168-168]	168	156
COV	[169-169]	169	130
COV	[170-170]	170	179
COV	[171-171]	171	189
COV	[172-172]	172	346
COV	[173-173]	173	203
COV	[174-174]	174	138
COV	[175-175]	175	92
COV	[176-176]	176	336
COV	[177-177]	177	235
COV	[178-178]	178	171
COV	[179-179]	179	146
COV	[180-180]	180	91
COV	[181-181]	181	89
COV	[182-182]	182	246
COV	[183-183]	183	129
COV	[184-184]	184	161
COV	[185-185]	185	99
COV	[186-186]	186	94
COV	[187-187]	187	206
COV	[188-188]	188	206
COV	[189-189]	189	75
COV	[190-190]	190	94
COV	[191-191]	191	104
COV	[192-192]	192	81
COV	[193-193]	193	88
COV	[194-194]	194	116
COV	[195-195]	195	39
COV	[196-196]	196	105
COV	[197-197]	197	104
COV	[198-198]	198	42
COV	[199-199]	199	105
COV	[200-200]	200	125
COV	[201-201]	201	148
COV	[202-202]	202	69
COV	[203-203]	203	34
COV	[204-204]	204	46
COV	[205-205]	205	145
COV	[206-206]	206	187
COV	[207-207]	207	222
COV	[208-208]	208	212
COV	[209-209]	209	191
COV	[210-210]	210	121
COV	[211-211]	211	119
COV	[212-212]	212	223
COV	[213-213]	213	88
COV	[214-214]	214	61
COV	[215-215]	215	99
COV	[216-216]	216	81
COV	[217-217]	217	131
COV	[218-218]	218	71
COV	[219-219]	219	98
COV	[220-220]	220	90
COV	[221-221]	221	7
COV	[222-222]	222	113
COV	[223-223]	223	36
COV	[224-224]	224	64
COV	[225-225]	225	16
COV	[226-226]	226	63
COV	[227-227]	227	122
COV	[228-228]	228	144
COV	[229-229]	229	22
COV	[230-230]	230	117
COV	[231-231]	231	56
COV	[232-232]	232	60
COV	[233-233]	233	52
COV	[234-234]	234	43
COV	[235-235]	235	116
COV	[236-236]	236	44
COV	[237-237]	237	131
COV	[238-238]	238	17
COV	[239-239]	239	60
COV	[240-240]	240	88
COV	[241-241]	241	92
COV	[242-242]	242	30
COV	[243-243]	243	4
COV	[244-244]	244	45
COV	[245-245]	245	45
COV	[246-246]	246	48
COV	[247-247]	247	66
COV	[248-248]	248	40
COV	[249-249]	249	36
COV	[250-250]	250	48
COV	[251-251]	251	83
COV	[252-252]	252	68
COV	[253-253]	253	188
COV	[254-254]	254	77
COV	[255-255]	255	9
COV	[256-256]	256	51
COV	[257-257]	257	51
COV	[258-258]	258	110
COV	[259-259]	259	59
COV	[260-260]	260	98
COV	[261-261]	261	91
COV	[262-262]	262	21
COV	[263-263]	263	10
COV	[264-264]	264	64
COV	[265-265]	265	22
COV	[266-266]	266	60
COV	[267-267]	267	46
COV	[268-268]	268	109
COV	[269-269]	269	28
COV	[270-270]	270	107
COV	[271-271]	271	13
COV	[272-272]	272	82
COV	[273-273]	273	7
COV	[274-274]	274	30
COV	[275-275]	275	3
COV	[276-276]	276	24
COV	[277-277]	277	6
COV	[278-278]	278	58
COV	[279-279]	279	16
COV	[280-280]	280	53
COV	[281-281]	281	52
COV	[282-282]	282	43
COV	[283-283]	283	1
COV	[284-284]	284	2
COV	[286-286]	286	64
COV	[287-287]	287	1
COV	[288-288]	288	16
COV	[289-289]	289	11
COV	[290-290]	290	14
COV	[291-291]	291	4
COV	[292-292]	292	48
COV	[293-293]	293	1
COV	[294-294]	294	2
COV	[295-295]	295	6
COV	[296-296]	296	2
COV	[297-297]	297	8
COV	[298-298]	298	4
COV	[299-299]	299	44
COV	[300-300]	300	4
COV	[301-301]	301	19
COV	[302-302]	302	11
COV	[303-303]	303	9
COV	[304-304]	304	51
COV	[305-305]	305	57
COV	[306-306]	306	5
COV	[307-307]	307	3
COV	[308-308]	308	16
COV	[309-309]	309	59
COV	[311-311]	311	26
COV	[312-312]	312	54
COV	[313-313]	313	39
COV	[314-314]	314	6
COV	[316-316]	316	2
COV	[319-319]	319	6
COV	[320-320]	320	35
COV	[321-321]	321	2
COV	[324-324]	324	10
COV	[325-325]	325	2
COV	[326-326]	326	2
COV	[327-327]	327	5
COV	[328-328]	328	1
COV	[329-329]	329	2
COV	[330-330]	330	3
COV	[331-331]	331	11
COV	[332-332]	332	86
COV	[333-333]	333	9
COV	[334-334]	334	5
COV	[335-335]	335	51
COV	[336-336]	336	38
COV	[337-337]	337	18
COV	[338-338]	338	1
COV	[339-339]	339	6
COV	[340-340]	340	5
COV	[341-341]	341	18
COV	[342-342]	342	3
COV	[343-343]	343	22
COV	[344-344]	344	10
COV	[345-345]	345	14
COV	[346-346]	346	1
COV	[347-347]	347	4
COV	[348-348]	348	61
COV	[349-349]	349	15
COV	[350-350]	350	33
COV	[351-351]	351	23
COV	[352-352]	352	62
COV	[353-353]	353	33
COV	[354-354]	354	28
COV	[355-355]	355	36
COV	[356-356]	356	4
COV	[357-357]	357	34
COV	[358-358]	358	5
COV	[359-359]	359	2
COV	[360-360]	360	43
COV	[361-361]	361	1
COV	[364-364]	364	1
COV	[365-365]	365	4
COV	[366-366]	366	20
COV	[367-367]	367	28
COV	[370-370]	370	3
COV	[371-371]	371	1
COV	[372-372]	372	16
COV	[373-373]	373	1
COV	[374-374]	374	2
COV	[375-375]	375	21
COV	[376-376]	376	52
COV	[378-378]	378	3
COV	[379-379]	379	1
COV	[380-380]	380	5
COV	[383-383]	383	4
COV	[385-385]	385	57
COV	[386-386]	386	1
COV	[388-388]	388	1
COV	[389-389]	389	2
COV	[390-390]	390	1
COV	[391-391]	391	2
COV	[392-392]	392	2
COV	[393-393]	393	4
COV	[394-394]	394	3
COV	[395-395]	395	1
COV	[396-396]	396	1
COV	[397-397]	397	1
COV	[398-398]	398	1
COV	[399-399]	399	1
COV	[400-400]	400	8
COV	[401-401]	401	67
COV	[403-403]	403	1
COV	[405-405]	405	1
COV	[407-407]	407	1
COV	[408-408]	408	1
COV	[409-409]	409	55
COV	[410-410]	410	43
COV	[412-412]	412	1
COV	[414-414]	414	5
COV	[417-417]	417	5
COV	[419-419]	419	39
COV	[420-420]	420	28
COV	[421-421]	421	1
COV	[422-422]	422	5
COV	[423-423]	423	44
COV	[424-424]	424	3
COV	[425-425]	425	2
COV	[426-426]	426	34
COV	[427-427]	427	10
COV	[428-428]	428	4
COV	[429-429]	429	3
COV	[430-430]	430	12
COV	[431-431]	431	41
COV	[432-432]	432	28
COV	[433-433]	433	51
COV	[434-434]	434	35
COV	[435-435]	435	9
COV	[436-436]	436	8
COV	[437-437]	437	15
COV	[438-438]	438	30
COV	[439-439]	439	62
COV	[440-440]	440	36
COV	[441-441]	441	20
COV	[442-442]	442	87
COV	[443-443]	443	26
COV	[444-444]	444	45
COV	[445-445]	445	1
COV	[446-446]	446	1
COV	[451-451]	451	1
COV	[454-454]	454	6
COV	[455-455]	455	36
COV	[456-456]	456	1
COV	[457-457]	457	1
COV	[460-460]	460	2
COV	[461-461]	461	1
COV	[462-462]	462	38
COV	[463-463]	463	1
COV	[467-467]	467	1
COV	[468-468]	468	1
COV	[472-472]	472	2
COV	[473-473]	473	1
COV	[474-474]	474	2
COV	[475-475]	475	2
COV	[476-476]	476	41
COV	[477-477]	477	9
COV	[478-478]	478	24
COV	[479-479]	479	34
COV	[480-480]	480	15
COV	[481-481]	481	3
COV	[482-482]	482	2
COV	[484-484]	484	1
COV	[485-485]	485	2
COV	[486-486]	486	1
COV	[490-490]	490	4
COV	[491-491]	491	5
COV	[492-492]	492	7
COV	[493-493]	493	16
COV	[494-494]	494	21
COV	[496-496]	496	25
COV	[497-497]	497	13
COV	[499-499]	499	1
COV	[505-505]	505	1
COV	[506-506]	506	1
COV	[509-509]	509	1
COV	[511-511]	511	4
COV	[512-512]	512	2
COV	[514-514]	514	1
COV	[517-517]	517	1
COV	[518-518]	518	1
COV	[539-539]	539	1
COV	[540-540]	540	8
COV	[547-547]	547	1
COV	[549-549]	549	6
COV	[550-550]	550	39
COV	[552-552]	552	2
COV	[556-556]	556	1
COV	[557-557]	557	1
COV	[568-568]	568	1
COV	[569-569]	569	2
COV	[570-570]	570	3
COV	[574-574]	574	2
COV	[575-575]	575	4
COV	[576-576]	576	66
COV	[577-577]	577	5
COV	[578-578]	578	10
COV	[583-583]	583	4
COV	[584-584]	584	1
COV	[585-585]	585	3
COV	[586-586]	586	3
COV	[587-587]	587	15
COV	[588-588]	588	29
COV	[591-591]	591	11
COV	[592-592]	592	5
COV	[594-594]	594	27
COV	[595-595]	595	1
COV	[596-596]	596	3
COV	[597-597]	597	12
COV	[598-598]	598	11
COV	[600-600]	600	40
COV	[601-601]	601	3
COV	[602-602]	602	65
COV	[603-603]	603	2
COV	[604-604]	604	5
COV	[605-605]	605	1
COV	[606-606]	606	4
COV	[607-607]	607	3
COV	[608-608]	608	7
COV	[609-609]	609	33
COV	[612-612]	612	2
COV	[613-613]	613	2
COV	[614-614]	614	1
COV	[620-620]	620	4
COV	[621-621]	621	3
COV	[626-626]	626	1
COV	[628-628]	628	1
COV	[630-630]	630	7
COV	[631-631]	631	35
COV	[633-633]	633	1
COV	[635-635]	635	2
COV	[640-640]	640	2
COV	[645-645]	645	1
COV	[646-646]	646	1
COV	[652-652]	652	4
COV	[653-653]	653	2
COV	[654-654]	654	36
COV	[655-655]	655	1
COV	[656-656]	656	2
COV	[657-657]	657	1
COV	[658-658]	658	1
COV	[662-662]	662	2
COV	[663-663]	663	8
COV	[664-664]	664	42
COV	[665-665]	665	2
COV	[701-701]	701	1
COV	[704-704]	704	1
COV	[709-709]	709	1
COV	[710-710]	710	1
COV	[727-727]	727	1
COV	[732-732]	732	1
COV	[733-733]	733	1
COV	[734-734]	734	1
COV	[758-758]	758	1
COV	[759-759]	759	1
COV	[760-760]	760	2
COV	[765-765]	765	3
COV	[766-766]	766	1
COV	[779-779]	779	2
COV	[781-781]	781	2
COV	[820-820]	820	1
COV	[831-831]	831	1
COV	[834-834]	834	1
COV	[835-835]	835	1
COV	[852-852]	852	1
COV	[861-861]	861	1
COV	[864-864]	864	2
COV	[880-880]	880	1
COV	[908-908]	908	11
COV	[917-917]	917	1
COV	[924-924]	924	1
COV	[925-925]	925	2
COV	[939-939]	939	1
COV	[941-941]	941	2
COV	[942-942]	942	5
COV	[944-944]	944	10
COV	[945-945]	945	1
COV	[946-946]	946	2
COV	[947-947]	947	7
COV	[948-948]	948	2
COV	[949-949]	949	13
COV	[950-950]	950	1
COV	[951-951]	951	1
COV	[952-952]	952	1
COV	[969-969]	969	1
COV	[991-991]	991	36
COV	[996-996]	996	1
COV	[997-997]	997	1
COV	[1000<]	1000	389
# GC-depth. Use `grep ^GCD | cut -f 2-` to extract this part. The columns are: GC%, unique sequence percentiles, 10th, 25th, 50th, 75th and 90th depth percentile
GCD	0.0	0.204	0.003	0.003	0.003	0.003	0.007
GCD	3.0	0.207	0.060	0.060	0.060	0.060	0.060
GCD	6.0	0.210	0.090	0.090	0.090	0.090	0.090
GCD	11.0	0.213	0.007	0.007	0.007	0.007	0.007
GCD	12.0	0.216	0.034	0.034	0.034	0.034	0.034
GCD	13.0	0.225	0.007	0.007	0.010	0.010	0.010
GCD	14.0	0.234	0.007	0.007	0.007	0.010	0.010
GCD	15.0	0.237	0.010	0.010	0.010	0.010	0.010
GCD	16.0	0.240	0.007	0.007	0.007	0.007	0.007
GCD	17.0	0.249	0.007	0.007	0.007	0.007	0.007
GCD	18.0	0.255	0.007	0.007	0.007	0.007	0.007
GCD	19.0	0.273	0.007	0.007	0.007	0.013	0.023
GCD	20.0	0.282	0.007	0.007	0.007	0.010	0.010
GCD	21.0	0.300	0.003	0.003	0.007	0.008	0.010
GCD	22.0	0.327	0.003	0.005	0.007	0.007	0.010
GCD	23.0	0.351	0.003	0.003	0.005	0.017	0.030
GCD	24.0	0.363	0.007	0.007	0.008	0.013	0.013
GCD	25.0	0.384	0.003	0.007	0.013	0.017	0.037
GCD	26.0	0.432	0.003	0.003	0.007	0.010	0.018
GCD	27.0	0.474	0.003	0.003	0.003	0.007	0.013
GCD	28.0	0.555	0.003	0.003	0.007	0.007	0.011
GCD	29.0	0.639	0.003	0.003	0.007	0.007	0.011
GCD	30.0	0.734	0.003	0.003	0.007	0.010	0.020
GCD	31.0	0.929	0.003	0.003	0.007	0.010	0.026
GCD	32.0	1.154	0.003	0.003	0.007	0.013	0.020
GCD	33.0	1.493	0.003	0.003	0.010	0.015	0.023
GCD	34.0	1.871	0.003	0.003	0.007	0.010	0.020
GCD	35.0	2.161	0.007	0.010	0.013	0.020	0.040
GCD	36.0	2.782	0.003	0.003	0.010	0.017	0.027
GCD	37.0	3.663	0.003	0.007	0.010	0.023	0.047
GCD	38.0	4.668	0.003	0.007	0.013	0.023	0.048
GCD	39.0	5.834	0.003	0.007	0.013	0.027	0.047
GCD	40.0	7.297	0.003	0.007	0.017	0.034	0.054
GCD	41.0	9.188	0.003	0.007	0.017	0.037	0.067
GCD	42.0	11.239	0.003	0.010	0.020	0.040	0.070
GCD	43.0	13.850	0.003	0.010	0.027	0.050	0.084
GCD	44.0	16.770	0.003	0.010	0.027	0.057	0.090
GCD	45.0	19.695	0.010	0.020	0.040	0.074	0.118
GCD	46.0	23.362	0.007	0.017	0.040	0.077	0.143
GCD	47.0	27.427	0.007	0.020	0.047	0.094	0.157
GCD	48.0	31.552	0.007	0.023	0.054	0.107	0.191
GCD	49.0	36.195	0.013	0.030	0.067	0.131	0.214
GCD	50.0	40.818	0.013	0.034	0.077	0.147	0.235
GCD	51.0	46.079	0.010	0.037	0.084	0.171	0.281
GCD	52.0	51.148	0.017	0.047	0.111	0.208	0.335
GCD	53.0	56.646	0.020	0.057	0.127	0.248	0.395
GCD	54.0	61.790	0.023	0.064	0.147	0.275	0.449
GCD	55.0	66.707	0.037	0.090	0.189	0.345	0.552
GCD	56.0	71.770	0.030	0.090	0.201	0.365	0.596
GCD	57.0	76.509	0.034	0.101	0.231	0.427	0.712
GCD	58.0	80.595	0.054	0.137	0.291	0.489	0.747
GCD	59.0	84.415	0.050	0.134	0.298	0.539	0.821
GCD	60.0	87.835	0.061	0.152	0.328	0.588	0.924
GCD	61.0	90.518	0.060	0.147	0.342	0.576	0.930
GCD	62.0	92.820	0.060	0.161	0.360	0.626	0.958
GCD	63.0	94.736	0.080	0.194	0.379	0.630	0.948
GCD	64.0	96.142	0.074	0.162	0.345	0.611	1.018
GCD	65.0	97.206	0.082	0.157	0.332	0.556	0.938
GCD	66.0	97.899	0.038	0.134	0.305	0.516	0.893
GCD	67.0	98.435	0.017	0.137	0.295	0.519	0.817
GCD	68.0	98.834	0.015	0.102	0.224	0.417	0.935
GCD	69.0	99.167	0.013	0.070	0.241	0.405	0.795
GCD	70.0	99.382	0.007	0.049	0.139	0.279	0.616
GCD	71.0	99.532	0.004	0.017	0.126	0.292	0.586
GCD	72.0	99.670	0.003	0.042	0.117	0.201	0.347
GCD	73.0	99.751	0.003	0.013	0.057	0.174	0.334
GCD	74.0	99.790	0.006	0.022	0.101	0.211	0.379
GCD	75.0	99.823	0.007	0.010	0.074	0.104	0.699
GCD	76.0	99.877	0.003	0.008	0.045	0.138	0.222
GCD	77.0	99.907	0.004	0.014	0.045	0.155	0.866
GCD	78.0	99.931	0.007	0.020	0.059	0.750	0.988
GCD	79.0	99.970	0.010	0.037	0.161	0.412	0.907
GCD	80.0	99.979	0.003	0.003	0.070	0.087	0.087
GCD	81.0	99.988	0.007	0.007	0.040	0.054	0.054
GCD	82.0	99.991	0.124	0.124	0.124	0.124	0.124
GCD	83.0	100.000	0.003	0.003	0.003	0.121	0.121
