# This file was produced by samtools stats (1.17+htslib-1.17) and can be plotted using plot-bamstats
# This file contains statistics for all reads.
# The command line was:  stats trimmomaticbwamapped/Ceratopipra_rubrocapilla_WM281.GBSPipfilbwa.bam
# CHK, Checksum	[2]Read Names	[3]Sequences	[4]Qualities
# CHK, CRC32 of reads which passed filtering followed by addition (32bit overflow)
CHK	3b4d64ab	f60a9214	b3c471bd
# Summary Numbers. Use `grep ^SN | cut -f 2-` to extract this part.
SN	raw total sequences:	289114	# excluding supplementary and secondary reads
SN	filtered sequences:	0
SN	sequences:	289114
SN	is sorted:	1
SN	1st fragments:	289114
SN	last fragments:	0
SN	reads mapped:	275134
SN	reads mapped and paired:	0	# paired-end technology bit set + both mates mapped
SN	reads unmapped:	13980
SN	reads properly paired:	0	# proper-pair bit set
SN	reads paired:	0	# paired-end technology bit set
SN	reads duplicated:	0	# PCR or optical duplicate bit set
SN	reads MQ0:	32593	# mapped and MQ=0
SN	reads QC failed:	0
SN	non-primary alignments:	0
SN	supplementary alignments:	322
SN	total length:	20128042	# ignores clipping
SN	total first fragment length:	20128042	# ignores clipping
SN	total last fragment length:	0	# ignores clipping
SN	bases mapped:	19311416	# ignores clipping
SN	bases mapped (cigar):	19027676	# more accurate
SN	bases trimmed:	0
SN	bases duplicated:	0
SN	mismatches:	406351	# from NM fields
SN	error rate:	2.135579e-02	# mismatches / bases mapped (cigar)
SN	average length:	69
SN	average first fragment length:	70
SN	average last fragment length:	0
SN	maximum length:	90
SN	maximum first fragment length:	90
SN	maximum last fragment length:	0
SN	average quality:	37.5
SN	insert size average:	0.0
SN	insert size standard deviation:	0.0
SN	inward oriented pairs:	0
SN	outward oriented pairs:	0
SN	pairs with other orientation:	0
SN	pairs on different chromosomes:	0
SN	percentage of properly paired reads (%):	0.0
# First Fragment Qualities. Use `grep ^FFQ | cut -f 2-` to extract this part.
# Columns correspond to qualities and rows to cycles. First column is the cycle number.
FFQ	1	0	0	0	0	0	0	23	0	0	0	0	0	0	0	0	3564	0	0	0	0	0	0	114	0	0	0	0	6678	0	0	0	0	0	23824	0	0	0	254911	0	0	0	0
FFQ	2	0	0	0	0	0	0	15	0	0	0	0	0	0	0	0	2099	0	0	0	0	0	0	319	0	0	0	0	4294	0	0	0	0	0	16413	0	0	0	265974	0	0	0	0
FFQ	3	0	0	0	0	0	0	19	0	0	0	0	0	0	0	0	1838	0	0	0	0	0	0	430	0	0	0	0	3951	0	0	0	0	0	14255	0	0	0	268621	0	0	0	0
FFQ	4	0	0	0	0	0	0	58	0	0	0	0	0	0	0	0	2226	0	0	0	0	0	0	390	0	0	0	0	4593	0	0	0	0	0	17172	0	0	0	264675	0	0	0	0
FFQ	5	0	0	0	0	0	0	17	0	0	0	0	0	0	0	0	2402	0	0	0	0	0	0	551	0	0	0	0	5154	0	0	0	0	0	17177	0	0	0	263813	0	0	0	0
FFQ	6	0	0	0	0	0	0	8	0	0	0	0	0	0	0	0	2031	0	0	0	0	0	0	472	0	0	0	0	4507	0	0	0	0	0	16074	0	0	0	266022	0	0	0	0
FFQ	7	0	0	0	0	0	0	106	0	0	0	0	0	0	0	0	1432	0	0	0	0	0	0	505	0	0	0	0	3731	0	0	0	0	0	14776	0	0	0	268564	0	0	0	0
FFQ	8	0	0	0	0	0	0	52	0	0	0	0	0	0	0	0	1822	0	0	0	0	0	0	500	0	0	0	0	4070	0	0	0	0	0	14656	0	0	0	74360	0	0	193654	0
FFQ	9	0	0	0	0	0	0	104	0	0	0	0	0	0	0	0	1987	0	0	0	0	0	0	564	0	0	0	0	3998	0	0	0	0	0	14552	0	0	0	72510	0	0	195399	0
FFQ	10	0	0	0	0	0	0	112	0	0	0	0	0	0	0	0	2001	0	0	0	0	0	0	630	0	0	0	0	4242	0	0	0	0	0	15205	0	0	0	73369	0	0	193555	0
FFQ	11	0	0	0	0	0	0	76	0	0	0	0	0	0	0	0	1761	0	0	0	0	0	0	636	0	0	0	0	4186	0	0	0	0	0	14979	0	0	0	72307	0	0	195169	0
FFQ	12	0	0	0	0	0	0	75	0	0	0	0	0	0	0	0	1715	0	0	0	0	0	0	587	0	0	0	0	4016	0	0	0	0	0	14827	0	0	0	71119	0	0	196775	0
FFQ	13	0	0	0	0	0	0	66	0	0	0	0	0	0	0	0	1744	0	0	0	0	0	0	600	0	0	0	0	4231	0	0	0	0	0	15202	0	0	0	67498	0	0	199773	0
FFQ	14	0	0	0	0	0	0	69	0	0	0	0	0	0	0	0	1586	0	0	0	0	0	0	663	0	0	0	0	4107	0	0	0	0	0	14793	0	0	0	68119	0	0	199777	0
FFQ	15	0	0	0	0	0	0	80	0	0	0	0	0	0	0	0	1583	0	0	0	0	0	0	674	0	0	0	0	4012	0	0	0	0	0	15094	0	0	0	69918	0	0	197753	0
FFQ	16	0	0	0	0	0	0	94	0	0	0	0	0	0	0	0	1786	0	0	0	0	0	0	735	0	0	0	0	4100	0	0	0	0	0	15500	0	0	0	71611	0	0	195288	0
FFQ	17	0	0	0	0	0	0	98	0	0	0	0	0	0	0	0	1556	0	0	0	0	0	0	777	0	0	0	0	3730	0	0	0	0	0	15033	0	0	0	72089	0	0	195831	0
FFQ	18	0	0	0	0	0	0	112	0	0	0	0	0	0	0	0	1501	0	0	0	0	0	0	939	0	0	0	0	3753	0	0	0	0	0	15015	0	0	0	70476	0	0	197318	0
FFQ	19	0	0	0	0	0	0	168	0	0	0	0	0	0	0	0	1623	0	0	0	0	0	0	1048	0	0	0	0	3772	0	0	0	0	0	15097	0	0	0	71333	0	0	196073	0
FFQ	20	0	0	0	0	0	0	195	0	0	0	0	0	0	0	0	1535	0	0	0	0	0	0	1073	0	0	0	0	3589	0	0	0	0	0	15025	0	0	0	70876	0	0	196821	0
FFQ	21	0	0	0	0	0	0	276	0	0	0	0	0	0	0	0	1598	0	0	0	0	0	0	1203	0	0	0	0	3596	0	0	0	0	0	15180	0	0	0	71223	0	0	196038	0
FFQ	22	0	0	0	0	0	0	304	0	0	0	0	0	0	0	0	1546	0	0	0	0	0	0	1330	0	0	0	0	3571	0	0	0	0	0	15226	0	0	0	71354	0	0	195783	0
FFQ	23	0	0	0	0	0	0	356	0	0	0	0	0	0	0	0	1391	0	0	0	0	0	0	1361	0	0	0	0	3527	0	0	0	0	0	15504	0	0	0	72205	0	0	194770	0
FFQ	24	0	0	0	0	0	0	421	0	0	0	0	0	0	0	0	1360	0	0	0	0	0	0	1392	0	0	0	0	3724	0	0	0	0	0	15716	0	0	0	72757	0	0	193744	0
FFQ	25	0	0	0	0	0	0	502	0	0	0	0	0	0	0	0	1300	0	0	0	0	0	0	1415	0	0	0	0	3645	0	0	0	0	0	16181	0	0	0	74027	0	0	192044	0
FFQ	26	0	0	0	0	0	0	590	0	0	0	0	0	0	0	0	1281	0	0	0	0	0	0	1450	0	0	0	0	3842	0	0	0	0	0	16252	0	0	0	74937	0	0	190762	0
FFQ	27	0	0	0	0	0	0	610	0	0	0	0	0	0	0	0	1158	0	0	0	0	0	0	1500	0	0	0	0	3767	0	0	0	0	0	16214	0	0	0	74552	0	0	191313	0
FFQ	28	0	0	0	0	0	0	678	0	0	0	0	0	0	0	0	1193	0	0	0	0	0	0	1489	0	0	0	0	3594	0	0	0	0	0	16538	0	0	0	74450	0	0	191172	0
FFQ	29	0	0	0	0	0	0	651	0	0	0	0	0	0	0	0	1139	0	0	0	0	0	0	1554	0	0	0	0	3830	0	0	0	0	0	16476	0	0	0	75355	0	0	190109	0
FFQ	30	0	0	0	0	0	0	687	0	0	0	0	0	0	0	0	1100	0	0	0	0	0	0	1640	0	0	0	0	3882	0	0	0	0	0	16668	0	0	0	74733	0	0	190404	0
FFQ	31	0	0	0	0	0	0	675	0	0	0	0	0	0	0	0	1124	0	0	0	0	0	0	1671	0	0	0	0	3883	0	0	0	0	0	16944	0	0	0	75549	0	0	189268	0
FFQ	32	0	0	0	0	0	0	673	0	0	0	0	0	0	0	0	1128	0	0	0	0	0	0	1737	0	0	0	0	3927	0	0	0	0	0	16924	0	0	0	75812	0	0	188913	0
FFQ	33	0	0	0	0	0	0	646	0	0	0	0	0	0	0	0	1167	0	0	0	0	0	0	1834	0	0	0	0	3982	0	0	0	0	0	17053	0	0	0	76241	0	0	188191	0
FFQ	34	0	0	0	0	0	0	669	0	0	0	0	0	0	0	0	1156	0	0	0	0	0	0	1883	0	0	0	0	3996	0	0	0	0	0	17686	0	0	0	77008	0	0	186716	0
FFQ	35	0	0	0	0	0	0	746	0	0	0	0	0	0	0	0	1225	0	0	0	0	0	0	1934	0	0	0	0	3998	0	0	0	0	0	17994	0	0	0	77769	0	0	185448	0
FFQ	36	0	0	0	0	0	0	713	0	0	0	0	0	0	0	0	1229	0	0	0	0	0	0	2050	0	0	0	0	4031	0	0	0	0	0	17941	0	0	0	78243	0	0	184907	0
FFQ	37	0	0	0	0	0	0	700	0	0	0	0	0	0	0	0	1222	0	0	0	0	0	0	2071	0	0	0	0	4115	0	0	0	0	0	17914	0	0	0	78650	0	0	184442	0
FFQ	38	0	0	0	0	0	0	717	0	0	0	0	0	0	0	0	1169	0	0	0	0	0	0	2148	0	0	0	0	4040	0	0	0	0	0	18097	0	0	0	78720	0	0	184223	0
FFQ	39	0	0	0	0	0	0	762	0	0	0	0	0	0	0	0	1176	0	0	0	0	0	0	2208	0	0	0	0	4251	0	0	0	0	0	18272	0	0	0	78849	0	0	183596	0
FFQ	40	0	0	0	0	0	0	862	0	0	0	0	0	0	0	0	1304	0	0	0	0	0	0	2455	0	0	0	0	4373	0	0	0	0	0	18836	0	0	0	79808	0	0	181476	0
FFQ	41	0	0	0	0	0	0	731	0	0	0	0	0	0	0	0	1264	0	0	0	0	0	0	2314	0	0	0	0	4231	0	0	0	0	0	18442	0	0	0	78435	0	0	176695	0
FFQ	42	0	0	0	0	0	0	624	0	0	0	0	0	0	0	0	1123	0	0	0	0	0	0	2316	0	0	0	0	4359	0	0	0	0	0	18103	0	0	0	77680	0	0	169582	0
FFQ	43	0	0	0	0	0	0	645	0	0	0	0	0	0	0	0	1149	0	0	0	0	0	0	2202	0	0	0	0	4349	0	0	0	0	0	18162	0	0	0	77004	0	0	163336	0
FFQ	44	0	0	0	0	0	0	639	0	0	0	0	0	0	0	0	1057	0	0	0	0	0	0	2253	0	0	0	0	4329	0	0	0	0	0	17339	0	0	0	74715	0	0	155367	0
FFQ	45	0	0	0	0	0	0	581	0	0	0	0	0	0	0	0	1075	0	0	0	0	0	0	2165	0	0	0	0	4322	0	0	0	0	0	17755	0	0	0	74328	0	0	149803	0
FFQ	46	0	0	0	0	0	0	579	0	0	0	0	0	0	0	0	1084	0	0	0	0	0	0	2153	0	0	0	0	4417	0	0	0	0	0	17522	0	0	0	74286	0	0	143478	0
FFQ	47	0	0	0	0	0	0	642	0	0	0	0	0	0	0	0	985	0	0	0	0	0	0	2149	0	0	0	0	4543	0	0	0	0	0	17594	0	0	0	73356	0	0	137689	0
FFQ	48	0	0	0	0	0	0	510	0	0	0	0	0	0	0	0	1035	0	0	0	0	0	0	2025	0	0	0	0	4376	0	0	0	0	0	17633	0	0	0	73709	0	0	132688	0
FFQ	49	0	0	0	0	0	0	605	0	0	0	0	0	0	0	0	945	0	0	0	0	0	0	1777	0	0	0	0	4604	0	0	0	0	0	17551	0	0	0	73780	0	0	126966	0
FFQ	50	0	0	0	0	0	0	533	0	0	0	0	0	0	0	0	971	0	0	0	0	0	0	1784	0	0	0	0	4751	0	0	0	0	0	17646	0	0	0	74169	0	0	121901	0
FFQ	51	0	0	0	0	0	0	547	0	0	0	0	0	0	0	0	970	0	0	0	0	0	0	1909	0	0	0	0	4949	0	0	0	0	0	18117	0	0	0	74891	0	0	115736	0
FFQ	52	0	0	0	0	0	0	491	0	0	0	0	0	0	0	0	951	0	0	0	0	0	0	1816	0	0	0	0	4959	0	0	0	0	0	18254	0	0	0	75796	0	0	110465	0
FFQ	53	0	0	0	0	0	0	514	0	0	0	0	0	0	0	0	958	0	0	0	0	0	0	1743	0	0	0	0	5210	0	0	0	0	0	18425	0	0	0	76769	0	0	104760	0
FFQ	54	0	0	0	0	0	0	490	0	0	0	0	0	0	0	0	926	0	0	0	0	0	0	1639	0	0	0	0	5191	0	0	0	0	0	19061	0	0	0	78135	0	0	98623	0
FFQ	55	0	0	0	0	0	0	459	0	0	0	0	0	0	0	0	893	0	0	0	0	0	0	1710	0	0	0	0	5179	0	0	0	0	0	19032	0	0	0	79839	0	0	92264	0
FFQ	56	0	0	0	0	0	0	488	0	0	0	0	0	0	0	0	879	0	0	0	0	0	0	1594	0	0	0	0	5174	0	0	0	0	0	19654	0	0	0	81424	0	0	86068	0
FFQ	57	0	0	0	0	0	0	500	0	0	0	0	0	0	0	0	939	0	0	0	0	0	0	1544	0	0	0	0	5381	0	0	0	0	0	20038	0	0	0	83570	0	0	78840	0
FFQ	58	0	0	0	0	0	0	556	0	0	0	0	0	0	0	0	943	0	0	0	0	0	0	1701	0	0	0	0	5419	0	0	0	0	0	20748	0	0	0	85309	0	0	72175	0
FFQ	59	0	0	0	0	0	0	477	0	0	0	0	0	0	0	0	870	0	0	0	0	0	0	1721	0	0	0	0	5462	0	0	0	0	0	21162	0	0	0	87105	0	0	65828	0
FFQ	60	0	0	0	0	0	0	457	0	0	0	0	0	0	0	0	857	0	0	0	0	0	0	1610	0	0	0	0	5444	0	0	0	0	0	21542	0	0	0	89559	0	0	59742	0
FFQ	61	0	0	0	0	0	0	448	0	0	0	0	0	0	0	0	990	0	0	0	0	0	0	1670	0	0	0	0	5412	0	0	0	0	0	22306	0	0	0	91493	0	0	53303	0
FFQ	62	0	0	0	0	0	0	537	0	0	0	0	0	0	0	0	926	0	0	0	0	0	0	1670	0	0	0	0	5514	0	0	0	0	0	23199	0	0	0	93308	0	0	47168	0
FFQ	63	0	0	0	0	0	0	439	0	0	0	0	0	0	0	0	918	0	0	0	0	0	0	1567	0	0	0	0	5448	0	0	0	0	0	23571	0	0	0	94751	0	0	41387	0
FFQ	64	0	0	0	0	0	0	485	0	0	0	0	0	0	0	0	915	0	0	0	0	0	0	1710	0	0	0	0	5552	0	0	0	0	0	24166	0	0	0	95929	0	0	35878	0
FFQ	65	0	0	0	0	0	0	469	0	0	0	0	0	0	0	0	959	0	0	0	0	0	0	1646	0	0	0	0	5420	0	0	0	0	0	24905	0	0	0	97002	0	0	30707	0
FFQ	66	0	0	0	0	0	0	399	0	0	0	0	0	0	0	0	883	0	0	0	0	0	0	1657	0	0	0	0	5438	0	0	0	0	0	25223	0	0	0	98442	0	0	25860	0
FFQ	67	0	0	0	0	0	0	416	0	0	0	0	0	0	0	0	840	0	0	0	0	0	0	1667	0	0	0	0	5612	0	0	0	0	0	26023	0	0	0	98959	0	0	21479	0
FFQ	68	0	0	0	0	0	0	415	0	0	0	0	0	0	0	0	829	0	0	0	0	0	0	1587	0	0	0	0	5605	0	0	0	0	0	26966	0	0	0	99287	0	0	17361	0
FFQ	69	0	0	0	0	0	0	402	0	0	0	0	0	0	0	0	854	0	0	0	0	0	0	1668	0	0	0	0	5702	0	0	0	0	0	27954	0	0	0	98906	0	0	13775	0
FFQ	70	0	0	0	0	0	0	463	0	0	0	0	0	0	0	0	928	0	0	0	0	0	0	2016	0	0	0	0	7248	0	0	0	0	0	40765	0	0	0	87045	0	0	7700	0
FFQ	71	0	0	0	0	0	0	421	0	0	0	0	0	0	0	0	866	0	0	0	0	0	0	1730	0	0	0	0	6289	0	0	0	0	0	34395	0	0	0	92347	0	0	7067	0
FFQ	72	0	0	0	0	0	0	410	0	0	0	0	0	0	0	0	877	0	0	0	0	0	0	1655	0	0	0	0	5839	0	0	0	0	0	31359	0	0	0	94462	0	0	5697	0
FFQ	73	0	0	0	0	0	0	425	0	0	0	0	0	0	0	0	855	0	0	0	0	0	0	1579	0	0	0	0	5498	0	0	0	0	0	30309	0	0	0	93158	0	0	4189	0
FFQ	74	0	0	0	0	0	0	415	0	0	0	0	0	0	0	0	838	0	0	0	0	0	0	1534	0	0	0	0	5416	0	0	0	0	0	29968	0	0	0	92036	0	0	2871	0
FFQ	75	0	0	0	0	0	0	370	0	0	0	0	0	0	0	0	780	0	0	0	0	0	0	1506	0	0	0	0	5345	0	0	0	0	0	30231	0	0	0	90320	0	0	1957	0
FFQ	76	0	0	0	0	0	0	398	0	0	0	0	0	0	0	0	945	0	0	0	0	0	0	1696	0	0	0	0	5372	0	0	0	0	0	30917	0	0	0	87556	0	0	1216	0
FFQ	77	0	0	0	0	0	0	367	0	0	0	0	0	0	0	0	922	0	0	0	0	0	0	1537	0	0	0	0	5473	0	0	0	0	0	31402	0	0	0	85337	0	0	697	0
FFQ	78	0	0	0	0	0	0	365	0	0	0	0	0	0	0	0	905	0	0	0	0	0	0	1708	0	0	0	0	5599	0	0	0	0	0	31648	0	0	0	82691	0	0	392	0
FFQ	79	0	0	0	0	0	0	406	0	0	0	0	0	0	0	0	903	0	0	0	0	0	0	1583	0	0	0	0	5449	0	0	0	0	0	32091	0	0	0	79863	0	0	211	0
FFQ	80	0	0	0	0	0	0	423	0	0	0	0	0	0	0	0	942	0	0	0	0	0	0	1656	0	0	0	0	5620	0	0	0	0	0	32458	0	0	0	79224	0	0	101	0
FFQ	81	0	0	0	0	0	0	382	0	0	0	0	0	0	0	0	882	0	0	0	0	0	0	1527	0	0	0	0	5570	0	0	0	0	0	32701	0	0	0	79192	0	0	52	0
FFQ	82	0	0	0	0	0	0	400	0	0	0	0	0	0	0	0	934	0	0	0	0	0	0	1690	0	0	0	0	5444	0	0	0	0	0	33626	0	0	0	78045	0	0	21	0
FFQ	83	0	0	0	0	0	0	359	0	0	0	0	0	0	0	0	925	0	0	0	0	0	0	1582	0	0	0	0	5512	0	0	0	0	0	33983	0	0	0	77631	0	0	8	0
FFQ	84	0	0	0	0	0	0	338	0	0	0	0	0	0	0	0	886	0	0	0	0	0	0	1559	0	0	0	0	5418	0	0	0	0	0	34577	0	0	0	77057	0	0	4	0
FFQ	85	0	0	0	0	0	0	347	0	0	0	0	0	0	0	0	966	0	0	0	0	0	0	1622	0	0	0	0	5505	0	0	0	0	0	34781	0	0	0	76443	0	0	1	0
FFQ	86	0	0	0	0	0	0	381	0	0	0	0	0	0	0	0	1012	0	0	0	0	0	0	1627	0	0	0	0	5523	0	0	0	0	0	35515	0	0	0	75423	0	0	0	0
FFQ	87	0	0	0	0	0	0	338	0	0	0	0	0	0	0	0	962	0	0	0	0	0	0	1647	0	0	0	0	5418	0	0	0	0	0	36042	0	0	0	74889	0	0	0	0
FFQ	88	0	0	0	0	0	0	350	0	0	0	0	0	0	0	0	982	0	0	0	0	0	0	1708	0	0	0	0	5421	0	0	0	0	0	36712	0	0	0	73887	0	0	0	0
FFQ	89	0	0	0	0	0	0	336	0	0	0	0	0	0	0	0	984	0	0	0	0	0	0	1689	0	0	0	0	5603	0	0	0	0	0	36849	0	0	0	73336	0	0	0	0
FFQ	90	0	0	0	0	0	0	0	0	0	0	0	0	0	0	0	977	0	0	0	0	0	0	1712	0	0	0	0	5404	0	0	0	0	0	36903	0	0	0	73292	0	0	0	0
# Last Fragment Qualities. Use `grep ^LFQ | cut -f 2-` to extract this part.
# Columns correspond to qualities and rows to cycles. First column is the cycle number.
# GC Content of first fragments. Use `grep ^GCF | cut -f 2-` to extract this part.
GCF	5.53	0
GCF	11.56	1
GCF	14.32	0
GCF	17.09	2
GCF	18.59	1
GCF	19.85	5
GCF	20.60	6
GCF	21.36	16
GCF	21.86	17
GCF	22.36	24
GCF	22.86	21
GCF	23.62	31
GCF	24.37	65
GCF	24.87	76
GCF	25.38	126
GCF	25.88	130
GCF	26.38	128
GCF	26.88	215
GCF	27.39	234
GCF	27.89	330
GCF	28.39	336
GCF	28.89	405
GCF	29.40	458
GCF	29.90	703
GCF	30.40	813
GCF	30.90	1023
GCF	31.41	1062
GCF	31.91	1199
GCF	32.41	1578
GCF	32.91	1672
GCF	33.42	2275
GCF	33.92	2438
GCF	34.42	2973
GCF	34.92	3074
GCF	35.43	3672
GCF	35.93	3983
GCF	36.43	4524
GCF	36.93	4769
GCF	37.44	5008
GCF	37.94	5807
GCF	38.44	6078
GCF	38.94	6926
GCF	39.45	7077
GCF	39.95	7813
GCF	40.45	8110
GCF	40.95	8963
GCF	41.46	9501
GCF	41.96	9663
GCF	42.46	10593
GCF	42.96	11093
GCF	43.47	11664
GCF	43.97	12022
GCF	44.47	12559
GCF	44.97	12770
GCF	45.48	13106
GCF	45.98	13294
GCF	46.48	14425
GCF	46.98	14771
GCF	47.49	15355
GCF	47.99	15972
GCF	48.49	16051
GCF	48.99	17891
GCF	49.50	17973
GCF	50.00	18645
GCF	50.50	18788
GCF	51.01	18202
GCF	51.51	18300
GCF	52.01	17839
GCF	52.51	17829
GCF	53.02	17689
GCF	53.52	18354
GCF	54.02	18314
GCF	54.52	17969
GCF	55.03	17800
GCF	55.53	17405
GCF	56.03	18146
GCF	56.53	18040
GCF	57.04	17774
GCF	57.54	17696
GCF	58.04	17554
GCF	58.54	16785
GCF	59.05	16258
GCF	59.55	15943
GCF	60.05	15336
GCF	60.55	15019
GCF	61.06	14389
GCF	61.56	14078
GCF	62.06	13641
GCF	62.56	13736
GCF	63.07	13230
GCF	63.57	12293
GCF	64.07	11956
GCF	64.57	11153
GCF	65.08	9306
GCF	65.58	8899
GCF	66.08	8718
GCF	66.58	7673
GCF	67.09	7036
GCF	67.59	5776
GCF	68.09	5215
GCF	68.59	5036
GCF	69.10	4348
GCF	69.60	3564
GCF	70.10	3079
GCF	70.60	3040
GCF	71.11	2658
GCF	71.61	2205
GCF	72.11	1631
GCF	72.61	1430
GCF	73.12	1220
GCF	73.62	1034
GCF	74.12	939
GCF	74.62	531
GCF	75.13	466
GCF	75.63	326
GCF	76.13	295
GCF	76.63	233
GCF	77.14	201
GCF	77.64	292
GCF	78.14	273
GCF	78.64	182
GCF	79.15	173
GCF	79.65	175
GCF	80.15	84
GCF	80.65	81
GCF	81.16	74
GCF	81.66	67
GCF	82.16	43
GCF	82.66	47
GCF	83.17	43
GCF	83.67	41
GCF	84.17	40
GCF	84.67	24
GCF	85.18	7
GCF	85.68	10
GCF	86.43	8
GCF	87.19	5
# GC Content of last fragments. Use `grep ^GCL | cut -f 2-` to extract this part.
# ACGT content per cycle. Use `grep ^GCC | cut -f 2-` to extract this part. The columns are: cycle; A,C,G,T base counts as a percentage of all A/C/G/T bases [%]; and N and O counts as a percentage of all A/C/G/T bases [%]
GCC	1	47.44	0.00	0.00	52.56	0.00	0.00
GCC	2	0.00	47.44	52.56	0.00	0.00	0.00
GCC	3	0.00	52.56	47.44	0.00	0.00	0.00
GCC	4	52.56	0.00	0.00	47.44	0.00	0.00
GCC	5	0.00	47.44	52.56	0.00	0.00	0.00
GCC	6	22.89	26.85	27.09	23.17	0.00	0.00
GCC	7	25.39	24.28	24.80	25.53	0.00	0.00
GCC	8	25.34	24.81	24.61	25.24	0.00	0.00
GCC	9	24.27	26.39	25.53	23.81	0.00	0.00
GCC	10	27.41	22.39	22.45	27.75	0.00	0.00
GCC	11	24.00	25.81	26.30	23.89	0.00	0.00
GCC	12	23.56	26.57	25.93	23.94	0.00	0.00
GCC	13	26.19	23.55	23.34	26.92	0.00	0.00
GCC	14	22.67	26.97	27.14	23.22	0.00	0.00
GCC	15	24.15	26.02	25.86	23.98	0.00	0.00
GCC	16	25.21	24.94	24.56	25.29	0.00	0.00
GCC	17	23.03	26.99	27.05	22.93	0.00	0.00
GCC	18	23.86	26.17	26.00	23.97	0.00	0.00
GCC	19	25.07	24.93	24.83	25.17	0.00	0.00
GCC	20	23.40	26.33	26.32	23.95	0.00	0.00
GCC	21	24.67	25.70	25.30	24.33	0.00	0.00
GCC	22	25.00	25.02	24.96	25.01	0.00	0.00
GCC	23	23.39	26.54	26.64	23.42	0.00	0.00
GCC	24	24.29	25.59	26.04	24.09	0.00	0.00
GCC	25	25.81	24.30	24.39	25.51	0.00	0.00
GCC	26	24.16	25.78	25.77	24.30	0.00	0.00
GCC	27	23.64	26.03	26.31	24.02	0.00	0.00
GCC	28	24.89	25.24	25.02	24.85	0.00	0.00
GCC	29	24.37	25.93	25.71	23.99	0.00	0.00
GCC	30	24.28	25.81	25.65	24.27	0.00	0.00
GCC	31	24.85	25.08	24.96	25.10	0.00	0.00
GCC	32	23.61	26.37	26.15	23.88	0.00	0.00
GCC	33	24.58	25.70	25.54	24.17	0.00	0.00
GCC	34	25.69	24.47	24.45	25.39	0.00	0.00
GCC	35	24.23	26.04	25.58	24.14	0.00	0.00
GCC	36	24.13	25.93	25.85	24.09	0.00	0.00
GCC	37	24.81	24.87	25.01	25.31	0.00	0.00
GCC	38	23.50	26.62	26.10	23.78	0.00	0.00
GCC	39	22.94	27.13	26.78	23.15	0.00	0.00
GCC	40	24.55	25.56	25.36	24.53	0.00	0.00
GCC	41	23.71	26.50	26.45	23.33	0.00	0.00
GCC	42	23.87	26.50	26.01	23.62	0.00	0.00
GCC	43	25.49	24.48	24.34	25.69	0.00	0.00
GCC	44	23.96	26.21	26.09	23.74	0.00	0.00
GCC	45	24.52	25.43	25.51	24.53	0.00	0.00
GCC	46	24.97	25.19	25.05	24.80	0.00	0.00
GCC	47	24.16	25.81	25.76	24.27	0.00	0.00
GCC	48	24.39	25.58	25.46	24.57	0.00	0.00
GCC	49	25.05	25.34	24.75	24.86	0.00	0.00
GCC	50	24.42	25.92	25.57	24.09	0.00	0.00
GCC	51	24.57	25.70	25.51	24.22	0.00	0.00
GCC	52	25.23	25.05	24.87	24.85	0.00	0.00
GCC	53	24.86	25.45	25.09	24.60	0.00	0.00
GCC	54	24.78	25.70	25.24	24.28	0.00	0.00
GCC	55	24.92	25.07	24.93	25.07	0.00	0.00
GCC	56	24.42	25.40	25.64	24.54	0.00	0.00
GCC	57	24.86	25.27	25.20	24.66	0.00	0.00
GCC	58	25.73	24.52	24.32	25.43	0.00	0.00
GCC	59	24.54	25.99	25.45	24.02	0.00	0.00
GCC	60	24.58	25.72	25.13	24.57	0.00	0.00
GCC	61	24.57	25.56	25.22	24.66	0.00	0.00
GCC	62	25.03	25.20	24.76	25.02	0.00	0.00
GCC	63	24.84	25.51	24.97	24.67	0.00	0.00
GCC	64	24.76	25.28	24.92	25.04	0.00	0.00
GCC	65	24.55	25.63	25.37	24.45	0.00	0.00
GCC	66	24.93	25.03	25.16	24.89	0.00	0.00
GCC	67	25.29	24.88	24.74	25.09	0.00	0.00
GCC	68	24.34	26.08	25.39	24.18	0.00	0.00
GCC	69	25.10	24.94	24.80	25.15	0.00	0.00
GCC	70	24.78	25.19	25.20	24.83	0.00	0.00
GCC	71	24.35	26.04	25.71	23.91	0.00	0.00
GCC	72	24.99	25.26	24.77	24.98	0.00	0.00
GCC	73	25.11	24.91	24.73	25.25	0.00	0.00
GCC	74	24.58	25.19	25.41	24.82	0.00	0.00
GCC	75	24.45	25.47	25.39	24.70	0.00	0.00
GCC	76	25.08	24.86	24.90	25.16	0.00	0.00
GCC	77	25.00	25.23	25.12	24.65	0.00	0.00
GCC	78	25.02	25.05	24.97	24.95	0.00	0.00
GCC	79	25.07	24.80	24.71	25.41	0.00	0.00
GCC	80	25.04	25.22	24.68	25.06	0.00	0.00
GCC	81	24.18	25.63	25.59	24.60	0.00	0.00
GCC	82	26.17	23.87	24.37	25.59	0.00	0.00
GCC	83	25.57	24.29	24.63	25.51	0.00	0.00
GCC	84	25.42	24.67	24.54	25.36	0.00	0.00
GCC	85	25.36	24.79	24.61	25.24	0.00	0.00
GCC	86	24.79	25.32	25.10	24.79	0.00	0.00
GCC	87	24.39	25.69	25.50	24.42	0.00	0.00
GCC	88	25.80	24.19	24.27	25.75	0.00	0.00
GCC	89	24.88	24.92	25.13	25.07	0.00	0.00
GCC	90	25.16	24.42	24.96	25.46	0.00	0.00
# ACGT content per cycle, read oriented. Use `grep ^GCT | cut -f 2-` to extract this part. The columns are: cycle; A,C,G,T base counts as a percentage of all A/C/G/T bases [%]
GCT	1	0.00	0.00	0.00	100.00
GCT	2	0.00	0.00	100.00	0.00
GCT	3	0.00	100.00	0.00	0.00
GCT	4	100.00	0.00	0.00	0.00
GCT	5	0.00	0.00	100.00	0.00
GCT	6	22.83	23.57	30.37	23.23
GCT	7	25.16	22.83	26.25	25.76
GCT	8	27.79	25.89	23.53	22.79
GCT	9	24.49	26.98	24.94	23.59
GCT	10	26.74	21.61	23.23	28.43
GCT	11	23.99	23.96	28.15	23.90
GCT	12	25.05	27.62	24.89	22.44
GCT	13	25.01	22.38	24.51	28.10
GCT	14	22.13	24.73	29.38	23.76
GCT	15	23.64	24.76	27.12	24.49
GCT	16	26.09	23.45	26.05	24.41
GCT	17	22.52	27.63	26.41	23.45
GCT	18	24.05	27.66	24.52	23.78
GCT	19	25.46	26.49	23.27	24.78
GCT	20	22.88	27.56	25.09	24.47
GCT	21	25.53	26.27	24.73	23.47
GCT	22	24.66	23.87	26.12	25.35
GCT	23	23.43	24.82	28.36	23.38
GCT	24	25.37	24.14	27.49	23.01
GCT	25	25.94	23.81	24.88	25.37
GCT	26	23.53	24.19	27.35	24.93
GCT	27	24.33	25.52	26.81	23.34
GCT	28	25.51	25.75	24.52	24.22
GCT	29	25.27	25.26	26.38	23.09
GCT	30	23.82	25.98	25.47	24.73
GCT	31	25.32	23.24	26.80	24.64
GCT	32	24.27	25.94	26.57	23.21
GCT	33	25.94	25.23	26.01	22.81
GCT	34	26.38	24.51	24.41	24.70
GCT	35	23.81	26.35	25.27	24.57
GCT	36	24.08	27.12	24.66	24.14
GCT	37	25.11	26.48	23.40	25.01
GCT	38	21.83	27.02	25.71	25.45
GCT	39	21.54	28.81	25.10	24.56
GCT	40	23.21	27.20	23.73	25.86
GCT	41	23.93	27.05	25.90	23.12
GCT	42	24.10	28.84	23.67	23.38
GCT	43	26.48	25.34	23.48	24.70
GCT	44	24.63	27.29	25.00	23.08
GCT	45	24.48	26.66	24.28	24.57
GCT	46	25.86	25.63	24.60	23.90
GCT	47	24.45	26.54	25.03	23.98
GCT	48	25.14	26.72	24.32	23.83
GCT	49	25.02	26.23	23.86	24.89
GCT	50	24.66	26.49	25.00	23.85
GCT	51	24.92	26.72	24.48	23.88
GCT	52	25.40	25.79	24.12	24.69
GCT	53	25.07	26.12	24.42	24.39
GCT	54	24.89	26.38	24.56	24.18
GCT	55	24.95	25.99	24.01	25.05
GCT	56	24.51	26.82	24.23	24.45
GCT	57	25.41	26.96	23.51	24.12
GCT	58	26.12	25.49	23.35	25.04
GCT	59	23.70	26.69	24.75	24.86
GCT	60	25.08	26.49	24.36	24.06
GCT	61	24.60	26.42	24.35	24.63
GCT	62	25.13	26.01	23.94	24.92
GCT	63	24.94	25.57	24.92	24.58
GCT	64	24.83	25.76	24.45	24.97
GCT	65	24.47	26.74	24.26	24.53
GCT	66	25.72	26.07	24.11	24.09
GCT	67	25.19	25.64	23.98	25.18
GCT	68	24.65	26.82	24.66	23.88
GCT	69	24.61	26.38	23.36	25.65
GCT	70	24.74	25.34	25.05	24.87
GCT	71	24.35	27.69	24.05	23.91
GCT	72	26.06	25.96	24.07	23.91
GCT	73	25.93	25.64	24.01	24.43
GCT	74	25.00	26.44	24.16	24.41
GCT	75	25.05	26.12	24.73	24.09
GCT	76	25.21	25.91	23.85	25.03
GCT	77	25.38	26.70	23.65	24.27
GCT	78	25.53	26.02	24.01	24.44
GCT	79	25.38	25.59	23.92	25.10
GCT	80	26.18	25.36	24.55	23.92
GCT	81	25.44	26.23	24.98	23.34
GCT	82	28.19	24.58	23.66	23.57
GCT	83	26.38	25.52	23.39	24.70
GCT	84	26.21	26.08	23.13	24.58
GCT	85	26.39	24.48	24.92	24.22
GCT	86	25.28	23.85	26.57	24.30
GCT	87	26.39	25.01	26.19	22.41
GCT	88	28.50	23.39	25.07	23.04
GCT	89	27.43	23.13	26.92	22.52
GCT	90	28.67	23.22	26.15	21.95
# ACGT content per cycle for first fragments. Use `grep ^FBC | cut -f 2-` to extract this part. The columns are: cycle; A,C,G,T base counts as a percentage of all A/C/G/T bases [%]; and N and O counts as a percentage of all A/C/G/T bases [%]
FBC	1	47.44	0.00	0.00	52.56	0.00	0.00
FBC	2	0.00	47.44	52.56	0.00	0.00	0.00
FBC	3	0.00	52.56	47.44	0.00	0.00	0.00
FBC	4	52.56	0.00	0.00	47.44	0.00	0.00
FBC	5	0.00	47.44	52.56	0.00	0.00	0.00
FBC	6	22.89	26.85	27.09	23.17	0.00	0.00
FBC	7	25.39	24.28	24.80	25.53	0.00	0.00
FBC	8	25.34	24.81	24.61	25.24	0.00	0.00
FBC	9	24.27	26.39	25.53	23.81	0.00	0.00
FBC	10	27.41	22.39	22.45	27.75	0.00	0.00
FBC	11	24.00	25.81	26.30	23.89	0.00	0.00
FBC	12	23.56	26.57	25.93	23.94	0.00	0.00
FBC	13	26.19	23.55	23.34	26.92	0.00	0.00
FBC	14	22.67	26.97	27.14	23.22	0.00	0.00
FBC	15	24.15	26.02	25.86	23.98	0.00	0.00
FBC	16	25.21	24.94	24.56	25.29	0.00	0.00
FBC	17	23.03	26.99	27.05	22.93	0.00	0.00
FBC	18	23.86	26.17	26.00	23.97	0.00	0.00
FBC	19	25.07	24.93	24.83	25.17	0.00	0.00
FBC	20	23.40	26.33	26.32	23.95	0.00	0.00
FBC	21	24.67	25.70	25.30	24.33	0.00	0.00
FBC	22	25.00	25.02	24.96	25.01	0.00	0.00
FBC	23	23.39	26.54	26.64	23.42	0.00	0.00
FBC	24	24.29	25.59	26.04	24.09	0.00	0.00
FBC	25	25.81	24.30	24.39	25.51	0.00	0.00
FBC	26	24.16	25.78	25.77	24.30	0.00	0.00
FBC	27	23.64	26.03	26.31	24.02	0.00	0.00
FBC	28	24.89	25.24	25.02	24.85	0.00	0.00
FBC	29	24.37	25.93	25.71	23.99	0.00	0.00
FBC	30	24.28	25.81	25.65	24.27	0.00	0.00
FBC	31	24.85	25.08	24.96	25.10	0.00	0.00
FBC	32	23.61	26.37	26.15	23.88	0.00	0.00
FBC	33	24.58	25.70	25.54	24.17	0.00	0.00
FBC	34	25.69	24.47	24.45	25.39	0.00	0.00
FBC	35	24.23	26.04	25.58	24.14	0.00	0.00
FBC	36	24.13	25.93	25.85	24.09	0.00	0.00
FBC	37	24.81	24.87	25.01	25.31	0.00	0.00
FBC	38	23.50	26.62	26.10	23.78	0.00	0.00
FBC	39	22.94	27.13	26.78	23.15	0.00	0.00
FBC	40	24.55	25.56	25.36	24.53	0.00	0.00
FBC	41	23.71	26.50	26.45	23.33	0.00	0.00
FBC	42	23.87	26.50	26.01	23.62	0.00	0.00
FBC	43	25.49	24.48	24.34	25.69	0.00	0.00
FBC	44	23.96	26.21	26.09	23.74	0.00	0.00
FBC	45	24.52	25.43	25.51	24.53	0.00	0.00
FBC	46	24.97	25.19	25.05	24.80	0.00	0.00
FBC	47	24.16	25.81	25.76	24.27	0.00	0.00
FBC	48	24.39	25.58	25.46	24.57	0.00	0.00
FBC	49	25.05	25.34	24.75	24.86	0.00	0.00
FBC	50	24.42	25.92	25.57	24.09	0.00	0.00
FBC	51	24.57	25.70	25.51	24.22	0.00	0.00
FBC	52	25.23	25.05	24.87	24.85	0.00	0.00
FBC	53	24.86	25.45	25.09	24.60	0.00	0.00
FBC	54	24.78	25.70	25.24	24.28	0.00	0.00
FBC	55	24.92	25.07	24.93	25.07	0.00	0.00
FBC	56	24.42	25.40	25.64	24.54	0.00	0.00
FBC	57	24.86	25.27	25.20	24.66	0.00	0.00
FBC	58	25.73	24.52	24.32	25.43	0.00	0.00
FBC	59	24.54	25.99	25.45	24.02	0.00	0.00
FBC	60	24.58	25.72	25.13	24.57	0.00	0.00
FBC	61	24.57	25.56	25.22	24.66	0.00	0.00
FBC	62	25.03	25.20	24.76	25.02	0.00	0.00
FBC	63	24.84	25.51	24.97	24.67	0.00	0.00
FBC	64	24.76	25.28	24.92	25.04	0.00	0.00
FBC	65	24.55	25.63	25.37	24.45	0.00	0.00
FBC	66	24.93	25.03	25.16	24.89	0.00	0.00
FBC	67	25.29	24.88	24.74	25.09	0.00	0.00
FBC	68	24.34	26.08	25.39	24.18	0.00	0.00
FBC	69	25.10	24.94	24.80	25.15	0.00	0.00
FBC	70	24.78	25.19	25.20	24.83	0.00	0.00
FBC	71	24.35	26.04	25.71	23.91	0.00	0.00
FBC	72	24.99	25.26	24.77	24.98	0.00	0.00
FBC	73	25.11	24.91	24.73	25.25	0.00	0.00
FBC	74	24.58	25.19	25.41	24.82	0.00	0.00
FBC	75	24.45	25.47	25.39	24.70	0.00	0.00
FBC	76	25.08	24.86	24.90	25.16	0.00	0.00
FBC	77	25.00	25.23	25.12	24.65	0.00	0.00
FBC	78	25.02	25.05	24.97	24.95	0.00	0.00
FBC	79	25.07	24.80	24.71	25.41	0.00	0.00
FBC	80	25.04	25.22	24.68	25.06	0.00	0.00
FBC	81	24.18	25.63	25.59	24.60	0.00	0.00
FBC	82	26.17	23.87	24.37	25.59	0.00	0.00
FBC	83	25.57	24.29	24.63	25.51	0.00	0.00
FBC	84	25.42	24.67	24.54	25.36	0.00	0.00
FBC	85	25.36	24.79	24.61	25.24	0.00	0.00
FBC	86	24.79	25.32	25.10	24.79	0.00	0.00
FBC	87	24.39	25.69	25.50	24.42	0.00	0.00
FBC	88	25.80	24.19	24.27	25.75	0.00	0.00
FBC	89	24.88	24.92	25.13	25.07	0.00	0.00
FBC	90	25.16	24.42	24.96	25.46	0.00	0.00
# ACGT raw counters for first fragments. Use `grep ^FTC | cut -f 2-` to extract this part. The columns are: A,C,G,T,N base counters
FTC	4878916	5190496	5180290	4878340	0
# ACGT content per cycle for last fragments. Use `grep ^LBC | cut -f 2-` to extract this part. The columns are: cycle; A,C,G,T base counts as a percentage of all A/C/G/T bases [%]; and N and O counts as a percentage of all A/C/G/T bases [%]
# ACGT raw counters for last fragments. Use `grep ^LTC | cut -f 2-` to extract this part. The columns are: A,C,G,T,N base counters
LTC	0	0	0	0	0
# Insert sizes. Use `grep ^IS | cut -f 2-` to extract this part. The columns are: insert size, pairs total, inward oriented pairs, outward oriented pairs, other pairs
# Read lengths. Use `grep ^RL | cut -f 2-` to extract this part. The columns are: read length, count
RL	40	7002
RL	41	8325
RL	42	6940
RL	43	11148
RL	44	5670
RL	45	6510
RL	46	6561
RL	47	4982
RL	48	5748
RL	49	4473
RL	50	4636
RL	51	4387
RL	52	4353
RL	53	4314
RL	54	4689
RL	55	4095
RL	56	4469
RL	57	3961
RL	58	4226
RL	59	3414
RL	60	3589
RL	61	3300
RL	62	4241
RL	63	3446
RL	64	3527
RL	65	3206
RL	66	2906
RL	67	2946
RL	68	2789
RL	69	3096
RL	70	3050
RL	71	2816
RL	72	4286
RL	73	2935
RL	74	2569
RL	75	2409
RL	76	2365
RL	77	2427
RL	78	2802
RL	79	82
RL	80	118
RL	81	146
RL	82	160
RL	83	161
RL	84	174
RL	85	184
RL	86	185
RL	87	236
RL	88	263
RL	89	509
RL	90	118288
# Read lengths - first fragments. Use `grep ^FRL | cut -f 2-` to extract this part. The columns are: read length, count
FRL	40	7002
FRL	41	8325
FRL	42	6940
FRL	43	11148
FRL	44	5670
FRL	45	6510
FRL	46	6561
FRL	47	4982
FRL	48	5748
FRL	49	4473
FRL	50	4636
FRL	51	4387
FRL	52	4353
FRL	53	4314
FRL	54	4689
FRL	55	4095
FRL	56	4469
FRL	57	3961
FRL	58	4226
FRL	59	3414
FRL	60	3589
FRL	61	3300
FRL	62	4241
FRL	63	3446
FRL	64	3527
FRL	65	3206
FRL	66	2906
FRL	67	2946
FRL	68	2789
FRL	69	3096
FRL	70	3050
FRL	71	2816
FRL	72	4286
FRL	73	2935
FRL	74	2569
FRL	75	2409
FRL	76	2365
FRL	77	2427
FRL	78	2802
FRL	79	82
FRL	80	118
FRL	81	146
FRL	82	160
FRL	83	161
FRL	84	174
FRL	85	184
FRL	86	185
FRL	87	236
FRL	88	263
FRL	89	509
FRL	90	118288
# Read lengths - last fragments. Use `grep ^LRL | cut -f 2-` to extract this part. The columns are: read length, count
# Mapping qualities for reads !(UNMAP|SECOND|SUPPL|QCFAIL|DUP). Use `grep ^MAPQ | cut -f 2-` to extract this part. The columns are: mapq, count
MAPQ	0	32593
MAPQ	1	334
MAPQ	2	729
MAPQ	3	839
MAPQ	4	347
MAPQ	5	374
MAPQ	6	395
MAPQ	7	387
MAPQ	8	482
MAPQ	9	489
MAPQ	10	457
MAPQ	11	329
MAPQ	12	311
MAPQ	13	277
MAPQ	14	120
MAPQ	15	177
MAPQ	16	171
MAPQ	17	169
MAPQ	18	174
MAPQ	19	230
MAPQ	20	274
MAPQ	21	226
MAPQ	22	450
MAPQ	23	260
MAPQ	24	376
MAPQ	25	513
MAPQ	26	227
MAPQ	27	410
MAPQ	28	153
MAPQ	29	167
MAPQ	30	203
MAPQ	31	139
MAPQ	32	242
MAPQ	33	283
MAPQ	34	160
MAPQ	35	206
MAPQ	36	161
MAPQ	37	234
MAPQ	38	189
MAPQ	39	252
MAPQ	40	242
MAPQ	41	186
MAPQ	42	263
MAPQ	43	163
MAPQ	44	439
MAPQ	45	250
MAPQ	46	276
MAPQ	47	408
MAPQ	48	314
MAPQ	49	458
MAPQ	50	370
MAPQ	51	394
MAPQ	52	447
MAPQ	53	289
MAPQ	54	825
MAPQ	55	554
MAPQ	56	359
MAPQ	57	477
MAPQ	58	389
MAPQ	59	700
MAPQ	60	222822
# Indel distribution. Use `grep ^ID | cut -f 2-` to extract this part. The columns are: length, number of insertions, number of deletions
ID	1	4887	6433
ID	2	1563	1886
ID	3	814	967
ID	4	590	702
ID	5	344	448
ID	6	250	377
ID	7	149	204
ID	8	140	233
ID	9	144	186
ID	10	89	138
ID	11	69	120
ID	12	48	105
ID	13	44	109
ID	14	34	48
ID	15	23	32
ID	16	15	46
ID	17	14	31
ID	18	9	26
ID	19	11	36
ID	20	4	16
ID	21	2	8
ID	22	3	7
ID	23	5	19
ID	24	2	9
ID	25	0	2
ID	26	0	3
ID	28	0	2
ID	29	0	3
ID	35	0	1
ID	37	0	1
# Indels per cycle. Use `grep ^IC | cut -f 2-` to extract this part. The columns are: cycle, number of insertions (fwd), .. (rev) , number of deletions (fwd), .. (rev)
IC	3	0	0	28	0
IC	4	10	0	101	0
IC	5	70	0	74	0
IC	6	72	0	69	0
IC	7	68	0	95	0
IC	8	66	0	131	0
IC	9	103	0	152	0
IC	10	98	0	102	0
IC	11	106	0	131	0
IC	12	139	0	129	0
IC	13	160	0	162	0
IC	14	147	0	167	0
IC	15	120	0	244	0
IC	16	147	0	249	0
IC	17	146	0	181	0
IC	18	176	0	155	0
IC	19	133	0	222	0
IC	20	131	0	180	0
IC	21	141	0	173	0
IC	22	155	0	215	0
IC	23	167	0	168	0
IC	24	126	0	260	0
IC	25	174	0	220	0
IC	26	137	0	194	0
IC	27	158	0	162	0
IC	28	142	0	282	0
IC	29	154	0	190	0
IC	30	167	0	215	0
IC	31	142	0	217	0
IC	32	185	0	258	0
IC	33	158	0	182	0
IC	34	162	0	205	0
IC	35	140	0	171	0
IC	36	157	0	219	0
IC	37	169	0	204	0
IC	38	172	0	228	0
IC	39	149	0	238	0
IC	40	144	0	234	0
IC	41	151	0	207	0
IC	42	161	0	175	0
IC	43	138	0	167	0
IC	44	147	0	156	0
IC	45	166	0	183	0
IC	46	119	0	192	0
IC	47	127	0	242	0
IC	48	124	0	162	0
IC	49	135	0	162	0
IC	50	126	0	148	0
IC	51	104	0	190	0
IC	52	124	0	164	0
IC	53	141	0	140	0
IC	54	120	0	169	0
IC	55	101	0	131	0
IC	56	140	0	127	0
IC	57	110	0	136	0
IC	58	94	0	139	0
IC	59	105	0	113	0
IC	60	121	0	114	0
IC	61	102	0	119	0
IC	62	92	0	91	0
IC	63	107	0	136	0
IC	64	93	0	169	0
IC	65	91	0	111	0
IC	66	68	0	107	0
IC	67	81	0	90	0
IC	68	60	0	99	0
IC	69	69	0	96	0
IC	70	65	0	91	0
IC	71	99	0	96	0
IC	72	58	0	66	0
IC	73	69	0	73	0
IC	74	62	0	79	0
IC	75	52	0	67	0
IC	76	48	0	78	0
IC	77	63	0	65	0
IC	78	39	0	77	0
IC	79	47	0	76	0
IC	80	50	0	60	0
IC	81	37	0	67	0
IC	82	39	0	54	0
IC	83	25	0	33	0
IC	84	17	0	41	0
IC	85	62	0	29	0
IC	86	63	0	45	0
IC	87	50	0	59	0
# Coverage distribution. Use `grep ^COV | cut -f 2-` to extract this part.
COV	[1-1]	1	4329237
COV	[2-2]	2	1500647
COV	[3-3]	3	765358
COV	[4-4]	4	470934
COV	[5-5]	5	303557
COV	[6-6]	6	215442
COV	[7-7]	7	144722
COV	[8-8]	8	98643
COV	[9-9]	9	68857
COV	[10-10]	10	44829
COV	[11-11]	11	33460
COV	[12-12]	12	20955
COV	[13-13]	13	17538
COV	[14-14]	14	11647
COV	[15-15]	15	7062
COV	[16-16]	16	5581
COV	[17-17]	17	4247
COV	[18-18]	18	3284
COV	[19-19]	19	2621
COV	[20-20]	20	1806
COV	[21-21]	21	1457
COV	[22-22]	22	1031
COV	[23-23]	23	862
COV	[24-24]	24	838
COV	[25-25]	25	633
COV	[26-26]	26	528
COV	[27-27]	27	460
COV	[28-28]	28	424
COV	[29-29]	29	400
COV	[30-30]	30	228
COV	[31-31]	31	318
COV	[32-32]	32	270
COV	[33-33]	33	118
COV	[34-34]	34	238
COV	[35-35]	35	112
COV	[36-36]	36	212
COV	[37-37]	37	131
COV	[38-38]	38	99
COV	[39-39]	39	4
COV	[40-40]	40	161
COV	[41-41]	41	100
COV	[42-42]	42	93
COV	[43-43]	43	239
COV	[44-44]	44	108
COV	[45-45]	45	43
COV	[47-47]	47	13
COV	[48-48]	48	11
COV	[49-49]	49	266
COV	[50-50]	50	172
COV	[51-51]	51	74
COV	[52-52]	52	13
COV	[53-53]	53	1
COV	[54-54]	54	34
COV	[55-55]	55	94
COV	[56-56]	56	8
COV	[57-57]	57	13
COV	[58-58]	58	6
COV	[59-59]	59	47
COV	[60-60]	60	131
COV	[61-61]	61	105
COV	[62-62]	62	9
COV	[63-63]	63	76
COV	[64-64]	64	50
COV	[65-65]	65	176
COV	[66-66]	66	61
COV	[67-67]	67	5
COV	[68-68]	68	56
COV	[69-69]	69	3
COV	[70-70]	70	5
COV	[71-71]	71	3
COV	[74-74]	74	2
COV	[75-75]	75	3
COV	[76-76]	76	4
COV	[77-77]	77	3
COV	[80-80]	80	36
COV	[83-83]	83	32
COV	[84-84]	84	1
COV	[86-86]	86	36
COV	[88-88]	88	4
COV	[92-92]	92	4
COV	[93-93]	93	5
COV	[97-97]	97	1
COV	[98-98]	98	3
COV	[100-100]	100	4
COV	[183-183]	183	1
COV	[186-186]	186	14
COV	[190-190]	190	1
COV	[196-196]	196	1
COV	[197-197]	197	1
COV	[200-200]	200	35
COV	[202-202]	202	11
COV	[203-203]	203	41
COV	[633-633]	633	1
COV	[635-635]	635	4
COV	[670-670]	670	32
COV	[676-676]	676	1
COV	[686-686]	686	3
# GC-depth. Use `grep ^GCD | cut -f 2-` to extract this part. The columns are: GC%, unique sequence percentiles, 10th, 25th, 50th, 75th and 90th depth percentile
GCD	0.0	0.042	0.001	0.003	0.003	0.007	0.007
GCD	6.7	0.046	0.045	0.045	0.045	0.045	0.045
GCD	16.0	0.049	0.007	0.007	0.007	0.007	0.007
GCD	18.0	0.052	0.007	0.007	0.007	0.007	0.007
GCD	19.0	0.055	0.007	0.007	0.007	0.007	0.007
GCD	21.0	0.062	0.003	0.003	0.012	0.021	0.021
GCD	22.0	0.075	0.003	0.004	0.007	0.007	0.007
GCD	23.0	0.101	0.003	0.003	0.003	0.003	0.007
GCD	24.0	0.124	0.003	0.003	0.003	0.003	0.003
GCD	25.0	0.134	0.003	0.003	0.003	0.003	0.003
GCD	26.0	0.192	0.003	0.003	0.003	0.007	0.014
GCD	27.0	0.251	0.003	0.003	0.003	0.007	0.018
GCD	28.0	0.359	0.003	0.003	0.003	0.007	0.009
GCD	29.0	0.532	0.003	0.003	0.003	0.007	0.014
GCD	30.0	0.754	0.003	0.003	0.007	0.010	0.014
GCD	31.0	1.041	0.003	0.003	0.007	0.014	0.024
GCD	32.0	1.471	0.003	0.003	0.007	0.010	0.017
GCD	33.0	2.163	0.003	0.003	0.007	0.010	0.020
GCD	34.0	2.978	0.003	0.003	0.007	0.014	0.017
GCD	35.0	3.494	0.007	0.007	0.014	0.024	0.034
GCD	36.0	4.795	0.003	0.003	0.007	0.017	0.028
GCD	37.0	6.250	0.003	0.007	0.010	0.021	0.031
GCD	38.0	7.973	0.003	0.007	0.014	0.021	0.031
GCD	39.0	10.152	0.003	0.007	0.014	0.021	0.034
GCD	40.0	12.468	0.003	0.007	0.014	0.024	0.038
GCD	41.0	15.375	0.003	0.007	0.014	0.028	0.041
GCD	42.0	18.653	0.003	0.007	0.017	0.028	0.045
GCD	43.0	22.470	0.003	0.010	0.017	0.031	0.045
GCD	44.0	26.574	0.003	0.010	0.017	0.031	0.048
GCD	45.0	30.091	0.007	0.014	0.024	0.038	0.055
GCD	46.0	35.013	0.007	0.010	0.021	0.034	0.052
GCD	47.0	39.845	0.007	0.010	0.024	0.038	0.059
GCD	48.0	44.604	0.007	0.014	0.024	0.038	0.055
GCD	49.0	49.804	0.007	0.014	0.024	0.041	0.062
GCD	50.0	54.704	0.007	0.014	0.028	0.045	0.062
GCD	51.0	60.028	0.007	0.014	0.028	0.045	0.065
GCD	52.0	64.980	0.007	0.014	0.028	0.048	0.072
GCD	53.0	69.609	0.007	0.014	0.028	0.048	0.072
GCD	54.0	74.118	0.007	0.014	0.031	0.052	0.076
GCD	55.0	77.941	0.010	0.021	0.034	0.055	0.083
GCD	56.0	81.709	0.007	0.017	0.031	0.055	0.083
GCD	57.0	85.124	0.007	0.017	0.031	0.055	0.083
GCD	58.0	88.155	0.007	0.017	0.034	0.059	0.086
GCD	59.0	90.631	0.007	0.017	0.034	0.059	0.083
GCD	60.0	92.729	0.007	0.017	0.034	0.055	0.086
GCD	61.0	94.461	0.007	0.017	0.031	0.055	0.090
GCD	62.0	95.870	0.007	0.014	0.034	0.055	0.096
GCD	63.0	96.973	0.007	0.017	0.034	0.066	0.093
GCD	64.0	97.847	0.003	0.014	0.028	0.051	0.090
GCD	65.0	98.444	0.010	0.017	0.034	0.055	0.093
GCD	66.0	98.901	0.003	0.010	0.022	0.047	0.086
GCD	67.0	99.240	0.003	0.008	0.021	0.045	0.086
GCD	68.0	99.455	0.006	0.014	0.028	0.066	0.109
GCD	69.0	99.618	0.003	0.006	0.010	0.021	0.027
GCD	70.0	99.736	0.003	0.007	0.012	0.035	0.065
GCD	71.0	99.798	0.003	0.003	0.010	0.021	0.121
GCD	72.0	99.830	0.003	0.003	0.009	0.021	0.075
GCD	73.0	99.876	0.003	0.003	0.010	0.041	0.179
GCD	74.0	99.892	0.003	0.005	0.007	0.017	0.017
GCD	75.0	99.925	0.003	0.006	0.014	0.023	0.047
GCD	76.0	99.935	0.003	0.003	0.003	0.024	0.024
GCD	77.0	99.945	0.003	0.003	0.003	0.010	0.010
GCD	78.0	99.954	0.003	0.003	0.003	0.003	0.003
GCD	79.0	99.974	0.003	0.006	0.014	0.035	0.038
GCD	80.0	99.997	0.003	0.003	0.003	0.003	0.093
GCD	82.0	100.000	0.021	0.021	0.021	0.021	0.021
