# This file was produced by samtools stats (1.17+htslib-1.17) and can be plotted using plot-bamstats
# This file contains statistics for all reads.
# The command line was:  stats trimmomaticbwamapped/Ceratopipra_rubrocapilla_PPS174.GBSPipfilbwa.bam
# CHK, Checksum	[2]Read Names	[3]Sequences	[4]Qualities
# CHK, CRC32 of reads which passed filtering followed by addition (32bit overflow)
CHK	7db8a5ef	08cf6b06	97bd1593
# Summary Numbers. Use `grep ^SN | cut -f 2-` to extract this part.
SN	raw total sequences:	1576823	# excluding supplementary and secondary reads
SN	filtered sequences:	0
SN	sequences:	1576823
SN	is sorted:	1
SN	1st fragments:	1576823
SN	last fragments:	0
SN	reads mapped:	1520628
SN	reads mapped and paired:	0	# paired-end technology bit set + both mates mapped
SN	reads unmapped:	56195
SN	reads properly paired:	0	# proper-pair bit set
SN	reads paired:	0	# paired-end technology bit set
SN	reads duplicated:	0	# PCR or optical duplicate bit set
SN	reads MQ0:	120197	# mapped and MQ=0
SN	reads QC failed:	0
SN	non-primary alignments:	0
SN	supplementary alignments:	23805
SN	total length:	122771105	# ignores clipping
SN	total first fragment length:	122771105	# ignores clipping
SN	total last fragment length:	0	# ignores clipping
SN	bases mapped:	119003145	# ignores clipping
SN	bases mapped (cigar):	116783432	# more accurate
SN	bases trimmed:	0
SN	bases duplicated:	0
SN	mismatches:	2639374	# from NM fields
SN	error rate:	2.260059e-02	# mismatches / bases mapped (cigar)
SN	average length:	77
SN	average first fragment length:	78
SN	average last fragment length:	0
SN	maximum length:	90
SN	maximum first fragment length:	90
SN	maximum last fragment length:	0
SN	average quality:	37.1
SN	insert size average:	0.0
SN	insert size standard deviation:	0.0
SN	inward oriented pairs:	0
SN	outward oriented pairs:	0
SN	pairs with other orientation:	0
SN	pairs on different chromosomes:	0
SN	percentage of properly paired reads (%):	0.0
# First Fragment Qualities. Use `grep ^FFQ | cut -f 2-` to extract this part.
# Columns correspond to qualities and rows to cycles. First column is the cycle number.
FFQ	1	0	0	0	0	0	0	0	25	700	0	3422	42	7	0	0	577	2952	3731	24	50	12	36	2225	119	12	5622	7711	7592	5952	183	20587	589	28991	41493	0	285589	166	1158414	0	0	0	0	0
FFQ	2	0	0	0	0	0	0	0	8	2304	0	65	3	5	1	1	4609	2134	79	13	60	7	1546	304	5992	8	6554	49	12241	439	2403	17288	19668	32903	256	14735	85992	5	143186	82377	1141588	0	0	0
FFQ	3	0	0	0	0	0	0	0	17	434	0	4639	3	1	1	0	314	4884	3050	40	43	15	37	4112	136	19	6198	9904	7590	7645	355	23565	1664	28613	28196	11306	86831	0	132534	115054	1099623	0	0	0
FFQ	4	0	0	0	0	0	0	0	0	250	0	2711	13	0	5	1	117	51	3609	72	2198	0	20	383	1346	10	5670	24	14836	305	4819	19239	540	24352	32548	15080	89663	0	149092	127311	1082558	0	0	0
FFQ	5	0	0	0	0	0	0	0	1	20	0	2607	96	0	3	0	171	16	3257	71	1591	0	9	242	878	7	4453	18	11018	220	3204	14726	648	20081	24286	16473	80921	0	151214	78751	1161841	0	0	0
FFQ	6	0	0	0	0	0	0	0	4	42	0	3799	11	0	8	0	32	21	4428	2086	1597	0	14	328	2606	9	5688	2093	15239	322	6005	20397	612	27885	31110	19004	92804	1	167669	100582	1072426	0	1	0
FFQ	7	0	0	0	0	0	0	0	7	672	0	3116	128	0	10	2	30	1045	4498	1909	250	2	478	548	948	1222	6529	4702	12401	1412	3721	9301	11660	24976	27453	24524	15518	64741	56861	142878	116671	319632	718978	0
FFQ	8	0	0	0	0	0	0	0	3	172	0	3305	325	0	3	0	9	683	3688	1733	998	3	110	685	225	1711	5824	3721	12876	1337	4582	9336	11183	23584	29333	23746	15745	64201	53680	145876	117765	326972	713409	0
FFQ	9	0	0	0	0	0	1	0	5	359	4	2808	777	2	3	0	13	593	3317	1673	1177	2	201	446	505	1832	5783	3120	12513	1060	4626	9212	12362	21399	29070	22454	15843	63234	52501	144839	111775	321813	731501	0
FFQ	10	0	0	0	0	0	12	0	5	722	8	3760	673	5	2	0	84	1194	4041	1850	1150	17	356	618	884	1880	6653	3922	12997	1470	4687	10353	13637	21996	30589	22858	17804	64511	52966	147517	109127	319720	718755	0
FFQ	11	0	0	0	0	0	9	0	9	399	5	2878	782	9	6	2	120	819	4175	1822	1435	39	339	580	830	2025	6399	3102	14537	1204	5057	10133	13571	23477	31189	23610	17759	65425	53876	148942	110007	319780	712472	0
FFQ	12	0	0	0	0	0	8	8	6	408	14	2874	723	16	7	4	105	871	583	4999	1388	35	315	633	951	2488	6038	3298	14005	1246	5136	10509	13536	23003	19406	36009	17821	53822	59220	123071	144910	324055	705302	0
FFQ	13	0	0	0	0	0	10	10	9	577	50	3336	689	29	4	2	147	984	1160	4600	1272	32	356	578	1406	3058	5663	3399	14076	1264	5163	11199	13473	23383	19754	36864	18411	55138	61079	125088	146128	324883	693549	0
FFQ	14	0	0	0	0	0	4	4	14	664	86	3416	659	13	8	3	170	1087	1880	3868	1376	39	367	570	1742	3702	4605	3181	13432	1237	5065	11549	13394	22668	19971	36507	19034	55257	59828	126941	146570	329633	688279	0
FFQ	15	0	0	0	0	0	6	5	18	617	184	3304	436	17	7	1	196	1318	2692	2959	1409	44	380	669	1960	4949	3660	3444	13813	1375	5288	12465	13892	22724	20092	36722	20184	56148	59991	130069	144727	333767	677291	0
FFQ	16	0	0	0	0	0	6	6	16	844	259	3086	193	20	6	5	273	1545	2971	2207	1360	49	397	632	2106	5811	3265	3474	12872	1495	5170	13567	13843	21721	20233	36957	21649	56894	60326	132928	145239	336477	668921	0
FFQ	17	0	0	0	0	0	13	18	27	830	399	2427	56	25	10	8	349	1682	2643	1820	1311	78	432	673	1933	6086	3305	3438	11999	1379	5130	14783	13441	20025	20131	36466	22504	57577	59635	135994	138006	344149	668041	0
FFQ	18	0	0	0	0	0	13	6	18	1095	701	2311	10	15	3	13	422	1972	2201	1837	1323	94	487	632	1983	6602	4190	3476	10950	1401	5485	16921	13816	18159	20991	36531	23979	58487	58175	140686	133919	348058	659861	0
FFQ	19	0	0	0	0	0	15	21	41	1488	1237	1926	17	43	16	12	522	2522	1713	1963	1468	118	541	603	2124	6769	5506	3547	9864	1499	5515	19606	14296	16443	21720	36620	26318	59383	58539	147142	129233	350870	647563	0
FFQ	20	0	0	0	0	0	19	22	37	1664	1702	1450	8	32	20	20	668	3059	1273	1879	1419	141	546	718	2065	6787	6103	3572	8927	1559	5422	21196	14429	14476	22207	35943	28454	59657	58058	151167	123502	355900	642722	0
FFQ	21	0	0	0	0	0	32	21	49	1758	2213	776	12	51	26	37	850	3536	741	1914	1526	165	704	657	2020	7042	7417	3690	8286	1650	5716	23168	15387	12874	23316	36074	31863	60091	57784	158703	116744	360629	629301	0
FFQ	22	0	0	0	0	0	27	38	51	1732	2362	353	4	42	28	48	956	3467	334	1909	1382	185	868	760	2145	6944	7934	3746	7706	1653	6000	25069	15308	11776	24080	35847	35474	58626	58942	165074	112655	364164	619134	0
FFQ	23	0	0	0	0	0	12	40	82	1844	2480	134	5	38	38	44	1021	3593	157	1768	1280	145	794	731	2027	6543	8517	3479	6315	1656	5102	26972	14244	10360	23749	33981	39552	52412	59813	156034	118318	339707	653836	0
FFQ	24	0	0	0	0	0	8	47	91	1702	2558	49	4	68	43	59	1308	3630	114	1705	1315	169	892	787	2118	6632	8411	3665	6492	1701	5229	26736	14626	10388	25164	33344	43908	48753	59314	158118	114332	339681	653662	0
FFQ	25	0	0	0	0	0	11	51	135	1874	2652	18	9	76	71	78	1513	3488	110	1711	1400	211	994	803	2097	6887	8560	3743	6582	1873	5349	27828	14915	10474	27023	32991	49139	45528	60629	158961	114785	339925	644329	0
FFQ	26	0	0	0	0	0	15	96	154	1960	2762	17	7	117	87	110	1852	3057	136	1819	1465	221	1076	824	2277	6841	8148	3876	6703	2044	5505	27301	15178	10720	28209	31022	52519	41982	60783	159144	114528	341669	642599	0
FFQ	27	0	0	0	0	0	6	46	173	1528	2462	10	7	95	86	129	1871	2657	144	1718	1465	238	1221	913	2196	6909	7695	3862	6524	2098	5595	26830	14948	10807	29783	30173	55305	39563	60944	159045	114540	344701	640536	0
FFQ	28	0	0	0	0	0	14	66	203	1654	2650	12	15	109	102	163	2201	2141	168	1930	1445	275	1243	994	2382	7475	7132	4285	6791	2214	5812	26704	15058	11009	31811	28171	57777	37466	62177	159940	114292	346932	634010	0
FFQ	29	0	0	0	0	0	12	95	245	1521	2649	16	21	137	149	184	2467	1889	227	1660	1503	276	1261	971	2410	7510	6727	4085	6840	2477	5753	26501	15144	11164	34173	26822	59919	36604	63056	158776	114855	347590	631134	0
FFQ	30	0	0	0	0	0	36	157	373	1526	2512	14	43	182	184	240	2769	1536	255	1808	1449	394	1504	1164	2404	7751	6352	4612	6848	2729	5933	26357	15462	11777	36225	25658	60725	36564	62668	159613	114763	350095	624141	0
FFQ	31	0	0	0	0	0	21	158	368	1512	2600	8	30	178	184	288	2830	1206	331	1689	1537	448	1500	1215	2897	8091	5731	4942	6978	3257	6226	26284	15987	11919	38691	25224	62184	37560	64526	161467	116026	349864	612866	0
FFQ	32	0	0	0	0	0	21	150	508	1702	2925	9	43	157	252	334	3076	993	421	1879	1676	430	1532	1366	3208	8537	5222	5147	7416	3749	6580	26044	16598	12594	40402	25008	62927	38808	65057	160315	119109	351345	601283	0
FFQ	33	0	0	0	0	0	20	208	567	1613	2752	14	29	218	326	472	3231	749	456	1839	1602	478	1548	1528	3580	8723	4765	5433	7263	4373	6598	25655	17334	12982	42475	24261	63128	39582	66484	162206	119491	352644	592196	0
FFQ	34	0	0	0	0	0	29	275	687	1460	2537	12	47	279	382	564	3425	594	515	1894	1702	535	1603	1597	4042	9404	4139	5790	7464	4751	6740	25764	17766	13485	44184	24622	64317	41187	68577	163726	120823	352401	579504	0
FFQ	35	0	0	0	0	0	23	280	685	1529	2720	8	74	325	476	648	3124	559	566	1817	1736	630	1630	1806	4555	9391	3479	6050	7459	5600	6950	25267	18203	13890	44900	25446	64342	42123	70440	164759	123008	352553	569772	0
FFQ	36	0	0	0	0	0	30	298	829	1527	2698	18	74	284	485	757	3036	478	612	1745	1771	763	1555	1927	4678	9521	2846	6266	7453	5919	7037	23864	18515	14535	44477	27269	64866	43250	71549	164645	125408	354447	561391	0
FFQ	37	0	0	0	0	0	23	355	1072	1611	2731	23	74	433	667	861	3011	452	724	1811	1742	875	1557	2160	5169	9441	2338	6773	7369	7072	7468	23042	19020	15148	43940	29367	64858	44722	72944	164345	126940	353215	553470	0
FFQ	38	0	0	0	0	0	33	357	1046	1573	2678	30	95	411	769	925	2825	446	723	1667	1841	1213	1377	2270	5722	9411	1974	7245	7760	7952	7487	22532	19599	15608	44481	30916	65981	45911	75221	163749	127715	354506	542774	0
FFQ	39	0	0	0	0	0	49	413	1166	1618	2452	37	82	502	919	1097	2452	451	788	1871	1999	1340	1483	2508	6283	9471	1602	7665	7995	9348	8133	21547	20848	16699	45486	33414	67007	48764	77614	165677	128628	352149	527266	0
FFQ	40	0	0	0	0	0	52	541	1388	1710	2260	33	126	681	999	1121	2172	405	746	1951	1988	1959	1522	2706	6872	8999	1387	8831	7834	10544	8109	20694	22049	17423	45239	36423	66528	50889	79346	164777	132032	350065	516422	0
FFQ	41	0	0	0	0	0	55	419	1238	1854	1955	36	103	508	1169	1128	1889	419	748	1883	1936	1638	1710	2868	7224	8450	1207	8443	7710	11817	8477	18939	22573	18255	44273	38716	66766	52314	81220	162211	134416	344245	502044	0
FFQ	42	0	0	0	0	0	61	493	1318	1914	1906	31	108	489	1192	1261	1503	441	839	2046	1942	1781	1588	3169	7398	8022	1029	9349	8157	13291	8816	17723	23611	18523	43791	41061	65953	55623	81970	147259	148720	338519	483191	0
FFQ	43	0	0	0	0	0	37	380	1121	1653	1391	34	128	555	1368	1250	1305	379	731	1748	1580	2027	1565	3320	7493	6962	916	9180	6714	14548	7736	16665	22515	17753	42175	40075	66521	50152	85699	127900	159729	311145	512262	0
FFQ	44	0	0	0	0	0	35	407	1146	1860	1323	29	139	487	1461	1239	1023	373	641	1728	1601	1867	1476	3143	7336	6120	920	9103	6405	14825	7791	14484	22740	18039	38895	41492	67165	52000	83340	121987	152414	299437	517696	0
FFQ	45	0	0	0	0	0	44	369	987	1759	958	29	141	511	1512	1089	852	360	672	1817	1518	1904	1449	3383	7302	5389	860	8992	6089	15319	7966	12660	22734	18427	37185	42949	69177	52873	83494	117304	150639	288465	519357	0
FFQ	46	0	0	0	0	0	61	358	1035	1762	749	31	154	430	1474	986	595	322	673	1748	1530	2082	1458	3464	6767	4766	890	9431	5786	15922	8207	11464	22997	18888	35717	45072	71094	56288	84429	114202	149036	278300	513398	0
FFQ	47	0	0	0	0	0	42	382	1205	2215	653	49	220	471	1618	907	499	367	675	1805	1534	2147	1524	3915	6767	4490	923	10085	5682	16721	8518	11048	24001	19771	34068	47736	73926	58702	85202	111468	151027	267795	495998	0
FFQ	48	0	0	0	0	0	45	384	1139	2162	454	44	139	439	1852	923	403	314	716	1941	1505	2126	1731	4314	6563	2558	2491	10304	5309	17612	8868	10899	24764	20547	33095	49510	77399	61325	84709	111843	155628	258086	476662	0
FFQ	49	0	0	0	0	0	51	369	1225	2267	329	41	171	453	1823	759	358	309	738	1954	1450	2298	1851	4534	6326	2300	2430	10908	5156	18081	9213	10699	25961	21481	31834	52471	81635	64695	87170	108705	158552	247126	457141	0
FFQ	50	0	0	0	0	0	67	364	1145	2283	232	76	204	401	1802	744	314	338	736	2026	1469	2430	1821	4734	6128	2208	2512	11233	4908	18471	9829	10714	26905	22320	32024	53453	87297	69125	92366	106240	162408	237586	431393	0
FFQ	51	0	0	0	0	0	59	371	1150	2256	163	90	204	399	1786	690	268	319	750	2179	1358	2417	1831	5063	5718	2340	2602	11752	4621	18324	10089	10892	27281	23072	31309	56365	93019	72806	96196	102028	168755	225634	408227	0
FFQ	52	0	0	0	0	0	58	365	1177	2213	76	66	246	413	1754	576	262	316	709	2141	1227	2360	1931	5414	4715	1895	2624	12928	4334	17969	10547	11385	28158	24082	30285	58671	99446	76451	100589	97393	174953	212586	387267	0
FFQ	53	0	0	0	0	0	54	380	1221	2306	51	87	294	336	1800	558	254	307	718	2297	1206	2508	1847	5803	4298	2089	2689	13224	4150	17967	11364	11949	28306	24781	30389	60386	108012	82029	106075	93251	180869	199279	359875	0
FFQ	54	0	0	0	0	0	60	325	1283	2197	25	78	263	326	1914	465	268	325	742	2421	1235	2500	1892	6221	4052	1980	2788	13779	3980	17716	11673	13058	28546	25435	30754	62931	117071	87321	111715	88398	186958	185156	332822	0
FFQ	55	0	0	0	0	0	75	339	1244	2193	8	60	332	350	1782	447	289	293	730	2488	1061	2603	2011	6235	3593	1967	2637	14460	4061	17170	12214	13975	28834	26557	31634	65348	126654	93232	114912	83327	192631	171769	305158	0
FFQ	56	0	0	0	0	0	56	368	1406	2298	3	106	338	327	1768	412	308	325	751	2553	1024	2655	2005	6590	3184	2039	3023	14901	4073	16407	12912	15076	28855	27399	32452	67688	136032	98767	122950	78138	195882	157258	277810	0
FFQ	57	0	0	0	0	0	78	355	1470	2253	3	98	442	351	1890	388	306	313	779	2873	979	2947	2094	6906	2916	2324	3273	15422	4060	16272	13929	15980	29362	28573	32917	71445	145671	103313	130649	72998	198917	142308	247825	0
FFQ	58	0	0	0	0	0	89	379	1548	2262	0	111	403	327	1947	422	311	377	837	2676	1223	2994	2163	6720	3227	2205	3277	16327	3603	15737	15623	17834	29864	29454	34817	74800	157153	108678	137654	67771	200683	127019	217333	0
FFQ	59	0	0	0	0	0	97	329	1550	2145	0	103	405	328	1832	396	318	371	856	2730	1110	3058	2267	6799	3037	2384	3256	16732	3527	15267	16120	18730	29969	29874	36821	78114	169446	114828	144085	61817	203266	111555	187750	0
FFQ	60	0	0	0	0	0	112	329	1717	2082	0	123	413	306	1752	351	420	358	862	2827	1028	3200	2248	6460	2912	2355	3386	16993	3686	14446	16737	19884	29445	30595	38770	81263	183244	119636	151384	55705	204287	97027	161336	0
FFQ	61	0	0	0	0	0	113	320	1799	2015	0	137	492	357	1710	323	344	384	875	2959	1007	3649	2330	6446	2893	2455	3728	17573	3919	13664	17717	21114	29369	31909	41009	85104	196224	125366	157822	49865	198973	82957	137022	0
FFQ	62	0	0	0	0	0	111	354	1903	1951	0	136	554	325	1659	310	405	353	865	3142	945	3724	2457	6194	2830	2721	3803	17775	3985	12803	18661	21842	29594	32316	42766	90852	210024	129897	161732	44816	193366	69122	114331	0
FFQ	63	0	0	0	0	0	115	286	1983	1761	1	164	513	359	1650	264	371	353	881	3007	790	3763	2308	5272	2238	3850	3862	18201	3977	12118	19250	22243	29597	32417	44272	94613	224679	134580	166524	39090	184595	56740	93080	0
FFQ	64	0	0	0	0	0	160	272	1998	1515	0	167	498	368	1533	291	387	402	949	3163	790	3707	2371	5097	2437	3699	4119	18833	4284	11345	19593	23205	29675	33030	46576	98890	240655	137958	169767	33857	172849	45662	73538	0
FFQ	65	0	0	0	0	0	137	281	2170	1539	0	202	539	359	1387	219	423	373	914	3200	794	4167	2505	4747	2385	3755	4284	18717	4431	10428	20673	23305	30205	34157	48150	103539	256058	142171	170369	28906	160597	36014	56731	0
FFQ	66	0	0	0	0	0	132	308	2348	1464	0	193	624	384	1379	237	454	357	1059	3412	807	4269	2510	4514	2537	4022	4714	19449	4675	9727	21753	23852	31089	34239	50310	108814	271757	144165	170035	24739	144614	26856	42087	0
FFQ	67	0	0	0	0	0	179	323	2567	1415	0	209	696	469	1307	281	524	431	1011	3552	765	4867	2452	4117	2859	4362	5161	20033	4915	9482	22727	24463	31665	35377	52107	114249	285476	146276	165446	20718	129624	20155	30097	0
FFQ	68	0	0	0	0	0	161	308	2757	1312	0	251	635	447	1201	266	575	403	1166	3811	809	5018	2546	3799	2959	4491	5691	18730	6800	8545	23752	25001	33347	35923	54651	121608	300276	146082	160180	17687	110711	14426	20031	0
FFQ	69	0	0	0	0	0	194	229	2666	1165	0	296	728	522	1304	207	614	371	1069	3328	843	5813	2801	3773	3217	5275	6065	21136	8602	9680	27710	31688	41139	47619	67653	156504	275231	143200	129805	12533	91984	9516	8713	0
FFQ	70	0	0	0	0	0	204	276	2747	1012	0	331	666	523	1105	205	660	360	1183	3839	880	5931	2460	3116	3126	5218	6062	18937	7914	7673	26424	26681	37076	41913	64220	149244	308016	145403	133721	10089	78993	6570	6157	0
FFQ	71	0	0	0	0	0	172	261	2821	819	0	314	683	454	920	208	609	345	1207	3481	866	5603	2391	2648	3198	4815	6210	17737	7887	6799	25626	25018	34990	39413	60628	140935	340199	145322	130523	8135	64780	3930	4545	0
FFQ	72	0	0	0	0	0	177	227	2873	764	0	324	738	490	853	185	638	383	1197	3487	856	5786	2230	2244	3409	5142	6646	16885	8282	6392	25248	24518	34504	37859	59183	142647	360172	143552	121941	6112	49994	2073	2573	0
FFQ	73	0	0	0	0	0	223	220	2962	660	0	308	724	509	727	217	664	445	1157	3696	954	5869	2135	1917	3331	5346	7060	16277	8585	5787	25860	23879	33718	38259	59129	142798	376269	140377	108957	4370	37645	1018	1365	0
FFQ	74	0	0	0	0	0	239	209	3083	590	0	363	718	520	676	209	731	374	1251	3688	1038	6120	2047	1690	3517	5303	7400	15737	8676	5338	25527	23386	34071	38115	58242	146333	389138	134363	96017	3121	26412	540	742	0
FFQ	75	0	0	0	0	0	235	241	3064	481	0	423	799	495	574	164	788	444	1268	3821	1091	6324	1934	1338	3807	5659	7706	14768	9132	5242	26075	23379	33481	38430	59803	147316	400514	130240	81547	2237	18237	294	409	0
FFQ	76	0	0	0	0	0	310	236	3370	459	0	466	796	541	501	212	860	418	1373	3807	1277	6665	1814	1182	4031	5874	8688	14374	9582	4923	26250	23551	34221	39166	59753	150076	408377	123132	68920	1436	11721	114	155	0
FFQ	77	0	0	0	0	0	324	162	3293	337	1	479	788	565	409	169	909	443	1405	3865	1305	6891	1579	970	3959	6242	9088	13429	10132	4650	26394	23061	34054	39637	59433	153858	417001	115592	55765	804	7439	56	64	0
FFQ	78	0	0	0	0	0	272	188	3448	329	0	536	710	593	377	161	921	448	1448	3879	1427	6974	1403	785	4224	6167	9421	12687	10351	4318	26787	23551	33602	40237	60820	154954	424665	106165	44557	511	4185	35	47	0
FFQ	79	0	0	0	0	0	336	187	3610	243	0	600	823	609	307	159	920	466	1567	3993	1566	6930	1219	656	4383	6536	10282	11778	10817	3974	27334	23288	33783	39899	59728	157982	428826	96711	34275	262	2167	8	17	0
FFQ	80	0	0	0	0	0	319	167	3412	239	0	626	751	527	260	134	930	442	1562	3996	1706	6984	1091	534	4631	6590	10657	10861	11491	3757	27217	23320	34068	40586	61308	159653	440866	89397	25890	152	1126	13	14	0
FFQ	81	0	0	0	0	0	328	147	3443	173	0	625	689	550	223	106	919	485	1589	3989	1924	6976	941	476	4503	6616	11213	9859	11755	3425	27476	23755	34074	40773	61120	163286	451185	81500	18826	83	642	1	9	0
FFQ	82	0	0	0	0	0	320	157	3742	193	1	688	730	538	171	100	1004	449	1635	4070	1954	6952	778	421	4649	7089	11453	9044	12388	3169	27043	24231	33930	41323	60991	165217	457906	74934	13845	35	341	1	3	0
FFQ	83	0	0	0	0	0	277	89	3370	151	0	744	771	493	147	103	974	436	1561	4238	2095	6593	683	367	4717	6990	12125	8155	12588	2974	27310	23541	33909	41501	60034	169362	465193	67661	9801	22	168	1	2	0
FFQ	84	0	0	0	0	0	301	126	3318	171	0	776	638	511	91	70	1001	444	1649	4247	2233	6573	494	386	4755	7073	12841	7160	12542	2604	28129	23532	34268	41932	59973	172627	469974	59238	6905	8	72	3	2	0
FFQ	85	0	0	0	0	0	295	82	3522	144	0	817	603	444	61	87	1085	502	1796	4186	2437	6376	399	364	5109	7105	13530	6659	13455	2557	27740	24274	33983	42479	62216	172486	471995	52091	5015	2	31	0	0	0
FFQ	86	0	0	0	0	0	361	140	3735	161	0	922	615	515	50	99	1065	512	1778	4229	2663	6148	317	324	5133	7517	14046	5690	13727	2390	28137	23789	34644	42204	62959	172714	473312	46984	4028	5	23	0	0	0
FFQ	87	0	0	0	0	0	296	88	3264	158	1	871	702	477	36	96	1138	524	1876	4150	2782	5930	264	421	5575	7536	14155	5103	14191	2208	27703	25544	35520	41881	65888	172263	472273	41586	3300	0	20	0	0	0
FFQ	88	0	0	0	0	0	316	84	2966	156	1	882	499	85	306	76	1088	495	1813	4097	2859	5563	169	462	5847	7718	14019	4422	15041	2152	27274	26397	35489	41893	68613	171022	472388	37345	2946	2	6	0	0	0
FFQ	89	0	0	0	0	0	230	51	2321	135	0	795	325	70	283	86	1189	538	1771	3787	2770	5371	154	400	5916	7576	13737	3850	14966	1860	27322	25692	36077	41696	70904	170103	473292	34652	2471	1	3	0	0	0
FFQ	90	0	0	0	0	0	0	0	0	0	0	0	0	0	0	0	1125	525	1799	3563	2688	4749	103	438	5932	7133	13297	3288	15451	1735	26094	26504	35637	41498	74120	166849	475413	32258	2242	1	1	0	0	0
# Last Fragment Qualities. Use `grep ^LFQ | cut -f 2-` to extract this part.
# Columns correspond to qualities and rows to cycles. First column is the cycle number.
# GC Content of first fragments. Use `grep ^GCF | cut -f 2-` to extract this part.
GCF	4.27	0
GCF	9.05	1
GCF	10.30	0
GCF	11.56	1
GCF	12.56	2
GCF	13.32	0
GCF	13.82	1
GCF	14.32	7
GCF	14.82	8
GCF	15.33	4
GCF	15.83	6
GCF	16.33	20
GCF	16.83	26
GCF	17.34	29
GCF	17.84	34
GCF	18.34	27
GCF	18.84	65
GCF	19.35	81
GCF	19.85	112
GCF	20.35	125
GCF	20.85	153
GCF	21.36	242
GCF	21.86	247
GCF	22.36	423
GCF	22.86	442
GCF	23.37	597
GCF	23.87	628
GCF	24.37	756
GCF	24.87	814
GCF	25.38	1393
GCF	25.88	1413
GCF	26.38	1454
GCF	26.88	2233
GCF	27.39	2484
GCF	27.89	3646
GCF	28.39	3740
GCF	28.89	4383
GCF	29.40	4744
GCF	29.90	6711
GCF	30.40	7272
GCF	30.90	9328
GCF	31.41	9686
GCF	31.91	10373
GCF	32.41	13260
GCF	32.91	13872
GCF	33.42	17361
GCF	33.92	18268
GCF	34.42	22123
GCF	34.92	22782
GCF	35.43	27215
GCF	35.93	28520
GCF	36.43	32067
GCF	36.93	33187
GCF	37.44	34552
GCF	37.94	40093
GCF	38.44	41239
GCF	38.94	47098
GCF	39.45	48021
GCF	39.95	52936
GCF	40.45	53628
GCF	40.95	56990
GCF	41.46	58328
GCF	41.96	58995
GCF	42.46	63632
GCF	42.96	65916
GCF	43.47	68890
GCF	43.97	70169
GCF	44.47	73245
GCF	44.97	74117
GCF	45.48	74710
GCF	45.98	76321
GCF	46.48	79499
GCF	46.98	80693
GCF	47.49	81812
GCF	47.99	83918
GCF	48.49	84345
GCF	48.99	88387
GCF	49.50	88810
GCF	50.00	86940
GCF	50.50	86526
GCF	51.01	84506
GCF	51.51	85368
GCF	52.01	83899
GCF	52.51	84435
GCF	53.02	83363
GCF	53.52	82522
GCF	54.02	82567
GCF	54.52	81395
GCF	55.03	81392
GCF	55.53	77436
GCF	56.03	78096
GCF	56.53	74369
GCF	57.04	73448
GCF	57.54	71120
GCF	58.04	70213
GCF	58.54	68105
GCF	59.05	65463
GCF	59.55	63970
GCF	60.05	60766
GCF	60.55	59382
GCF	61.06	56264
GCF	61.56	53780
GCF	62.06	50189
GCF	62.56	49594
GCF	63.07	48162
GCF	63.57	43355
GCF	64.07	41550
GCF	64.57	36323
GCF	65.08	32465
GCF	65.58	28888
GCF	66.08	27844
GCF	66.58	23873
GCF	67.09	22054
GCF	67.59	19028
GCF	68.09	17187
GCF	68.59	16361
GCF	69.10	13971
GCF	69.60	12099
GCF	70.10	9825
GCF	70.60	9388
GCF	71.11	7647
GCF	71.61	6872
GCF	72.11	5396
GCF	72.61	4656
GCF	73.12	3827
GCF	73.62	3176
GCF	74.12	2459
GCF	74.62	1762
GCF	75.13	1599
GCF	75.63	1229
GCF	76.13	1022
GCF	76.63	772
GCF	77.14	707
GCF	77.64	561
GCF	78.14	477
GCF	78.64	382
GCF	79.15	374
GCF	79.65	323
GCF	80.15	233
GCF	80.65	211
GCF	81.41	177
GCF	82.16	106
GCF	82.66	97
GCF	83.17	89
GCF	83.67	78
GCF	84.17	66
GCF	84.67	47
GCF	85.18	34
GCF	85.68	25
GCF	86.18	23
GCF	86.68	18
GCF	87.19	17
GCF	87.94	4
GCF	88.94	3
GCF	89.95	2
GCF	90.95	3
GCF	91.96	2
# GC Content of last fragments. Use `grep ^GCL | cut -f 2-` to extract this part.
# ACGT content per cycle. Use `grep ^GCC | cut -f 2-` to extract this part. The columns are: cycle; A,C,G,T base counts as a percentage of all A/C/G/T bases [%]; and N and O counts as a percentage of all A/C/G/T bases [%]
GCC	1	48.23	0.00	0.00	51.77	0.00	0.00
GCC	2	0.00	48.23	51.77	0.00	0.00	0.00
GCC	3	0.00	51.77	48.23	0.00	0.00	0.00
GCC	4	51.77	0.00	0.00	48.23	0.00	0.00
GCC	5	0.00	48.23	51.77	0.00	0.00	0.00
GCC	6	24.71	25.18	25.21	24.91	0.00	0.00
GCC	7	28.47	21.54	21.62	28.37	0.00	0.00
GCC	8	24.34	25.97	25.68	24.00	0.00	0.00
GCC	9	26.49	24.10	23.46	25.94	0.00	0.00
GCC	10	27.33	22.56	22.65	27.45	0.00	0.00
GCC	11	25.49	24.56	24.98	24.97	0.00	0.00
GCC	12	24.62	25.32	25.06	24.99	0.00	0.00
GCC	13	27.11	22.99	23.07	26.84	0.00	0.00
GCC	14	24.26	25.44	25.54	24.76	0.00	0.00
GCC	15	25.08	25.04	24.77	25.11	0.00	0.00
GCC	16	25.72	24.19	23.95	26.13	0.00	0.00
GCC	17	24.50	25.49	25.80	24.20	0.00	0.00
GCC	18	24.98	25.15	24.83	25.04	0.00	0.00
GCC	19	25.83	24.45	24.18	25.54	0.00	0.00
GCC	20	24.46	25.37	25.20	24.97	0.00	0.00
GCC	21	25.27	24.65	24.54	25.54	0.00	0.00
GCC	22	25.75	24.10	24.30	25.86	0.00	0.00
GCC	23	24.78	25.19	25.29	24.74	0.00	0.00
GCC	24	25.13	24.62	24.67	25.58	0.00	0.00
GCC	25	26.16	23.85	23.64	26.36	0.00	0.00
GCC	26	24.87	24.77	24.97	25.39	0.00	0.00
GCC	27	25.21	24.78	24.74	25.28	0.00	0.00
GCC	28	25.93	24.17	24.16	25.73	0.00	0.00
GCC	29	24.94	25.00	24.85	25.20	0.00	0.00
GCC	30	24.88	25.16	24.90	25.06	0.00	0.00
GCC	31	25.83	24.17	23.99	26.02	0.00	0.00
GCC	32	24.77	25.20	24.96	25.08	0.00	0.00
GCC	33	25.22	24.83	24.68	25.27	0.00	0.00
GCC	34	26.07	23.86	24.04	26.03	0.00	0.00
GCC	35	25.01	24.74	24.77	25.48	0.00	0.00
GCC	36	25.16	24.92	24.87	25.06	0.00	0.00
GCC	37	25.62	24.33	24.10	25.94	0.00	0.00
GCC	38	24.91	25.29	25.10	24.70	0.00	0.00
GCC	39	24.64	25.21	25.02	25.12	0.00	0.00
GCC	40	25.20	24.65	24.67	25.48	0.00	0.00
GCC	41	24.76	25.11	25.31	24.82	0.00	0.00
GCC	42	25.24	25.01	24.69	25.06	0.00	0.00
GCC	43	25.93	23.98	24.09	26.00	0.00	0.00
GCC	44	25.15	24.69	25.05	25.10	0.00	0.00
GCC	45	25.34	24.70	24.65	25.31	0.00	0.00
GCC	46	25.58	24.53	24.25	25.64	0.00	0.00
GCC	47	25.05	24.87	24.87	25.21	0.00	0.00
GCC	48	25.05	24.92	24.89	25.15	0.00	0.00
GCC	49	25.74	24.51	24.03	25.73	0.00	0.00
GCC	50	25.47	25.01	24.54	24.97	0.00	0.00
GCC	51	25.41	24.72	24.81	25.07	0.00	0.00
GCC	52	25.85	24.11	24.18	25.86	0.00	0.00
GCC	53	25.47	24.46	24.30	25.78	0.00	0.00
GCC	54	25.51	24.82	24.39	25.29	0.00	0.00
GCC	55	25.56	24.62	24.24	25.58	0.00	0.00
GCC	56	25.34	24.44	24.81	25.41	0.00	0.00
GCC	57	25.33	24.70	24.57	25.40	0.00	0.00
GCC	58	26.14	24.08	23.84	25.94	0.00	0.00
GCC	59	25.09	25.24	24.55	25.12	0.00	0.00
GCC	60	25.11	25.17	24.45	25.27	0.00	0.00
GCC	61	25.34	24.78	24.43	25.45	0.00	0.00
GCC	62	25.51	24.36	24.37	25.76	0.00	0.00
GCC	63	25.54	24.46	24.55	25.45	0.00	0.00
GCC	64	25.48	24.55	24.24	25.72	0.00	0.00
GCC	65	25.14	25.01	24.54	25.31	0.00	0.00
GCC	66	25.68	24.46	24.45	25.41	0.00	0.00
GCC	67	25.89	24.21	24.22	25.68	0.00	0.00
GCC	68	25.12	24.94	24.55	25.39	0.00	0.00
GCC	69	25.14	25.04	24.35	25.46	0.00	0.00
GCC	70	25.64	24.37	24.01	25.98	0.00	0.00
GCC	71	24.91	25.11	25.06	24.92	0.00	0.00
GCC	72	25.44	24.65	24.52	25.39	0.00	0.00
GCC	73	25.62	24.23	24.37	25.78	0.00	0.00
GCC	74	25.33	24.52	24.85	25.30	0.00	0.00
GCC	75	25.17	24.71	24.70	25.42	0.00	0.00
GCC	76	25.52	24.21	24.52	25.75	0.00	0.00
GCC	77	25.33	24.80	24.65	25.22	0.00	0.00
GCC	78	25.40	24.73	24.58	25.29	0.00	0.00
GCC	79	25.38	24.63	24.28	25.71	0.00	0.00
GCC	80	25.58	24.71	24.59	25.11	0.00	0.00
GCC	81	24.99	24.93	25.13	24.95	0.00	0.00
GCC	82	26.15	23.84	24.09	25.92	0.00	0.00
GCC	83	25.71	23.95	24.51	25.83	0.00	0.00
GCC	84	25.69	24.42	24.24	25.65	0.00	0.00
GCC	85	25.57	24.42	24.33	25.67	0.00	0.00
GCC	86	25.43	24.68	24.71	25.18	0.00	0.00
GCC	87	25.09	24.87	24.93	25.12	0.00	0.00
GCC	88	26.12	23.97	23.65	26.26	0.00	0.00
GCC	89	25.27	24.76	24.53	25.44	0.00	0.00
GCC	90	25.32	24.65	24.58	25.45	0.00	0.00
# ACGT content per cycle, read oriented. Use `grep ^GCT | cut -f 2-` to extract this part. The columns are: cycle; A,C,G,T base counts as a percentage of all A/C/G/T bases [%]
GCT	1	0.00	0.00	0.00	100.00
GCT	2	0.00	0.00	100.00	0.00
GCT	3	0.00	100.00	0.00	0.00
GCT	4	100.00	0.00	0.00	0.00
GCT	5	0.00	0.00	100.00	0.00
GCT	6	22.34	25.10	25.28	27.27
GCT	7	26.17	20.06	23.10	30.67
GCT	8	25.51	26.10	25.55	22.83
GCT	9	27.90	24.90	22.67	24.53
GCT	10	28.00	21.37	23.84	26.79
GCT	11	26.05	22.49	27.05	24.41
GCT	12	25.87	25.72	24.67	23.75
GCT	13	26.48	22.00	24.05	27.47
GCT	14	24.09	23.87	27.11	24.93
GCT	15	25.22	23.79	26.02	24.96
GCT	16	26.46	22.76	25.38	25.40
GCT	17	24.28	25.80	25.50	24.42
GCT	18	24.93	26.08	23.90	25.10
GCT	19	25.86	25.56	23.07	25.51
GCT	20	24.30	25.84	24.73	25.13
GCT	21	25.90	24.99	24.20	24.91
GCT	22	25.35	23.28	25.12	26.25
GCT	23	24.85	24.07	26.41	24.67
GCT	24	26.29	23.87	25.42	24.42
GCT	25	25.99	23.55	23.93	26.52
GCT	26	24.87	24.12	25.61	25.39
GCT	27	25.72	24.63	24.89	24.77
GCT	28	26.54	24.21	24.12	25.13
GCT	29	25.29	24.49	25.36	24.85
GCT	30	24.72	25.55	24.51	25.22
GCT	31	26.04	23.41	24.74	25.80
GCT	32	25.02	25.01	25.15	24.82
GCT	33	25.76	24.58	24.93	24.73
GCT	34	26.42	23.88	24.02	25.68
GCT	35	24.89	24.74	24.77	25.60
GCT	36	25.13	25.49	24.30	25.08
GCT	37	25.54	24.79	23.64	26.02
GCT	38	23.84	25.61	24.78	25.77
GCT	39	24.08	26.32	23.92	25.69
GCT	40	24.48	25.57	23.75	26.21
GCT	41	24.92	25.61	24.81	24.66
GCT	42	25.71	26.05	23.65	24.59
GCT	43	26.29	24.59	23.49	25.63
GCT	44	25.40	25.08	24.67	24.86
GCT	45	25.41	25.25	24.10	25.24
GCT	46	25.99	24.46	24.32	25.23
GCT	47	25.12	24.76	24.99	25.13
GCT	48	25.27	25.74	24.07	24.92
GCT	49	25.92	24.88	23.65	25.54
GCT	50	25.59	25.17	24.38	24.86
GCT	51	25.67	25.50	24.02	24.80
GCT	52	25.83	24.46	23.84	25.88
GCT	53	25.79	24.50	24.25	25.46
GCT	54	25.59	25.15	24.05	25.20
GCT	55	25.23	24.78	24.08	25.91
GCT	56	25.31	25.10	24.16	25.44
GCT	57	25.60	25.77	23.51	25.12
GCT	58	26.11	24.96	22.95	25.98
GCT	59	24.37	25.28	24.51	25.84
GCT	60	25.44	25.51	24.11	24.95
GCT	61	25.42	25.50	23.71	25.37
GCT	62	25.63	25.28	23.46	25.64
GCT	63	25.87	24.53	24.48	25.12
GCT	64	25.42	24.83	23.96	25.78
GCT	65	25.11	25.39	24.16	25.34
GCT	66	25.72	24.94	23.97	25.37
GCT	67	25.69	24.69	23.74	25.88
GCT	68	25.22	25.29	24.20	25.29
GCT	69	25.19	25.99	23.41	25.41
GCT	70	25.62	24.62	23.76	26.01
GCT	71	24.87	26.06	24.11	24.96
GCT	72	25.94	25.34	23.82	24.89
GCT	73	26.03	24.83	23.77	25.37
GCT	74	25.56	25.36	24.01	25.07
GCT	75	25.54	25.48	23.93	25.05
GCT	76	25.41	25.01	23.72	25.86
GCT	77	25.48	25.69	23.76	25.07
GCT	78	25.61	25.34	23.97	25.09
GCT	79	25.77	25.04	23.87	25.32
GCT	80	26.14	25.11	24.19	24.56
GCT	81	25.62	25.61	24.45	24.31
GCT	82	27.32	24.38	23.55	24.75
GCT	83	26.08	24.64	23.82	25.45
GCT	84	26.30	25.26	23.40	25.04
GCT	85	26.62	24.21	24.55	24.62
GCT	86	25.86	23.71	25.68	24.74
GCT	87	26.68	24.51	25.29	23.52
GCT	88	28.06	23.42	24.20	24.32
GCT	89	27.10	23.38	25.91	23.60
GCT	90	27.81	23.68	25.55	22.96
# ACGT content per cycle for first fragments. Use `grep ^FBC | cut -f 2-` to extract this part. The columns are: cycle; A,C,G,T base counts as a percentage of all A/C/G/T bases [%]; and N and O counts as a percentage of all A/C/G/T bases [%]
FBC	1	48.23	0.00	0.00	51.77	0.00	0.00
FBC	2	0.00	48.23	51.77	0.00	0.00	0.00
FBC	3	0.00	51.77	48.23	0.00	0.00	0.00
FBC	4	51.77	0.00	0.00	48.23	0.00	0.00
FBC	5	0.00	48.23	51.77	0.00	0.00	0.00
FBC	6	24.71	25.18	25.21	24.91	0.00	0.00
FBC	7	28.47	21.54	21.62	28.37	0.00	0.00
FBC	8	24.34	25.97	25.68	24.00	0.00	0.00
FBC	9	26.49	24.10	23.46	25.94	0.00	0.00
FBC	10	27.33	22.56	22.65	27.45	0.00	0.00
FBC	11	25.49	24.56	24.98	24.97	0.00	0.00
FBC	12	24.62	25.32	25.06	24.99	0.00	0.00
FBC	13	27.11	22.99	23.07	26.84	0.00	0.00
FBC	14	24.26	25.44	25.54	24.76	0.00	0.00
FBC	15	25.08	25.04	24.77	25.11	0.00	0.00
FBC	16	25.72	24.19	23.95	26.13	0.00	0.00
FBC	17	24.50	25.49	25.80	24.20	0.00	0.00
FBC	18	24.98	25.15	24.83	25.04	0.00	0.00
FBC	19	25.83	24.45	24.18	25.54	0.00	0.00
FBC	20	24.46	25.37	25.20	24.97	0.00	0.00
FBC	21	25.27	24.65	24.54	25.54	0.00	0.00
FBC	22	25.75	24.10	24.30	25.86	0.00	0.00
FBC	23	24.78	25.19	25.29	24.74	0.00	0.00
FBC	24	25.13	24.62	24.67	25.58	0.00	0.00
FBC	25	26.16	23.85	23.64	26.36	0.00	0.00
FBC	26	24.87	24.77	24.97	25.39	0.00	0.00
FBC	27	25.21	24.78	24.74	25.28	0.00	0.00
FBC	28	25.93	24.17	24.16	25.73	0.00	0.00
FBC	29	24.94	25.00	24.85	25.20	0.00	0.00
FBC	30	24.88	25.16	24.90	25.06	0.00	0.00
FBC	31	25.83	24.17	23.99	26.02	0.00	0.00
FBC	32	24.77	25.20	24.96	25.08	0.00	0.00
FBC	33	25.22	24.83	24.68	25.27	0.00	0.00
FBC	34	26.07	23.86	24.04	26.03	0.00	0.00
FBC	35	25.01	24.74	24.77	25.48	0.00	0.00
FBC	36	25.16	24.92	24.87	25.06	0.00	0.00
FBC	37	25.62	24.33	24.10	25.94	0.00	0.00
FBC	38	24.91	25.29	25.10	24.70	0.00	0.00
FBC	39	24.64	25.21	25.02	25.12	0.00	0.00
FBC	40	25.20	24.65	24.67	25.48	0.00	0.00
FBC	41	24.76	25.11	25.31	24.82	0.00	0.00
FBC	42	25.24	25.01	24.69	25.06	0.00	0.00
FBC	43	25.93	23.98	24.09	26.00	0.00	0.00
FBC	44	25.15	24.69	25.05	25.10	0.00	0.00
FBC	45	25.34	24.70	24.65	25.31	0.00	0.00
FBC	46	25.58	24.53	24.25	25.64	0.00	0.00
FBC	47	25.05	24.87	24.87	25.21	0.00	0.00
FBC	48	25.05	24.92	24.89	25.15	0.00	0.00
FBC	49	25.74	24.51	24.03	25.73	0.00	0.00
FBC	50	25.47	25.01	24.54	24.97	0.00	0.00
FBC	51	25.41	24.72	24.81	25.07	0.00	0.00
FBC	52	25.85	24.11	24.18	25.86	0.00	0.00
FBC	53	25.47	24.46	24.30	25.78	0.00	0.00
FBC	54	25.51	24.82	24.39	25.29	0.00	0.00
FBC	55	25.56	24.62	24.24	25.58	0.00	0.00
FBC	56	25.34	24.44	24.81	25.41	0.00	0.00
FBC	57	25.33	24.70	24.57	25.40	0.00	0.00
FBC	58	26.14	24.08	23.84	25.94	0.00	0.00
FBC	59	25.09	25.24	24.55	25.12	0.00	0.00
FBC	60	25.11	25.17	24.45	25.27	0.00	0.00
FBC	61	25.34	24.78	24.43	25.45	0.00	0.00
FBC	62	25.51	24.36	24.37	25.76	0.00	0.00
FBC	63	25.54	24.46	24.55	25.45	0.00	0.00
FBC	64	25.48	24.55	24.24	25.72	0.00	0.00
FBC	65	25.14	25.01	24.54	25.31	0.00	0.00
FBC	66	25.68	24.46	24.45	25.41	0.00	0.00
FBC	67	25.89	24.21	24.22	25.68	0.00	0.00
FBC	68	25.12	24.94	24.55	25.39	0.00	0.00
FBC	69	25.14	25.04	24.35	25.46	0.00	0.00
FBC	70	25.64	24.37	24.01	25.98	0.00	0.00
FBC	71	24.91	25.11	25.06	24.92	0.00	0.00
FBC	72	25.44	24.65	24.52	25.39	0.00	0.00
FBC	73	25.62	24.23	24.37	25.78	0.00	0.00
FBC	74	25.33	24.52	24.85	25.30	0.00	0.00
FBC	75	25.17	24.71	24.70	25.42	0.00	0.00
FBC	76	25.52	24.21	24.52	25.75	0.00	0.00
FBC	77	25.33	24.80	24.65	25.22	0.00	0.00
FBC	78	25.40	24.73	24.58	25.29	0.00	0.00
FBC	79	25.38	24.63	24.28	25.71	0.00	0.00
FBC	80	25.58	24.71	24.59	25.11	0.00	0.00
FBC	81	24.99	24.93	25.13	24.95	0.00	0.00
FBC	82	26.15	23.84	24.09	25.92	0.00	0.00
FBC	83	25.71	23.95	24.51	25.83	0.00	0.00
FBC	84	25.69	24.42	24.24	25.65	0.00	0.00
FBC	85	25.57	24.42	24.33	25.67	0.00	0.00
FBC	86	25.43	24.68	24.71	25.18	0.00	0.00
FBC	87	25.09	24.87	24.93	25.12	0.00	0.00
FBC	88	26.12	23.97	23.65	26.26	0.00	0.00
FBC	89	25.27	24.76	24.53	25.44	0.00	0.00
FBC	90	25.32	24.65	24.58	25.45	0.00	0.00
# ACGT raw counters for first fragments. Use `grep ^FTC | cut -f 2-` to extract this part. The columns are: A,C,G,T,N base counters
FTC	30769260	30611496	30556887	30833462	0
# ACGT content per cycle for last fragments. Use `grep ^LBC | cut -f 2-` to extract this part. The columns are: cycle; A,C,G,T base counts as a percentage of all A/C/G/T bases [%]; and N and O counts as a percentage of all A/C/G/T bases [%]
# ACGT raw counters for last fragments. Use `grep ^LTC | cut -f 2-` to extract this part. The columns are: A,C,G,T,N base counters
LTC	0	0	0	0	0
# Insert sizes. Use `grep ^IS | cut -f 2-` to extract this part. The columns are: insert size, pairs total, inward oriented pairs, outward oriented pairs, other pairs
# Read lengths. Use `grep ^RL | cut -f 2-` to extract this part. The columns are: read length, count
RL	40	15967
RL	41	16768
RL	42	17376
RL	43	24545
RL	44	15632
RL	45	14969
RL	46	17410
RL	47	15353
RL	48	15939
RL	49	14558
RL	50	15923
RL	51	14801
RL	52	14573
RL	53	14336
RL	54	16000
RL	55	14534
RL	56	15460
RL	57	14831
RL	58	16576
RL	59	13593
RL	60	13736
RL	61	15319
RL	62	18857
RL	63	16127
RL	64	14809
RL	65	14946
RL	66	13528
RL	67	14001
RL	68	13163
RL	69	14258
RL	70	14443
RL	71	13908
RL	72	17167
RL	73	17893
RL	74	13764
RL	75	13129
RL	76	14079
RL	77	13369
RL	78	14942
RL	79	964
RL	80	1593
RL	81	2189
RL	82	2349
RL	83	2479
RL	84	2740
RL	85	2991
RL	86	3116
RL	87	3329
RL	88	4097
RL	89	7951
RL	90	942443
# Read lengths - first fragments. Use `grep ^FRL | cut -f 2-` to extract this part. The columns are: read length, count
FRL	40	15967
FRL	41	16768
FRL	42	17376
FRL	43	24545
FRL	44	15632
FRL	45	14969
FRL	46	17410
FRL	47	15353
FRL	48	15939
FRL	49	14558
FRL	50	15923
FRL	51	14801
FRL	52	14573
FRL	53	14336
FRL	54	16000
FRL	55	14534
FRL	56	15460
FRL	57	14831
FRL	58	16576
FRL	59	13593
FRL	60	13736
FRL	61	15319
FRL	62	18857
FRL	63	16127
FRL	64	14809
FRL	65	14946
FRL	66	13528
FRL	67	14001
FRL	68	13163
FRL	69	14258
FRL	70	14443
FRL	71	13908
FRL	72	17167
FRL	73	17893
FRL	74	13764
FRL	75	13129
FRL	76	14079
FRL	77	13369
FRL	78	14942
FRL	79	964
FRL	80	1593
FRL	81	2189
FRL	82	2349
FRL	83	2479
FRL	84	2740
FRL	85	2991
FRL	86	3116
FRL	87	3329
FRL	88	4097
FRL	89	7951
FRL	90	942443
# Read lengths - last fragments. Use `grep ^LRL | cut -f 2-` to extract this part. The columns are: read length, count
# Mapping qualities for reads !(UNMAP|SECOND|SUPPL|QCFAIL|DUP). Use `grep ^MAPQ | cut -f 2-` to extract this part. The columns are: mapq, count
MAPQ	0	120197
MAPQ	1	2126
MAPQ	2	4304
MAPQ	3	2613
MAPQ	4	2474
MAPQ	5	2187
MAPQ	6	2163
MAPQ	7	2305
MAPQ	8	2399
MAPQ	9	2574
MAPQ	10	2962
MAPQ	11	1353
MAPQ	12	966
MAPQ	13	1009
MAPQ	14	566
MAPQ	15	656
MAPQ	16	545
MAPQ	17	587
MAPQ	18	757
MAPQ	19	771
MAPQ	20	990
MAPQ	21	956
MAPQ	22	1163
MAPQ	23	1006
MAPQ	24	1245
MAPQ	25	1417
MAPQ	26	1169
MAPQ	27	1716
MAPQ	28	933
MAPQ	29	887
MAPQ	30	980
MAPQ	31	716
MAPQ	32	824
MAPQ	33	1240
MAPQ	34	759
MAPQ	35	965
MAPQ	36	693
MAPQ	37	1072
MAPQ	38	988
MAPQ	39	956
MAPQ	40	970
MAPQ	41	1010
MAPQ	42	1197
MAPQ	43	1091
MAPQ	44	1727
MAPQ	45	1127
MAPQ	46	1131
MAPQ	47	1541
MAPQ	48	1305
MAPQ	49	2226
MAPQ	50	1379
MAPQ	51	1515
MAPQ	52	1858
MAPQ	53	1182
MAPQ	54	2724
MAPQ	55	1816
MAPQ	56	1800
MAPQ	57	1886
MAPQ	58	1883
MAPQ	59	2676
MAPQ	60	1314395
# Indel distribution. Use `grep ^ID | cut -f 2-` to extract this part. The columns are: length, number of insertions, number of deletions
ID	1	31305	43392
ID	2	10373	12928
ID	3	5517	6476
ID	4	3223	4323
ID	5	2211	2964
ID	6	1649	2602
ID	7	1156	1688
ID	8	929	1712
ID	9	754	1274
ID	10	548	1033
ID	11	514	793
ID	12	331	552
ID	13	240	569
ID	14	171	399
ID	15	118	257
ID	16	149	349
ID	17	80	139
ID	18	95	220
ID	19	66	198
ID	20	42	132
ID	21	1	68
ID	22	15	70
ID	23	16	114
ID	24	3	35
ID	25	0	16
ID	26	0	35
ID	27	0	8
ID	28	0	2
ID	29	0	11
ID	31	0	6
ID	32	0	3
ID	33	0	4
ID	35	0	1
ID	36	0	10
# Indels per cycle. Use `grep ^IC | cut -f 2-` to extract this part. The columns are: cycle, number of insertions (fwd), .. (rev) , number of deletions (fwd), .. (rev)
IC	3	0	0	94	0
IC	4	81	0	581	0
IC	5	343	0	394	0
IC	6	313	0	522	0
IC	7	390	0	502	0
IC	8	393	0	698	0
IC	9	541	0	687	0
IC	10	663	0	635	0
IC	11	535	0	916	0
IC	12	814	0	832	0
IC	13	702	0	991	0
IC	14	798	0	961	0
IC	15	788	0	1814	0
IC	16	873	0	1601	0
IC	17	965	0	1041	0
IC	18	785	0	1051	0
IC	19	854	0	1365	0
IC	20	936	0	1112	0
IC	21	877	0	1120	0
IC	22	981	0	1158	0
IC	23	962	0	1032	0
IC	24	817	0	1272	0
IC	25	909	0	1214	0
IC	26	943	0	1224	0
IC	27	719	0	1191	0
IC	28	835	0	1475	0
IC	29	1017	0	1198	0
IC	30	1107	0	1277	0
IC	31	962	0	1264	0
IC	32	926	0	1364	0
IC	33	868	0	1301	0
IC	34	909	0	1424	0
IC	35	826	0	1047	0
IC	36	1058	0	1159	0
IC	37	1182	0	1282	0
IC	38	1011	0	1229	0
IC	39	873	0	1352	0
IC	40	1048	0	1187	0
IC	41	870	0	1167	0
IC	42	1047	0	1161	0
IC	43	828	0	1253	0
IC	44	1001	0	1189	0
IC	45	864	0	1504	0
IC	46	775	0	1578	0
IC	47	767	0	2090	0
IC	48	801	0	1070	0
IC	49	977	0	1212	0
IC	50	914	0	1060	0
IC	51	854	0	1158	0
IC	52	775	0	1141	0
IC	53	1004	0	1283	0
IC	54	771	0	1257	0
IC	55	679	0	1128	0
IC	56	746	0	966	0
IC	57	794	0	1216	0
IC	58	693	0	979	0
IC	59	823	0	1026	0
IC	60	814	0	1000	0
IC	61	732	0	904	0
IC	62	728	0	919	0
IC	63	821	0	851	0
IC	64	612	0	958	0
IC	65	504	0	1081	0
IC	66	632	0	844	0
IC	67	631	0	890	0
IC	68	627	0	781	0
IC	69	578	0	688	0
IC	70	511	0	859	0
IC	71	528	0	725	0
IC	72	456	0	585	0
IC	73	477	0	652	0
IC	74	443	0	640	0
IC	75	376	0	598	0
IC	76	372	0	646	0
IC	77	436	0	674	0
IC	78	569	0	597	0
IC	79	329	0	560	0
IC	80	331	0	433	0
IC	81	339	0	420	0
IC	82	291	0	446	0
IC	83	231	0	317	0
IC	84	192	0	345	0
IC	85	303	0	257	0
IC	86	555	0	335	0
IC	87	501	0	373	0
# Coverage distribution. Use `grep ^COV | cut -f 2-` to extract this part.
COV	[1-1]	1	1902895
COV	[2-2]	2	1520267
COV	[3-3]	3	1209298
COV	[4-4]	4	962979
COV	[5-5]	5	794302
COV	[6-6]	6	646216
COV	[7-7]	7	549146
COV	[8-8]	8	476013
COV	[9-9]	9	423620
COV	[10-10]	10	376632
COV	[11-11]	11	334581
COV	[12-12]	12	297937
COV	[13-13]	13	261462
COV	[14-14]	14	239331
COV	[15-15]	15	219239
COV	[16-16]	16	196073
COV	[17-17]	17	179940
COV	[18-18]	18	166618
COV	[19-19]	19	148530
COV	[20-20]	20	135652
COV	[21-21]	21	123465
COV	[22-22]	22	116746
COV	[23-23]	23	105144
COV	[24-24]	24	94019
COV	[25-25]	25	87565
COV	[26-26]	26	78933
COV	[27-27]	27	73626
COV	[28-28]	28	66130
COV	[29-29]	29	64153
COV	[30-30]	30	58361
COV	[31-31]	31	55292
COV	[32-32]	32	47961
COV	[33-33]	33	44822
COV	[34-34]	34	40982
COV	[35-35]	35	37574
COV	[36-36]	36	34855
COV	[37-37]	37	32557
COV	[38-38]	38	30152
COV	[39-39]	39	26721
COV	[40-40]	40	23741
COV	[41-41]	41	21669
COV	[42-42]	42	18892
COV	[43-43]	43	18513
COV	[44-44]	44	16885
COV	[45-45]	45	15366
COV	[46-46]	46	13000
COV	[47-47]	47	12341
COV	[48-48]	48	10348
COV	[49-49]	49	10803
COV	[50-50]	50	9717
COV	[51-51]	51	10236
COV	[52-52]	52	7539
COV	[53-53]	53	6809
COV	[54-54]	54	6129
COV	[55-55]	55	6071
COV	[56-56]	56	5846
COV	[57-57]	57	4385
COV	[58-58]	58	4398
COV	[59-59]	59	4026
COV	[60-60]	60	3487
COV	[61-61]	61	3269
COV	[62-62]	62	3595
COV	[63-63]	63	3016
COV	[64-64]	64	2327
COV	[65-65]	65	1982
COV	[66-66]	66	2788
COV	[67-67]	67	1625
COV	[68-68]	68	1606
COV	[69-69]	69	1652
COV	[70-70]	70	2088
COV	[71-71]	71	1079
COV	[72-72]	72	1631
COV	[73-73]	73	1246
COV	[74-74]	74	732
COV	[75-75]	75	551
COV	[76-76]	76	1021
COV	[77-77]	77	994
COV	[78-78]	78	561
COV	[79-79]	79	311
COV	[80-80]	80	248
COV	[81-81]	81	515
COV	[82-82]	82	675
COV	[83-83]	83	565
COV	[84-84]	84	354
COV	[85-85]	85	583
COV	[86-86]	86	488
COV	[87-87]	87	384
COV	[88-88]	88	419
COV	[89-89]	89	384
COV	[90-90]	90	299
COV	[91-91]	91	227
COV	[92-92]	92	201
COV	[93-93]	93	118
COV	[94-94]	94	224
COV	[95-95]	95	265
COV	[96-96]	96	391
COV	[97-97]	97	265
COV	[98-98]	98	164
COV	[99-99]	99	171
COV	[100-100]	100	216
COV	[101-101]	101	165
COV	[102-102]	102	183
COV	[103-103]	103	249
COV	[104-104]	104	176
COV	[105-105]	105	110
COV	[106-106]	106	69
COV	[107-107]	107	140
COV	[108-108]	108	186
COV	[109-109]	109	85
COV	[110-110]	110	99
COV	[111-111]	111	50
COV	[112-112]	112	67
COV	[113-113]	113	47
COV	[114-114]	114	87
COV	[115-115]	115	200
COV	[116-116]	116	121
COV	[117-117]	117	121
COV	[118-118]	118	121
COV	[119-119]	119	127
COV	[120-120]	120	180
COV	[121-121]	121	162
COV	[122-122]	122	90
COV	[123-123]	123	101
COV	[124-124]	124	107
COV	[125-125]	125	22
COV	[126-126]	126	54
COV	[127-127]	127	122
COV	[128-128]	128	75
COV	[129-129]	129	61
COV	[130-130]	130	70
COV	[131-131]	131	92
COV	[132-132]	132	94
COV	[133-133]	133	78
COV	[134-134]	134	69
COV	[135-135]	135	32
COV	[136-136]	136	83
COV	[137-137]	137	66
COV	[138-138]	138	145
COV	[139-139]	139	166
COV	[140-140]	140	28
COV	[141-141]	141	115
COV	[142-142]	142	32
COV	[143-143]	143	79
COV	[144-144]	144	82
COV	[145-145]	145	86
COV	[146-146]	146	82
COV	[147-147]	147	67
COV	[148-148]	148	33
COV	[149-149]	149	3
COV	[150-150]	150	9
COV	[151-151]	151	35
COV	[152-152]	152	31
COV	[153-153]	153	39
COV	[154-154]	154	36
COV	[155-155]	155	54
COV	[156-156]	156	17
COV	[157-157]	157	29
COV	[158-158]	158	38
COV	[159-159]	159	8
COV	[160-160]	160	46
COV	[161-161]	161	34
COV	[162-162]	162	39
COV	[163-163]	163	35
COV	[164-164]	164	34
COV	[165-165]	165	21
COV	[166-166]	166	43
COV	[167-167]	167	69
COV	[168-168]	168	78
COV	[169-169]	169	17
COV	[170-170]	170	7
COV	[171-171]	171	6
COV	[172-172]	172	69
COV	[173-173]	173	11
COV	[174-174]	174	30
COV	[175-175]	175	5
COV	[176-176]	176	53
COV	[177-177]	177	20
COV	[178-178]	178	3
COV	[179-179]	179	1
COV	[180-180]	180	1
COV	[181-181]	181	4
COV	[182-182]	182	8
COV	[183-183]	183	4
COV	[184-184]	184	14
COV	[185-185]	185	13
COV	[186-186]	186	62
COV	[187-187]	187	4
COV	[188-188]	188	31
COV	[189-189]	189	27
COV	[190-190]	190	29
COV	[191-191]	191	2
COV	[192-192]	192	7
COV	[193-193]	193	19
COV	[194-194]	194	48
COV	[195-195]	195	20
COV	[196-196]	196	6
COV	[197-197]	197	37
COV	[198-198]	198	1
COV	[199-199]	199	1
COV	[200-200]	200	5
COV	[201-201]	201	7
COV	[202-202]	202	19
COV	[203-203]	203	20
COV	[204-204]	204	20
COV	[205-205]	205	17
COV	[206-206]	206	75
COV	[207-207]	207	60
COV	[208-208]	208	33
COV	[209-209]	209	2
COV	[210-210]	210	1
COV	[211-211]	211	4
COV	[212-212]	212	3
COV	[213-213]	213	12
COV	[214-214]	214	5
COV	[215-215]	215	12
COV	[216-216]	216	3
COV	[217-217]	217	33
COV	[218-218]	218	19
COV	[219-219]	219	12
COV	[220-220]	220	36
COV	[221-221]	221	10
COV	[222-222]	222	8
COV	[223-223]	223	17
COV	[224-224]	224	32
COV	[225-225]	225	12
COV	[226-226]	226	32
COV	[227-227]	227	30
COV	[228-228]	228	35
COV	[229-229]	229	18
COV	[230-230]	230	25
COV	[231-231]	231	6
COV	[232-232]	232	70
COV	[233-233]	233	17
COV	[234-234]	234	31
COV	[235-235]	235	32
COV	[236-236]	236	40
COV	[238-238]	238	3
COV	[239-239]	239	5
COV	[240-240]	240	14
COV	[241-241]	241	7
COV	[242-242]	242	6
COV	[243-243]	243	13
COV	[244-244]	244	10
COV	[245-245]	245	24
COV	[246-246]	246	72
COV	[247-247]	247	7
COV	[248-248]	248	6
COV	[249-249]	249	34
COV	[251-251]	251	1
COV	[252-252]	252	1
COV	[253-253]	253	3
COV	[254-254]	254	3
COV	[255-255]	255	7
COV	[256-256]	256	3
COV	[257-257]	257	19
COV	[258-258]	258	10
COV	[259-259]	259	81
COV	[260-260]	260	1
COV	[261-261]	261	4
COV	[262-262]	262	1
COV	[263-263]	263	2
COV	[264-264]	264	6
COV	[265-265]	265	18
COV	[266-266]	266	42
COV	[267-267]	267	2
COV	[268-268]	268	5
COV	[269-269]	269	2
COV	[270-270]	270	6
COV	[271-271]	271	2
COV	[272-272]	272	8
COV	[273-273]	273	35
COV	[274-274]	274	8
COV	[275-275]	275	10
COV	[276-276]	276	9
COV	[277-277]	277	4
COV	[278-278]	278	4
COV	[279-279]	279	3
COV	[280-280]	280	7
COV	[282-282]	282	1
COV	[283-283]	283	5
COV	[284-284]	284	14
COV	[285-285]	285	19
COV	[286-286]	286	2
COV	[287-287]	287	3
COV	[288-288]	288	108
COV	[289-289]	289	3
COV	[290-290]	290	5
COV	[291-291]	291	1
COV	[293-293]	293	16
COV	[295-295]	295	1
COV	[296-296]	296	1
COV	[305-305]	305	2
COV	[306-306]	306	2
COV	[307-307]	307	5
COV	[314-314]	314	1
COV	[316-316]	316	16
COV	[317-317]	317	69
COV	[318-318]	318	1
COV	[320-320]	320	25
COV	[322-322]	322	8
COV	[323-323]	323	1
COV	[324-324]	324	6
COV	[325-325]	325	34
COV	[326-326]	326	27
COV	[327-327]	327	5
COV	[328-328]	328	8
COV	[329-329]	329	16
COV	[330-330]	330	32
COV	[331-331]	331	3
COV	[332-332]	332	19
COV	[333-333]	333	24
COV	[334-334]	334	1
COV	[335-335]	335	3
COV	[336-336]	336	4
COV	[337-337]	337	28
COV	[338-338]	338	1
COV	[341-341]	341	1
COV	[343-343]	343	5
COV	[345-345]	345	11
COV	[349-349]	349	6
COV	[350-350]	350	7
COV	[351-351]	351	15
COV	[352-352]	352	11
COV	[353-353]	353	2
COV	[356-356]	356	1
COV	[357-357]	357	1
COV	[358-358]	358	2
COV	[362-362]	362	1
COV	[364-364]	364	2
COV	[365-365]	365	3
COV	[366-366]	366	4
COV	[368-368]	368	1
COV	[370-370]	370	23
COV	[371-371]	371	4
COV	[372-372]	372	1
COV	[373-373]	373	1
COV	[376-376]	376	6
COV	[377-377]	377	1
COV	[378-378]	378	5
COV	[381-381]	381	2
COV	[382-382]	382	1
COV	[383-383]	383	6
COV	[384-384]	384	10
COV	[385-385]	385	8
COV	[386-386]	386	20
COV	[388-388]	388	11
COV	[389-389]	389	4
COV	[390-390]	390	19
COV	[392-392]	392	3
COV	[394-394]	394	3
COV	[395-395]	395	6
COV	[396-396]	396	10
COV	[397-397]	397	8
COV	[398-398]	398	12
COV	[399-399]	399	28
COV	[400-400]	400	2
COV	[401-401]	401	41
COV	[402-402]	402	1
COV	[403-403]	403	6
COV	[404-404]	404	50
COV	[405-405]	405	6
COV	[406-406]	406	1
COV	[407-407]	407	1
COV	[409-409]	409	1
COV	[411-411]	411	11
COV	[413-413]	413	1
COV	[418-418]	418	18
COV	[419-419]	419	2
COV	[421-421]	421	1
COV	[422-422]	422	12
COV	[426-426]	426	5
COV	[427-427]	427	6
COV	[428-428]	428	5
COV	[430-430]	430	5
COV	[431-431]	431	42
COV	[434-434]	434	1
COV	[437-437]	437	3
COV	[448-448]	448	2
COV	[449-449]	449	6
COV	[465-465]	465	1
COV	[466-466]	466	2
COV	[476-476]	476	1
COV	[482-482]	482	1
COV	[483-483]	483	1
COV	[490-490]	490	4
COV	[491-491]	491	36
COV	[492-492]	492	21
COV	[493-493]	493	2
COV	[495-495]	495	2
COV	[496-496]	496	15
COV	[497-497]	497	1
COV	[520-520]	520	1
COV	[521-521]	521	1
COV	[522-522]	522	2
COV	[585-585]	585	1
COV	[588-588]	588	1
COV	[592-592]	592	1
COV	[594-594]	594	1
COV	[598-598]	598	1
COV	[603-603]	603	1
COV	[604-604]	604	1
COV	[605-605]	605	3
COV	[606-606]	606	6
COV	[607-607]	607	8
COV	[608-608]	608	23
COV	[640-640]	640	1
COV	[646-646]	646	1
COV	[649-649]	649	2
COV	[651-651]	651	1
COV	[653-653]	653	6
COV	[654-654]	654	16
COV	[655-655]	655	1
COV	[656-656]	656	9
COV	[657-657]	657	29
COV	[658-658]	658	1
COV	[659-659]	659	3
COV	[660-660]	660	3
COV	[661-661]	661	31
COV	[662-662]	662	3
COV	[663-663]	663	2
COV	[664-664]	664	6
COV	[665-665]	665	15
COV	[794-794]	794	1
COV	[1000<]	1000	176
# GC-depth. Use `grep ^GCD | cut -f 2-` to extract this part. The columns are: GC%, unique sequence percentiles, 10th, 25th, 50th, 75th and 90th depth percentile
GCD	0.0	0.283	0.004	0.004	0.012	0.019	0.027
GCD	1.9	0.286	0.019	0.019	0.019	0.019	0.019
GCD	5.0	0.291	0.023	0.023	0.029	0.035	0.035
GCD	6.0	0.294	0.035	0.035	0.035	0.035	0.035
GCD	7.0	0.306	0.027	0.027	0.040	0.065	0.069
GCD	8.0	0.312	0.019	0.019	0.031	0.042	0.042
GCD	9.0	0.327	0.012	0.013	0.019	0.033	0.046
GCD	10.0	0.333	0.023	0.023	0.031	0.038	0.038
GCD	11.0	0.344	0.015	0.015	0.027	0.047	0.050
GCD	12.0	0.356	0.015	0.015	0.019	0.026	0.027
GCD	13.0	0.362	0.027	0.027	0.042	0.058	0.058
GCD	14.0	0.386	0.012	0.013	0.017	0.023	0.035
GCD	15.0	0.403	0.027	0.027	0.035	0.056	0.096
GCD	16.0	0.436	0.008	0.012	0.023	0.062	0.086
GCD	17.0	0.459	0.008	0.013	0.031	0.052	0.092
GCD	18.0	0.480	0.008	0.012	0.023	0.058	0.062
GCD	19.0	0.506	0.008	0.019	0.038	0.050	0.085
GCD	20.0	0.545	0.010	0.019	0.027	0.071	0.079
GCD	21.0	0.595	0.014	0.019	0.035	0.050	0.069
GCD	22.0	0.642	0.004	0.008	0.017	0.034	0.067
GCD	23.0	0.695	0.004	0.008	0.031	0.060	0.113
GCD	24.0	0.759	0.009	0.021	0.040	0.070	0.113
GCD	25.0	0.833	0.014	0.031	0.046	0.069	0.129
GCD	26.0	0.969	0.008	0.022	0.038	0.082	0.135
GCD	27.0	1.110	0.004	0.024	0.048	0.098	0.132
GCD	28.0	1.281	0.008	0.014	0.048	0.096	0.166
GCD	29.0	1.548	0.012	0.023	0.046	0.077	0.122
GCD	30.0	1.881	0.005	0.023	0.054	0.110	0.161
GCD	31.0	2.252	0.008	0.019	0.054	0.101	0.189
GCD	32.0	2.897	0.008	0.023	0.050	0.108	0.166
GCD	33.0	3.627	0.008	0.019	0.056	0.104	0.173
GCD	34.0	4.631	0.012	0.027	0.069	0.131	0.192
GCD	35.0	5.732	0.023	0.046	0.089	0.150	0.216
GCD	36.0	7.298	0.015	0.038	0.081	0.150	0.223
GCD	37.0	9.008	0.012	0.042	0.096	0.158	0.231
GCD	38.0	11.272	0.015	0.038	0.092	0.169	0.254
GCD	39.0	13.995	0.015	0.046	0.104	0.173	0.269
GCD	40.0	16.994	0.019	0.050	0.112	0.196	0.300
GCD	41.0	20.645	0.023	0.058	0.112	0.196	0.293
GCD	42.0	24.424	0.019	0.054	0.116	0.196	0.293
GCD	43.0	28.693	0.023	0.065	0.127	0.219	0.331
GCD	44.0	33.312	0.027	0.073	0.142	0.239	0.343
GCD	45.0	38.069	0.035	0.077	0.154	0.254	0.358
GCD	46.0	42.808	0.031	0.081	0.154	0.250	0.377
GCD	47.0	48.125	0.027	0.073	0.150	0.254	0.381
GCD	48.0	53.212	0.031	0.073	0.146	0.250	0.370
GCD	49.0	58.434	0.033	0.081	0.158	0.266	0.385
GCD	50.0	63.541	0.035	0.081	0.166	0.277	0.400
GCD	51.0	68.237	0.035	0.081	0.158	0.273	0.408
GCD	52.0	72.802	0.031	0.077	0.169	0.281	0.412
GCD	53.0	77.044	0.032	0.077	0.162	0.296	0.454
GCD	54.0	80.916	0.035	0.081	0.169	0.277	0.443
GCD	55.0	84.145	0.046	0.092	0.177	0.293	0.455
GCD	56.0	87.342	0.031	0.077	0.166	0.304	0.479
GCD	57.0	89.982	0.023	0.065	0.150	0.269	0.436
GCD	58.0	92.273	0.035	0.073	0.158	0.289	0.489
GCD	59.0	94.086	0.027	0.069	0.150	0.269	0.447
GCD	60.0	95.493	0.027	0.077	0.146	0.273	0.432
GCD	61.0	96.541	0.019	0.050	0.131	0.257	0.432
GCD	62.0	97.348	0.038	0.065	0.127	0.231	0.420
GCD	63.0	98.066	0.015	0.050	0.127	0.254	0.406
GCD	64.0	98.560	0.015	0.036	0.106	0.257	0.421
GCD	65.0	98.958	0.023	0.046	0.108	0.223	0.379
GCD	66.0	99.282	0.008	0.027	0.060	0.151	0.268
GCD	67.0	99.511	0.004	0.019	0.048	0.146	0.330
GCD	68.0	99.647	0.018	0.035	0.079	0.183	0.260
GCD	69.0	99.747	0.004	0.008	0.035	0.091	0.173
GCD	70.0	99.806	0.008	0.019	0.044	0.068	0.106
GCD	71.0	99.865	0.004	0.013	0.027	0.060	0.100
GCD	72.0	99.903	0.004	0.010	0.019	0.060	0.209
GCD	73.0	99.926	0.012	0.023	0.033	0.047	0.077
GCD	74.0	99.938	0.004	0.004	0.004	0.013	0.015
GCD	75.0	99.956	0.012	0.014	0.027	0.042	0.054
GCD	76.0	99.962	0.004	0.004	0.008	0.012	0.012
GCD	77.0	99.974	0.004	0.004	0.008	0.017	0.019
GCD	78.0	99.982	0.004	0.004	0.015	0.035	0.035
GCD	79.0	99.985	0.012	0.012	0.012	0.012	0.012
GCD	80.0	99.997	0.004	0.012	0.037	0.076	0.089
GCD	81.0	100.000	0.058	0.058	0.058	0.058	0.058
