# This file was produced by samtools stats (1.17+htslib-1.17) and can be plotted using plot-bamstats
# This file contains statistics for all reads.
# The command line was:  stats trimmomaticbwamapped/Ceratopipra_rubrocapilla_TLP025.GBSPipfilbwa.bam
# CHK, Checksum	[2]Read Names	[3]Sequences	[4]Qualities
# CHK, CRC32 of reads which passed filtering followed by addition (32bit overflow)
CHK	acfa59aa	0dbd8593	a88d7116
# Summary Numbers. Use `grep ^SN | cut -f 2-` to extract this part.
SN	raw total sequences:	750555	# excluding supplementary and secondary reads
SN	filtered sequences:	0
SN	sequences:	750555
SN	is sorted:	1
SN	1st fragments:	750555
SN	last fragments:	0
SN	reads mapped:	710775
SN	reads mapped and paired:	0	# paired-end technology bit set + both mates mapped
SN	reads unmapped:	39780
SN	reads properly paired:	0	# proper-pair bit set
SN	reads paired:	0	# paired-end technology bit set
SN	reads duplicated:	0	# PCR or optical duplicate bit set
SN	reads MQ0:	108682	# mapped and MQ=0
SN	reads QC failed:	0
SN	non-primary alignments:	0
SN	supplementary alignments:	1225
SN	total length:	50391527	# ignores clipping
SN	total first fragment length:	50391527	# ignores clipping
SN	total last fragment length:	0	# ignores clipping
SN	bases mapped:	48119858	# ignores clipping
SN	bases mapped (cigar):	47379286	# more accurate
SN	bases trimmed:	0
SN	bases duplicated:	0
SN	mismatches:	982441	# from NM fields
SN	error rate:	2.073566e-02	# mismatches / bases mapped (cigar)
SN	average length:	67
SN	average first fragment length:	67
SN	average last fragment length:	0
SN	maximum length:	90
SN	maximum first fragment length:	90
SN	maximum last fragment length:	0
SN	average quality:	37.4
SN	insert size average:	0.0
SN	insert size standard deviation:	0.0
SN	inward oriented pairs:	0
SN	outward oriented pairs:	0
SN	pairs with other orientation:	0
SN	pairs on different chromosomes:	0
SN	percentage of properly paired reads (%):	0.0
# First Fragment Qualities. Use `grep ^FFQ | cut -f 2-` to extract this part.
# Columns correspond to qualities and rows to cycles. First column is the cycle number.
FFQ	1	0	0	0	0	0	0	200	0	0	0	0	0	0	0	0	4913	0	0	0	0	0	0	194	0	0	0	0	8416	0	0	0	0	0	33325	0	0	0	703507	0	0	0	0
FFQ	2	0	0	0	0	0	0	20	0	0	0	0	0	0	0	0	3484	0	0	0	0	0	0	486	0	0	0	0	7205	0	0	0	0	0	26983	0	0	0	712377	0	0	0	0
FFQ	3	0	0	0	0	0	0	16	0	0	0	0	0	0	0	0	3431	0	0	0	0	0	0	439	0	0	0	0	5884	0	0	0	0	0	24056	0	0	0	716729	0	0	0	0
FFQ	4	0	0	0	0	0	0	84	0	0	0	0	0	0	0	0	4332	0	0	0	0	0	0	811	0	0	0	0	9161	0	0	0	0	0	32814	0	0	0	703353	0	0	0	0
FFQ	5	0	0	0	0	0	0	33	0	0	0	0	0	0	0	0	4096	0	0	0	0	0	0	881	0	0	0	0	9127	0	0	0	0	0	34191	0	0	0	702227	0	0	0	0
FFQ	6	0	0	0	0	0	0	18	0	0	0	0	0	0	0	0	4003	0	0	0	0	0	0	1395	0	0	0	0	10067	0	0	0	0	0	36675	0	0	0	698397	0	0	0	0
FFQ	7	0	0	0	0	0	0	381	0	0	0	0	0	0	0	0	4243	0	0	0	0	0	0	1678	0	0	0	0	10468	0	0	0	0	0	36246	0	0	0	186349	0	0	511190	0
FFQ	8	0	0	0	0	0	0	193	0	0	0	0	0	0	0	0	5518	0	0	0	0	0	0	1414	0	0	0	0	11095	0	0	0	0	0	39034	0	0	0	191568	0	0	501733	0
FFQ	9	0	0	0	0	0	0	266	0	0	0	0	0	0	0	0	4874	0	0	0	0	0	0	1396	0	0	0	0	10923	0	0	0	0	0	38721	0	0	0	191213	0	0	503162	0
FFQ	10	0	0	0	0	0	0	328	0	0	0	0	0	0	0	0	4490	0	0	0	0	0	0	1648	0	0	0	0	11152	0	0	0	0	0	40677	0	0	0	195865	0	0	496395	0
FFQ	11	0	0	0	0	0	0	266	0	0	0	0	0	0	0	0	4500	0	0	0	0	0	0	1810	0	0	0	0	10693	0	0	0	0	0	39414	0	0	0	193390	0	0	500482	0
FFQ	12	0	0	0	0	0	0	231	0	0	0	0	0	0	0	0	4364	0	0	0	0	0	0	1904	0	0	0	0	10970	0	0	0	0	0	39279	0	0	0	188125	0	0	505682	0
FFQ	13	0	0	0	0	0	0	234	0	0	0	0	0	0	0	0	4363	0	0	0	0	0	0	1918	0	0	0	0	11041	0	0	0	0	0	41140	0	0	0	195314	0	0	496545	0
FFQ	14	0	0	0	0	0	0	255	0	0	0	0	0	0	0	0	4257	0	0	0	0	0	0	2026	0	0	0	0	10378	0	0	0	0	0	39606	0	0	0	193738	0	0	500295	0
FFQ	15	0	0	0	0	0	0	403	0	0	0	0	0	0	0	0	4510	0	0	0	0	0	0	2466	0	0	0	0	10452	0	0	0	0	0	40323	0	0	0	195129	0	0	497272	0
FFQ	16	0	0	0	0	0	0	357	0	0	0	0	0	0	0	0	4377	0	0	0	0	0	0	2843	0	0	0	0	10245	0	0	0	0	0	41637	0	0	0	198586	0	0	492510	0
FFQ	17	0	0	0	0	0	0	449	0	0	0	0	0	0	0	0	4047	0	0	0	0	0	0	2958	0	0	0	0	9496	0	0	0	0	0	39670	0	0	0	194856	0	0	499079	0
FFQ	18	0	0	0	0	0	0	591	0	0	0	0	0	0	0	0	3967	0	0	0	0	0	0	3373	0	0	0	0	9602	0	0	0	0	0	40207	0	0	0	194243	0	0	498572	0
FFQ	19	0	0	0	0	0	0	858	0	0	0	0	0	0	0	0	3950	0	0	0	0	0	0	3358	0	0	0	0	9461	0	0	0	0	0	40959	0	0	0	194073	0	0	497896	0
FFQ	20	0	0	0	0	0	0	1016	0	0	0	0	0	0	0	0	3688	0	0	0	0	0	0	3558	0	0	0	0	9123	0	0	0	0	0	40580	0	0	0	193705	0	0	498885	0
FFQ	21	0	0	0	0	0	0	1274	0	0	0	0	0	0	0	0	3484	0	0	0	0	0	0	3668	0	0	0	0	9581	0	0	0	0	0	41320	0	0	0	193271	0	0	497957	0
FFQ	22	0	0	0	0	0	0	1363	0	0	0	0	0	0	0	0	3200	0	0	0	0	0	0	3638	0	0	0	0	9537	0	0	0	0	0	41942	0	0	0	195593	0	0	495282	0
FFQ	23	0	0	0	0	0	0	1560	0	0	0	0	0	0	0	0	3153	0	0	0	0	0	0	3865	0	0	0	0	9560	0	0	0	0	0	42504	0	0	0	198066	0	0	491847	0
FFQ	24	0	0	0	0	0	0	1626	0	0	0	0	0	0	0	0	2884	0	0	0	0	0	0	4020	0	0	0	0	9716	0	0	0	0	0	42408	0	0	0	198033	0	0	491868	0
FFQ	25	0	0	0	0	0	0	1850	0	0	0	0	0	0	0	0	3108	0	0	0	0	0	0	4176	0	0	0	0	10126	0	0	0	0	0	44940	0	0	0	203908	0	0	482447	0
FFQ	26	0	0	0	0	0	0	1857	0	0	0	0	0	0	0	0	3067	0	0	0	0	0	0	4440	0	0	0	0	10128	0	0	0	0	0	45160	0	0	0	204259	0	0	481644	0
FFQ	27	0	0	0	0	0	0	1759	0	0	0	0	0	0	0	0	2997	0	0	0	0	0	0	4266	0	0	0	0	9941	0	0	0	0	0	44619	0	0	0	203047	0	0	483926	0
FFQ	28	0	0	0	0	0	0	1868	0	0	0	0	0	0	0	0	3102	0	0	0	0	0	0	4506	0	0	0	0	10174	0	0	0	0	0	45732	0	0	0	206615	0	0	478558	0
FFQ	29	0	0	0	0	0	0	1852	0	0	0	0	0	0	0	0	3062	0	0	0	0	0	0	4720	0	0	0	0	10412	0	0	0	0	0	45898	0	0	0	206848	0	0	477763	0
FFQ	30	0	0	0	0	0	0	1912	0	0	0	0	0	0	0	0	3162	0	0	0	0	0	0	4913	0	0	0	0	10258	0	0	0	0	0	46252	0	0	0	207210	0	0	476848	0
FFQ	31	0	0	0	0	0	0	1805	0	0	0	0	0	0	0	0	3156	0	0	0	0	0	0	4970	0	0	0	0	10713	0	0	0	0	0	47156	0	0	0	209524	0	0	473231	0
FFQ	32	0	0	0	0	0	0	1737	0	0	0	0	0	0	0	0	3091	0	0	0	0	0	0	5178	0	0	0	0	10600	0	0	0	0	0	47166	0	0	0	210571	0	0	472212	0
FFQ	33	0	0	0	0	0	0	1879	0	0	0	0	0	0	0	0	3161	0	0	0	0	0	0	5446	0	0	0	0	10726	0	0	0	0	0	48258	0	0	0	210775	0	0	470310	0
FFQ	34	0	0	0	0	0	0	2043	0	0	0	0	0	0	0	0	3387	0	0	0	0	0	0	5673	0	0	0	0	10986	0	0	0	0	0	49685	0	0	0	214530	0	0	464251	0
FFQ	35	0	0	0	0	0	0	1925	0	0	0	0	0	0	0	0	3432	0	0	0	0	0	0	6189	0	0	0	0	11013	0	0	0	0	0	50395	0	0	0	217588	0	0	460013	0
FFQ	36	0	0	0	0	0	0	1770	0	0	0	0	0	0	0	0	3397	0	0	0	0	0	0	6218	0	0	0	0	11284	0	0	0	0	0	50753	0	0	0	218912	0	0	458221	0
FFQ	37	0	0	0	0	0	0	1805	0	0	0	0	0	0	0	0	3434	0	0	0	0	0	0	6406	0	0	0	0	11659	0	0	0	0	0	51730	0	0	0	219560	0	0	455961	0
FFQ	38	0	0	0	0	0	0	1897	0	0	0	0	0	0	0	0	3143	0	0	0	0	0	0	6704	0	0	0	0	11966	0	0	0	0	0	51729	0	0	0	220429	0	0	454687	0
FFQ	39	0	0	0	0	0	0	2258	0	0	0	0	0	0	0	0	3313	0	0	0	0	0	0	6729	0	0	0	0	12441	0	0	0	0	0	52048	0	0	0	222935	0	0	450831	0
FFQ	40	0	0	0	0	0	0	2077	0	0	0	0	0	0	0	0	3729	0	0	0	0	0	0	7337	0	0	0	0	13244	0	0	0	0	0	54088	0	0	0	225397	0	0	444683	0
FFQ	41	0	0	0	0	0	0	1835	0	0	0	0	0	0	0	0	3400	0	0	0	0	0	0	7111	0	0	0	0	13173	0	0	0	0	0	54153	0	0	0	223857	0	0	426536	0
FFQ	42	0	0	0	0	0	0	1943	0	0	0	0	0	0	0	0	3332	0	0	0	0	0	0	6855	0	0	0	0	13415	0	0	0	0	0	54023	0	0	0	223364	0	0	403469	0
FFQ	43	0	0	0	0	0	0	1791	0	0	0	0	0	0	0	0	3299	0	0	0	0	0	0	6793	0	0	0	0	14046	0	0	0	0	0	54125	0	0	0	221180	0	0	385331	0
FFQ	44	0	0	0	0	0	0	1657	0	0	0	0	0	0	0	0	3077	0	0	0	0	0	0	6692	0	0	0	0	13450	0	0	0	0	0	51965	0	0	0	214965	0	0	361858	0
FFQ	45	0	0	0	0	0	0	1587	0	0	0	0	0	0	0	0	2985	0	0	0	0	0	0	6277	0	0	0	0	13728	0	0	0	0	0	52928	0	0	0	215628	0	0	344404	0
FFQ	46	0	0	0	0	0	0	1702	0	0	0	0	0	0	0	0	2988	0	0	0	0	0	0	6299	0	0	0	0	13792	0	0	0	0	0	52404	0	0	0	211992	0	0	323357	0
FFQ	47	0	0	0	0	0	0	1378	0	0	0	0	0	0	0	0	2870	0	0	0	0	0	0	5937	0	0	0	0	13658	0	0	0	0	0	52014	0	0	0	210022	0	0	306089	0
FFQ	48	0	0	0	0	0	0	1453	0	0	0	0	0	0	0	0	2701	0	0	0	0	0	0	5064	0	0	0	0	13945	0	0	0	0	0	52123	0	0	0	211663	0	0	289820	0
FFQ	49	0	0	0	0	0	0	1388	0	0	0	0	0	0	0	0	2635	0	0	0	0	0	0	5108	0	0	0	0	14217	0	0	0	0	0	52773	0	0	0	212906	0	0	270932	0
FFQ	50	0	0	0	0	0	0	1397	0	0	0	0	0	0	0	0	2566	0	0	0	0	0	0	4979	0	0	0	0	14261	0	0	0	0	0	54408	0	0	0	216350	0	0	252760	0
FFQ	51	0	0	0	0	0	0	1277	0	0	0	0	0	0	0	0	2603	0	0	0	0	0	0	4910	0	0	0	0	14099	0	0	0	0	0	54879	0	0	0	219505	0	0	236732	0
FFQ	52	0	0	0	0	0	0	1225	0	0	0	0	0	0	0	0	2493	0	0	0	0	0	0	4780	0	0	0	0	14593	0	0	0	0	0	56193	0	0	0	223055	0	0	220122	0
FFQ	53	0	0	0	0	0	0	1262	0	0	0	0	0	0	0	0	2547	0	0	0	0	0	0	4685	0	0	0	0	14755	0	0	0	0	0	56341	0	0	0	228229	0	0	202431	0
FFQ	54	0	0	0	0	0	0	1243	0	0	0	0	0	0	0	0	2448	0	0	0	0	0	0	4538	0	0	0	0	14659	0	0	0	0	0	57879	0	0	0	233582	0	0	183917	0
FFQ	55	0	0	0	0	0	0	1256	0	0	0	0	0	0	0	0	2449	0	0	0	0	0	0	4634	0	0	0	0	14917	0	0	0	0	0	58148	0	0	0	236356	0	0	165172	0
FFQ	56	0	0	0	0	0	0	1351	0	0	0	0	0	0	0	0	2452	0	0	0	0	0	0	4620	0	0	0	0	14615	0	0	0	0	0	60136	0	0	0	239359	0	0	147984	0
FFQ	57	0	0	0	0	0	0	1356	0	0	0	0	0	0	0	0	2553	0	0	0	0	0	0	4634	0	0	0	0	14755	0	0	0	0	0	61279	0	0	0	241928	0	0	130431	0
FFQ	58	0	0	0	0	0	0	1235	0	0	0	0	0	0	0	0	2433	0	0	0	0	0	0	4699	0	0	0	0	14805	0	0	0	0	0	62818	0	0	0	246161	0	0	113629	0
FFQ	59	0	0	0	0	0	0	1162	0	0	0	0	0	0	0	0	2247	0	0	0	0	0	0	4413	0	0	0	0	14623	0	0	0	0	0	63092	0	0	0	248814	0	0	98931	0
FFQ	60	0	0	0	0	0	0	1184	0	0	0	0	0	0	0	0	2392	0	0	0	0	0	0	4436	0	0	0	0	14647	0	0	0	0	0	65465	0	0	0	251194	0	0	84587	0
FFQ	61	0	0	0	0	0	0	1232	0	0	0	0	0	0	0	0	2387	0	0	0	0	0	0	4518	0	0	0	0	14953	0	0	0	0	0	67755	0	0	0	251753	0	0	71352	0
FFQ	62	0	0	0	0	0	0	1112	0	0	0	0	0	0	0	0	2382	0	0	0	0	0	0	4394	0	0	0	0	14639	0	0	0	0	0	69531	0	0	0	251819	0	0	59984	0
FFQ	63	0	0	0	0	0	0	1127	0	0	0	0	0	0	0	0	2308	0	0	0	0	0	0	4445	0	0	0	0	14958	0	0	0	0	0	70555	0	0	0	250389	0	0	48358	0
FFQ	64	0	0	0	0	0	0	1132	0	0	0	0	0	0	0	0	2298	0	0	0	0	0	0	4420	0	0	0	0	14640	0	0	0	0	0	72736	0	0	0	249175	0	0	38501	0
FFQ	65	0	0	0	0	0	0	1004	0	0	0	0	0	0	0	0	2337	0	0	0	0	0	0	4349	0	0	0	0	14291	0	0	0	0	0	73369	0	0	0	247562	0	0	30446	0
FFQ	66	0	0	0	0	0	0	1019	0	0	0	0	0	0	0	0	2079	0	0	0	0	0	0	4250	0	0	0	0	14293	0	0	0	0	0	74367	0	0	0	244582	0	0	23547	0
FFQ	67	0	0	0	0	0	0	1068	0	0	0	0	0	0	0	0	2323	0	0	0	0	0	0	4532	0	0	0	0	14511	0	0	0	0	0	76281	0	0	0	240343	0	0	17555	0
FFQ	68	0	0	0	0	0	0	993	0	0	0	0	0	0	0	0	2330	0	0	0	0	0	0	4399	0	0	0	0	14653	0	0	0	0	0	78760	0	0	0	234699	0	0	12753	0
FFQ	69	0	0	0	0	0	0	1078	0	0	0	0	0	0	0	0	2322	0	0	0	0	0	0	5474	0	0	0	0	18704	0	0	0	0	0	113704	0	0	0	193631	0	0	6453	0
FFQ	70	0	0	0	0	0	0	1028	0	0	0	0	0	0	0	0	2376	0	0	0	0	0	0	4833	0	0	0	0	15928	0	0	0	0	0	95539	0	0	0	208838	0	0	5178	0
FFQ	71	0	0	0	0	0	0	935	0	0	0	0	0	0	0	0	2170	0	0	0	0	0	0	4428	0	0	0	0	14862	0	0	0	0	0	85769	0	0	0	214289	0	0	3670	0
FFQ	72	0	0	0	0	0	0	948	0	0	0	0	0	0	0	0	2224	0	0	0	0	0	0	4266	0	0	0	0	13940	0	0	0	0	0	82628	0	0	0	212360	0	0	2376	0
FFQ	73	0	0	0	0	0	0	903	0	0	0	0	0	0	0	0	2069	0	0	0	0	0	0	4217	0	0	0	0	13565	0	0	0	0	0	80218	0	0	0	206475	0	0	1376	0
FFQ	74	0	0	0	0	0	0	938	0	0	0	0	0	0	0	0	2247	0	0	0	0	0	0	4032	0	0	0	0	13290	0	0	0	0	0	79351	0	0	0	200363	0	0	770	0
FFQ	75	0	0	0	0	0	0	979	0	0	0	0	0	0	0	0	2153	0	0	0	0	0	0	4201	0	0	0	0	13399	0	0	0	0	0	79449	0	0	0	193355	0	0	396	0
FFQ	76	0	0	0	0	0	0	930	0	0	0	0	0	0	0	0	2324	0	0	0	0	0	0	4268	0	0	0	0	13356	0	0	0	0	0	79859	0	0	0	186791	0	0	201	0
FFQ	77	0	0	0	0	0	0	946	0	0	0	0	0	0	0	0	2421	0	0	0	0	0	0	4460	0	0	0	0	13325	0	0	0	0	0	80197	0	0	0	179558	0	0	102	0
FFQ	78	0	0	0	0	0	0	884	0	0	0	0	0	0	0	0	2226	0	0	0	0	0	0	4195	0	0	0	0	13152	0	0	0	0	0	79552	0	0	0	174672	0	0	42	0
FFQ	79	0	0	0	0	0	0	906	0	0	0	0	0	0	0	0	2341	0	0	0	0	0	0	4288	0	0	0	0	12859	0	0	0	0	0	78463	0	0	0	168754	0	0	20	0
FFQ	80	0	0	0	0	0	0	920	0	0	0	0	0	0	0	0	2321	0	0	0	0	0	0	4166	0	0	0	0	12714	0	0	0	0	0	79539	0	0	0	167784	0	0	7	0
FFQ	81	0	0	0	0	0	0	918	0	0	0	0	0	0	0	0	2336	0	0	0	0	0	0	4017	0	0	0	0	12774	0	0	0	0	0	80226	0	0	0	166866	0	0	3	0
FFQ	82	0	0	0	0	0	0	887	0	0	0	0	0	0	0	0	2297	0	0	0	0	0	0	4325	0	0	0	0	12770	0	0	0	0	0	81245	0	0	0	165244	0	0	1	0
FFQ	83	0	0	0	0	0	0	800	0	0	0	0	0	0	0	0	2232	0	0	0	0	0	0	3834	0	0	0	0	12446	0	0	0	0	0	80846	0	0	0	166222	0	0	1	0
FFQ	84	0	0	0	0	0	0	746	0	0	0	0	0	0	0	0	2328	0	0	0	0	0	0	3908	0	0	0	0	12536	0	0	0	0	0	81699	0	0	0	164768	0	0	0	0
FFQ	85	0	0	0	0	0	0	872	0	0	0	0	0	0	0	0	2354	0	0	0	0	0	0	3995	0	0	0	0	12506	0	0	0	0	0	83037	0	0	0	162752	0	0	0	0
FFQ	86	0	0	0	0	0	0	794	0	0	0	0	0	0	0	0	2424	0	0	0	0	0	0	4158	0	0	0	0	12701	0	0	0	0	0	83591	0	0	0	161400	0	0	0	0
FFQ	87	0	0	0	0	0	0	734	0	0	0	0	0	0	0	0	2432	0	0	0	0	0	0	4075	0	0	0	0	12643	0	0	0	0	0	84492	0	0	0	160199	0	0	0	0
FFQ	88	0	0	0	0	0	0	701	0	0	0	0	0	0	0	0	2506	0	0	0	0	0	0	4176	0	0	0	0	12593	0	0	0	0	0	85123	0	0	0	158926	0	0	0	0
FFQ	89	0	0	0	0	0	0	624	0	0	0	0	0	0	0	0	2430	0	0	0	0	0	0	4228	0	0	0	0	12578	0	0	0	0	0	84977	0	0	0	158522	0	0	0	0
FFQ	90	0	0	0	0	0	0	0	0	0	0	0	0	0	0	0	2357	0	0	0	0	0	0	4085	0	0	0	0	12471	0	0	0	0	0	85713	0	0	0	157578	0	0	0	0
# Last Fragment Qualities. Use `grep ^LFQ | cut -f 2-` to extract this part.
# Columns correspond to qualities and rows to cycles. First column is the cycle number.
# GC Content of first fragments. Use `grep ^GCF | cut -f 2-` to extract this part.
GCF	8.29	0
GCF	16.83	1
GCF	17.34	3
GCF	17.84	4
GCF	18.34	1
GCF	18.84	5
GCF	19.35	6
GCF	19.85	9
GCF	21.11	12
GCF	22.36	35
GCF	22.86	44
GCF	23.37	59
GCF	23.87	62
GCF	24.37	89
GCF	24.87	108
GCF	25.38	156
GCF	25.88	163
GCF	26.38	170
GCF	26.88	256
GCF	27.39	292
GCF	27.89	413
GCF	28.39	447
GCF	28.89	539
GCF	29.40	588
GCF	29.90	855
GCF	30.40	983
GCF	30.90	1432
GCF	31.41	1547
GCF	31.91	1800
GCF	32.41	2223
GCF	32.91	2434
GCF	33.42	3219
GCF	33.92	3577
GCF	34.42	4291
GCF	34.92	4438
GCF	35.43	5375
GCF	35.93	5818
GCF	36.43	6794
GCF	36.93	7193
GCF	37.44	7781
GCF	37.94	9224
GCF	38.44	9731
GCF	38.94	11272
GCF	39.45	11895
GCF	39.95	13567
GCF	40.45	14476
GCF	40.95	15827
GCF	41.46	16635
GCF	41.96	16978
GCF	42.46	18654
GCF	42.96	19896
GCF	43.47	21803
GCF	43.97	23023
GCF	44.47	24631
GCF	44.97	25532
GCF	45.48	26526
GCF	45.98	27620
GCF	46.48	30009
GCF	46.98	30918
GCF	47.49	32433
GCF	47.99	34762
GCF	48.49	35774
GCF	48.99	41451
GCF	49.50	41553
GCF	50.00	43388
GCF	50.50	43507
GCF	51.01	43065
GCF	51.51	43549
GCF	52.01	43913
GCF	52.51	44820
GCF	53.02	45481
GCF	53.52	47746
GCF	54.02	48624
GCF	54.52	49016
GCF	55.03	49029
GCF	55.53	48298
GCF	56.03	51341
GCF	56.53	51322
GCF	57.04	51086
GCF	57.54	51672
GCF	58.04	52074
GCF	58.54	50586
GCF	59.05	50170
GCF	59.55	49385
GCF	60.05	49687
GCF	60.55	49962
GCF	61.06	48516
GCF	61.56	48077
GCF	62.06	47614
GCF	62.56	48632
GCF	63.07	48167
GCF	63.57	45556
GCF	64.07	43786
GCF	64.57	41518
GCF	65.08	36921
GCF	65.58	35459
GCF	66.08	34691
GCF	66.58	31409
GCF	67.09	29319
GCF	67.59	25709
GCF	68.09	22487
GCF	68.59	21566
GCF	69.10	18801
GCF	69.60	16122
GCF	70.10	14187
GCF	70.60	14000
GCF	71.11	11521
GCF	71.61	10263
GCF	72.11	8674
GCF	72.61	7536
GCF	73.12	6473
GCF	73.62	5575
GCF	74.12	4484
GCF	74.62	3112
GCF	75.13	2613
GCF	75.63	2038
GCF	76.13	1754
GCF	76.63	1385
GCF	77.14	1197
GCF	77.64	1274
GCF	78.14	1082
GCF	78.64	647
GCF	79.15	599
GCF	79.65	586
GCF	80.15	441
GCF	80.65	404
GCF	81.16	318
GCF	81.66	317
GCF	82.16	281
GCF	82.66	256
GCF	83.17	214
GCF	83.67	189
GCF	84.17	184
GCF	84.67	106
GCF	85.18	72
GCF	85.93	35
GCF	86.68	37
GCF	87.19	36
GCF	87.69	6
GCF	88.19	7
GCF	88.94	4
GCF	89.70	5
GCF	90.20	3
GCF	91.21	1
# GC Content of last fragments. Use `grep ^GCL | cut -f 2-` to extract this part.
# ACGT content per cycle. Use `grep ^GCC | cut -f 2-` to extract this part. The columns are: cycle; A,C,G,T base counts as a percentage of all A/C/G/T bases [%]; and N and O counts as a percentage of all A/C/G/T bases [%]
GCC	1	47.34	0.00	0.00	52.66	0.00	0.00
GCC	2	0.00	47.34	52.66	0.00	0.00	0.00
GCC	3	0.00	52.66	47.34	0.00	0.00	0.00
GCC	4	52.66	0.00	0.00	47.34	0.00	0.00
GCC	5	0.00	47.34	52.66	0.00	0.00	0.00
GCC	6	20.26	29.66	29.60	20.48	0.00	0.00
GCC	7	24.75	25.29	25.75	24.21	0.00	0.00
GCC	8	22.08	28.10	28.09	21.74	0.00	0.00
GCC	9	22.40	28.24	27.30	22.06	0.00	0.00
GCC	10	26.38	23.75	23.52	26.35	0.00	0.00
GCC	11	21.98	27.86	28.09	22.07	0.00	0.00
GCC	12	22.27	27.95	27.52	22.26	0.00	0.00
GCC	13	24.92	24.82	25.04	25.22	0.00	0.00
GCC	14	21.26	28.18	28.73	21.82	0.00	0.00
GCC	15	22.85	27.23	27.15	22.77	0.00	0.00
GCC	16	24.38	25.51	25.58	24.53	0.00	0.00
GCC	17	21.63	28.42	28.51	21.44	0.00	0.00
GCC	18	22.72	27.19	27.19	22.90	0.00	0.00
GCC	19	23.61	26.34	26.09	23.96	0.00	0.00
GCC	20	22.13	27.58	27.54	22.75	0.00	0.00
GCC	21	23.66	26.81	26.39	23.15	0.00	0.00
GCC	22	23.99	26.12	25.84	24.05	0.00	0.00
GCC	23	21.85	28.24	28.22	21.70	0.00	0.00
GCC	24	22.95	26.80	27.23	23.02	0.00	0.00
GCC	25	24.96	24.95	25.11	24.98	0.00	0.00
GCC	26	22.77	27.02	27.35	22.86	0.00	0.00
GCC	27	22.48	27.19	27.69	22.64	0.00	0.00
GCC	28	23.98	25.94	26.08	23.99	0.00	0.00
GCC	29	22.88	27.20	27.02	22.90	0.00	0.00
GCC	30	22.78	27.34	26.88	23.00	0.00	0.00
GCC	31	23.93	26.18	25.92	23.98	0.00	0.00
GCC	32	21.81	27.90	27.79	22.50	0.00	0.00
GCC	33	23.07	27.05	27.15	22.73	0.00	0.00
GCC	34	24.20	25.71	25.77	24.32	0.00	0.00
GCC	35	22.60	27.28	27.27	22.85	0.00	0.00
GCC	36	22.52	27.27	27.31	22.90	0.00	0.00
GCC	37	23.48	26.37	26.23	23.92	0.00	0.00
GCC	38	21.94	28.27	27.75	22.04	0.00	0.00
GCC	39	21.14	28.86	28.48	21.53	0.00	0.00
GCC	40	23.20	26.87	26.55	23.38	0.00	0.00
GCC	41	21.94	28.33	28.11	21.62	0.00	0.00
GCC	42	22.69	27.83	27.00	22.48	0.00	0.00
GCC	43	24.09	25.94	25.80	24.16	0.00	0.00
GCC	44	22.40	27.68	27.56	22.36	0.00	0.00
GCC	45	23.35	26.75	26.53	23.37	0.00	0.00
GCC	46	23.91	26.15	26.32	23.63	0.00	0.00
GCC	47	22.73	27.32	27.18	22.77	0.00	0.00
GCC	48	23.02	27.10	26.69	23.18	0.00	0.00
GCC	49	23.85	26.37	25.82	23.95	0.00	0.00
GCC	50	22.84	27.28	27.08	22.79	0.00	0.00
GCC	51	23.11	27.04	26.95	22.90	0.00	0.00
GCC	52	23.86	26.50	26.23	23.40	0.00	0.00
GCC	53	23.05	26.84	26.76	23.36	0.00	0.00
GCC	54	23.34	26.90	26.72	23.04	0.00	0.00
GCC	55	23.82	26.44	26.04	23.70	0.00	0.00
GCC	56	23.26	26.75	26.84	23.15	0.00	0.00
GCC	57	23.30	26.69	26.62	23.39	0.00	0.00
GCC	58	24.52	25.78	25.48	24.22	0.00	0.00
GCC	59	23.06	27.48	26.83	22.63	0.00	0.00
GCC	60	23.28	26.94	26.47	23.30	0.00	0.00
GCC	61	23.36	26.64	26.39	23.61	0.00	0.00
GCC	62	23.58	26.27	26.42	23.73	0.00	0.00
GCC	63	23.64	26.69	26.51	23.16	0.00	0.00
GCC	64	23.52	26.60	26.34	23.55	0.00	0.00
GCC	65	23.53	26.80	26.61	23.06	0.00	0.00
GCC	66	23.79	26.40	26.18	23.63	0.00	0.00
GCC	67	24.00	26.18	26.08	23.75	0.00	0.00
GCC	68	22.92	27.27	26.87	22.94	0.00	0.00
GCC	69	23.51	26.72	26.12	23.65	0.00	0.00
GCC	70	23.51	26.60	26.28	23.60	0.00	0.00
GCC	71	22.84	27.24	27.14	22.78	0.00	0.00
GCC	72	23.66	26.73	26.09	23.53	0.00	0.00
GCC	73	23.96	26.03	26.05	23.97	0.00	0.00
GCC	74	23.39	26.27	26.94	23.40	0.00	0.00
GCC	75	22.90	26.88	26.98	23.24	0.00	0.00
GCC	76	23.74	26.12	26.31	23.83	0.00	0.00
GCC	77	23.21	26.74	26.51	23.54	0.00	0.00
GCC	78	23.46	26.48	26.61	23.45	0.00	0.00
GCC	79	23.84	26.34	25.93	23.89	0.00	0.00
GCC	80	23.77	26.40	26.22	23.61	0.00	0.00
GCC	81	22.93	26.91	27.18	22.98	0.00	0.00
GCC	82	25.19	25.04	25.27	24.50	0.00	0.00
GCC	83	24.34	25.33	25.88	24.45	0.00	0.00
GCC	84	24.05	25.98	26.01	23.96	0.00	0.00
GCC	85	23.98	25.98	26.16	23.89	0.00	0.00
GCC	86	23.72	26.54	26.15	23.59	0.00	0.00
GCC	87	23.11	26.73	26.58	23.59	0.00	0.00
GCC	88	24.65	25.29	25.19	24.87	0.00	0.00
GCC	89	23.37	26.72	26.17	23.74	0.00	0.00
GCC	90	24.11	25.55	25.86	24.48	0.00	0.00
# ACGT content per cycle, read oriented. Use `grep ^GCT | cut -f 2-` to extract this part. The columns are: cycle; A,C,G,T base counts as a percentage of all A/C/G/T bases [%]
GCT	1	0.00	0.00	0.00	100.00
GCT	2	0.00	0.00	100.00	0.00
GCT	3	0.00	100.00	0.00	0.00
GCT	4	100.00	0.00	0.00	0.00
GCT	5	0.00	0.00	100.00	0.00
GCT	6	22.12	29.69	29.58	18.61
GCT	7	25.95	22.12	28.93	23.00
GCT	8	23.98	29.39	26.79	19.84
GCT	9	22.49	30.41	25.13	21.97
GCT	10	26.20	22.66	24.61	26.52
GCT	11	21.80	26.43	29.52	22.25
GCT	12	24.69	27.74	27.74	19.84
GCT	13	24.55	22.79	27.07	25.60
GCT	14	20.93	25.62	31.30	22.16
GCT	15	22.44	25.74	28.64	23.18
GCT	16	25.77	23.55	27.54	23.15
GCT	17	20.90	29.13	27.80	22.18
GCT	18	23.14	29.33	25.06	22.48
GCT	19	23.97	28.56	23.87	23.60
GCT	20	21.81	29.74	25.38	23.07
GCT	21	24.67	27.39	25.81	22.13
GCT	22	23.57	24.78	27.18	24.47
GCT	23	21.77	26.09	30.36	21.78
GCT	24	24.52	24.90	29.12	21.46
GCT	25	24.58	24.47	25.59	25.37
GCT	26	22.17	25.40	28.98	23.46
GCT	27	23.24	26.96	27.92	21.88
GCT	28	24.32	27.18	24.85	23.65
GCT	29	23.59	26.92	27.30	22.19
GCT	30	21.65	27.93	26.30	24.13
GCT	31	24.00	24.39	27.71	23.90
GCT	32	22.38	27.88	27.81	21.92
GCT	33	24.49	27.24	26.96	21.31
GCT	34	24.78	26.17	25.31	23.75
GCT	35	21.98	27.88	26.67	23.47
GCT	36	22.54	28.96	25.62	22.89
GCT	37	23.04	27.83	24.77	24.36
GCT	38	19.77	28.73	27.29	24.21
GCT	39	19.59	31.20	26.14	23.08
GCT	40	21.53	28.42	24.99	25.05
GCT	41	21.99	28.92	27.52	21.57
GCT	42	22.25	30.58	24.25	22.92
GCT	43	24.99	26.63	25.12	23.26
GCT	44	22.72	29.31	25.93	22.04
GCT	45	23.55	27.96	25.32	23.18
GCT	46	24.66	26.54	25.93	22.87
GCT	47	22.73	28.00	26.51	22.77
GCT	48	23.70	28.40	25.40	22.50
GCT	49	23.66	27.31	24.88	24.15
GCT	50	22.66	28.13	26.23	22.97
GCT	51	22.83	28.22	25.77	23.19
GCT	52	23.51	27.22	25.52	23.75
GCT	53	22.98	27.80	25.79	23.43
GCT	54	23.66	28.04	25.57	22.73
GCT	55	23.36	27.45	25.03	24.16
GCT	56	23.02	28.07	25.53	23.39
GCT	57	23.63	29.04	24.27	23.06
GCT	58	24.61	27.24	24.02	24.13
GCT	59	21.78	28.32	26.00	23.90
GCT	60	23.46	28.04	25.37	23.13
GCT	61	23.21	28.05	24.99	23.76
GCT	62	23.44	27.54	25.16	23.87
GCT	63	23.51	27.08	26.11	23.30
GCT	64	23.39	27.41	25.53	23.67
GCT	65	23.01	27.92	25.48	23.59
GCT	66	23.97	27.31	25.26	23.46
GCT	67	23.54	26.91	25.34	24.21
GCT	68	22.99	27.99	26.14	22.88
GCT	69	22.91	27.91	24.93	24.25
GCT	70	23.38	27.05	25.83	23.74
GCT	71	23.08	28.98	25.39	22.54
GCT	72	24.60	27.81	25.00	22.59
GCT	73	24.25	27.28	24.79	23.68
GCT	74	23.56	27.59	25.62	23.23
GCT	75	23.15	27.82	26.03	23.00
GCT	76	23.55	27.34	25.09	24.02
GCT	77	23.84	28.37	24.88	22.91
GCT	78	23.66	27.83	25.25	23.25
GCT	79	23.88	26.95	25.31	23.85
GCT	80	24.68	26.65	25.98	22.70
GCT	81	23.75	27.97	26.13	22.16
GCT	82	27.04	25.96	24.35	22.65
GCT	83	24.65	26.85	24.36	24.15
GCT	84	24.71	27.22	24.77	23.30
GCT	85	25.12	25.46	26.68	22.74
GCT	86	24.24	24.77	27.92	23.07
GCT	87	25.68	25.73	27.57	21.02
GCT	88	27.57	24.43	26.05	21.95
GCT	89	26.12	23.83	29.06	20.99
GCT	90	28.58	23.82	27.60	20.00
# ACGT content per cycle for first fragments. Use `grep ^FBC | cut -f 2-` to extract this part. The columns are: cycle; A,C,G,T base counts as a percentage of all A/C/G/T bases [%]; and N and O counts as a percentage of all A/C/G/T bases [%]
FBC	1	47.34	0.00	0.00	52.66	0.00	0.00
FBC	2	0.00	47.34	52.66	0.00	0.00	0.00
FBC	3	0.00	52.66	47.34	0.00	0.00	0.00
FBC	4	52.66	0.00	0.00	47.34	0.00	0.00
FBC	5	0.00	47.34	52.66	0.00	0.00	0.00
FBC	6	20.26	29.66	29.60	20.48	0.00	0.00
FBC	7	24.75	25.29	25.75	24.21	0.00	0.00
FBC	8	22.08	28.10	28.09	21.74	0.00	0.00
FBC	9	22.40	28.24	27.30	22.06	0.00	0.00
FBC	10	26.38	23.75	23.52	26.35	0.00	0.00
FBC	11	21.98	27.86	28.09	22.07	0.00	0.00
FBC	12	22.27	27.95	27.52	22.26	0.00	0.00
FBC	13	24.92	24.82	25.04	25.22	0.00	0.00
FBC	14	21.26	28.18	28.73	21.82	0.00	0.00
FBC	15	22.85	27.23	27.15	22.77	0.00	0.00
FBC	16	24.38	25.51	25.58	24.53	0.00	0.00
FBC	17	21.63	28.42	28.51	21.44	0.00	0.00
FBC	18	22.72	27.19	27.19	22.90	0.00	0.00
FBC	19	23.61	26.34	26.09	23.96	0.00	0.00
FBC	20	22.13	27.58	27.54	22.75	0.00	0.00
FBC	21	23.66	26.81	26.39	23.15	0.00	0.00
FBC	22	23.99	26.12	25.84	24.05	0.00	0.00
FBC	23	21.85	28.24	28.22	21.70	0.00	0.00
FBC	24	22.95	26.80	27.23	23.02	0.00	0.00
FBC	25	24.96	24.95	25.11	24.98	0.00	0.00
FBC	26	22.77	27.02	27.35	22.86	0.00	0.00
FBC	27	22.48	27.19	27.69	22.64	0.00	0.00
FBC	28	23.98	25.94	26.08	23.99	0.00	0.00
FBC	29	22.88	27.20	27.02	22.90	0.00	0.00
FBC	30	22.78	27.34	26.88	23.00	0.00	0.00
FBC	31	23.93	26.18	25.92	23.98	0.00	0.00
FBC	32	21.81	27.90	27.79	22.50	0.00	0.00
FBC	33	23.07	27.05	27.15	22.73	0.00	0.00
FBC	34	24.20	25.71	25.77	24.32	0.00	0.00
FBC	35	22.60	27.28	27.27	22.85	0.00	0.00
FBC	36	22.52	27.27	27.31	22.90	0.00	0.00
FBC	37	23.48	26.37	26.23	23.92	0.00	0.00
FBC	38	21.94	28.27	27.75	22.04	0.00	0.00
FBC	39	21.14	28.86	28.48	21.53	0.00	0.00
FBC	40	23.20	26.87	26.55	23.38	0.00	0.00
FBC	41	21.94	28.33	28.11	21.62	0.00	0.00
FBC	42	22.69	27.83	27.00	22.48	0.00	0.00
FBC	43	24.09	25.94	25.80	24.16	0.00	0.00
FBC	44	22.40	27.68	27.56	22.36	0.00	0.00
FBC	45	23.35	26.75	26.53	23.37	0.00	0.00
FBC	46	23.91	26.15	26.32	23.63	0.00	0.00
FBC	47	22.73	27.32	27.18	22.77	0.00	0.00
FBC	48	23.02	27.10	26.69	23.18	0.00	0.00
FBC	49	23.85	26.37	25.82	23.95	0.00	0.00
FBC	50	22.84	27.28	27.08	22.79	0.00	0.00
FBC	51	23.11	27.04	26.95	22.90	0.00	0.00
FBC	52	23.86	26.50	26.23	23.40	0.00	0.00
FBC	53	23.05	26.84	26.76	23.36	0.00	0.00
FBC	54	23.34	26.90	26.72	23.04	0.00	0.00
FBC	55	23.82	26.44	26.04	23.70	0.00	0.00
FBC	56	23.26	26.75	26.84	23.15	0.00	0.00
FBC	57	23.30	26.69	26.62	23.39	0.00	0.00
FBC	58	24.52	25.78	25.48	24.22	0.00	0.00
FBC	59	23.06	27.48	26.83	22.63	0.00	0.00
FBC	60	23.28	26.94	26.47	23.30	0.00	0.00
FBC	61	23.36	26.64	26.39	23.61	0.00	0.00
FBC	62	23.58	26.27	26.42	23.73	0.00	0.00
FBC	63	23.64	26.69	26.51	23.16	0.00	0.00
FBC	64	23.52	26.60	26.34	23.55	0.00	0.00
FBC	65	23.53	26.80	26.61	23.06	0.00	0.00
FBC	66	23.79	26.40	26.18	23.63	0.00	0.00
FBC	67	24.00	26.18	26.08	23.75	0.00	0.00
FBC	68	22.92	27.27	26.87	22.94	0.00	0.00
FBC	69	23.51	26.72	26.12	23.65	0.00	0.00
FBC	70	23.51	26.60	26.28	23.60	0.00	0.00
FBC	71	22.84	27.24	27.14	22.78	0.00	0.00
FBC	72	23.66	26.73	26.09	23.53	0.00	0.00
FBC	73	23.96	26.03	26.05	23.97	0.00	0.00
FBC	74	23.39	26.27	26.94	23.40	0.00	0.00
FBC	75	22.90	26.88	26.98	23.24	0.00	0.00
FBC	76	23.74	26.12	26.31	23.83	0.00	0.00
FBC	77	23.21	26.74	26.51	23.54	0.00	0.00
FBC	78	23.46	26.48	26.61	23.45	0.00	0.00
FBC	79	23.84	26.34	25.93	23.89	0.00	0.00
FBC	80	23.77	26.40	26.22	23.61	0.00	0.00
FBC	81	22.93	26.91	27.18	22.98	0.00	0.00
FBC	82	25.19	25.04	25.27	24.50	0.00	0.00
FBC	83	24.34	25.33	25.88	24.45	0.00	0.00
FBC	84	24.05	25.98	26.01	23.96	0.00	0.00
FBC	85	23.98	25.98	26.16	23.89	0.00	0.00
FBC	86	23.72	26.54	26.15	23.59	0.00	0.00
FBC	87	23.11	26.73	26.58	23.59	0.00	0.00
FBC	88	24.65	25.29	25.19	24.87	0.00	0.00
FBC	89	23.37	26.72	26.17	23.74	0.00	0.00
FBC	90	24.11	25.55	25.86	24.48	0.00	0.00
# ACGT raw counters for first fragments. Use `grep ^FTC | cut -f 2-` to extract this part. The columns are: A,C,G,T,N base counters
FTC	11552854	13641206	13631275	11566192	0
# ACGT content per cycle for last fragments. Use `grep ^LBC | cut -f 2-` to extract this part. The columns are: cycle; A,C,G,T base counts as a percentage of all A/C/G/T bases [%]; and N and O counts as a percentage of all A/C/G/T bases [%]
# ACGT raw counters for last fragments. Use `grep ^LTC | cut -f 2-` to extract this part. The columns are: A,C,G,T,N base counters
LTC	0	0	0	0	0
# Insert sizes. Use `grep ^IS | cut -f 2-` to extract this part. The columns are: insert size, pairs total, inward oriented pairs, outward oriented pairs, other pairs
# Read lengths. Use `grep ^RL | cut -f 2-` to extract this part. The columns are: read length, count
RL	40	20490
RL	41	23664
RL	42	19836
RL	43	32901
RL	44	16127
RL	45	25003
RL	46	20566
RL	47	15199
RL	48	16810
RL	49	13238
RL	50	12716
RL	51	11544
RL	52	12211
RL	53	11984
RL	54	15334
RL	55	12415
RL	56	13581
RL	57	11156
RL	58	12498
RL	59	9377
RL	60	9955
RL	61	10089
RL	62	11721
RL	63	9238
RL	64	9544
RL	65	9221
RL	66	7524
RL	67	8026
RL	68	7221
RL	69	7646
RL	70	7597
RL	71	7381
RL	72	9919
RL	73	7832
RL	74	7059
RL	75	6203
RL	76	6720
RL	77	6286
RL	78	7092
RL	79	180
RL	80	311
RL	81	371
RL	82	388
RL	83	396
RL	84	469
RL	85	448
RL	86	493
RL	87	550
RL	88	666
RL	89	1155
RL	90	262204
# Read lengths - first fragments. Use `grep ^FRL | cut -f 2-` to extract this part. The columns are: read length, count
FRL	40	20490
FRL	41	23664
FRL	42	19836
FRL	43	32901
FRL	44	16127
FRL	45	25003
FRL	46	20566
FRL	47	15199
FRL	48	16810
FRL	49	13238
FRL	50	12716
FRL	51	11544
FRL	52	12211
FRL	53	11984
FRL	54	15334
FRL	55	12415
FRL	56	13581
FRL	57	11156
FRL	58	12498
FRL	59	9377
FRL	60	9955
FRL	61	10089
FRL	62	11721
FRL	63	9238
FRL	64	9544
FRL	65	9221
FRL	66	7524
FRL	67	8026
FRL	68	7221
FRL	69	7646
FRL	70	7597
FRL	71	7381
FRL	72	9919
FRL	73	7832
FRL	74	7059
FRL	75	6203
FRL	76	6720
FRL	77	6286
FRL	78	7092
FRL	79	180
FRL	80	311
FRL	81	371
FRL	82	388
FRL	83	396
FRL	84	469
FRL	85	448
FRL	86	493
FRL	87	550
FRL	88	666
FRL	89	1155
FRL	90	262204
# Read lengths - last fragments. Use `grep ^LRL | cut -f 2-` to extract this part. The columns are: read length, count
# Mapping qualities for reads !(UNMAP|SECOND|SUPPL|QCFAIL|DUP). Use `grep ^MAPQ | cut -f 2-` to extract this part. The columns are: mapq, count
MAPQ	0	108682
MAPQ	1	891
MAPQ	2	2031
MAPQ	3	1999
MAPQ	4	1162
MAPQ	5	1214
MAPQ	6	1237
MAPQ	7	1360
MAPQ	8	1430
MAPQ	9	1432
MAPQ	10	1592
MAPQ	11	842
MAPQ	12	1071
MAPQ	13	729
MAPQ	14	427
MAPQ	15	656
MAPQ	16	473
MAPQ	17	629
MAPQ	18	629
MAPQ	19	611
MAPQ	20	726
MAPQ	21	680
MAPQ	22	1202
MAPQ	23	803
MAPQ	24	1247
MAPQ	25	1505
MAPQ	26	597
MAPQ	27	1234
MAPQ	28	482
MAPQ	29	556
MAPQ	30	646
MAPQ	31	511
MAPQ	32	585
MAPQ	33	668
MAPQ	34	386
MAPQ	35	548
MAPQ	36	499
MAPQ	37	536
MAPQ	38	493
MAPQ	39	606
MAPQ	40	692
MAPQ	41	443
MAPQ	42	664
MAPQ	43	426
MAPQ	44	1185
MAPQ	45	596
MAPQ	46	607
MAPQ	47	997
MAPQ	48	916
MAPQ	49	1220
MAPQ	50	1084
MAPQ	51	893
MAPQ	52	1104
MAPQ	53	674
MAPQ	54	2353
MAPQ	55	1451
MAPQ	56	983
MAPQ	57	1225
MAPQ	58	1006
MAPQ	59	2076
MAPQ	60	546573
# Indel distribution. Use `grep ^ID | cut -f 2-` to extract this part. The columns are: length, number of insertions, number of deletions
ID	1	11718	16036
ID	2	3549	4599
ID	3	1768	2176
ID	4	1119	1560
ID	5	665	983
ID	6	583	959
ID	7	309	619
ID	8	342	616
ID	9	270	496
ID	10	180	393
ID	11	181	284
ID	12	83	240
ID	13	98	198
ID	14	68	157
ID	15	46	137
ID	16	39	84
ID	17	17	70
ID	18	28	58
ID	19	12	46
ID	20	9	53
ID	21	10	37
ID	22	1	7
ID	23	19	37
ID	24	1	11
ID	25	0	10
ID	26	2	4
ID	27	0	16
ID	29	0	1
ID	31	0	1
ID	32	0	5
ID	37	0	3
# Indels per cycle. Use `grep ^IC | cut -f 2-` to extract this part. The columns are: cycle, number of insertions (fwd), .. (rev) , number of deletions (fwd), .. (rev)
IC	3	0	0	51	0
IC	4	16	0	327	0
IC	5	215	0	245	0
IC	6	202	0	205	0
IC	7	175	0	215	0
IC	8	152	0	379	0
IC	9	191	0	344	0
IC	10	268	0	335	0
IC	11	264	0	400	0
IC	12	350	0	376	0
IC	13	313	0	428	0
IC	14	325	0	434	0
IC	15	281	0	505	0
IC	16	370	0	558	0
IC	17	419	0	468	0
IC	18	357	0	436	0
IC	19	393	0	581	0
IC	20	303	0	476	0
IC	21	382	0	530	0
IC	22	437	0	464	0
IC	23	337	0	443	0
IC	24	282	0	515	0
IC	25	433	0	487	0
IC	26	308	0	496	0
IC	27	349	0	503	0
IC	28	280	0	667	0
IC	29	357	0	446	0
IC	30	462	0	511	0
IC	31	295	0	656	0
IC	32	433	0	602	0
IC	33	387	0	583	0
IC	34	384	0	482	0
IC	35	379	0	469	0
IC	36	422	0	455	0
IC	37	386	0	508	0
IC	38	382	0	576	0
IC	39	380	0	510	0
IC	40	413	0	538	0
IC	41	404	0	444	0
IC	42	319	0	415	0
IC	43	373	0	491	0
IC	44	347	0	439	0
IC	45	317	0	404	0
IC	46	210	0	508	0
IC	47	288	0	494	0
IC	48	258	0	438	0
IC	49	301	0	436	0
IC	50	315	0	366	0
IC	51	270	0	396	0
IC	52	282	0	401	0
IC	53	337	0	350	0
IC	54	240	0	356	0
IC	55	223	0	328	0
IC	56	300	0	293	0
IC	57	197	0	326	0
IC	58	220	0	266	0
IC	59	227	0	287	0
IC	60	240	0	283	0
IC	61	223	0	312	0
IC	62	194	0	263	0
IC	63	177	0	315	0
IC	64	166	0	303	0
IC	65	190	0	319	0
IC	66	178	0	233	0
IC	67	157	0	214	0
IC	68	141	0	207	0
IC	69	136	0	188	0
IC	70	133	0	195	0
IC	71	118	0	212	0
IC	72	133	0	157	0
IC	73	128	0	168	0
IC	74	115	0	176	0
IC	75	106	0	141	0
IC	76	107	0	121	0
IC	77	95	0	186	0
IC	78	117	0	150	0
IC	79	93	0	159	0
IC	80	80	0	137	0
IC	81	61	0	144	0
IC	82	72	0	127	0
IC	83	55	0	119	0
IC	84	33	0	100	0
IC	85	71	0	70	0
IC	86	166	0	108	0
IC	87	122	0	147	0
# Coverage distribution. Use `grep ^COV | cut -f 2-` to extract this part.
COV	[1-1]	1	3833913
COV	[2-2]	2	1652888
COV	[3-3]	3	994417
COV	[4-4]	4	720856
COV	[5-5]	5	561055
COV	[6-6]	6	447227
COV	[7-7]	7	374151
COV	[8-8]	8	312336
COV	[9-9]	9	257112
COV	[10-10]	10	216490
COV	[11-11]	11	187930
COV	[12-12]	12	157485
COV	[13-13]	13	128894
COV	[14-14]	14	105807
COV	[15-15]	15	90058
COV	[16-16]	16	73007
COV	[17-17]	17	62273
COV	[18-18]	18	52781
COV	[19-19]	19	44095
COV	[20-20]	20	33153
COV	[21-21]	21	28767
COV	[22-22]	22	24758
COV	[23-23]	23	18477
COV	[24-24]	24	14274
COV	[25-25]	25	10462
COV	[26-26]	26	8546
COV	[27-27]	27	9167
COV	[28-28]	28	7038
COV	[29-29]	29	4941
COV	[30-30]	30	5394
COV	[31-31]	31	4917
COV	[32-32]	32	3382
COV	[33-33]	33	2884
COV	[34-34]	34	3201
COV	[35-35]	35	2915
COV	[36-36]	36	2310
COV	[37-37]	37	1938
COV	[38-38]	38	2019
COV	[39-39]	39	1205
COV	[40-40]	40	1539
COV	[41-41]	41	1601
COV	[42-42]	42	1054
COV	[43-43]	43	1012
COV	[44-44]	44	851
COV	[45-45]	45	1011
COV	[46-46]	46	1178
COV	[47-47]	47	997
COV	[48-48]	48	1302
COV	[49-49]	49	767
COV	[50-50]	50	799
COV	[51-51]	51	799
COV	[52-52]	52	754
COV	[53-53]	53	627
COV	[54-54]	54	712
COV	[55-55]	55	325
COV	[56-56]	56	438
COV	[57-57]	57	535
COV	[58-58]	58	720
COV	[59-59]	59	554
COV	[60-60]	60	348
COV	[61-61]	61	634
COV	[62-62]	62	458
COV	[63-63]	63	430
COV	[64-64]	64	408
COV	[65-65]	65	365
COV	[66-66]	66	326
COV	[67-67]	67	291
COV	[68-68]	68	177
COV	[69-69]	69	121
COV	[70-70]	70	192
COV	[71-71]	71	206
COV	[72-72]	72	269
COV	[73-73]	73	281
COV	[74-74]	74	347
COV	[75-75]	75	192
COV	[76-76]	76	103
COV	[77-77]	77	110
COV	[78-78]	78	128
COV	[79-79]	79	139
COV	[80-80]	80	220
COV	[81-81]	81	149
COV	[82-82]	82	210
COV	[83-83]	83	197
COV	[84-84]	84	310
COV	[85-85]	85	97
COV	[86-86]	86	57
COV	[87-87]	87	50
COV	[88-88]	88	64
COV	[89-89]	89	131
COV	[90-90]	90	101
COV	[91-91]	91	84
COV	[92-92]	92	69
COV	[93-93]	93	38
COV	[94-94]	94	78
COV	[95-95]	95	85
COV	[96-96]	96	127
COV	[97-97]	97	96
COV	[98-98]	98	73
COV	[99-99]	99	71
COV	[100-100]	100	46
COV	[101-101]	101	2
COV	[102-102]	102	43
COV	[103-103]	103	3
COV	[104-104]	104	113
COV	[105-105]	105	47
COV	[106-106]	106	4
COV	[107-107]	107	3
COV	[108-108]	108	47
COV	[109-109]	109	109
COV	[110-110]	110	157
COV	[111-111]	111	105
COV	[112-112]	112	97
COV	[113-113]	113	25
COV	[114-114]	114	72
COV	[115-115]	115	36
COV	[117-117]	117	1
COV	[118-118]	118	3
COV	[119-119]	119	39
COV	[120-120]	120	4
COV	[122-122]	122	2
COV	[123-123]	123	53
COV	[124-124]	124	97
COV	[125-125]	125	38
COV	[126-126]	126	2
COV	[127-127]	127	72
COV	[128-128]	128	39
COV	[129-129]	129	1
COV	[130-130]	130	14
COV	[131-131]	131	110
COV	[132-132]	132	38
COV	[133-133]	133	57
COV	[134-134]	134	1
COV	[135-135]	135	11
COV	[136-136]	136	75
COV	[137-137]	137	55
COV	[138-138]	138	1
COV	[139-139]	139	2
COV	[140-140]	140	19
COV	[141-141]	141	48
COV	[142-142]	142	8
COV	[143-143]	143	15
COV	[144-144]	144	13
COV	[145-145]	145	56
COV	[146-146]	146	50
COV	[147-147]	147	1
COV	[148-148]	148	97
COV	[149-149]	149	32
COV	[150-150]	150	63
COV	[151-151]	151	4
COV	[152-152]	152	40
COV	[153-153]	153	64
COV	[154-154]	154	126
COV	[155-155]	155	110
COV	[156-156]	156	2
COV	[157-157]	157	2
COV	[158-158]	158	2
COV	[159-159]	159	1
COV	[160-160]	160	1
COV	[161-161]	161	7
COV	[162-162]	162	82
COV	[164-164]	164	1
COV	[165-165]	165	9
COV	[166-166]	166	7
COV	[167-167]	167	20
COV	[168-168]	168	15
COV	[169-169]	169	165
COV	[170-170]	170	52
COV	[171-171]	171	128
COV	[172-172]	172	35
COV	[173-173]	173	5
COV	[174-174]	174	50
COV	[175-175]	175	17
COV	[176-176]	176	24
COV	[177-177]	177	1
COV	[178-178]	178	6
COV	[179-179]	179	94
COV	[180-180]	180	42
COV	[181-181]	181	18
COV	[182-182]	182	44
COV	[183-183]	183	36
COV	[184-184]	184	3
COV	[185-185]	185	4
COV	[186-186]	186	1
COV	[187-187]	187	47
COV	[188-188]	188	4
COV	[189-189]	189	1
COV	[190-190]	190	6
COV	[191-191]	191	51
COV	[194-194]	194	1
COV	[197-197]	197	4
COV	[198-198]	198	4
COV	[199-199]	199	2
COV	[200-200]	200	5
COV	[201-201]	201	38
COV	[202-202]	202	1
COV	[203-203]	203	6
COV	[204-204]	204	7
COV	[205-205]	205	7
COV	[206-206]	206	8
COV	[207-207]	207	3
COV	[208-208]	208	5
COV	[209-209]	209	4
COV	[210-210]	210	42
COV	[211-211]	211	8
COV	[212-212]	212	48
COV	[213-213]	213	1
COV	[214-214]	214	4
COV	[215-215]	215	33
COV	[216-216]	216	41
COV	[236-236]	236	1
COV	[237-237]	237	2
COV	[238-238]	238	3
COV	[239-239]	239	3
COV	[242-242]	242	2
COV	[243-243]	243	1
COV	[248-248]	248	1
COV	[249-249]	249	9
COV	[250-250]	250	5
COV	[257-257]	257	1
COV	[259-259]	259	1
COV	[260-260]	260	2
COV	[267-267]	267	1
COV	[269-269]	269	3
COV	[286-286]	286	1
COV	[292-292]	292	1
COV	[293-293]	293	1
COV	[295-295]	295	35
COV	[296-296]	296	9
COV	[326-326]	326	2
COV	[328-328]	328	1
COV	[330-330]	330	2
COV	[331-331]	331	1
COV	[332-332]	332	35
COV	[342-342]	342	1
COV	[346-346]	346	3
COV	[377-377]	377	1
COV	[380-380]	380	1
COV	[382-382]	382	2
COV	[394-394]	394	1
COV	[396-396]	396	4
COV	[397-397]	397	39
COV	[398-398]	398	2
COV	[399-399]	399	1
COV	[704-704]	704	32
COV	[719-719]	719	4
COV	[731-731]	731	4
COV	[1000<]	1000	41
# GC-depth. Use `grep ^GCD | cut -f 2-` to extract this part. The columns are: GC%, unique sequence percentiles, 10th, 25th, 50th, 75th and 90th depth percentile
GCD	0.0	0.071	0.003	0.003	0.003	0.003	0.009
GCD	10.0	0.074	0.017	0.017	0.017	0.017	0.017
GCD	14.0	0.078	0.010	0.010	0.010	0.010	0.010
GCD	16.0	0.087	0.007	0.007	0.017	0.023	0.023
GCD	18.0	0.093	0.007	0.007	0.015	0.023	0.023
GCD	19.0	0.105	0.003	0.004	0.007	0.012	0.013
GCD	19.6	0.109	0.134	0.134	0.134	0.134	0.134
GCD	21.0	0.121	0.007	0.007	0.008	0.013	0.013
GCD	22.0	0.127	0.007	0.007	0.007	0.007	0.007
GCD	23.0	0.143	0.003	0.003	0.003	0.007	0.007
GCD	24.0	0.164	0.003	0.003	0.007	0.007	0.007
GCD	25.0	0.177	0.010	0.011	0.015	0.017	0.017
GCD	26.0	0.220	0.003	0.003	0.003	0.011	0.022
GCD	27.0	0.288	0.003	0.003	0.003	0.007	0.021
GCD	28.0	0.344	0.003	0.003	0.007	0.008	0.031
GCD	29.0	0.484	0.003	0.003	0.007	0.010	0.017
GCD	30.0	0.642	0.003	0.003	0.007	0.010	0.020
GCD	31.0	0.918	0.003	0.003	0.007	0.013	0.020
GCD	32.0	1.303	0.003	0.003	0.007	0.017	0.027
GCD	33.0	1.768	0.003	0.003	0.007	0.017	0.030
GCD	34.0	2.410	0.003	0.003	0.010	0.017	0.027
GCD	35.0	2.885	0.007	0.010	0.017	0.027	0.032
GCD	36.0	3.977	0.003	0.007	0.013	0.023	0.034
GCD	37.0	5.072	0.003	0.007	0.013	0.025	0.039
GCD	38.0	6.592	0.003	0.007	0.017	0.030	0.044
GCD	39.0	8.382	0.003	0.007	0.017	0.034	0.054
GCD	40.0	10.436	0.003	0.010	0.020	0.034	0.057
GCD	41.0	12.985	0.003	0.010	0.023	0.040	0.060
GCD	42.0	15.743	0.007	0.013	0.027	0.044	0.067
GCD	43.0	19.125	0.007	0.010	0.027	0.050	0.074
GCD	44.0	22.850	0.007	0.013	0.030	0.054	0.080
GCD	45.0	26.219	0.013	0.023	0.037	0.060	0.087
GCD	46.0	30.339	0.007	0.017	0.037	0.064	0.094
GCD	47.0	34.719	0.007	0.020	0.040	0.070	0.101
GCD	48.0	39.540	0.010	0.023	0.044	0.074	0.107
GCD	49.0	44.305	0.010	0.023	0.050	0.084	0.121
GCD	50.0	49.240	0.010	0.027	0.054	0.087	0.124
GCD	51.0	54.324	0.013	0.027	0.054	0.090	0.137
GCD	52.0	59.257	0.013	0.034	0.060	0.104	0.151
GCD	53.0	64.149	0.013	0.034	0.064	0.107	0.161
GCD	54.0	68.728	0.017	0.034	0.070	0.121	0.178
GCD	55.0	73.210	0.023	0.044	0.077	0.131	0.189
GCD	56.0	77.373	0.013	0.040	0.080	0.141	0.211
GCD	57.0	81.179	0.017	0.044	0.087	0.147	0.235
GCD	58.0	84.700	0.020	0.047	0.094	0.168	0.245
GCD	59.0	87.672	0.020	0.054	0.097	0.164	0.275
GCD	60.0	90.455	0.023	0.050	0.097	0.168	0.285
GCD	61.0	92.620	0.020	0.050	0.107	0.181	0.285
GCD	62.0	94.447	0.017	0.044	0.104	0.188	0.305
GCD	63.0	95.871	0.023	0.050	0.111	0.184	0.278
GCD	64.0	96.966	0.017	0.044	0.097	0.161	0.275
GCD	65.0	97.900	0.020	0.047	0.094	0.178	0.314
GCD	66.0	98.486	0.017	0.042	0.090	0.159	0.268
GCD	67.0	98.908	0.013	0.033	0.080	0.157	0.290
GCD	68.0	99.252	0.020	0.040	0.080	0.157	0.338
GCD	69.0	99.460	0.007	0.023	0.057	0.131	0.247
GCD	70.0	99.612	0.003	0.017	0.034	0.079	0.198
GCD	71.0	99.721	0.003	0.007	0.047	0.077	0.195
GCD	72.0	99.801	0.003	0.009	0.032	0.058	0.096
GCD	73.0	99.845	0.003	0.006	0.017	0.042	0.134
GCD	74.0	99.898	0.006	0.008	0.027	0.095	0.173
GCD	75.0	99.913	0.013	0.018	0.027	0.057	0.074
GCD	76.0	99.922	0.003	0.003	0.034	0.188	0.188
GCD	77.0	99.929	0.003	0.003	0.003	0.003	0.003
GCD	78.0	99.944	0.003	0.003	0.003	0.069	0.097
GCD	79.0	99.975	0.003	0.003	0.057	0.099	0.210
GCD	80.0	99.991	0.003	0.003	0.003	0.003	0.003
GCD	81.0	99.994	0.034	0.034	0.034	0.034	0.034
GCD	82.0	99.997	0.003	0.003	0.003	0.003	0.003
GCD	83.0	100.000	0.030	0.030	0.030	0.030	0.030
