# This file was produced by samtools stats (1.17+htslib-1.17) and can be plotted using plot-bamstats
# This file contains statistics for all reads.
# The command line was:  stats trimmomaticbwamapped/Ceratopipra_rubrocapilla_PPS221.GBSPipfilbwa.bam
# CHK, Checksum	[2]Read Names	[3]Sequences	[4]Qualities
# CHK, CRC32 of reads which passed filtering followed by addition (32bit overflow)
CHK	7fd80bc3	f8207f9a	742440fd
# Summary Numbers. Use `grep ^SN | cut -f 2-` to extract this part.
SN	raw total sequences:	1416107	# excluding supplementary and secondary reads
SN	filtered sequences:	0
SN	sequences:	1416107
SN	is sorted:	1
SN	1st fragments:	1416107
SN	last fragments:	0
SN	reads mapped:	1369054
SN	reads mapped and paired:	0	# paired-end technology bit set + both mates mapped
SN	reads unmapped:	47053
SN	reads properly paired:	0	# proper-pair bit set
SN	reads paired:	0	# paired-end technology bit set
SN	reads duplicated:	0	# PCR or optical duplicate bit set
SN	reads MQ0:	114608	# mapped and MQ=0
SN	reads QC failed:	0
SN	non-primary alignments:	0
SN	supplementary alignments:	10855
SN	total length:	109771485	# ignores clipping
SN	total first fragment length:	109771485	# ignores clipping
SN	total last fragment length:	0	# ignores clipping
SN	bases mapped:	106667241	# ignores clipping
SN	bases mapped (cigar):	104891337	# more accurate
SN	bases trimmed:	0
SN	bases duplicated:	0
SN	mismatches:	2361138	# from NM fields
SN	error rate:	2.251032e-02	# mismatches / bases mapped (cigar)
SN	average length:	77
SN	average first fragment length:	78
SN	average last fragment length:	0
SN	maximum length:	90
SN	maximum first fragment length:	90
SN	maximum last fragment length:	0
SN	average quality:	37.3
SN	insert size average:	0.0
SN	insert size standard deviation:	0.0
SN	inward oriented pairs:	0
SN	outward oriented pairs:	0
SN	pairs with other orientation:	0
SN	pairs on different chromosomes:	0
SN	percentage of properly paired reads (%):	0.0
# First Fragment Qualities. Use `grep ^FFQ | cut -f 2-` to extract this part.
# Columns correspond to qualities and rows to cycles. First column is the cycle number.
FFQ	1	0	0	0	0	0	0	0	1	18	0	2410	7	0	17	0	0	5	3937	217	2278	2	1	271	1801	12	4429	114	7344	6014	4541	16367	498	22790	26372	15311	77854	3	133623	84317	1005553	0	0	0
FFQ	2	0	0	0	0	0	0	0	1	26	0	3654	202	0	13	0	2	24	3882	3286	77	0	7	377	2106	14	5892	152	9417	5360	5713	19525	508	23278	30426	13717	82925	0	135226	86683	983614	0	0	0
FFQ	3	0	0	0	0	0	0	0	2	18	0	3724	11	0	12	0	0	7	3625	175	3481	1	5	390	2718	18	4776	108	14695	353	6121	17115	395	23852	27711	12881	75809	0	122798	107688	987618	0	0	0
FFQ	4	0	0	0	0	0	0	0	5	475	0	213	2864	0	8	0	313	99	3518	115	2204	0	23	369	1412	11	5270	17	13503	322	4423	17944	517	21891	29194	13887	80545	1	133671	106746	976547	0	0	0
FFQ	5	0	0	0	0	0	0	0	0	38	0	2712	160	0	6	0	330	18	3508	2404	100	0	15	357	1453	17	5361	18	13548	524	4692	17622	745	22195	28956	14209	81121	0	134771	99942	981285	0	0	0
FFQ	6	0	0	0	0	0	0	0	3	34	0	4083	12	1	20	0	1	53	4909	2220	1402	1	14	301	40	2417	5571	1932	15539	322	5450	7953	10972	22019	27192	21010	14388	55626	47487	122699	99686	289650	653100	0
FFQ	7	0	0	0	0	0	0	0	14	675	0	2944	116	0	7	1	39	1191	4328	1834	247	2	505	583	862	1052	6062	4342	11505	1550	3246	8825	10529	23353	24960	23594	13917	58722	52234	130330	109930	286851	631757	0
FFQ	8	0	0	0	0	0	0	0	7	244	0	3407	351	1	7	1	7	754	3721	1781	985	2	106	653	270	1589	5687	3743	11797	1321	4211	8761	10604	21604	27186	21622	14488	58897	48087	132624	105511	288700	637378	0
FFQ	9	0	0	0	0	0	0	0	2	436	0	3426	910	2	5	1	16	653	3956	1771	1224	4	228	505	542	1824	5786	3134	12508	1063	4594	8516	11650	20518	26631	21269	14730	57870	47760	131126	100026	288115	645306	0
FFQ	10	0	0	0	0	0	6	1	7	569	0	2899	460	5	4	0	30	1117	3774	1697	940	12	331	650	796	1575	5968	3647	12519	1459	4300	9201	12552	20849	27303	21476	15990	59129	48621	133198	99718	285641	639663	0
FFQ	11	0	0	0	0	0	17	0	6	379	1	2568	661	9	7	0	122	607	51	5108	1142	43	311	590	580	1799	5824	2764	12572	1182	4490	8935	12355	20714	17348	31965	15466	47878	51111	109237	111621	299281	649363	0
FFQ	12	0	0	0	0	0	6	1	8	407	6	3023	675	13	7	1	89	732	135	5198	1177	31	320	652	644	1932	5791	2982	12545	1247	4634	9154	12347	20779	17662	31363	16065	48282	51274	110527	113723	301500	641175	0
FFQ	13	0	0	0	0	0	5	1	12	495	10	3219	701	14	6	1	100	763	260	5424	1145	31	331	616	773	1871	5798	3079	12789	1336	4578	9270	12154	21264	17424	32443	16445	49106	53397	112351	118683	298256	631956	0
FFQ	14	0	0	0	0	0	9	3	13	459	29	2903	664	15	8	1	92	800	441	5022	1194	35	282	642	879	2091	5734	3023	12652	1261	4559	9443	12471	20884	17727	32337	16823	49007	53100	113275	124913	297957	625359	0
FFQ	15	0	0	0	0	0	7	6	6	459	33	2787	630	20	8	1	136	932	659	4747	1174	20	324	644	1066	2338	5266	3075	12426	1279	4775	9889	12431	20819	18046	32791	17658	49422	53812	115261	128263	300341	614556	0
FFQ	16	0	0	0	0	0	14	4	14	474	76	2542	486	14	13	5	200	1001	1030	3980	1159	42	340	632	1308	2793	4902	3142	12368	1381	4788	10407	12522	20816	18086	32740	18491	50924	54679	119134	125021	283765	626814	0
FFQ	17	0	0	0	0	0	7	13	14	516	126	2599	514	21	15	4	227	1026	1334	3427	1163	50	384	586	1556	3287	4409	3080	11866	1295	4854	10889	12466	20119	18274	32863	19262	50366	53794	120740	124665	292470	617826	0
FFQ	18	0	0	0	0	0	12	13	13	686	231	2942	415	15	9	10	243	1196	1633	2844	1289	71	421	630	1704	4322	3932	3253	11665	1392	4885	11760	12949	19423	18874	32818	20405	51639	53564	122334	122572	301980	603963	0
FFQ	19	0	0	0	0	0	13	16	18	945	351	3006	307	23	3	16	370	1409	2236	2440	1211	62	466	644	1791	4978	3663	3251	11344	1319	4830	12753	12437	19304	19221	33122	21211	52346	54762	124586	122290	308242	591121	0
FFQ	20	0	0	0	0	0	3	12	22	880	509	2579	169	41	11	15	373	1653	2177	2065	1221	95	489	575	1886	5454	3683	3306	10754	1421	5029	13630	13000	18004	19388	33167	22765	52594	53803	127125	121017	317874	579318	0
FFQ	21	0	0	0	0	0	23	24	26	1097	715	2230	64	28	15	23	508	1751	1935	1854	1333	95	581	619	1991	5975	3862	3362	9997	1400	5253	15378	13106	17135	20203	33401	24618	53962	53275	131102	117312	323953	567901	0
FFQ	22	0	0	0	0	0	19	19	44	1344	1019	1865	14	24	18	21	546	2178	1745	1636	1093	109	524	637	1872	5532	4963	3086	8621	1341	4400	17540	12047	15189	19370	31586	24943	50394	53055	122846	122286	299938	604243	0
FFQ	23	0	0	0	0	0	8	15	43	1338	1230	1296	6	32	24	23	615	2621	1300	1620	1142	107	596	625	1891	5566	5442	3209	7865	1375	4678	19038	12256	13260	19722	31494	27220	50021	52921	125792	115992	299598	606126	0
FFQ	24	0	0	0	0	0	5	32	55	1490	1671	875	2	37	29	31	694	2702	905	1695	1124	135	645	643	1946	5628	6237	3281	7126	1512	4725	20292	12817	12140	20424	30983	29859	49923	52268	131205	109032	301520	602419	0
FFQ	25	0	0	0	0	0	7	35	82	1720	2038	545	8	57	34	59	919	3152	514	1613	1184	145	685	644	1888	5872	7006	3305	6612	1605	4629	21982	12847	10791	21349	30923	33303	48521	52890	134320	106636	302781	595406	0
FFQ	26	0	0	0	0	0	13	34	98	1587	2012	220	6	56	38	46	1069	2936	274	1629	1188	177	742	691	1928	5950	7221	3373	6022	1641	4739	23055	12891	10186	21899	29974	36575	46698	52726	135845	104496	303669	594403	0
FFQ	27	0	0	0	0	0	14	38	103	1549	2091	89	4	54	60	62	1102	2709	151	1675	1258	168	807	693	1922	5929	6940	3394	5894	1685	4789	23013	13249	9896	23227	29052	39815	43440	53163	138645	101608	306271	591548	0
FFQ	28	0	0	0	0	0	8	40	130	1553	2291	37	4	58	66	98	1406	2688	136	1607	1210	193	919	749	2037	6085	6970	3510	5932	1827	4897	23438	13093	9662	23975	28622	43450	40658	54011	141049	101432	307343	584923	0
FFQ	29	0	0	0	0	0	20	67	166	1452	2386	16	14	81	80	90	1437	2552	142	1636	1278	207	975	804	2035	6264	6850	3540	6051	1998	5008	23284	13436	9811	25715	28046	47037	38605	54040	140675	100687	309451	580171	0
FFQ	30	0	0	0	0	0	30	73	198	1502	2319	8	17	119	100	151	1690	2288	138	1669	1300	298	1078	866	2158	6451	6477	3827	6213	2087	5177	23701	13652	10320	27253	26972	49876	36475	54593	142460	101363	310913	572295	0
FFQ	31	0	0	0	0	0	14	101	254	1658	2517	12	16	125	145	181	1884	1998	193	1777	1444	307	1193	964	2382	6796	6343	4059	6552	2493	5551	23755	14150	10783	29548	26287	52535	35860	55034	139195	106868	311632	561501	0
FFQ	32	0	0	0	0	0	21	108	247	1573	2487	8	25	103	133	189	2110	1663	242	1674	1319	264	1220	1053	2388	6930	6180	4177	6363	2653	5523	23595	14056	10662	31370	25201	55060	34672	56505	140301	107746	314839	553447	0
FFQ	33	0	0	0	0	0	19	118	313	1489	2242	17	15	141	167	222	2391	1463	271	1697	1370	392	1300	1092	2716	7154	5630	4467	6407	3083	5757	23207	14495	10976	32987	24617	56214	34470	57695	142000	107174	316425	545914	0
FFQ	34	0	0	0	0	0	23	185	415	1648	2476	14	23	179	223	321	2615	1164	326	1768	1432	437	1320	1227	2902	7534	5219	4588	6577	3249	5807	23750	14983	11330	35592	23910	58230	35142	58742	144160	108168	316409	534019	0
FFQ	35	0	0	0	0	0	20	168	478	1676	2612	15	54	188	296	345	2730	1084	415	1774	1406	534	1357	1214	3168	7674	4579	4849	6552	3615	5950	23193	15278	11680	36756	23543	58282	35423	59991	145396	109484	316848	527480	0
FFQ	36	0	0	0	0	0	21	220	556	1530	2650	17	41	212	300	404	3038	860	456	1635	1495	533	1411	1394	3349	7772	4306	4998	6593	4017	5883	22648	15577	11909	37357	22976	58931	36467	60911	145569	109502	318522	522047	0
FFQ	37	0	0	0	0	0	25	226	705	1467	2544	18	44	285	410	516	2922	660	564	1660	1511	845	1309	1566	3804	8019	3787	5442	6530	4774	6197	22252	16370	12555	38184	24228	58608	38195	61313	147020	106799	321642	513111	0
FFQ	38	0	0	0	0	0	33	241	697	1363	2422	22	58	283	467	566	2855	563	594	1736	1630	930	1338	1716	4146	8214	3241	5853	6965	5237	6399	22173	16926	13136	39814	24815	60560	39058	63450	149179	107565	319678	502184	0
FFQ	39	0	0	0	0	0	35	284	853	1515	2556	26	73	312	520	670	2544	393	636	1556	1559	938	1291	1724	4366	8273	2721	6079	7011	5945	6712	21211	17084	13304	40333	25732	60718	40237	65572	149266	110075	319967	494016	0
FFQ	40	0	0	0	0	0	41	374	1101	1459	2420	23	75	521	613	775	2662	451	660	1755	1621	1522	1351	2062	4826	8386	2333	6950	6925	6708	6869	20741	18167	14271	39824	27849	60760	42291	66645	149548	112212	318774	482542	0
FFQ	41	0	0	0	0	0	40	323	917	1374	2175	19	64	328	692	838	2326	364	640	1760	1737	1216	1495	2147	4960	8572	1866	6609	7186	7773	7142	19574	18517	14945	39795	29443	59620	43894	67335	132292	128341	314686	469257	0
FFQ	42	0	0	0	0	0	29	282	894	1214	1800	29	100	346	707	909	2154	353	630	1480	1391	1215	1336	2259	5163	7934	1596	6858	6296	8583	6006	19175	17254	13900	38801	27241	59761	40153	68896	118023	137006	293079	492388	0
FFQ	43	0	0	0	0	0	34	309	944	1375	1763	19	76	411	831	918	1898	365	586	1573	1339	1371	1257	2292	5292	7301	1229	6852	6127	8854	6151	17033	17561	13981	36791	28695	59754	40754	67539	113270	131504	283187	500040	0
FFQ	44	0	0	0	0	0	40	287	844	1249	1411	23	72	375	893	900	1546	309	629	1489	1262	1343	1245	2323	5361	6562	1065	6646	5910	9453	6109	15265	17400	13930	35119	29811	58873	41335	67034	107823	125757	273108	501763	0
FFQ	45	0	0	0	0	0	42	297	878	1257	1255	26	105	346	906	866	1161	307	586	1432	1298	1317	1189	2380	5335	5987	910	6994	5653	10055	6337	13671	17257	14380	34235	31230	60180	42294	67639	104427	122988	266767	498964	0
FFQ	46	0	0	0	0	0	55	376	950	1503	1225	37	112	379	992	917	1037	315	628	1548	1403	1523	1270	2610	5667	5608	879	7348	5645	10993	6653	12906	18008	15118	33632	33173	60691	44128	68587	102965	122781	258668	485709	0
FFQ	47	0	0	0	0	0	35	305	1008	1482	996	32	178	394	1131	888	926	332	602	1609	1318	1595	1311	2746	5800	3825	2248	7702	5402	11783	6770	12115	18682	15499	31739	35427	61851	45790	67178	103645	123709	252494	471805	0
FFQ	48	0	0	0	0	0	36	346	1056	1576	849	44	104	372	1213	874	569	299	648	1611	1314	1593	1371	3030	5818	3338	2076	7885	5360	12788	7216	11366	19703	16023	30986	37192	63868	48012	69289	101336	126618	244556	455405	0
FFQ	49	0	0	0	0	0	40	328	1101	1734	721	38	135	399	1315	884	584	312	681	1598	1346	1666	1528	3176	5939	3092	2114	8578	5199	13542	7570	10901	20530	16735	30547	39809	66704	49755	70201	100338	128734	237653	434441	0
FFQ	50	0	0	0	0	0	40	311	1052	1700	522	41	148	373	1423	802	457	336	654	1681	1185	1789	1502	3406	5752	2638	2050	8858	4826	13944	7654	10571	21039	17849	29970	41334	69841	51959	72186	96870	132263	230270	419448	0
FFQ	51	0	0	0	0	0	32	325	1028	1782	448	44	118	358	1360	746	357	303	676	1679	1256	1789	1386	3839	5195	2351	2066	9493	4622	14320	8050	9863	21393	17997	29039	43440	72997	54447	74760	94942	133504	221166	405442	0
FFQ	52	0	0	0	0	0	54	332	1096	1941	310	43	169	340	1444	700	338	280	666	1743	1152	1845	1514	3937	4908	1982	2102	10174	4370	14843	8353	9667	21986	18919	27989	46036	77380	57675	76652	92739	136816	212269	386711	0
FFQ	53	0	0	0	0	0	58	357	1071	1931	255	47	210	362	1484	623	254	303	609	1984	1224	1980	1419	4217	4848	2013	2331	10607	4117	15060	8830	9498	22737	19700	27499	48108	82988	61000	80241	89960	139321	202082	366673	0
FFQ	54	0	0	0	0	0	55	313	1063	1984	167	36	162	346	1566	556	286	296	662	1957	1162	2008	1561	4632	4491	1889	2221	10830	4041	15355	9161	9831	24006	20089	27714	49623	87848	65111	84619	86692	144723	192560	343106	0
FFQ	55	0	0	0	0	0	56	333	1187	2025	112	49	243	331	1522	503	298	303	751	1981	1041	2194	1660	4765	4095	1844	2251	11593	3888	15297	9487	10424	23833	20696	27794	51411	93447	68282	87668	83283	149740	181052	321459	0
FFQ	56	0	0	0	0	0	57	332	1207	2034	66	79	259	290	1613	467	269	297	742	2234	1095	2248	1728	5203	3874	1857	2455	11843	3953	15240	10002	11251	24114	21921	28045	52975	99317	72138	91775	79123	155281	169537	298415	0
FFQ	57	0	0	0	0	0	68	327	1228	2049	36	63	315	317	1540	428	230	320	777	2113	1274	2457	1674	5046	3874	1931	2535	12534	3312	15043	11249	11688	24926	22713	28158	56025	106457	76770	95611	76274	159109	157845	272427	0
FFQ	58	0	0	0	0	0	79	319	1333	2135	16	80	276	330	1668	394	243	332	752	2155	1145	2392	1727	5352	3703	1934	2573	12778	3309	14798	11739	12904	25455	23669	28440	58642	115138	82027	99894	72110	163912	145306	246341	0
FFQ	59	0	0	0	0	0	98	291	1323	2070	8	82	269	348	1579	412	271	302	780	2258	1068	2395	1853	5620	3499	1910	2670	13032	3115	14335	12181	13537	25201	23694	29009	60540	123880	87466	106218	67133	167153	132975	222283	0
FFQ	60	0	0	0	0	0	97	311	1329	2076	7	85	314	274	1547	350	293	381	699	2295	1064	2549	1825	5547	3144	1776	2717	13721	3115	14029	12843	14376	25120	24558	30542	62187	133537	90986	111974	62549	169616	120544	199956	0
FFQ	61	0	0	0	0	0	116	327	1512	1959	3	103	364	335	1572	355	302	349	723	2336	964	2825	1951	5514	2957	1998	2795	14234	3295	13326	13445	15300	25678	25223	32205	65043	143872	94293	118369	57458	168974	107669	177821	0
FFQ	62	0	0	0	0	0	122	301	1418	1902	0	102	421	334	1476	323	339	343	776	2478	964	2914	1869	5035	2405	3048	2997	14378	3185	12832	14074	16409	25371	26097	33375	69322	153966	98577	123378	52155	169108	94992	155263	0
FFQ	63	0	0	0	0	0	93	267	1484	1696	0	110	379	293	1392	288	325	344	747	2538	877	2894	1962	4846	2171	3024	2997	14748	3235	12067	14906	17180	25411	26468	35082	71669	165277	102451	129204	47609	166075	82430	133360	0
FFQ	64	0	0	0	0	0	113	257	1603	1619	0	136	437	319	1392	295	300	339	826	2574	853	2967	2012	4673	2142	3087	3097	15094	3519	11817	15373	18202	25390	26833	36872	74749	176975	106362	134524	42711	161919	70295	112897	0
FFQ	65	0	0	0	0	0	147	264	1784	1601	0	102	423	290	1315	247	382	361	881	2710	847	3200	2058	4667	2244	3124	3531	15357	3651	10730	16253	19160	25705	27781	38004	79480	189693	110536	135836	38397	155520	59218	93129	0
FFQ	66	0	0	0	0	0	131	299	1840	1558	0	114	474	313	1277	256	374	300	877	2907	787	3467	2076	4386	2249	3419	3626	16180	3804	10481	17073	19729	25912	28621	40120	83505	201289	113560	138054	33621	147408	48943	75874	0
FFQ	67	0	0	0	0	0	200	304	1982	1577	0	148	487	424	1259	278	469	422	928	3199	815	3976	2250	4430	2248	3683	3886	15858	5141	9872	18414	20662	26879	29818	42111	88679	210899	117394	136459	30816	136647	41163	58525	0
FFQ	68	0	0	0	0	0	121	255	2006	1380	0	206	533	332	1413	245	453	264	876	2793	816	4287	2444	4472	2577	4322	4272	17877	6278	11253	21494	26272	34077	38558	52776	114484	197547	122245	117618	25578	125858	33187	30756	0
FFQ	69	0	0	0	0	0	181	232	2084	1306	0	211	517	331	1177	209	578	329	924	3018	764	4160	2281	3792	2405	3757	4122	16208	5894	9233	20264	23307	30614	34145	50864	110556	220649	124895	126053	21483	116051	28109	26690	0
FFQ	70	0	0	0	0	0	206	200	2104	1141	0	199	514	372	1115	235	557	321	963	2922	696	4425	2176	3419	2427	4080	4386	15618	5889	7749	20517	21404	28978	32481	48356	105784	245363	124073	130292	17851	103565	19912	24356	0
FFQ	71	0	0	0	0	0	140	259	2132	1020	0	219	535	353	1015	251	451	326	994	3048	730	4406	2066	3081	2548	4111	4693	15064	6178	7214	20123	21115	28444	31543	48435	106206	263872	122874	129240	14909	91048	13934	18783	0
FFQ	72	0	0	0	0	0	174	254	2274	945	0	234	544	368	851	210	524	362	996	3087	657	4462	2030	2624	2691	4118	4912	15218	6342	6731	20269	21251	28386	31268	48675	108471	280116	122295	123683	11999	78362	9728	13563	0
FFQ	73	0	0	0	0	0	191	225	2486	820	0	257	534	455	844	236	525	391	1052	3210	745	4713	1948	2482	2784	4325	5227	14668	6731	6281	20705	20768	28102	31597	49507	110897	292739	120673	116225	9373	65512	6511	9232	0
FFQ	74	0	0	0	0	0	193	216	2498	759	0	285	627	408	693	193	558	392	1055	3305	841	4713	1941	2166	2899	4372	5733	14576	7055	5838	20999	20695	28789	32242	49189	114879	303630	118058	107354	7548	53840	4181	5846	0
FFQ	75	0	0	0	0	0	184	247	2730	707	0	288	622	429	759	195	630	401	1123	3411	828	5128	1922	1876	3004	4881	5917	14148	7272	5745	21622	21191	28868	32520	51062	117495	314152	115130	97164	5485	43009	2501	3378	0
FFQ	76	0	0	0	0	0	269	236	2709	573	0	379	656	469	619	207	670	382	1165	3305	898	5387	1749	1706	3399	4954	6520	13926	7630	5514	22155	21120	29013	32811	51858	120885	323655	112146	86912	4172	32803	1397	2000	0
FFQ	77	0	0	0	0	0	244	184	2806	548	0	376	685	481	526	152	707	349	1151	3488	995	5561	1685	1343	3310	4908	6781	13186	8238	4935	22349	20810	29195	33448	51019	126080	333050	107808	75009	3198	24720	737	948	0
FFQ	78	0	0	0	0	0	227	178	2753	448	2	400	607	467	491	149	720	403	1205	3384	1055	5618	1546	1174	3444	5184	6964	12680	8493	4553	22368	21027	29426	33560	52857	126715	341199	103587	64894	2205	17795	369	556	0
FFQ	79	0	0	0	0	0	262	160	2887	366	0	457	672	473	415	174	726	411	1204	3411	1167	5662	1419	1030	3514	5380	7751	11654	8743	4292	22967	20526	29340	33788	52210	130414	347680	96865	55147	1459	11734	204	270	0
FFQ	80	0	0	0	0	0	260	159	2839	308	0	455	632	446	340	137	753	403	1250	3313	1260	5729	1279	828	3616	5380	8133	11290	9077	4101	22954	20757	29857	34196	53361	132724	360499	91805	46841	1015	7762	89	134	0
FFQ	81	0	0	0	0	0	231	168	3123	244	0	461	655	460	290	143	752	445	1333	3349	1461	5806	1139	711	3894	5398	8723	10498	9512	3698	23460	20362	29977	35239	52940	137391	370073	86728	38333	642	4815	45	72	0
FFQ	82	0	0	0	0	0	259	115	2860	218	1	503	653	454	249	128	711	418	1405	3502	1439	5836	1030	588	3817	6109	8773	9771	10111	3505	23103	21814	29506	35502	53318	140572	380010	80347	30766	356	2771	31	32	0
FFQ	83	0	0	0	0	0	247	134	2824	190	0	500	620	385	185	127	727	371	1266	3462	1556	5678	946	498	3998	5826	9393	8765	10397	3078	23729	21337	30046	35971	53349	144014	388070	75186	23797	203	1544	10	3	0
FFQ	84	0	0	0	0	0	274	120	3016	163	0	581	608	425	179	108	866	384	1335	3629	1601	5880	740	482	3836	6144	10065	8324	10551	2947	23954	21018	30150	36702	52246	148802	394847	67369	17746	111	834	4	5	0
FFQ	85	0	0	0	0	0	306	143	3313	159	1	693	622	454	136	85	903	394	1554	3546	1813	5668	635	457	4249	6056	10406	7380	11166	2867	23996	21585	30415	36847	54300	148269	400714	60871	12891	71	503	3	4	0
FFQ	86	0	0	0	0	0	257	95	2842	142	3	700	620	452	93	118	866	421	1508	3674	1940	5663	595	339	4186	6432	11179	6903	11313	2679	24315	21633	31054	36794	55761	150561	403425	54506	9433	29	292	3	0	0
FFQ	87	0	0	0	0	0	234	105	2611	91	0	611	534	129	308	104	931	437	1443	3355	2016	5231	396	436	4597	6332	10960	6190	12101	2689	23840	23313	30656	36922	59087	149799	406542	49054	6833	13	109	1	2	0
FFQ	88	0	0	0	0	0	213	64	2341	116	0	569	451	100	281	80	861	425	1476	3346	1976	4909	326	375	4727	6197	10896	5276	12382	2490	23285	23499	31325	36752	61760	148819	410898	43553	4839	5	54	1	2	0
FFQ	89	0	0	0	0	0	174	45	1756	102	0	493	315	79	258	75	933	422	1413	3034	2034	4624	239	380	4833	6178	10819	4613	12581	2415	23028	23222	31461	36310	63794	147332	415670	38321	3729	5	34	0	0	0
FFQ	90	0	0	0	0	0	0	0	0	0	0	0	0	0	0	0	808	461	1460	2991	1856	4251	202	393	4824	6116	10433	3975	13004	2117	22646	24326	31444	36111	66923	145268	417842	33726	2911	1	8	0	0	0
# Last Fragment Qualities. Use `grep ^LFQ | cut -f 2-` to extract this part.
# Columns correspond to qualities and rows to cycles. First column is the cycle number.
# GC Content of first fragments. Use `grep ^GCF | cut -f 2-` to extract this part.
GCF	4.27	0
GCF	9.05	1
GCF	10.30	2
GCF	12.06	0
GCF	13.32	1
GCF	13.82	2
GCF	14.32	5
GCF	14.82	6
GCF	15.33	4
GCF	15.83	8
GCF	16.33	28
GCF	16.83	38
GCF	17.34	44
GCF	17.84	42
GCF	18.34	34
GCF	18.84	39
GCF	19.35	34
GCF	19.85	72
GCF	20.35	94
GCF	20.85	124
GCF	21.36	211
GCF	21.86	217
GCF	22.36	321
GCF	22.86	310
GCF	23.37	384
GCF	23.87	357
GCF	24.37	574
GCF	24.87	626
GCF	25.38	1043
GCF	25.88	1136
GCF	26.38	1127
GCF	26.88	1532
GCF	27.39	1639
GCF	27.89	2398
GCF	28.39	2461
GCF	28.89	3043
GCF	29.40	3282
GCF	29.90	4981
GCF	30.40	5630
GCF	30.90	7868
GCF	31.41	8000
GCF	31.91	8446
GCF	32.41	10210
GCF	32.91	10681
GCF	33.42	13190
GCF	33.92	13718
GCF	34.42	17289
GCF	34.92	17921
GCF	35.43	21059
GCF	35.93	22204
GCF	36.43	25703
GCF	36.93	26372
GCF	37.44	27885
GCF	37.94	32269
GCF	38.44	33079
GCF	38.94	37852
GCF	39.45	38140
GCF	39.95	42007
GCF	40.45	43081
GCF	40.95	46948
GCF	41.46	47705
GCF	41.96	48673
GCF	42.46	52977
GCF	42.96	54731
GCF	43.47	57604
GCF	43.97	58609
GCF	44.47	64086
GCF	44.97	65056
GCF	45.48	64389
GCF	45.98	66241
GCF	46.48	70471
GCF	46.98	71530
GCF	47.49	72195
GCF	47.99	72804
GCF	48.49	73085
GCF	48.99	77779
GCF	49.50	77940
GCF	50.00	78664
GCF	50.50	78682
GCF	51.01	76430
GCF	51.51	77729
GCF	52.01	77794
GCF	52.51	78172
GCF	53.02	77922
GCF	53.52	79765
GCF	54.02	79823
GCF	54.52	77421
GCF	55.03	77272
GCF	55.53	74123
GCF	56.03	74301
GCF	56.53	73063
GCF	57.04	71813
GCF	57.54	69736
GCF	58.04	69118
GCF	58.54	66915
GCF	59.05	64240
GCF	59.55	62729
GCF	60.05	58534
GCF	60.55	58012
GCF	61.06	54261
GCF	61.56	53002
GCF	62.06	49569
GCF	62.56	48503
GCF	63.07	47180
GCF	63.57	43043
GCF	64.07	41606
GCF	64.57	36767
GCF	65.08	32905
GCF	65.58	29013
GCF	66.08	28117
GCF	66.58	23229
GCF	67.09	21399
GCF	67.59	18160
GCF	68.09	16130
GCF	68.59	15381
GCF	69.10	12953
GCF	69.60	11362
GCF	70.10	8834
GCF	70.60	8636
GCF	71.11	7713
GCF	71.61	6828
GCF	72.11	5364
GCF	72.61	4733
GCF	73.12	3853
GCF	73.62	3272
GCF	74.12	2599
GCF	74.62	1903
GCF	75.13	1654
GCF	75.63	1237
GCF	76.13	1027
GCF	76.63	796
GCF	77.14	724
GCF	77.64	581
GCF	78.14	507
GCF	78.64	342
GCF	79.15	339
GCF	79.65	283
GCF	80.15	222
GCF	80.65	205
GCF	81.16	140
GCF	81.66	123
GCF	82.16	112
GCF	82.66	95
GCF	83.17	81
GCF	83.67	68
GCF	84.17	59
GCF	84.67	33
GCF	85.18	22
GCF	85.68	19
GCF	86.18	20
GCF	86.93	19
GCF	87.69	6
GCF	88.19	4
GCF	88.69	3
GCF	89.45	1
# GC Content of last fragments. Use `grep ^GCL | cut -f 2-` to extract this part.
# ACGT content per cycle. Use `grep ^GCC | cut -f 2-` to extract this part. The columns are: cycle; A,C,G,T base counts as a percentage of all A/C/G/T bases [%]; and N and O counts as a percentage of all A/C/G/T bases [%]
GCC	1	48.27	0.00	0.00	51.73	0.00	0.00
GCC	2	0.00	48.27	51.73	0.00	0.00	0.00
GCC	3	0.00	51.73	48.27	0.00	0.00	0.00
GCC	4	51.73	0.00	0.00	48.27	0.00	0.00
GCC	5	0.00	48.27	51.73	0.00	0.00	0.00
GCC	6	23.80	25.91	26.05	24.23	0.00	0.00
GCC	7	28.15	21.76	22.03	28.07	0.00	0.00
GCC	8	23.65	26.64	26.55	23.16	0.00	0.00
GCC	9	26.09	24.30	23.90	25.71	0.00	0.00
GCC	10	26.93	22.94	23.19	26.94	0.00	0.00
GCC	11	24.91	25.18	25.40	24.50	0.00	0.00
GCC	12	24.31	25.78	25.47	24.44	0.00	0.00
GCC	13	26.49	23.47	23.69	26.35	0.00	0.00
GCC	14	23.85	25.77	26.14	24.24	0.00	0.00
GCC	15	24.76	25.28	25.23	24.73	0.00	0.00
GCC	16	25.25	24.80	24.44	25.51	0.00	0.00
GCC	17	23.91	26.07	26.30	23.72	0.00	0.00
GCC	18	24.73	25.37	25.13	24.77	0.00	0.00
GCC	19	25.38	24.79	24.59	25.23	0.00	0.00
GCC	20	24.32	25.81	25.40	24.46	0.00	0.00
GCC	21	25.01	25.14	24.76	25.09	0.00	0.00
GCC	22	25.51	24.45	24.45	25.59	0.00	0.00
GCC	23	24.42	25.54	25.73	24.31	0.00	0.00
GCC	24	24.89	24.83	25.14	25.14	0.00	0.00
GCC	25	26.02	23.89	24.08	26.00	0.00	0.00
GCC	26	24.59	24.91	25.48	25.03	0.00	0.00
GCC	27	24.84	25.08	25.45	24.63	0.00	0.00
GCC	28	25.56	24.43	24.56	25.45	0.00	0.00
GCC	29	24.67	25.38	25.21	24.74	0.00	0.00
GCC	30	24.41	25.66	25.25	24.68	0.00	0.00
GCC	31	25.56	24.41	24.23	25.79	0.00	0.00
GCC	32	24.29	25.48	25.49	24.74	0.00	0.00
GCC	33	25.05	25.23	24.97	24.75	0.00	0.00
GCC	34	25.78	24.22	24.20	25.79	0.00	0.00
GCC	35	24.80	24.94	25.19	25.07	0.00	0.00
GCC	36	24.70	25.13	25.38	24.79	0.00	0.00
GCC	37	25.43	24.47	24.48	25.62	0.00	0.00
GCC	38	24.30	25.81	25.51	24.39	0.00	0.00
GCC	39	24.29	25.69	25.48	24.54	0.00	0.00
GCC	40	24.96	24.85	24.84	25.35	0.00	0.00
GCC	41	24.29	25.59	25.61	24.51	0.00	0.00
GCC	42	24.64	25.32	25.30	24.74	0.00	0.00
GCC	43	25.79	24.31	24.28	25.61	0.00	0.00
GCC	44	24.81	25.34	25.16	24.70	0.00	0.00
GCC	45	24.94	25.00	25.06	24.99	0.00	0.00
GCC	46	25.21	24.72	24.87	25.21	0.00	0.00
GCC	47	24.63	25.36	25.16	24.85	0.00	0.00
GCC	48	24.86	25.18	25.05	24.91	0.00	0.00
GCC	49	25.42	24.61	24.44	25.53	0.00	0.00
GCC	50	24.79	25.22	25.23	24.76	0.00	0.00
GCC	51	25.10	24.96	25.02	24.91	0.00	0.00
GCC	52	25.44	24.78	24.45	25.32	0.00	0.00
GCC	53	24.93	25.22	24.69	25.17	0.00	0.00
GCC	54	25.21	25.04	24.72	25.03	0.00	0.00
GCC	55	25.43	24.61	24.51	25.44	0.00	0.00
GCC	56	25.20	24.79	24.94	25.06	0.00	0.00
GCC	57	25.08	25.04	24.82	25.05	0.00	0.00
GCC	58	25.90	24.49	24.13	25.48	0.00	0.00
GCC	59	24.74	25.38	24.95	24.94	0.00	0.00
GCC	60	24.94	25.39	24.82	24.86	0.00	0.00
GCC	61	24.73	25.04	25.06	25.18	0.00	0.00
GCC	62	25.43	24.60	24.64	25.33	0.00	0.00
GCC	63	25.19	24.73	24.80	25.28	0.00	0.00
GCC	64	25.24	24.86	24.74	25.16	0.00	0.00
GCC	65	25.09	25.02	24.93	24.95	0.00	0.00
GCC	66	25.33	24.72	24.50	25.45	0.00	0.00
GCC	67	25.55	24.62	24.48	25.35	0.00	0.00
GCC	68	24.81	25.14	25.02	25.03	0.00	0.00
GCC	69	25.07	25.07	24.77	25.09	0.00	0.00
GCC	70	25.18	24.73	24.69	25.40	0.00	0.00
GCC	71	24.50	25.34	25.45	24.71	0.00	0.00
GCC	72	25.15	24.95	24.61	25.29	0.00	0.00
GCC	73	25.29	24.65	24.80	25.26	0.00	0.00
GCC	74	25.08	24.96	25.17	24.80	0.00	0.00
GCC	75	24.81	25.15	25.08	24.96	0.00	0.00
GCC	76	25.44	24.44	24.67	25.45	0.00	0.00
GCC	77	25.00	25.06	24.96	24.98	0.00	0.00
GCC	78	25.12	25.14	24.76	24.98	0.00	0.00
GCC	79	25.12	24.96	24.62	25.30	0.00	0.00
GCC	80	25.24	25.07	25.01	24.69	0.00	0.00
GCC	81	24.63	25.12	25.48	24.76	0.00	0.00
GCC	82	25.84	24.21	24.33	25.61	0.00	0.00
GCC	83	25.31	24.43	24.73	25.53	0.00	0.00
GCC	84	25.49	24.50	24.43	25.58	0.00	0.00
GCC	85	25.45	24.52	24.63	25.39	0.00	0.00
GCC	86	24.98	25.06	25.07	24.89	0.00	0.00
GCC	87	24.49	25.18	25.50	24.83	0.00	0.00
GCC	88	25.70	24.15	23.90	26.25	0.00	0.00
GCC	89	25.05	25.06	24.89	25.00	0.00	0.00
GCC	90	25.07	24.70	25.14	25.09	0.00	0.00
# ACGT content per cycle, read oriented. Use `grep ^GCT | cut -f 2-` to extract this part. The columns are: cycle; A,C,G,T base counts as a percentage of all A/C/G/T bases [%]
GCT	1	0.00	0.00	0.00	100.00
GCT	2	0.00	0.00	100.00	0.00
GCT	3	0.00	100.00	0.00	0.00
GCT	4	100.00	0.00	0.00	0.00
GCT	5	0.00	0.00	100.00	0.00
GCT	6	22.21	26.29	25.68	25.82
GCT	7	26.23	19.71	24.07	29.99
GCT	8	25.11	26.46	26.74	21.69
GCT	9	28.12	24.96	23.24	23.69
GCT	10	28.13	21.58	24.55	25.74
GCT	11	25.53	22.95	27.63	23.89
GCT	12	25.88	25.83	25.42	22.87
GCT	13	26.07	22.49	24.67	26.77
GCT	14	23.54	24.22	27.70	24.55
GCT	15	24.73	23.88	26.64	24.75
GCT	16	26.08	23.02	26.22	24.68
GCT	17	23.84	26.37	26.01	23.78
GCT	18	24.87	26.09	24.41	24.63
GCT	19	25.40	25.87	23.52	25.21
GCT	20	23.75	26.50	24.72	25.04
GCT	21	25.68	25.46	24.44	24.41
GCT	22	25.20	23.71	25.20	25.89
GCT	23	24.45	24.48	26.79	24.28
GCT	24	26.18	24.09	25.88	23.85
GCT	25	25.99	23.74	24.24	26.03
GCT	26	24.57	24.31	26.08	25.04
GCT	27	25.11	25.12	25.41	24.36
GCT	28	25.99	24.44	24.55	25.02
GCT	29	24.99	24.74	25.85	24.41
GCT	30	24.34	25.90	25.01	24.75
GCT	31	25.80	23.68	24.97	25.56
GCT	32	24.68	25.33	25.64	24.35
GCT	33	25.60	24.91	25.29	24.20
GCT	34	26.19	24.24	24.19	25.38
GCT	35	24.78	25.08	25.05	25.08
GCT	36	24.83	25.73	24.78	24.66
GCT	37	25.52	25.00	23.95	25.53
GCT	38	23.51	26.03	25.28	25.18
GCT	39	23.74	27.04	24.13	25.09
GCT	40	24.28	25.66	24.03	26.03
GCT	41	24.53	26.04	25.16	24.27
GCT	42	25.10	26.62	24.00	24.28
GCT	43	26.16	24.70	23.89	25.25
GCT	44	25.02	25.68	24.82	24.49
GCT	45	25.14	25.40	24.66	24.80
GCT	46	25.52	24.81	24.78	24.89
GCT	47	24.91	25.28	25.24	24.57
GCT	48	25.09	25.91	24.32	24.68
GCT	49	25.50	25.05	24.00	25.45
GCT	50	25.17	25.51	24.94	24.38
GCT	51	25.43	25.78	24.21	24.59
GCT	52	25.63	24.83	24.40	25.14
GCT	53	25.17	25.23	24.68	24.93
GCT	54	25.21	25.54	24.22	25.03
GCT	55	25.26	24.95	24.17	25.62
GCT	56	25.06	25.50	24.23	25.20
GCT	57	25.07	26.17	23.70	25.07
GCT	58	25.79	25.36	23.26	25.59
GCT	59	24.31	25.75	24.58	25.37
GCT	60	25.33	25.88	24.33	24.46
GCT	61	24.79	26.05	24.04	25.11
GCT	62	25.25	25.41	23.83	25.51
GCT	63	25.63	24.81	24.72	24.84
GCT	64	25.06	25.37	24.23	25.34
GCT	65	24.97	25.65	24.31	25.07
GCT	66	25.79	25.04	24.18	24.99
GCT	67	25.31	25.02	24.08	25.58
GCT	68	24.98	25.59	24.58	24.86
GCT	69	24.92	25.87	23.98	25.23
GCT	70	25.29	25.13	24.29	25.29
GCT	71	24.63	26.53	24.27	24.58
GCT	72	25.90	25.49	24.07	24.54
GCT	73	25.54	25.21	24.24	25.01
GCT	74	25.27	25.64	24.48	24.61
GCT	75	25.13	25.75	24.48	24.64
GCT	76	25.30	25.19	23.92	25.58
GCT	77	25.20	26.31	23.72	24.78
GCT	78	25.21	25.69	24.21	24.89
GCT	79	25.47	25.29	24.29	24.94
GCT	80	25.69	25.63	24.44	24.24
GCT	81	25.34	25.74	24.87	24.06
GCT	82	27.27	24.57	23.97	24.18
GCT	83	25.77	25.05	24.12	25.07
GCT	84	26.07	25.40	23.53	25.00
GCT	85	26.15	24.30	24.85	24.70
GCT	86	25.58	24.01	26.12	24.29
GCT	87	26.41	24.91	25.77	22.91
GCT	88	27.58	23.59	24.45	24.38
GCT	89	26.81	23.63	26.32	23.24
GCT	90	27.63	23.91	25.93	22.53
# ACGT content per cycle for first fragments. Use `grep ^FBC | cut -f 2-` to extract this part. The columns are: cycle; A,C,G,T base counts as a percentage of all A/C/G/T bases [%]; and N and O counts as a percentage of all A/C/G/T bases [%]
FBC	1	48.27	0.00	0.00	51.73	0.00	0.00
FBC	2	0.00	48.27	51.73	0.00	0.00	0.00
FBC	3	0.00	51.73	48.27	0.00	0.00	0.00
FBC	4	51.73	0.00	0.00	48.27	0.00	0.00
FBC	5	0.00	48.27	51.73	0.00	0.00	0.00
FBC	6	23.80	25.91	26.05	24.23	0.00	0.00
FBC	7	28.15	21.76	22.03	28.07	0.00	0.00
FBC	8	23.65	26.64	26.55	23.16	0.00	0.00
FBC	9	26.09	24.30	23.90	25.71	0.00	0.00
FBC	10	26.93	22.94	23.19	26.94	0.00	0.00
FBC	11	24.91	25.18	25.40	24.50	0.00	0.00
FBC	12	24.31	25.78	25.47	24.44	0.00	0.00
FBC	13	26.49	23.47	23.69	26.35	0.00	0.00
FBC	14	23.85	25.77	26.14	24.24	0.00	0.00
FBC	15	24.76	25.28	25.23	24.73	0.00	0.00
FBC	16	25.25	24.80	24.44	25.51	0.00	0.00
FBC	17	23.91	26.07	26.30	23.72	0.00	0.00
FBC	18	24.73	25.37	25.13	24.77	0.00	0.00
FBC	19	25.38	24.79	24.59	25.23	0.00	0.00
FBC	20	24.32	25.81	25.40	24.46	0.00	0.00
FBC	21	25.01	25.14	24.76	25.09	0.00	0.00
FBC	22	25.51	24.45	24.45	25.59	0.00	0.00
FBC	23	24.42	25.54	25.73	24.31	0.00	0.00
FBC	24	24.89	24.83	25.14	25.14	0.00	0.00
FBC	25	26.02	23.89	24.08	26.00	0.00	0.00
FBC	26	24.59	24.91	25.48	25.03	0.00	0.00
FBC	27	24.84	25.08	25.45	24.63	0.00	0.00
FBC	28	25.56	24.43	24.56	25.45	0.00	0.00
FBC	29	24.67	25.38	25.21	24.74	0.00	0.00
FBC	30	24.41	25.66	25.25	24.68	0.00	0.00
FBC	31	25.56	24.41	24.23	25.79	0.00	0.00
FBC	32	24.29	25.48	25.49	24.74	0.00	0.00
FBC	33	25.05	25.23	24.97	24.75	0.00	0.00
FBC	34	25.78	24.22	24.20	25.79	0.00	0.00
FBC	35	24.80	24.94	25.19	25.07	0.00	0.00
FBC	36	24.70	25.13	25.38	24.79	0.00	0.00
FBC	37	25.43	24.47	24.48	25.62	0.00	0.00
FBC	38	24.30	25.81	25.51	24.39	0.00	0.00
FBC	39	24.29	25.69	25.48	24.54	0.00	0.00
FBC	40	24.96	24.85	24.84	25.35	0.00	0.00
FBC	41	24.29	25.59	25.61	24.51	0.00	0.00
FBC	42	24.64	25.32	25.30	24.74	0.00	0.00
FBC	43	25.79	24.31	24.28	25.61	0.00	0.00
FBC	44	24.81	25.34	25.16	24.70	0.00	0.00
FBC	45	24.94	25.00	25.06	24.99	0.00	0.00
FBC	46	25.21	24.72	24.87	25.21	0.00	0.00
FBC	47	24.63	25.36	25.16	24.85	0.00	0.00
FBC	48	24.86	25.18	25.05	24.91	0.00	0.00
FBC	49	25.42	24.61	24.44	25.53	0.00	0.00
FBC	50	24.79	25.22	25.23	24.76	0.00	0.00
FBC	51	25.10	24.96	25.02	24.91	0.00	0.00
FBC	52	25.44	24.78	24.45	25.32	0.00	0.00
FBC	53	24.93	25.22	24.69	25.17	0.00	0.00
FBC	54	25.21	25.04	24.72	25.03	0.00	0.00
FBC	55	25.43	24.61	24.51	25.44	0.00	0.00
FBC	56	25.20	24.79	24.94	25.06	0.00	0.00
FBC	57	25.08	25.04	24.82	25.05	0.00	0.00
FBC	58	25.90	24.49	24.13	25.48	0.00	0.00
FBC	59	24.74	25.38	24.95	24.94	0.00	0.00
FBC	60	24.94	25.39	24.82	24.86	0.00	0.00
FBC	61	24.73	25.04	25.06	25.18	0.00	0.00
FBC	62	25.43	24.60	24.64	25.33	0.00	0.00
FBC	63	25.19	24.73	24.80	25.28	0.00	0.00
FBC	64	25.24	24.86	24.74	25.16	0.00	0.00
FBC	65	25.09	25.02	24.93	24.95	0.00	0.00
FBC	66	25.33	24.72	24.50	25.45	0.00	0.00
FBC	67	25.55	24.62	24.48	25.35	0.00	0.00
FBC	68	24.81	25.14	25.02	25.03	0.00	0.00
FBC	69	25.07	25.07	24.77	25.09	0.00	0.00
FBC	70	25.18	24.73	24.69	25.40	0.00	0.00
FBC	71	24.50	25.34	25.45	24.71	0.00	0.00
FBC	72	25.15	24.95	24.61	25.29	0.00	0.00
FBC	73	25.29	24.65	24.80	25.26	0.00	0.00
FBC	74	25.08	24.96	25.17	24.80	0.00	0.00
FBC	75	24.81	25.15	25.08	24.96	0.00	0.00
FBC	76	25.44	24.44	24.67	25.45	0.00	0.00
FBC	77	25.00	25.06	24.96	24.98	0.00	0.00
FBC	78	25.12	25.14	24.76	24.98	0.00	0.00
FBC	79	25.12	24.96	24.62	25.30	0.00	0.00
FBC	80	25.24	25.07	25.01	24.69	0.00	0.00
FBC	81	24.63	25.12	25.48	24.76	0.00	0.00
FBC	82	25.84	24.21	24.33	25.61	0.00	0.00
FBC	83	25.31	24.43	24.73	25.53	0.00	0.00
FBC	84	25.49	24.50	24.43	25.58	0.00	0.00
FBC	85	25.45	24.52	24.63	25.39	0.00	0.00
FBC	86	24.98	25.06	25.07	24.89	0.00	0.00
FBC	87	24.49	25.18	25.50	24.83	0.00	0.00
FBC	88	25.70	24.15	23.90	26.25	0.00	0.00
FBC	89	25.05	25.06	24.89	25.00	0.00	0.00
FBC	90	25.07	24.70	25.14	25.09	0.00	0.00
# ACGT raw counters for first fragments. Use `grep ^FTC | cut -f 2-` to extract this part. The columns are: A,C,G,T,N base counters
FTC	27152411	27711311	27718557	27189206	0
# ACGT content per cycle for last fragments. Use `grep ^LBC | cut -f 2-` to extract this part. The columns are: cycle; A,C,G,T base counts as a percentage of all A/C/G/T bases [%]; and N and O counts as a percentage of all A/C/G/T bases [%]
# ACGT raw counters for last fragments. Use `grep ^LTC | cut -f 2-` to extract this part. The columns are: A,C,G,T,N base counters
LTC	0	0	0	0	0
# Insert sizes. Use `grep ^IS | cut -f 2-` to extract this part. The columns are: insert size, pairs total, inward oriented pairs, outward oriented pairs, other pairs
# Read lengths. Use `grep ^RL | cut -f 2-` to extract this part. The columns are: read length, count
RL	40	15845
RL	41	15021
RL	42	15965
RL	43	24712
RL	44	13613
RL	45	14912
RL	46	15687
RL	47	14612
RL	48	15772
RL	49	13224
RL	50	14131
RL	51	13138
RL	52	13474
RL	53	13279
RL	54	15824
RL	55	13562
RL	56	14593
RL	57	13343
RL	58	14542
RL	59	12525
RL	60	12768
RL	61	13516
RL	62	16150
RL	63	13326
RL	64	13945
RL	65	13724
RL	66	12602
RL	67	12377
RL	68	12532
RL	69	12747
RL	70	13286
RL	71	12686
RL	72	15703
RL	73	14405
RL	74	12542
RL	75	11775
RL	76	13239
RL	77	12307
RL	78	13869
RL	79	852
RL	80	1411
RL	81	1988
RL	82	2151
RL	83	2386
RL	84	2571
RL	85	2649
RL	86	2814
RL	87	3343
RL	88	3948
RL	89	6624
RL	90	834097
# Read lengths - first fragments. Use `grep ^FRL | cut -f 2-` to extract this part. The columns are: read length, count
FRL	40	15845
FRL	41	15021
FRL	42	15965
FRL	43	24712
FRL	44	13613
FRL	45	14912
FRL	46	15687
FRL	47	14612
FRL	48	15772
FRL	49	13224
FRL	50	14131
FRL	51	13138
FRL	52	13474
FRL	53	13279
FRL	54	15824
FRL	55	13562
FRL	56	14593
FRL	57	13343
FRL	58	14542
FRL	59	12525
FRL	60	12768
FRL	61	13516
FRL	62	16150
FRL	63	13326
FRL	64	13945
FRL	65	13724
FRL	66	12602
FRL	67	12377
FRL	68	12532
FRL	69	12747
FRL	70	13286
FRL	71	12686
FRL	72	15703
FRL	73	14405
FRL	74	12542
FRL	75	11775
FRL	76	13239
FRL	77	12307
FRL	78	13869
FRL	79	852
FRL	80	1411
FRL	81	1988
FRL	82	2151
FRL	83	2386
FRL	84	2571
FRL	85	2649
FRL	86	2814
FRL	87	3343
FRL	88	3948
FRL	89	6624
FRL	90	834097
# Read lengths - last fragments. Use `grep ^LRL | cut -f 2-` to extract this part. The columns are: read length, count
# Mapping qualities for reads !(UNMAP|SECOND|SUPPL|QCFAIL|DUP). Use `grep ^MAPQ | cut -f 2-` to extract this part. The columns are: mapq, count
MAPQ	0	114608
MAPQ	1	1779
MAPQ	2	2504
MAPQ	3	2409
MAPQ	4	1843
MAPQ	5	1844
MAPQ	6	1954
MAPQ	7	2118
MAPQ	8	2027
MAPQ	9	2339
MAPQ	10	2365
MAPQ	11	1327
MAPQ	12	862
MAPQ	13	863
MAPQ	14	501
MAPQ	15	546
MAPQ	16	461
MAPQ	17	512
MAPQ	18	565
MAPQ	19	700
MAPQ	20	950
MAPQ	21	733
MAPQ	22	1036
MAPQ	23	985
MAPQ	24	1316
MAPQ	25	1233
MAPQ	26	1012
MAPQ	27	1569
MAPQ	28	906
MAPQ	29	797
MAPQ	30	1006
MAPQ	31	697
MAPQ	32	852
MAPQ	33	1129
MAPQ	34	637
MAPQ	35	993
MAPQ	36	749
MAPQ	37	969
MAPQ	38	916
MAPQ	39	891
MAPQ	40	968
MAPQ	41	879
MAPQ	42	1204
MAPQ	43	1007
MAPQ	44	1664
MAPQ	45	1089
MAPQ	46	1234
MAPQ	47	1399
MAPQ	48	1286
MAPQ	49	1899
MAPQ	50	1422
MAPQ	51	1286
MAPQ	52	1553
MAPQ	53	1146
MAPQ	54	2766
MAPQ	55	1963
MAPQ	56	1711
MAPQ	57	1958
MAPQ	58	1837
MAPQ	59	2532
MAPQ	60	1176748
# Indel distribution. Use `grep ^ID | cut -f 2-` to extract this part. The columns are: length, number of insertions, number of deletions
ID	1	29297	38893
ID	2	9730	11692
ID	3	4923	5775
ID	4	3225	3787
ID	5	2016	2850
ID	6	1467	2077
ID	7	967	1385
ID	8	865	1459
ID	9	627	1158
ID	10	526	812
ID	11	501	730
ID	12	290	510
ID	13	202	530
ID	14	342	253
ID	15	115	270
ID	16	144	361
ID	17	88	231
ID	18	76	134
ID	19	61	139
ID	20	36	109
ID	21	8	98
ID	22	29	74
ID	23	12	45
ID	24	0	73
ID	25	0	17
ID	26	0	36
ID	27	0	4
ID	28	0	3
ID	29	0	6
ID	31	0	7
ID	33	0	5
ID	35	0	9
ID	36	0	17
ID	37	0	4
# Indels per cycle. Use `grep ^IC | cut -f 2-` to extract this part. The columns are: cycle, number of insertions (fwd), .. (rev) , number of deletions (fwd), .. (rev)
IC	3	0	0	75	0
IC	4	78	0	537	0
IC	5	289	0	357	0
IC	6	303	0	466	0
IC	7	405	0	511	0
IC	8	356	0	820	0
IC	9	494	0	780	0
IC	10	550	0	547	0
IC	11	562	0	919	0
IC	12	672	0	793	0
IC	13	570	0	861	0
IC	14	657	0	967	0
IC	15	697	0	1332	0
IC	16	743	0	1256	0
IC	17	897	0	889	0
IC	18	739	0	1041	0
IC	19	720	0	1211	0
IC	20	768	0	825	0
IC	21	951	0	973	0
IC	22	957	0	1232	0
IC	23	730	0	991	0
IC	24	766	0	1232	0
IC	25	803	0	1057	0
IC	26	766	0	1145	0
IC	27	722	0	1179	0
IC	28	655	0	1156	0
IC	29	957	0	1117	0
IC	30	992	0	1145	0
IC	31	889	0	1132	0
IC	32	1264	0	1225	0
IC	33	897	0	1243	0
IC	34	833	0	1220	0
IC	35	766	0	823	0
IC	36	919	0	863	0
IC	37	1071	0	1181	0
IC	38	989	0	1096	0
IC	39	781	0	1384	0
IC	40	808	0	1160	0
IC	41	967	0	1148	0
IC	42	932	0	882	0
IC	43	1005	0	1184	0
IC	44	1009	0	1102	0
IC	45	939	0	1276	0
IC	46	744	0	1222	0
IC	47	880	0	1340	0
IC	48	755	0	1083	0
IC	49	906	0	1105	0
IC	50	1138	0	1112	0
IC	51	690	0	1116	0
IC	52	720	0	1097	0
IC	53	930	0	924	0
IC	54	693	0	1024	0
IC	55	607	0	1025	0
IC	56	781	0	910	0
IC	57	775	0	773	0
IC	58	551	0	766	0
IC	59	693	0	880	0
IC	60	704	0	867	0
IC	61	745	0	787	0
IC	62	611	0	761	0
IC	63	806	0	1071	0
IC	64	573	0	919	0
IC	65	544	0	907	0
IC	66	575	0	820	0
IC	67	529	0	718	0
IC	68	504	0	809	0
IC	69	565	0	638	0
IC	70	448	0	655	0
IC	71	576	0	740	0
IC	72	449	0	569	0
IC	73	435	0	607	0
IC	74	386	0	608	0
IC	75	364	0	530	0
IC	76	317	0	457	0
IC	77	375	0	681	0
IC	78	412	0	564	0
IC	79	354	0	497	0
IC	80	318	0	394	0
IC	81	267	0	395	0
IC	82	302	0	306	0
IC	83	242	0	353	0
IC	84	145	0	291	0
IC	85	266	0	195	0
IC	86	550	0	299	0
IC	87	454	0	405	0
# Coverage distribution. Use `grep ^COV | cut -f 2-` to extract this part.
COV	[1-1]	1	1755162
COV	[2-2]	2	1427177
COV	[3-3]	3	1165719
COV	[4-4]	4	937080
COV	[5-5]	5	758953
COV	[6-6]	6	631191
COV	[7-7]	7	540118
COV	[8-8]	8	468956
COV	[9-9]	9	419356
COV	[10-10]	10	357841
COV	[11-11]	11	319438
COV	[12-12]	12	273915
COV	[13-13]	13	256082
COV	[14-14]	14	228573
COV	[15-15]	15	200088
COV	[16-16]	16	184855
COV	[17-17]	17	169071
COV	[18-18]	18	150752
COV	[19-19]	19	138119
COV	[20-20]	20	128400
COV	[21-21]	21	115312
COV	[22-22]	22	100903
COV	[23-23]	23	97018
COV	[24-24]	24	83403
COV	[25-25]	25	73358
COV	[26-26]	26	72069
COV	[27-27]	27	66694
COV	[28-28]	28	56923
COV	[29-29]	29	53735
COV	[30-30]	30	48356
COV	[31-31]	31	43843
COV	[32-32]	32	39472
COV	[33-33]	33	38941
COV	[34-34]	34	35078
COV	[35-35]	35	31380
COV	[36-36]	36	26116
COV	[37-37]	37	24931
COV	[38-38]	38	23431
COV	[39-39]	39	21180
COV	[40-40]	40	18846
COV	[41-41]	41	18890
COV	[42-42]	42	15418
COV	[43-43]	43	13206
COV	[44-44]	44	12354
COV	[45-45]	45	12003
COV	[46-46]	46	11309
COV	[47-47]	47	10371
COV	[48-48]	48	7544
COV	[49-49]	49	7961
COV	[50-50]	50	6786
COV	[51-51]	51	5969
COV	[52-52]	52	5724
COV	[53-53]	53	5173
COV	[54-54]	54	5006
COV	[55-55]	55	4665
COV	[56-56]	56	3802
COV	[57-57]	57	3339
COV	[58-58]	58	3282
COV	[59-59]	59	3288
COV	[60-60]	60	2812
COV	[61-61]	61	2430
COV	[62-62]	62	1418
COV	[63-63]	63	1428
COV	[64-64]	64	2033
COV	[65-65]	65	1404
COV	[66-66]	66	1457
COV	[67-67]	67	1141
COV	[68-68]	68	1419
COV	[69-69]	69	1248
COV	[70-70]	70	840
COV	[71-71]	71	748
COV	[72-72]	72	664
COV	[73-73]	73	627
COV	[74-74]	74	842
COV	[75-75]	75	550
COV	[76-76]	76	672
COV	[77-77]	77	596
COV	[78-78]	78	409
COV	[79-79]	79	426
COV	[80-80]	80	452
COV	[81-81]	81	456
COV	[82-82]	82	660
COV	[83-83]	83	395
COV	[84-84]	84	401
COV	[85-85]	85	465
COV	[86-86]	86	377
COV	[87-87]	87	281
COV	[88-88]	88	305
COV	[89-89]	89	391
COV	[90-90]	90	241
COV	[91-91]	91	361
COV	[92-92]	92	255
COV	[93-93]	93	371
COV	[94-94]	94	48
COV	[95-95]	95	135
COV	[96-96]	96	197
COV	[97-97]	97	119
COV	[98-98]	98	158
COV	[99-99]	99	128
COV	[100-100]	100	117
COV	[101-101]	101	147
COV	[102-102]	102	138
COV	[103-103]	103	65
COV	[104-104]	104	102
COV	[105-105]	105	167
COV	[106-106]	106	113
COV	[107-107]	107	183
COV	[108-108]	108	81
COV	[109-109]	109	158
COV	[110-110]	110	94
COV	[111-111]	111	188
COV	[112-112]	112	173
COV	[113-113]	113	184
COV	[114-114]	114	78
COV	[115-115]	115	107
COV	[116-116]	116	194
COV	[117-117]	117	57
COV	[118-118]	118	126
COV	[119-119]	119	136
COV	[120-120]	120	149
COV	[121-121]	121	135
COV	[122-122]	122	53
COV	[123-123]	123	78
COV	[124-124]	124	124
COV	[125-125]	125	112
COV	[126-126]	126	72
COV	[127-127]	127	116
COV	[128-128]	128	72
COV	[129-129]	129	70
COV	[130-130]	130	86
COV	[131-131]	131	91
COV	[132-132]	132	24
COV	[133-133]	133	11
COV	[134-134]	134	10
COV	[135-135]	135	11
COV	[136-136]	136	20
COV	[137-137]	137	25
COV	[138-138]	138	31
COV	[139-139]	139	45
COV	[140-140]	140	70
COV	[141-141]	141	33
COV	[142-142]	142	8
COV	[143-143]	143	4
COV	[144-144]	144	9
COV	[145-145]	145	16
COV	[146-146]	146	38
COV	[147-147]	147	73
COV	[148-148]	148	4
COV	[149-149]	149	16
COV	[150-150]	150	3
COV	[151-151]	151	11
COV	[152-152]	152	35
COV	[153-153]	153	54
COV	[154-154]	154	64
COV	[155-155]	155	60
COV	[156-156]	156	91
COV	[157-157]	157	10
COV	[158-158]	158	10
COV	[159-159]	159	5
COV	[160-160]	160	16
COV	[161-161]	161	41
COV	[162-162]	162	51
COV	[163-163]	163	86
COV	[164-164]	164	30
COV	[167-167]	167	21
COV	[170-170]	170	10
COV	[171-171]	171	1
COV	[172-172]	172	35
COV	[173-173]	173	12
COV	[174-174]	174	35
COV	[175-175]	175	4
COV	[176-176]	176	19
COV	[177-177]	177	15
COV	[178-178]	178	19
COV	[179-179]	179	80
COV	[180-180]	180	6
COV	[181-181]	181	17
COV	[182-182]	182	28
COV	[183-183]	183	2
COV	[184-184]	184	12
COV	[185-185]	185	10
COV	[186-186]	186	2
COV	[187-187]	187	72
COV	[188-188]	188	3
COV	[189-189]	189	31
COV	[190-190]	190	27
COV	[194-194]	194	2
COV	[195-195]	195	47
COV	[196-196]	196	1
COV	[198-198]	198	1
COV	[199-199]	199	34
COV	[200-200]	200	6
COV	[201-201]	201	53
COV	[202-202]	202	42
COV	[203-203]	203	5
COV	[204-204]	204	3
COV	[205-205]	205	8
COV	[206-206]	206	45
COV	[207-207]	207	3
COV	[208-208]	208	3
COV	[209-209]	209	4
COV	[210-210]	210	1
COV	[211-211]	211	2
COV	[212-212]	212	2
COV	[213-213]	213	5
COV	[214-214]	214	5
COV	[215-215]	215	8
COV	[216-216]	216	7
COV	[217-217]	217	4
COV	[218-218]	218	24
COV	[219-219]	219	72
COV	[221-221]	221	1
COV	[222-222]	222	2
COV	[223-223]	223	5
COV	[224-224]	224	4
COV	[225-225]	225	2
COV	[226-226]	226	88
COV	[227-227]	227	4
COV	[228-228]	228	11
COV	[229-229]	229	9
COV	[230-230]	230	45
COV	[231-231]	231	16
COV	[232-232]	232	31
COV	[233-233]	233	38
COV	[234-234]	234	60
COV	[235-235]	235	85
COV	[236-236]	236	72
COV	[237-237]	237	9
COV	[238-238]	238	24
COV	[240-240]	240	53
COV	[241-241]	241	2
COV	[242-242]	242	6
COV	[243-243]	243	1
COV	[244-244]	244	48
COV	[246-246]	246	1
COV	[247-247]	247	5
COV	[249-249]	249	50
COV	[250-250]	250	33
COV	[251-251]	251	55
COV	[252-252]	252	9
COV	[253-253]	253	20
COV	[254-254]	254	2
COV	[255-255]	255	2
COV	[256-256]	256	3
COV	[257-257]	257	11
COV	[258-258]	258	10
COV	[259-259]	259	6
COV	[260-260]	260	22
COV	[261-261]	261	38
COV	[262-262]	262	14
COV	[263-263]	263	22
COV	[264-264]	264	34
COV	[265-265]	265	25
COV	[266-266]	266	1
COV	[267-267]	267	4
COV	[268-268]	268	1
COV	[269-269]	269	34
COV	[270-270]	270	13
COV	[271-271]	271	38
COV	[273-273]	273	2
COV	[274-274]	274	2
COV	[275-275]	275	6
COV	[276-276]	276	8
COV	[277-277]	277	10
COV	[278-278]	278	7
COV	[279-279]	279	26
COV	[280-280]	280	27
COV	[281-281]	281	7
COV	[282-282]	282	45
COV	[283-283]	283	8
COV	[284-284]	284	28
COV	[285-285]	285	41
COV	[286-286]	286	18
COV	[292-292]	292	1
COV	[293-293]	293	10
COV	[294-294]	294	29
COV	[295-295]	295	4
COV	[298-298]	298	2
COV	[299-299]	299	2
COV	[303-303]	303	2
COV	[304-304]	304	3
COV	[306-306]	306	4
COV	[308-308]	308	3
COV	[309-309]	309	37
COV	[311-311]	311	4
COV	[315-315]	315	1
COV	[319-319]	319	14
COV	[322-322]	322	1
COV	[323-323]	323	1
COV	[324-324]	324	1
COV	[325-325]	325	1
COV	[326-326]	326	7
COV	[327-327]	327	32
COV	[328-328]	328	21
COV	[329-329]	329	12
COV	[330-330]	330	2
COV	[333-333]	333	1
COV	[334-334]	334	1
COV	[335-335]	335	9
COV	[336-336]	336	17
COV	[337-337]	337	9
COV	[338-338]	338	1
COV	[339-339]	339	4
COV	[340-340]	340	33
COV	[341-341]	341	4
COV	[342-342]	342	18
COV	[343-343]	343	34
COV	[344-344]	344	1
COV	[345-345]	345	8
COV	[346-346]	346	14
COV	[348-348]	348	23
COV	[356-356]	356	1
COV	[358-358]	358	1
COV	[362-362]	362	2
COV	[364-364]	364	1
COV	[369-369]	369	18
COV	[370-370]	370	6
COV	[371-371]	371	5
COV	[372-372]	372	9
COV	[373-373]	373	1
COV	[377-377]	377	2
COV	[378-378]	378	9
COV	[380-380]	380	5
COV	[381-381]	381	35
COV	[382-382]	382	17
COV	[385-385]	385	1
COV	[386-386]	386	3
COV	[387-387]	387	1
COV	[388-388]	388	1
COV	[391-391]	391	2
COV	[392-392]	392	1
COV	[393-393]	393	1
COV	[394-394]	394	4
COV	[396-396]	396	3
COV	[398-398]	398	2
COV	[399-399]	399	1
COV	[400-400]	400	3
COV	[402-402]	402	6
COV	[403-403]	403	7
COV	[404-404]	404	2
COV	[411-411]	411	1
COV	[432-432]	432	1
COV	[434-434]	434	3
COV	[575-575]	575	16
COV	[576-576]	576	4
COV	[577-577]	577	2
COV	[578-578]	578	1
COV	[579-579]	579	9
COV	[605-605]	605	4
COV	[613-613]	613	4
COV	[673-673]	673	1
COV	[678-678]	678	1
COV	[679-679]	679	2
COV	[680-680]	680	1
COV	[681-681]	681	1
COV	[682-682]	682	4
COV	[683-683]	683	5
COV	[684-684]	684	15
COV	[687-687]	687	1
COV	[688-688]	688	1
COV	[689-689]	689	1
COV	[690-690]	690	4
COV	[691-691]	691	1
COV	[693-693]	693	7
COV	[694-694]	694	5
COV	[695-695]	695	11
COV	[696-696]	696	11
COV	[1000<]	1000	41
# GC-depth. Use `grep ^GCD | cut -f 2-` to extract this part. The columns are: GC%, unique sequence percentiles, 10th, 25th, 50th, 75th and 90th depth percentile
GCD	0.0	0.213	0.004	0.004	0.008	0.015	0.023
GCD	1.1	0.216	0.008	0.008	0.008	0.008	0.008
GCD	5.0	0.222	0.019	0.019	0.031	0.042	0.042
GCD	6.0	0.225	0.081	0.081	0.081	0.081	0.081
GCD	7.0	0.228	0.019	0.019	0.019	0.019	0.019
GCD	8.0	0.237	0.019	0.019	0.019	0.042	0.042
GCD	9.0	0.246	0.015	0.015	0.023	0.035	0.035
GCD	10.0	0.261	0.015	0.017	0.019	0.033	0.042
GCD	11.0	0.270	0.019	0.019	0.023	0.027	0.027
GCD	12.0	0.273	0.015	0.015	0.015	0.015	0.015
GCD	14.0	0.286	0.012	0.013	0.017	0.034	0.038
GCD	15.0	0.292	0.004	0.004	0.013	0.023	0.023
GCD	16.0	0.304	0.023	0.024	0.029	0.042	0.046
GCD	17.0	0.316	0.012	0.014	0.025	0.038	0.042
GCD	18.0	0.322	0.019	0.019	0.023	0.027	0.027
GCD	19.0	0.337	0.008	0.012	0.027	0.033	0.035
GCD	20.0	0.346	0.015	0.015	0.023	0.042	0.042
GCD	21.0	0.368	0.008	0.027	0.065	0.116	0.173
GCD	22.0	0.389	0.004	0.012	0.042	0.058	0.062
GCD	23.0	0.428	0.004	0.010	0.019	0.042	0.049
GCD	24.0	0.483	0.007	0.011	0.023	0.044	0.097
GCD	25.0	0.514	0.005	0.024	0.031	0.052	0.065
GCD	26.0	0.590	0.004	0.015	0.027	0.048	0.103
GCD	27.0	0.702	0.007	0.013	0.031	0.052	0.097
GCD	28.0	0.854	0.004	0.013	0.035	0.072	0.112
GCD	29.0	1.064	0.008	0.012	0.031	0.069	0.112
GCD	30.0	1.319	0.004	0.013	0.033	0.069	0.102
GCD	31.0	1.671	0.004	0.012	0.031	0.058	0.105
GCD	32.0	2.167	0.008	0.015	0.042	0.092	0.146
GCD	33.0	2.774	0.008	0.019	0.042	0.091	0.134
GCD	34.0	3.589	0.008	0.019	0.056	0.096	0.158
GCD	35.0	4.622	0.019	0.035	0.062	0.108	0.173
GCD	36.0	5.901	0.012	0.027	0.058	0.108	0.169
GCD	37.0	7.527	0.012	0.031	0.065	0.116	0.186
GCD	38.0	9.509	0.012	0.027	0.077	0.142	0.208
GCD	39.0	11.855	0.012	0.035	0.077	0.139	0.218
GCD	40.0	14.505	0.015	0.042	0.089	0.154	0.230
GCD	41.0	17.565	0.015	0.038	0.085	0.158	0.236
GCD	42.0	21.093	0.019	0.046	0.096	0.173	0.250
GCD	43.0	25.104	0.019	0.050	0.110	0.177	0.269
GCD	44.0	29.462	0.019	0.054	0.108	0.189	0.285
GCD	45.0	33.889	0.031	0.062	0.123	0.200	0.300
GCD	46.0	38.660	0.027	0.062	0.123	0.216	0.323
GCD	47.0	43.732	0.027	0.065	0.135	0.233	0.350
GCD	48.0	48.892	0.023	0.065	0.135	0.235	0.347
GCD	49.0	54.156	0.031	0.069	0.142	0.254	0.366
GCD	50.0	59.218	0.030	0.069	0.142	0.250	0.377
GCD	51.0	64.448	0.035	0.073	0.150	0.258	0.377
GCD	52.0	69.405	0.031	0.077	0.158	0.269	0.400
GCD	53.0	73.884	0.035	0.077	0.162	0.269	0.422
GCD	54.0	78.081	0.035	0.073	0.162	0.281	0.420
GCD	55.0	81.894	0.046	0.089	0.169	0.285	0.433
GCD	56.0	85.283	0.031	0.077	0.162	0.273	0.447
GCD	57.0	88.328	0.028	0.077	0.162	0.289	0.457
GCD	58.0	90.859	0.031	0.077	0.150	0.266	0.420
GCD	59.0	92.919	0.027	0.073	0.148	0.262	0.409
GCD	60.0	94.545	0.025	0.062	0.139	0.258	0.427
GCD	61.0	95.891	0.023	0.058	0.139	0.273	0.457
GCD	62.0	96.891	0.019	0.062	0.119	0.219	0.400
GCD	63.0	97.642	0.019	0.050	0.112	0.254	0.360
GCD	64.0	98.289	0.019	0.042	0.104	0.216	0.358
GCD	65.0	98.787	0.019	0.046	0.096	0.195	0.343
GCD	66.0	99.119	0.012	0.031	0.081	0.206	0.373
GCD	67.0	99.359	0.008	0.015	0.038	0.108	0.258
GCD	68.0	99.535	0.011	0.031	0.071	0.144	0.313
GCD	69.0	99.675	0.007	0.014	0.035	0.060	0.160
GCD	70.0	99.760	0.007	0.013	0.048	0.100	0.142
GCD	71.0	99.827	0.010	0.022	0.042	0.070	0.126
GCD	72.0	99.869	0.004	0.004	0.019	0.050	0.067
GCD	73.0	99.881	0.004	0.004	0.006	0.054	0.069
GCD	74.0	99.921	0.004	0.010	0.027	0.048	0.085
GCD	75.0	99.936	0.008	0.010	0.038	0.046	0.050
GCD	76.0	99.945	0.008	0.008	0.012	0.038	0.038
GCD	77.0	99.948	0.008	0.008	0.008	0.008	0.008
GCD	78.0	99.960	0.004	0.004	0.004	0.010	0.012
GCD	79.0	99.973	0.004	0.005	0.015	0.046	0.054
GCD	80.0	99.994	0.004	0.004	0.035	0.046	0.081
GCD	81.0	99.997	0.004	0.004	0.004	0.004	0.004
GCD	82.0	100.000	0.008	0.008	0.008	0.008	0.008
