# This file was produced by samtools stats (1.17+htslib-1.17) and can be plotted using plot-bamstats
# This file contains statistics for all reads.
# The command line was:  stats trimmomaticbwamapped/Ceratopipra_rubrocapilla_MAM010.GBSPipfilbwa.bam
# CHK, Checksum	[2]Read Names	[3]Sequences	[4]Qualities
# CHK, CRC32 of reads which passed filtering followed by addition (32bit overflow)
CHK	7d2db3ce	a59a0e76	87190dcd
# Summary Numbers. Use `grep ^SN | cut -f 2-` to extract this part.
SN	raw total sequences:	887198	# excluding supplementary and secondary reads
SN	filtered sequences:	0
SN	sequences:	887198
SN	is sorted:	1
SN	1st fragments:	887198
SN	last fragments:	0
SN	reads mapped:	844654
SN	reads mapped and paired:	0	# paired-end technology bit set + both mates mapped
SN	reads unmapped:	42544
SN	reads properly paired:	0	# proper-pair bit set
SN	reads paired:	0	# paired-end technology bit set
SN	reads duplicated:	0	# PCR or optical duplicate bit set
SN	reads MQ0:	113790	# mapped and MQ=0
SN	reads QC failed:	0
SN	non-primary alignments:	0
SN	supplementary alignments:	1737
SN	total length:	61079251	# ignores clipping
SN	total first fragment length:	61079251	# ignores clipping
SN	total last fragment length:	0	# ignores clipping
SN	bases mapped:	58592735	# ignores clipping
SN	bases mapped (cigar):	57705760	# more accurate
SN	bases trimmed:	0
SN	bases duplicated:	0
SN	mismatches:	1222433	# from NM fields
SN	error rate:	2.118390e-02	# mismatches / bases mapped (cigar)
SN	average length:	68
SN	average first fragment length:	69
SN	average last fragment length:	0
SN	maximum length:	90
SN	maximum first fragment length:	90
SN	maximum last fragment length:	0
SN	average quality:	37.4
SN	insert size average:	0.0
SN	insert size standard deviation:	0.0
SN	inward oriented pairs:	0
SN	outward oriented pairs:	0
SN	pairs with other orientation:	0
SN	pairs on different chromosomes:	0
SN	percentage of properly paired reads (%):	0.0
# First Fragment Qualities. Use `grep ^FFQ | cut -f 2-` to extract this part.
# Columns correspond to qualities and rows to cycles. First column is the cycle number.
FFQ	1	0	0	0	0	0	0	33	0	0	0	0	0	0	0	0	3712	0	0	0	0	0	0	574	0	0	0	0	8301	0	0	0	0	0	33711	0	0	0	840867	0	0	0	0
FFQ	2	0	0	0	0	0	0	29	0	0	0	0	0	0	0	0	6363	0	0	0	0	0	0	1101	0	0	0	0	12177	0	0	0	0	0	42742	0	0	0	824786	0	0	0	0
FFQ	3	0	0	0	0	0	0	26	0	0	0	0	0	0	0	0	4597	0	0	0	0	0	0	599	0	0	0	0	8287	0	0	0	0	0	31184	0	0	0	842505	0	0	0	0
FFQ	4	0	0	0	0	0	0	75	0	0	0	0	0	0	0	0	4499	0	0	0	0	0	0	1297	0	0	0	0	11438	0	0	0	0	0	45076	0	0	0	824813	0	0	0	0
FFQ	5	0	0	0	0	0	0	14	0	0	0	0	0	0	0	0	3285	0	0	0	0	0	0	642	0	0	0	0	7945	0	0	0	0	0	33272	0	0	0	842040	0	0	0	0
FFQ	6	0	0	0	0	0	0	35	0	0	0	0	0	0	0	0	6065	0	0	0	0	0	0	2109	0	0	0	0	13004	0	0	0	0	0	42472	0	0	0	194545	0	0	628968	0
FFQ	7	0	0	0	0	0	0	605	0	0	0	0	0	0	0	0	6381	0	0	0	0	0	0	2033	0	0	0	0	13570	0	0	0	0	0	46181	0	0	0	221529	0	0	596899	0
FFQ	8	0	0	0	0	0	0	165	0	0	0	0	0	0	0	0	6536	0	0	0	0	0	0	1617	0	0	0	0	13697	0	0	0	0	0	48327	0	0	0	227486	0	0	589370	0
FFQ	9	0	0	0	0	0	0	276	0	0	0	0	0	0	0	0	5525	0	0	0	0	0	0	1819	0	0	0	0	13142	0	0	0	0	0	47642	0	0	0	226377	0	0	592417	0
FFQ	10	0	0	0	0	0	0	383	0	0	0	0	0	0	0	0	5350	0	0	0	0	0	0	2059	0	0	0	0	13211	0	0	0	0	0	47859	0	0	0	231081	0	0	587255	0
FFQ	11	0	0	0	0	0	0	347	0	0	0	0	0	0	0	0	5583	0	0	0	0	0	0	2188	0	0	0	0	13223	0	0	0	0	0	47089	0	0	0	214008	0	0	604760	0
FFQ	12	0	0	0	0	0	0	220	0	0	0	0	0	0	0	0	5552	0	0	0	0	0	0	2276	0	0	0	0	13169	0	0	0	0	0	47511	0	0	0	217063	0	0	601407	0
FFQ	13	0	0	0	0	0	0	260	0	0	0	0	0	0	0	0	5479	0	0	0	0	0	0	2198	0	0	0	0	13332	0	0	0	0	0	48713	0	0	0	224378	0	0	592838	0
FFQ	14	0	0	0	0	0	0	359	0	0	0	0	0	0	0	0	5484	0	0	0	0	0	0	2242	0	0	0	0	12696	0	0	0	0	0	47410	0	0	0	226621	0	0	592386	0
FFQ	15	0	0	0	0	0	0	336	0	0	0	0	0	0	0	0	5368	0	0	0	0	0	0	2582	0	0	0	0	12798	0	0	0	0	0	48243	0	0	0	230252	0	0	587619	0
FFQ	16	0	0	0	0	0	0	464	0	0	0	0	0	0	0	0	5494	0	0	0	0	0	0	2989	0	0	0	0	12808	0	0	0	0	0	49577	0	0	0	229710	0	0	586156	0
FFQ	17	0	0	0	0	0	0	455	0	0	0	0	0	0	0	0	5073	0	0	0	0	0	0	3405	0	0	0	0	11806	0	0	0	0	0	48044	0	0	0	228802	0	0	589613	0
FFQ	18	0	0	0	0	0	0	643	0	0	0	0	0	0	0	0	5196	0	0	0	0	0	0	3735	0	0	0	0	11921	0	0	0	0	0	48174	0	0	0	226048	0	0	591481	0
FFQ	19	0	0	0	0	0	0	820	0	0	0	0	0	0	0	0	5339	0	0	0	0	0	0	4029	0	0	0	0	11512	0	0	0	0	0	49069	0	0	0	229015	0	0	587414	0
FFQ	20	0	0	0	0	0	0	928	0	0	0	0	0	0	0	0	4850	0	0	0	0	0	0	4146	0	0	0	0	11337	0	0	0	0	0	48672	0	0	0	226932	0	0	590333	0
FFQ	21	0	0	0	0	0	0	1243	0	0	0	0	0	0	0	0	4539	0	0	0	0	0	0	4425	0	0	0	0	11562	0	0	0	0	0	49434	0	0	0	228994	0	0	587001	0
FFQ	22	0	0	0	0	0	0	1529	0	0	0	0	0	0	0	0	4272	0	0	0	0	0	0	4423	0	0	0	0	11927	0	0	0	0	0	50247	0	0	0	230304	0	0	584496	0
FFQ	23	0	0	0	0	0	0	1683	0	0	0	0	0	0	0	0	3900	0	0	0	0	0	0	4494	0	0	0	0	11549	0	0	0	0	0	50147	0	0	0	231316	0	0	584109	0
FFQ	24	0	0	0	0	0	0	1983	0	0	0	0	0	0	0	0	3924	0	0	0	0	0	0	4681	0	0	0	0	12265	0	0	0	0	0	51385	0	0	0	232650	0	0	580310	0
FFQ	25	0	0	0	0	0	0	2054	0	0	0	0	0	0	0	0	3950	0	0	0	0	0	0	4865	0	0	0	0	11998	0	0	0	0	0	52823	0	0	0	239149	0	0	572359	0
FFQ	26	0	0	0	0	0	0	2376	0	0	0	0	0	0	0	0	3925	0	0	0	0	0	0	5178	0	0	0	0	11986	0	0	0	0	0	53089	0	0	0	237143	0	0	573501	0
FFQ	27	0	0	0	0	0	0	2194	0	0	0	0	0	0	0	0	3837	0	0	0	0	0	0	5160	0	0	0	0	12190	0	0	0	0	0	52916	0	0	0	237949	0	0	572952	0
FFQ	28	0	0	0	0	0	0	2435	0	0	0	0	0	0	0	0	3921	0	0	0	0	0	0	5401	0	0	0	0	12323	0	0	0	0	0	53905	0	0	0	241548	0	0	567665	0
FFQ	29	0	0	0	0	0	0	2306	0	0	0	0	0	0	0	0	3718	0	0	0	0	0	0	5313	0	0	0	0	12316	0	0	0	0	0	53933	0	0	0	241911	0	0	567701	0
FFQ	30	0	0	0	0	0	0	2328	0	0	0	0	0	0	0	0	3764	0	0	0	0	0	0	5678	0	0	0	0	12327	0	0	0	0	0	54070	0	0	0	241559	0	0	567472	0
FFQ	31	0	0	0	0	0	0	2182	0	0	0	0	0	0	0	0	3712	0	0	0	0	0	0	5759	0	0	0	0	12659	0	0	0	0	0	55232	0	0	0	243440	0	0	564214	0
FFQ	32	0	0	0	0	0	0	2318	0	0	0	0	0	0	0	0	3724	0	0	0	0	0	0	6005	0	0	0	0	12664	0	0	0	0	0	55232	0	0	0	243578	0	0	563677	0
FFQ	33	0	0	0	0	0	0	2447	0	0	0	0	0	0	0	0	3940	0	0	0	0	0	0	6490	0	0	0	0	12727	0	0	0	0	0	56324	0	0	0	244912	0	0	560358	0
FFQ	34	0	0	0	0	0	0	2460	0	0	0	0	0	0	0	0	4174	0	0	0	0	0	0	6728	0	0	0	0	13143	0	0	0	0	0	58019	0	0	0	249242	0	0	553432	0
FFQ	35	0	0	0	0	0	0	2263	0	0	0	0	0	0	0	0	4152	0	0	0	0	0	0	7042	0	0	0	0	13044	0	0	0	0	0	58099	0	0	0	251696	0	0	550902	0
FFQ	36	0	0	0	0	0	0	2250	0	0	0	0	0	0	0	0	4074	0	0	0	0	0	0	7191	0	0	0	0	13284	0	0	0	0	0	58641	0	0	0	254254	0	0	547504	0
FFQ	37	0	0	0	0	0	0	2251	0	0	0	0	0	0	0	0	4099	0	0	0	0	0	0	7644	0	0	0	0	13938	0	0	0	0	0	59284	0	0	0	253500	0	0	546482	0
FFQ	38	0	0	0	0	0	0	2572	0	0	0	0	0	0	0	0	3957	0	0	0	0	0	0	7738	0	0	0	0	13808	0	0	0	0	0	59897	0	0	0	253374	0	0	545852	0
FFQ	39	0	0	0	0	0	0	2630	0	0	0	0	0	0	0	0	4194	0	0	0	0	0	0	7833	0	0	0	0	14346	0	0	0	0	0	60062	0	0	0	254256	0	0	543877	0
FFQ	40	0	0	0	0	0	0	2424	0	0	0	0	0	0	0	0	4400	0	0	0	0	0	0	8641	0	0	0	0	15468	0	0	0	0	0	63368	0	0	0	259362	0	0	533535	0
FFQ	41	0	0	0	0	0	0	2305	0	0	0	0	0	0	0	0	4200	0	0	0	0	0	0	8291	0	0	0	0	15425	0	0	0	0	0	62908	0	0	0	259099	0	0	513779	0
FFQ	42	0	0	0	0	0	0	2287	0	0	0	0	0	0	0	0	3927	0	0	0	0	0	0	7965	0	0	0	0	15432	0	0	0	0	0	62626	0	0	0	257152	0	0	492153	0
FFQ	43	0	0	0	0	0	0	2145	0	0	0	0	0	0	0	0	3895	0	0	0	0	0	0	7970	0	0	0	0	15642	0	0	0	0	0	62647	0	0	0	255838	0	0	473256	0
FFQ	44	0	0	0	0	0	0	2089	0	0	0	0	0	0	0	0	3667	0	0	0	0	0	0	7580	0	0	0	0	15255	0	0	0	0	0	60200	0	0	0	249010	0	0	448610	0
FFQ	45	0	0	0	0	0	0	2025	0	0	0	0	0	0	0	0	3806	0	0	0	0	0	0	7571	0	0	0	0	15962	0	0	0	0	0	60840	0	0	0	247986	0	0	430655	0
FFQ	46	0	0	0	0	0	0	1797	0	0	0	0	0	0	0	0	3464	0	0	0	0	0	0	7322	0	0	0	0	15467	0	0	0	0	0	59634	0	0	0	244453	0	0	408951	0
FFQ	47	0	0	0	0	0	0	1938	0	0	0	0	0	0	0	0	3405	0	0	0	0	0	0	6274	0	0	0	0	16204	0	0	0	0	0	59503	0	0	0	242121	0	0	391330	0
FFQ	48	0	0	0	0	0	0	1775	0	0	0	0	0	0	0	0	3337	0	0	0	0	0	0	6162	0	0	0	0	16267	0	0	0	0	0	59972	0	0	0	245358	0	0	371347	0
FFQ	49	0	0	0	0	0	0	1958	0	0	0	0	0	0	0	0	3310	0	0	0	0	0	0	6222	0	0	0	0	16625	0	0	0	0	0	61023	0	0	0	248128	0	0	348518	0
FFQ	50	0	0	0	0	0	0	1692	0	0	0	0	0	0	0	0	3204	0	0	0	0	0	0	6083	0	0	0	0	16644	0	0	0	0	0	60984	0	0	0	251210	0	0	331513	0
FFQ	51	0	0	0	0	0	0	1573	0	0	0	0	0	0	0	0	3084	0	0	0	0	0	0	5666	0	0	0	0	16800	0	0	0	0	0	62067	0	0	0	255106	0	0	312803	0
FFQ	52	0	0	0	0	0	0	1548	0	0	0	0	0	0	0	0	3053	0	0	0	0	0	0	5419	0	0	0	0	17008	0	0	0	0	0	62929	0	0	0	259207	0	0	294451	0
FFQ	53	0	0	0	0	0	0	1542	0	0	0	0	0	0	0	0	3004	0	0	0	0	0	0	5544	0	0	0	0	17177	0	0	0	0	0	64277	0	0	0	264280	0	0	274007	0
FFQ	54	0	0	0	0	0	0	1629	0	0	0	0	0	0	0	0	2915	0	0	0	0	0	0	5626	0	0	0	0	17365	0	0	0	0	0	65735	0	0	0	271603	0	0	251332	0
FFQ	55	0	0	0	0	0	0	1701	0	0	0	0	0	0	0	0	3107	0	0	0	0	0	0	5594	0	0	0	0	17639	0	0	0	0	0	66900	0	0	0	276447	0	0	229333	0
FFQ	56	0	0	0	0	0	0	1649	0	0	0	0	0	0	0	0	3114	0	0	0	0	0	0	5557	0	0	0	0	17570	0	0	0	0	0	68645	0	0	0	282095	0	0	208438	0
FFQ	57	0	0	0	0	0	0	1419	0	0	0	0	0	0	0	0	3006	0	0	0	0	0	0	5631	0	0	0	0	17477	0	0	0	0	0	70122	0	0	0	286987	0	0	187599	0
FFQ	58	0	0	0	0	0	0	1509	0	0	0	0	0	0	0	0	2930	0	0	0	0	0	0	5402	0	0	0	0	17676	0	0	0	0	0	72068	0	0	0	292381	0	0	167841	0
FFQ	59	0	0	0	0	0	0	1468	0	0	0	0	0	0	0	0	2848	0	0	0	0	0	0	5268	0	0	0	0	17655	0	0	0	0	0	73627	0	0	0	298333	0	0	147306	0
FFQ	60	0	0	0	0	0	0	1565	0	0	0	0	0	0	0	0	2944	0	0	0	0	0	0	5267	0	0	0	0	17677	0	0	0	0	0	75466	0	0	0	304250	0	0	128511	0
FFQ	61	0	0	0	0	0	0	1459	0	0	0	0	0	0	0	0	2932	0	0	0	0	0	0	5398	0	0	0	0	17920	0	0	0	0	0	77888	0	0	0	307520	0	0	111044	0
FFQ	62	0	0	0	0	0	0	1488	0	0	0	0	0	0	0	0	2865	0	0	0	0	0	0	5436	0	0	0	0	18100	0	0	0	0	0	80922	0	0	0	309081	0	0	94638	0
FFQ	63	0	0	0	0	0	0	1353	0	0	0	0	0	0	0	0	2785	0	0	0	0	0	0	5290	0	0	0	0	17837	0	0	0	0	0	81741	0	0	0	311543	0	0	78911	0
FFQ	64	0	0	0	0	0	0	1296	0	0	0	0	0	0	0	0	2788	0	0	0	0	0	0	5235	0	0	0	0	17483	0	0	0	0	0	83537	0	0	0	313290	0	0	65537	0
FFQ	65	0	0	0	0	0	0	1266	0	0	0	0	0	0	0	0	2638	0	0	0	0	0	0	4996	0	0	0	0	17040	0	0	0	0	0	84888	0	0	0	314072	0	0	53245	0
FFQ	66	0	0	0	0	0	0	1298	0	0	0	0	0	0	0	0	2743	0	0	0	0	0	0	5096	0	0	0	0	17141	0	0	0	0	0	87498	0	0	0	311575	0	0	42399	0
FFQ	67	0	0	0	0	0	0	1320	0	0	0	0	0	0	0	0	2818	0	0	0	0	0	0	5476	0	0	0	0	18030	0	0	0	0	0	91007	0	0	0	307596	0	0	32466	0
FFQ	68	0	0	0	0	0	0	1311	0	0	0	0	0	0	0	0	2867	0	0	0	0	0	0	6576	0	0	0	0	23139	0	0	0	0	0	132647	0	0	0	265035	0	0	17790	0
FFQ	69	0	0	0	0	0	0	1349	0	0	0	0	0	0	0	0	2807	0	0	0	0	0	0	5676	0	0	0	0	19147	0	0	0	0	0	111976	0	0	0	283994	0	0	15734	0
FFQ	70	0	0	0	0	0	0	1237	0	0	0	0	0	0	0	0	2788	0	0	0	0	0	0	5605	0	0	0	0	18115	0	0	0	0	0	101000	0	0	0	290224	0	0	12498	0
FFQ	71	0	0	0	0	0	0	1204	0	0	0	0	0	0	0	0	2602	0	0	0	0	0	0	5233	0	0	0	0	17425	0	0	0	0	0	97954	0	0	0	289142	0	0	8823	0
FFQ	72	0	0	0	0	0	0	1202	0	0	0	0	0	0	0	0	2707	0	0	0	0	0	0	5186	0	0	0	0	16871	0	0	0	0	0	97220	0	0	0	284567	0	0	5976	0
FFQ	73	0	0	0	0	0	0	1188	0	0	0	0	0	0	0	0	2629	0	0	0	0	0	0	5073	0	0	0	0	16761	0	0	0	0	0	96559	0	0	0	275745	0	0	3830	0
FFQ	74	0	0	0	0	0	0	1207	0	0	0	0	0	0	0	0	2799	0	0	0	0	0	0	4908	0	0	0	0	16540	0	0	0	0	0	96545	0	0	0	266371	0	0	2288	0
FFQ	75	0	0	0	0	0	0	1185	0	0	0	0	0	0	0	0	2709	0	0	0	0	0	0	5214	0	0	0	0	16674	0	0	0	0	0	96760	0	0	0	258458	0	0	1218	0
FFQ	76	0	0	0	0	0	0	1283	0	0	0	0	0	0	0	0	2984	0	0	0	0	0	0	5443	0	0	0	0	16614	0	0	0	0	0	98456	0	0	0	249432	0	0	649	0
FFQ	77	0	0	0	0	0	0	1194	0	0	0	0	0	0	0	0	2765	0	0	0	0	0	0	5230	0	0	0	0	16701	0	0	0	0	0	98134	0	0	0	242693	0	0	306	0
FFQ	78	0	0	0	0	0	0	1147	0	0	0	0	0	0	0	0	2741	0	0	0	0	0	0	5097	0	0	0	0	16126	0	0	0	0	0	98526	0	0	0	235439	0	0	143	0
FFQ	79	0	0	0	0	0	0	1118	0	0	0	0	0	0	0	0	2731	0	0	0	0	0	0	5018	0	0	0	0	16053	0	0	0	0	0	97850	0	0	0	227672	0	0	60	0
FFQ	80	0	0	0	0	0	0	1202	0	0	0	0	0	0	0	0	2847	0	0	0	0	0	0	4997	0	0	0	0	16343	0	0	0	0	0	99881	0	0	0	224935	0	0	32	0
FFQ	81	0	0	0	0	0	0	1127	0	0	0	0	0	0	0	0	2816	0	0	0	0	0	0	4860	0	0	0	0	16304	0	0	0	0	0	100918	0	0	0	223838	0	0	9	0
FFQ	82	0	0	0	0	0	0	1043	0	0	0	0	0	0	0	0	2695	0	0	0	0	0	0	5034	0	0	0	0	15914	0	0	0	0	0	101904	0	0	0	222808	0	0	7	0
FFQ	83	0	0	0	0	0	0	986	0	0	0	0	0	0	0	0	2817	0	0	0	0	0	0	4776	0	0	0	0	15680	0	0	0	0	0	102429	0	0	0	222169	0	0	3	0
FFQ	84	0	0	0	0	0	0	1082	0	0	0	0	0	0	0	0	2931	0	0	0	0	0	0	4771	0	0	0	0	15991	0	0	0	0	0	103656	0	0	0	219907	0	0	1	0
FFQ	85	0	0	0	0	0	0	1029	0	0	0	0	0	0	0	0	3022	0	0	0	0	0	0	4907	0	0	0	0	15633	0	0	0	0	0	105749	0	0	0	217365	0	0	1	0
FFQ	86	0	0	0	0	0	0	934	0	0	0	0	0	0	0	0	3044	0	0	0	0	0	0	5007	0	0	0	0	16472	0	0	0	0	0	106544	0	0	0	215067	0	0	0	0
FFQ	87	0	0	0	0	0	0	883	0	0	0	0	0	0	0	0	3006	0	0	0	0	0	0	5028	0	0	0	0	15967	0	0	0	0	0	108149	0	0	0	213319	0	0	0	0
FFQ	88	0	0	0	0	0	0	828	0	0	0	0	0	0	0	0	3019	0	0	0	0	0	0	4993	0	0	0	0	15696	0	0	0	0	0	108854	0	0	0	212217	0	0	0	0
FFQ	89	0	0	0	0	0	0	606	0	0	0	0	0	0	0	0	2968	0	0	0	0	0	0	5141	0	0	0	0	15941	0	0	0	0	0	109165	0	0	0	210855	0	0	0	0
FFQ	90	0	0	0	0	0	0	0	0	0	0	0	0	0	0	0	2770	0	0	0	0	0	0	5095	0	0	0	0	15819	0	0	0	0	0	110310	0	0	0	209232	0	0	0	0
# Last Fragment Qualities. Use `grep ^LFQ | cut -f 2-` to extract this part.
# Columns correspond to qualities and rows to cycles. First column is the cycle number.
# GC Content of first fragments. Use `grep ^GCF | cut -f 2-` to extract this part.
GCF	8.29	0
GCF	16.83	1
GCF	17.34	2
GCF	17.84	1
GCF	18.34	3
GCF	18.84	7
GCF	19.60	6
GCF	20.35	9
GCF	20.85	11
GCF	21.36	22
GCF	21.86	20
GCF	22.36	47
GCF	22.86	50
GCF	23.37	56
GCF	23.87	55
GCF	24.37	92
GCF	24.87	119
GCF	25.38	234
GCF	26.13	245
GCF	26.88	327
GCF	27.39	368
GCF	27.89	599
GCF	28.39	659
GCF	28.89	827
GCF	29.40	934
GCF	29.90	1357
GCF	30.40	1566
GCF	30.90	2231
GCF	31.41	2338
GCF	31.91	2606
GCF	32.41	3280
GCF	32.91	3431
GCF	33.42	4552
GCF	33.92	4991
GCF	34.42	6226
GCF	34.92	6469
GCF	35.43	7751
GCF	35.93	8229
GCF	36.43	9547
GCF	36.93	10225
GCF	37.44	10910
GCF	37.94	12833
GCF	38.44	13519
GCF	38.94	15574
GCF	39.45	16294
GCF	39.95	18393
GCF	40.45	19329
GCF	40.95	21066
GCF	41.46	22018
GCF	41.96	22677
GCF	42.46	24752
GCF	42.96	26025
GCF	43.47	28246
GCF	43.97	28932
GCF	44.47	31148
GCF	44.97	32167
GCF	45.48	33730
GCF	45.98	34888
GCF	46.48	37758
GCF	46.98	38825
GCF	47.49	40694
GCF	47.99	42631
GCF	48.49	43620
GCF	48.99	49199
GCF	49.50	49773
GCF	50.00	51975
GCF	50.50	52073
GCF	51.01	51222
GCF	51.51	52354
GCF	52.01	52937
GCF	52.51	53598
GCF	53.02	53696
GCF	53.52	55534
GCF	54.02	56481
GCF	54.52	56499
GCF	55.03	56458
GCF	55.53	55808
GCF	56.03	57656
GCF	56.53	57571
GCF	57.04	57176
GCF	57.54	57466
GCF	58.04	57915
GCF	58.54	56844
GCF	59.05	56045
GCF	59.55	55124
GCF	60.05	56324
GCF	60.55	56158
GCF	61.06	53975
GCF	61.56	51585
GCF	62.06	50370
GCF	62.56	51470
GCF	63.07	50021
GCF	63.57	46901
GCF	64.07	45616
GCF	64.57	42524
GCF	65.08	38273
GCF	65.58	36384
GCF	66.08	35530
GCF	66.58	32323
GCF	67.09	30472
GCF	67.59	26519
GCF	68.09	23973
GCF	68.59	23065
GCF	69.10	19830
GCF	69.60	17281
GCF	70.10	15257
GCF	70.60	14750
GCF	71.11	11704
GCF	71.61	10015
GCF	72.11	8046
GCF	72.61	7298
GCF	73.12	6285
GCF	73.62	5386
GCF	74.12	4975
GCF	74.62	3406
GCF	75.13	2902
GCF	75.63	2166
GCF	76.13	1639
GCF	76.63	1296
GCF	77.14	1210
GCF	77.64	993
GCF	78.14	809
GCF	78.64	667
GCF	79.15	601
GCF	79.65	552
GCF	80.40	414
GCF	81.16	349
GCF	81.66	323
GCF	82.16	278
GCF	82.66	262
GCF	83.17	201
GCF	83.67	155
GCF	84.17	164
GCF	84.67	106
GCF	85.18	61
GCF	85.68	36
GCF	86.18	41
GCF	86.68	38
GCF	87.19	36
GCF	87.69	3
GCF	88.19	2
GCF	89.45	5
GCF	90.95	2
GCF	91.71	1
GCF	92.21	0
GCF	93.22	1
# GC Content of last fragments. Use `grep ^GCL | cut -f 2-` to extract this part.
# ACGT content per cycle. Use `grep ^GCC | cut -f 2-` to extract this part. The columns are: cycle; A,C,G,T base counts as a percentage of all A/C/G/T bases [%]; and N and O counts as a percentage of all A/C/G/T bases [%]
GCC	1	47.55	0.00	0.00	52.45	0.00	0.00
GCC	2	0.00	47.55	52.45	0.00	0.00	0.00
GCC	3	0.00	52.45	47.55	0.00	0.00	0.00
GCC	4	52.45	0.00	0.00	47.55	0.00	0.00
GCC	5	0.00	47.55	52.45	0.00	0.00	0.00
GCC	6	20.94	29.15	28.75	21.15	0.00	0.00
GCC	7	25.11	25.08	25.26	24.54	0.00	0.00
GCC	8	22.84	27.42	27.27	22.47	0.00	0.00
GCC	9	23.04	27.63	26.70	22.64	0.00	0.00
GCC	10	26.53	23.27	23.43	26.77	0.00	0.00
GCC	11	22.66	27.23	27.51	22.61	0.00	0.00
GCC	12	22.66	27.32	27.28	22.74	0.00	0.00
GCC	13	25.41	24.42	24.75	25.42	0.00	0.00
GCC	14	21.76	27.87	28.16	22.21	0.00	0.00
GCC	15	23.39	26.61	26.61	23.40	0.00	0.00
GCC	16	24.53	25.21	25.36	24.91	0.00	0.00
GCC	17	22.05	27.75	28.07	22.13	0.00	0.00
GCC	18	23.22	26.83	26.55	23.40	0.00	0.00
GCC	19	24.01	26.11	25.75	24.12	0.00	0.00
GCC	20	22.52	27.24	27.15	23.09	0.00	0.00
GCC	21	23.92	26.22	25.99	23.87	0.00	0.00
GCC	22	24.31	25.70	25.57	24.42	0.00	0.00
GCC	23	22.23	27.72	27.74	22.31	0.00	0.00
GCC	24	23.43	26.58	26.56	23.43	0.00	0.00
GCC	25	25.43	24.70	24.64	25.23	0.00	0.00
GCC	26	22.94	26.71	27.00	23.35	0.00	0.00
GCC	27	22.80	26.96	27.07	23.17	0.00	0.00
GCC	28	24.17	25.78	25.65	24.40	0.00	0.00
GCC	29	23.39	26.79	26.70	23.12	0.00	0.00
GCC	30	23.15	26.79	26.83	23.23	0.00	0.00
GCC	31	24.18	25.80	25.66	24.36	0.00	0.00
GCC	32	22.45	27.39	27.31	22.85	0.00	0.00
GCC	33	23.49	26.65	26.63	23.23	0.00	0.00
GCC	34	24.41	25.47	25.49	24.62	0.00	0.00
GCC	35	22.99	26.70	26.85	23.45	0.00	0.00
GCC	36	23.14	26.95	26.63	23.28	0.00	0.00
GCC	37	23.69	26.28	25.93	24.09	0.00	0.00
GCC	38	22.48	27.77	27.24	22.51	0.00	0.00
GCC	39	21.63	28.26	28.03	22.09	0.00	0.00
GCC	40	23.60	26.41	26.13	23.86	0.00	0.00
GCC	41	22.44	27.77	27.72	22.07	0.00	0.00
GCC	42	23.31	27.22	26.67	22.79	0.00	0.00
GCC	43	24.52	25.77	25.37	24.34	0.00	0.00
GCC	44	22.72	27.19	27.40	22.69	0.00	0.00
GCC	45	23.92	26.25	26.02	23.81	0.00	0.00
GCC	46	23.97	26.08	26.03	23.92	0.00	0.00
GCC	47	23.12	26.90	26.69	23.29	0.00	0.00
GCC	48	23.44	26.66	26.38	23.53	0.00	0.00
GCC	49	24.19	26.05	25.46	24.30	0.00	0.00
GCC	50	23.20	27.01	26.55	23.24	0.00	0.00
GCC	51	23.39	26.73	26.57	23.31	0.00	0.00
GCC	52	24.18	26.13	25.63	24.06	0.00	0.00
GCC	53	23.62	26.61	26.01	23.76	0.00	0.00
GCC	54	23.59	26.58	26.41	23.41	0.00	0.00
GCC	55	24.06	25.95	25.88	24.10	0.00	0.00
GCC	56	23.58	26.42	26.52	23.48	0.00	0.00
GCC	57	23.70	26.27	26.20	23.82	0.00	0.00
GCC	58	24.61	25.45	25.05	24.89	0.00	0.00
GCC	59	23.15	27.05	26.57	23.23	0.00	0.00
GCC	60	23.44	26.89	26.22	23.46	0.00	0.00
GCC	61	24.09	26.23	25.84	23.84	0.00	0.00
GCC	62	23.64	26.09	26.25	24.02	0.00	0.00
GCC	63	23.84	26.24	26.15	23.77	0.00	0.00
GCC	64	23.78	26.31	25.96	23.95	0.00	0.00
GCC	65	23.89	26.51	26.24	23.36	0.00	0.00
GCC	66	24.30	25.68	26.05	23.97	0.00	0.00
GCC	67	24.07	25.93	25.96	24.05	0.00	0.00
GCC	68	23.40	26.87	26.40	23.33	0.00	0.00
GCC	69	23.68	26.37	26.01	23.94	0.00	0.00
GCC	70	23.68	25.96	26.04	24.32	0.00	0.00
GCC	71	23.11	26.97	26.90	23.03	0.00	0.00
GCC	72	23.72	26.38	25.97	23.93	0.00	0.00
GCC	73	24.52	25.46	25.88	24.14	0.00	0.00
GCC	74	23.77	26.04	26.34	23.86	0.00	0.00
GCC	75	23.46	26.50	26.52	23.52	0.00	0.00
GCC	76	24.21	25.90	25.77	24.12	0.00	0.00
GCC	77	23.73	26.36	26.06	23.85	0.00	0.00
GCC	78	23.84	26.18	26.19	23.78	0.00	0.00
GCC	79	24.24	25.77	25.62	24.36	0.00	0.00
GCC	80	24.10	26.10	25.96	23.83	0.00	0.00
GCC	81	23.29	26.39	26.93	23.39	0.00	0.00
GCC	82	25.29	24.56	25.16	24.99	0.00	0.00
GCC	83	24.60	25.15	25.69	24.57	0.00	0.00
GCC	84	24.28	25.68	25.67	24.37	0.00	0.00
GCC	85	24.34	25.64	25.76	24.26	0.00	0.00
GCC	86	23.97	26.21	25.96	23.86	0.00	0.00
GCC	87	23.55	26.41	26.26	23.78	0.00	0.00
GCC	88	24.96	25.00	24.94	25.10	0.00	0.00
GCC	89	23.86	26.14	26.16	23.85	0.00	0.00
GCC	90	24.41	25.33	25.76	24.51	0.00	0.00
# ACGT content per cycle, read oriented. Use `grep ^GCT | cut -f 2-` to extract this part. The columns are: cycle; A,C,G,T base counts as a percentage of all A/C/G/T bases [%]
GCT	1	0.00	0.00	0.00	100.00
GCT	2	0.00	0.00	100.00	0.00
GCT	3	0.00	100.00	0.00	0.00
GCT	4	100.00	0.00	0.00	0.00
GCT	5	0.00	0.00	100.00	0.00
GCT	6	22.46	28.97	28.93	19.64
GCT	7	26.04	22.39	27.95	23.61
GCT	8	24.69	28.63	26.06	20.62
GCT	9	23.05	29.56	24.77	22.62
GCT	10	26.41	22.14	24.56	26.89
GCT	11	22.28	25.85	28.89	22.98
GCT	12	24.88	27.24	27.36	20.52
GCT	13	24.83	22.72	26.45	25.99
GCT	14	21.53	25.62	30.41	22.44
GCT	15	23.14	25.22	28.00	23.64
GCT	16	26.00	23.27	27.30	23.43
GCT	17	21.57	28.58	27.25	22.61
GCT	18	23.64	28.56	24.82	22.98
GCT	19	24.38	28.08	23.78	23.75
GCT	20	22.19	29.04	25.34	23.43
GCT	21	25.29	26.83	25.37	22.50
GCT	22	23.89	24.71	26.56	24.84
GCT	23	22.18	25.71	29.75	22.36
GCT	24	25.05	24.75	28.39	21.81
GCT	25	24.74	24.11	25.23	25.93
GCT	26	22.46	24.86	28.85	23.83
GCT	27	23.66	26.48	27.54	22.31
GCT	28	24.73	26.56	24.87	23.84
GCT	29	23.91	26.42	27.07	22.60
GCT	30	22.21	27.60	26.02	24.17
GCT	31	24.59	24.10	27.35	23.95
GCT	32	22.76	27.41	27.29	22.54
GCT	33	24.70	26.89	26.38	22.02
GCT	34	24.85	25.94	25.02	24.18
GCT	35	22.50	27.33	26.23	23.94
GCT	36	22.99	28.11	25.47	23.43
GCT	37	23.27	27.49	24.73	24.52
GCT	38	20.50	28.08	26.93	24.49
GCT	39	20.44	30.42	25.86	23.28
GCT	40	22.07	28.04	24.50	25.39
GCT	41	22.47	28.36	27.12	22.04
GCT	42	22.77	29.71	24.18	23.33
GCT	43	25.28	26.17	24.97	23.58
GCT	44	22.85	29.03	25.56	22.56
GCT	45	24.06	27.25	25.02	23.67
GCT	46	24.54	26.37	25.75	23.34
GCT	47	22.98	27.53	26.05	23.44
GCT	48	23.83	27.88	25.15	23.13
GCT	49	24.22	26.86	24.65	24.28
GCT	50	23.10	27.56	26.00	23.34
GCT	51	23.44	27.91	25.39	23.25
GCT	52	23.92	26.63	25.12	24.32
GCT	53	23.52	26.94	25.68	23.86
GCT	54	23.75	27.79	25.20	23.25
GCT	55	23.56	27.20	24.63	24.61
GCT	56	23.13	27.56	25.37	23.93
GCT	57	24.02	28.30	24.18	23.50
GCT	58	24.89	26.60	23.90	24.60
GCT	59	22.17	27.88	25.73	24.22
GCT	60	23.73	27.85	25.25	23.16
GCT	61	23.70	27.32	24.75	24.23
GCT	62	23.74	27.21	25.12	23.92
GCT	63	23.86	26.58	25.80	23.75
GCT	64	23.67	27.28	24.99	24.06
GCT	65	23.37	27.54	25.20	23.88
GCT	66	24.28	26.76	24.97	23.99
GCT	67	23.88	26.48	25.40	24.23
GCT	68	23.40	27.39	25.87	23.33
GCT	69	23.25	27.72	24.66	24.37
GCT	70	23.47	26.52	25.49	24.53
GCT	71	23.18	28.53	25.33	22.96
GCT	72	24.80	27.65	24.69	22.85
GCT	73	24.87	26.76	24.58	23.80
GCT	74	23.91	27.37	25.01	23.72
GCT	75	23.48	27.32	25.70	23.50
GCT	76	23.74	26.88	24.78	24.59
GCT	77	24.00	27.75	24.67	23.58
GCT	78	23.89	27.59	24.78	23.73
GCT	79	24.31	26.60	24.80	24.29
GCT	80	24.86	26.45	25.61	23.07
GCT	81	24.01	27.47	25.85	22.67
GCT	82	27.23	25.47	24.25	23.04
GCT	83	24.90	26.49	24.34	24.26
GCT	84	24.97	26.99	24.36	23.68
GCT	85	25.42	25.12	26.28	23.18
GCT	86	24.36	24.58	27.59	23.47
GCT	87	25.85	25.60	27.07	21.47
GCT	88	27.71	24.31	25.63	22.35
GCT	89	26.06	23.76	28.53	21.64
GCT	90	28.32	24.06	27.03	20.60
# ACGT content per cycle for first fragments. Use `grep ^FBC | cut -f 2-` to extract this part. The columns are: cycle; A,C,G,T base counts as a percentage of all A/C/G/T bases [%]; and N and O counts as a percentage of all A/C/G/T bases [%]
FBC	1	47.55	0.00	0.00	52.45	0.00	0.00
FBC	2	0.00	47.55	52.45	0.00	0.00	0.00
FBC	3	0.00	52.45	47.55	0.00	0.00	0.00
FBC	4	52.45	0.00	0.00	47.55	0.00	0.00
FBC	5	0.00	47.55	52.45	0.00	0.00	0.00
FBC	6	20.94	29.15	28.75	21.15	0.00	0.00
FBC	7	25.11	25.08	25.26	24.54	0.00	0.00
FBC	8	22.84	27.42	27.27	22.47	0.00	0.00
FBC	9	23.04	27.63	26.70	22.64	0.00	0.00
FBC	10	26.53	23.27	23.43	26.77	0.00	0.00
FBC	11	22.66	27.23	27.51	22.61	0.00	0.00
FBC	12	22.66	27.32	27.28	22.74	0.00	0.00
FBC	13	25.41	24.42	24.75	25.42	0.00	0.00
FBC	14	21.76	27.87	28.16	22.21	0.00	0.00
FBC	15	23.39	26.61	26.61	23.40	0.00	0.00
FBC	16	24.53	25.21	25.36	24.91	0.00	0.00
FBC	17	22.05	27.75	28.07	22.13	0.00	0.00
FBC	18	23.22	26.83	26.55	23.40	0.00	0.00
FBC	19	24.01	26.11	25.75	24.12	0.00	0.00
FBC	20	22.52	27.24	27.15	23.09	0.00	0.00
FBC	21	23.92	26.22	25.99	23.87	0.00	0.00
FBC	22	24.31	25.70	25.57	24.42	0.00	0.00
FBC	23	22.23	27.72	27.74	22.31	0.00	0.00
FBC	24	23.43	26.58	26.56	23.43	0.00	0.00
FBC	25	25.43	24.70	24.64	25.23	0.00	0.00
FBC	26	22.94	26.71	27.00	23.35	0.00	0.00
FBC	27	22.80	26.96	27.07	23.17	0.00	0.00
FBC	28	24.17	25.78	25.65	24.40	0.00	0.00
FBC	29	23.39	26.79	26.70	23.12	0.00	0.00
FBC	30	23.15	26.79	26.83	23.23	0.00	0.00
FBC	31	24.18	25.80	25.66	24.36	0.00	0.00
FBC	32	22.45	27.39	27.31	22.85	0.00	0.00
FBC	33	23.49	26.65	26.63	23.23	0.00	0.00
FBC	34	24.41	25.47	25.49	24.62	0.00	0.00
FBC	35	22.99	26.70	26.85	23.45	0.00	0.00
FBC	36	23.14	26.95	26.63	23.28	0.00	0.00
FBC	37	23.69	26.28	25.93	24.09	0.00	0.00
FBC	38	22.48	27.77	27.24	22.51	0.00	0.00
FBC	39	21.63	28.26	28.03	22.09	0.00	0.00
FBC	40	23.60	26.41	26.13	23.86	0.00	0.00
FBC	41	22.44	27.77	27.72	22.07	0.00	0.00
FBC	42	23.31	27.22	26.67	22.79	0.00	0.00
FBC	43	24.52	25.77	25.37	24.34	0.00	0.00
FBC	44	22.72	27.19	27.40	22.69	0.00	0.00
FBC	45	23.92	26.25	26.02	23.81	0.00	0.00
FBC	46	23.97	26.08	26.03	23.92	0.00	0.00
FBC	47	23.12	26.90	26.69	23.29	0.00	0.00
FBC	48	23.44	26.66	26.38	23.53	0.00	0.00
FBC	49	24.19	26.05	25.46	24.30	0.00	0.00
FBC	50	23.20	27.01	26.55	23.24	0.00	0.00
FBC	51	23.39	26.73	26.57	23.31	0.00	0.00
FBC	52	24.18	26.13	25.63	24.06	0.00	0.00
FBC	53	23.62	26.61	26.01	23.76	0.00	0.00
FBC	54	23.59	26.58	26.41	23.41	0.00	0.00
FBC	55	24.06	25.95	25.88	24.10	0.00	0.00
FBC	56	23.58	26.42	26.52	23.48	0.00	0.00
FBC	57	23.70	26.27	26.20	23.82	0.00	0.00
FBC	58	24.61	25.45	25.05	24.89	0.00	0.00
FBC	59	23.15	27.05	26.57	23.23	0.00	0.00
FBC	60	23.44	26.89	26.22	23.46	0.00	0.00
FBC	61	24.09	26.23	25.84	23.84	0.00	0.00
FBC	62	23.64	26.09	26.25	24.02	0.00	0.00
FBC	63	23.84	26.24	26.15	23.77	0.00	0.00
FBC	64	23.78	26.31	25.96	23.95	0.00	0.00
FBC	65	23.89	26.51	26.24	23.36	0.00	0.00
FBC	66	24.30	25.68	26.05	23.97	0.00	0.00
FBC	67	24.07	25.93	25.96	24.05	0.00	0.00
FBC	68	23.40	26.87	26.40	23.33	0.00	0.00
FBC	69	23.68	26.37	26.01	23.94	0.00	0.00
FBC	70	23.68	25.96	26.04	24.32	0.00	0.00
FBC	71	23.11	26.97	26.90	23.03	0.00	0.00
FBC	72	23.72	26.38	25.97	23.93	0.00	0.00
FBC	73	24.52	25.46	25.88	24.14	0.00	0.00
FBC	74	23.77	26.04	26.34	23.86	0.00	0.00
FBC	75	23.46	26.50	26.52	23.52	0.00	0.00
FBC	76	24.21	25.90	25.77	24.12	0.00	0.00
FBC	77	23.73	26.36	26.06	23.85	0.00	0.00
FBC	78	23.84	26.18	26.19	23.78	0.00	0.00
FBC	79	24.24	25.77	25.62	24.36	0.00	0.00
FBC	80	24.10	26.10	25.96	23.83	0.00	0.00
FBC	81	23.29	26.39	26.93	23.39	0.00	0.00
FBC	82	25.29	24.56	25.16	24.99	0.00	0.00
FBC	83	24.60	25.15	25.69	24.57	0.00	0.00
FBC	84	24.28	25.68	25.67	24.37	0.00	0.00
FBC	85	24.34	25.64	25.76	24.26	0.00	0.00
FBC	86	23.97	26.21	25.96	23.86	0.00	0.00
FBC	87	23.55	26.41	26.26	23.78	0.00	0.00
FBC	88	24.96	25.00	24.94	25.10	0.00	0.00
FBC	89	23.86	26.14	26.16	23.85	0.00	0.00
FBC	90	24.41	25.33	25.76	24.51	0.00	0.00
# ACGT raw counters for first fragments. Use `grep ^FTC | cut -f 2-` to extract this part. The columns are: A,C,G,T,N base counters
FTC	14230899	16303477	16285471	14259404	0
# ACGT content per cycle for last fragments. Use `grep ^LBC | cut -f 2-` to extract this part. The columns are: cycle; A,C,G,T base counts as a percentage of all A/C/G/T bases [%]; and N and O counts as a percentage of all A/C/G/T bases [%]
# ACGT raw counters for last fragments. Use `grep ^LTC | cut -f 2-` to extract this part. The columns are: A,C,G,T,N base counters
LTC	0	0	0	0	0
# Insert sizes. Use `grep ^IS | cut -f 2-` to extract this part. The columns are: insert size, pairs total, inward oriented pairs, outward oriented pairs, other pairs
# Read lengths. Use `grep ^RL | cut -f 2-` to extract this part. The columns are: read length, count
RL	40	21191
RL	41	24465
RL	42	20149
RL	43	34982
RL	44	17566
RL	45	27757
RL	46	20313
RL	47	16557
RL	48	18434
RL	49	14454
RL	50	14231
RL	51	13484
RL	52	13784
RL	53	13626
RL	54	15484
RL	55	13653
RL	56	14827
RL	57	12434
RL	58	13302
RL	59	10825
RL	60	11519
RL	61	11631
RL	62	13070
RL	63	10294
RL	64	11021
RL	65	10395
RL	66	9037
RL	67	9348
RL	68	8682
RL	69	9216
RL	70	9084
RL	71	8654
RL	72	11944
RL	73	11127
RL	74	8440
RL	75	7357
RL	76	7838
RL	77	7804
RL	78	8717
RL	79	265
RL	80	365
RL	81	467
RL	82	545
RL	83	521
RL	84	633
RL	85	638
RL	86	716
RL	87	745
RL	88	931
RL	89	1450
RL	90	343226
# Read lengths - first fragments. Use `grep ^FRL | cut -f 2-` to extract this part. The columns are: read length, count
FRL	40	21191
FRL	41	24465
FRL	42	20149
FRL	43	34982
FRL	44	17566
FRL	45	27757
FRL	46	20313
FRL	47	16557
FRL	48	18434
FRL	49	14454
FRL	50	14231
FRL	51	13484
FRL	52	13784
FRL	53	13626
FRL	54	15484
FRL	55	13653
FRL	56	14827
FRL	57	12434
FRL	58	13302
FRL	59	10825
FRL	60	11519
FRL	61	11631
FRL	62	13070
FRL	63	10294
FRL	64	11021
FRL	65	10395
FRL	66	9037
FRL	67	9348
FRL	68	8682
FRL	69	9216
FRL	70	9084
FRL	71	8654
FRL	72	11944
FRL	73	11127
FRL	74	8440
FRL	75	7357
FRL	76	7838
FRL	77	7804
FRL	78	8717
FRL	79	265
FRL	80	365
FRL	81	467
FRL	82	545
FRL	83	521
FRL	84	633
FRL	85	638
FRL	86	716
FRL	87	745
FRL	88	931
FRL	89	1450
FRL	90	343226
# Read lengths - last fragments. Use `grep ^LRL | cut -f 2-` to extract this part. The columns are: read length, count
# Mapping qualities for reads !(UNMAP|SECOND|SUPPL|QCFAIL|DUP). Use `grep ^MAPQ | cut -f 2-` to extract this part. The columns are: mapq, count
MAPQ	0	113790
MAPQ	1	1022
MAPQ	2	3717
MAPQ	3	2087
MAPQ	4	1336
MAPQ	5	1301
MAPQ	6	1234
MAPQ	7	1418
MAPQ	8	1655
MAPQ	9	1621
MAPQ	10	1883
MAPQ	11	1122
MAPQ	12	1052
MAPQ	13	858
MAPQ	14	508
MAPQ	15	582
MAPQ	16	558
MAPQ	17	537
MAPQ	18	640
MAPQ	19	753
MAPQ	20	937
MAPQ	21	714
MAPQ	22	1353
MAPQ	23	826
MAPQ	24	1444
MAPQ	25	1679
MAPQ	26	657
MAPQ	27	1285
MAPQ	28	594
MAPQ	29	526
MAPQ	30	727
MAPQ	31	595
MAPQ	32	685
MAPQ	33	786
MAPQ	34	512
MAPQ	35	698
MAPQ	36	605
MAPQ	37	764
MAPQ	38	631
MAPQ	39	652
MAPQ	40	717
MAPQ	41	574
MAPQ	42	803
MAPQ	43	596
MAPQ	44	1329
MAPQ	45	744
MAPQ	46	752
MAPQ	47	1212
MAPQ	48	1032
MAPQ	49	1635
MAPQ	50	1263
MAPQ	51	971
MAPQ	52	1239
MAPQ	53	879
MAPQ	54	2676
MAPQ	55	1693
MAPQ	56	1215
MAPQ	57	1506
MAPQ	58	1133
MAPQ	59	2207
MAPQ	60	666134
# Indel distribution. Use `grep ^ID | cut -f 2-` to extract this part. The columns are: length, number of insertions, number of deletions
ID	1	14197	19670
ID	2	4613	5913
ID	3	2227	2764
ID	4	1443	2015
ID	5	945	1164
ID	6	802	1156
ID	7	430	762
ID	8	430	762
ID	9	303	525
ID	10	237	470
ID	11	191	342
ID	12	149	281
ID	13	129	270
ID	14	81	139
ID	15	69	159
ID	16	58	105
ID	17	22	97
ID	18	26	101
ID	19	36	89
ID	20	14	52
ID	21	8	26
ID	22	10	18
ID	23	13	48
ID	24	2	23
ID	25	0	7
ID	26	1	15
ID	27	0	17
ID	28	0	4
ID	29	0	1
ID	30	0	6
ID	31	0	16
ID	32	0	2
ID	34	0	1
ID	36	0	1
ID	37	0	3
# Indels per cycle. Use `grep ^IC | cut -f 2-` to extract this part. The columns are: cycle, number of insertions (fwd), .. (rev) , number of deletions (fwd), .. (rev)
IC	3	0	0	49	0
IC	4	31	0	360	0
IC	5	190	0	273	0
IC	6	181	0	273	0
IC	7	211	0	288	0
IC	8	219	0	420	0
IC	9	276	0	462	0
IC	10	310	0	439	0
IC	11	297	0	553	0
IC	12	391	0	432	0
IC	13	364	0	510	0
IC	14	359	0	524	0
IC	15	357	0	624	0
IC	16	486	0	599	0
IC	17	494	0	554	0
IC	18	413	0	523	0
IC	19	364	0	687	0
IC	20	427	0	614	0
IC	21	463	0	587	0
IC	22	540	0	613	0
IC	23	487	0	534	0
IC	24	364	0	618	0
IC	25	484	0	615	0
IC	26	418	0	631	0
IC	27	437	0	587	0
IC	28	417	0	737	0
IC	29	477	0	567	0
IC	30	507	0	604	0
IC	31	424	0	715	0
IC	32	491	0	699	0
IC	33	461	0	669	0
IC	34	503	0	631	0
IC	35	463	0	634	0
IC	36	484	0	611	0
IC	37	495	0	661	0
IC	38	459	0	687	0
IC	39	445	0	616	0
IC	40	500	0	570	0
IC	41	500	0	577	0
IC	42	440	0	597	0
IC	43	461	0	542	0
IC	44	404	0	645	0
IC	45	455	0	532	0
IC	46	351	0	536	0
IC	47	359	0	540	0
IC	48	353	0	536	0
IC	49	367	0	501	0
IC	50	437	0	483	0
IC	51	379	0	543	0
IC	52	313	0	541	0
IC	53	373	0	483	0
IC	54	310	0	416	0
IC	55	275	0	475	0
IC	56	352	0	403	0
IC	57	270	0	462	0
IC	58	255	0	353	0
IC	59	301	0	373	0
IC	60	316	0	367	0
IC	61	267	0	406	0
IC	62	230	0	375	0
IC	63	296	0	374	0
IC	64	241	0	328	0
IC	65	217	0	359	0
IC	66	266	0	296	0
IC	67	208	0	310	0
IC	68	182	0	292	0
IC	69	204	0	236	0
IC	70	167	0	262	0
IC	71	221	0	295	0
IC	72	148	0	221	0
IC	73	160	0	218	0
IC	74	131	0	245	0
IC	75	128	0	221	0
IC	76	108	0	210	0
IC	77	131	0	196	0
IC	78	138	0	181	0
IC	79	113	0	195	0
IC	80	127	0	150	0
IC	81	99	0	180	0
IC	82	88	0	161	0
IC	83	88	0	136	0
IC	84	57	0	126	0
IC	85	125	0	69	0
IC	86	190	0	116	0
IC	87	146	0	191	0
# Coverage distribution. Use `grep ^COV | cut -f 2-` to extract this part.
COV	[1-1]	1	4525469
COV	[2-2]	2	1974500
COV	[3-3]	3	1162211
COV	[4-4]	4	786754
COV	[5-5]	5	614857
COV	[6-6]	6	504307
COV	[7-7]	7	426650
COV	[8-8]	8	363325
COV	[9-9]	9	316185
COV	[10-10]	10	263505
COV	[11-11]	11	227937
COV	[12-12]	12	203725
COV	[13-13]	13	165314
COV	[14-14]	14	142431
COV	[15-15]	15	119573
COV	[16-16]	16	103671
COV	[17-17]	17	85817
COV	[18-18]	18	72497
COV	[19-19]	19	62270
COV	[20-20]	20	49707
COV	[21-21]	21	39146
COV	[22-22]	22	34826
COV	[23-23]	23	27894
COV	[24-24]	24	21435
COV	[25-25]	25	15815
COV	[26-26]	26	13441
COV	[27-27]	27	10320
COV	[28-28]	28	8662
COV	[29-29]	29	6563
COV	[30-30]	30	5405
COV	[31-31]	31	4556
COV	[32-32]	32	4265
COV	[33-33]	33	4315
COV	[34-34]	34	2867
COV	[35-35]	35	2380
COV	[36-36]	36	2386
COV	[37-37]	37	1825
COV	[38-38]	38	1874
COV	[39-39]	39	1857
COV	[40-40]	40	1803
COV	[41-41]	41	1663
COV	[42-42]	42	1661
COV	[43-43]	43	2008
COV	[44-44]	44	1248
COV	[45-45]	45	903
COV	[46-46]	46	1039
COV	[47-47]	47	1314
COV	[48-48]	48	1046
COV	[49-49]	49	1054
COV	[50-50]	50	794
COV	[51-51]	51	691
COV	[52-52]	52	1027
COV	[53-53]	53	572
COV	[54-54]	54	712
COV	[55-55]	55	784
COV	[56-56]	56	580
COV	[57-57]	57	468
COV	[58-58]	58	438
COV	[59-59]	59	460
COV	[60-60]	60	514
COV	[61-61]	61	688
COV	[62-62]	62	482
COV	[63-63]	63	236
COV	[64-64]	64	325
COV	[65-65]	65	343
COV	[66-66]	66	370
COV	[67-67]	67	329
COV	[68-68]	68	226
COV	[69-69]	69	320
COV	[70-70]	70	108
COV	[71-71]	71	228
COV	[72-72]	72	228
COV	[73-73]	73	218
COV	[74-74]	74	291
COV	[75-75]	75	365
COV	[76-76]	76	297
COV	[77-77]	77	133
COV	[78-78]	78	125
COV	[79-79]	79	157
COV	[80-80]	80	131
COV	[81-81]	81	94
COV	[82-82]	82	38
COV	[83-83]	83	243
COV	[84-84]	84	151
COV	[85-85]	85	92
COV	[86-86]	86	70
COV	[87-87]	87	181
COV	[88-88]	88	120
COV	[89-89]	89	116
COV	[90-90]	90	70
COV	[91-91]	91	43
COV	[92-92]	92	279
COV	[93-93]	93	58
COV	[94-94]	94	92
COV	[95-95]	95	68
COV	[96-96]	96	138
COV	[97-97]	97	94
COV	[98-98]	98	246
COV	[99-99]	99	12
COV	[100-100]	100	48
COV	[101-101]	101	63
COV	[102-102]	102	95
COV	[103-103]	103	102
COV	[104-104]	104	56
COV	[105-105]	105	11
COV	[106-106]	106	59
COV	[107-107]	107	50
COV	[108-108]	108	23
COV	[109-109]	109	9
COV	[110-110]	110	47
COV	[111-111]	111	76
COV	[112-112]	112	69
COV	[113-113]	113	29
COV	[114-114]	114	32
COV	[115-115]	115	158
COV	[116-116]	116	24
COV	[117-117]	117	17
COV	[118-118]	118	40
COV	[119-119]	119	21
COV	[120-120]	120	42
COV	[121-121]	121	20
COV	[122-122]	122	87
COV	[123-123]	123	51
COV	[124-124]	124	13
COV	[125-125]	125	59
COV	[126-126]	126	103
COV	[127-127]	127	28
COV	[128-128]	128	3
COV	[129-129]	129	1
COV	[130-130]	130	41
COV	[131-131]	131	32
COV	[132-132]	132	31
COV	[133-133]	133	1
COV	[134-134]	134	1
COV	[135-135]	135	38
COV	[136-136]	136	1
COV	[137-137]	137	76
COV	[139-139]	139	32
COV	[140-140]	140	72
COV	[141-141]	141	45
COV	[142-142]	142	28
COV	[143-143]	143	35
COV	[144-144]	144	60
COV	[146-146]	146	1
COV	[147-147]	147	3
COV	[148-148]	148	2
COV	[149-149]	149	37
COV	[150-150]	150	54
COV	[151-151]	151	2
COV	[152-152]	152	4
COV	[153-153]	153	86
COV	[154-154]	154	27
COV	[155-155]	155	35
COV	[156-156]	156	98
COV	[157-157]	157	70
COV	[158-158]	158	9
COV	[160-160]	160	3
COV	[161-161]	161	9
COV	[162-162]	162	3
COV	[163-163]	163	10
COV	[164-164]	164	24
COV	[165-165]	165	53
COV	[166-166]	166	45
COV	[167-167]	167	15
COV	[168-168]	168	36
COV	[171-171]	171	10
COV	[172-172]	172	65
COV	[173-173]	173	6
COV	[174-174]	174	3
COV	[175-175]	175	1
COV	[176-176]	176	39
COV	[177-177]	177	1
COV	[178-178]	178	42
COV	[179-179]	179	1
COV	[180-180]	180	43
COV	[181-181]	181	1
COV	[182-182]	182	40
COV	[183-183]	183	3
COV	[184-184]	184	1
COV	[185-185]	185	4
COV	[187-187]	187	11
COV	[188-188]	188	1
COV	[189-189]	189	46
COV	[190-190]	190	64
COV	[192-192]	192	27
COV	[193-193]	193	57
COV	[194-194]	194	4
COV	[195-195]	195	9
COV	[196-196]	196	33
COV	[197-197]	197	3
COV	[201-201]	201	1
COV	[203-203]	203	36
COV	[205-205]	205	1
COV	[208-208]	208	3
COV	[209-209]	209	14
COV	[211-211]	211	6
COV	[212-212]	212	20
COV	[213-213]	213	4
COV	[214-214]	214	3
COV	[218-218]	218	39
COV	[219-219]	219	1
COV	[222-222]	222	2
COV	[223-223]	223	3
COV	[225-225]	225	1
COV	[226-226]	226	2
COV	[227-227]	227	38
COV	[228-228]	228	1
COV	[229-229]	229	3
COV	[235-235]	235	36
COV	[259-259]	259	1
COV	[260-260]	260	4
COV	[261-261]	261	1
COV	[262-262]	262	56
COV	[266-266]	266	4
COV	[267-267]	267	57
COV	[268-268]	268	1
COV	[350-350]	350	1
COV	[356-356]	356	3
COV	[357-357]	357	39
COV	[401-401]	401	1
COV	[402-402]	402	1
COV	[405-405]	405	2
COV	[509-509]	509	32
COV	[521-521]	521	4
COV	[533-533]	533	1
COV	[534-534]	534	3
COV	[1000<]	1000	114
# GC-depth. Use `grep ^GCD | cut -f 2-` to extract this part. The columns are: GC%, unique sequence percentiles, 10th, 25th, 50th, 75th and 90th depth percentile
GCD	0.0	0.065	0.003	0.003	0.003	0.003	0.010
GCD	17.0	0.071	0.003	0.003	0.007	0.010	0.010
GCD	18.0	0.077	0.007	0.007	0.007	0.007	0.007
GCD	19.9	0.080	0.133	0.133	0.133	0.133	0.133
GCD	20.0	0.083	0.007	0.007	0.007	0.007	0.007
GCD	21.0	0.092	0.007	0.007	0.010	0.048	0.048
GCD	22.0	0.098	0.007	0.007	0.010	0.014	0.014
GCD	23.0	0.116	0.003	0.003	0.007	0.011	0.014
GCD	24.0	0.142	0.003	0.003	0.007	0.010	0.010
GCD	25.0	0.151	0.014	0.014	0.014	0.020	0.020
GCD	26.0	0.187	0.003	0.003	0.007	0.018	0.048
GCD	27.0	0.243	0.003	0.003	0.010	0.014	0.027
GCD	28.0	0.347	0.003	0.003	0.007	0.010	0.014
GCD	29.0	0.481	0.003	0.003	0.007	0.012	0.018
GCD	30.0	0.682	0.003	0.003	0.009	0.017	0.028
GCD	31.0	0.920	0.003	0.003	0.010	0.014	0.027
GCD	32.0	1.294	0.003	0.003	0.007	0.017	0.035
GCD	33.0	1.819	0.003	0.007	0.014	0.024	0.037
GCD	34.0	2.531	0.003	0.007	0.012	0.024	0.037
GCD	35.0	3.077	0.010	0.014	0.024	0.034	0.048
GCD	36.0	4.181	0.003	0.007	0.014	0.033	0.044
GCD	37.0	5.510	0.003	0.007	0.020	0.037	0.054
GCD	38.0	7.201	0.007	0.010	0.020	0.037	0.058
GCD	39.0	9.088	0.007	0.014	0.024	0.048	0.068
GCD	40.0	11.331	0.007	0.014	0.027	0.048	0.072
GCD	41.0	13.853	0.007	0.014	0.031	0.051	0.075
GCD	42.0	16.773	0.007	0.017	0.034	0.058	0.082
GCD	43.0	20.096	0.007	0.017	0.037	0.065	0.092
GCD	44.0	23.838	0.007	0.017	0.041	0.068	0.099
GCD	45.0	27.692	0.017	0.031	0.048	0.078	0.109
GCD	46.0	32.089	0.010	0.024	0.048	0.078	0.116
GCD	47.0	36.477	0.010	0.027	0.051	0.085	0.126
GCD	48.0	41.207	0.010	0.031	0.058	0.092	0.134
GCD	49.0	46.408	0.010	0.031	0.058	0.099	0.139
GCD	50.0	51.512	0.017	0.034	0.068	0.109	0.153
GCD	51.0	56.695	0.017	0.041	0.071	0.116	0.163
GCD	52.0	61.541	0.017	0.041	0.075	0.119	0.184
GCD	53.0	66.537	0.020	0.041	0.078	0.126	0.184
GCD	54.0	71.323	0.020	0.044	0.085	0.136	0.203
GCD	55.0	75.750	0.031	0.054	0.099	0.156	0.228
GCD	56.0	79.859	0.020	0.048	0.092	0.160	0.238
GCD	57.0	83.420	0.024	0.054	0.105	0.176	0.252
GCD	58.0	86.488	0.025	0.065	0.116	0.197	0.316
GCD	59.0	89.256	0.029	0.061	0.119	0.194	0.289
GCD	60.0	91.654	0.031	0.068	0.119	0.204	0.320
GCD	61.0	93.609	0.027	0.068	0.126	0.204	0.292
GCD	62.0	95.161	0.027	0.058	0.126	0.201	0.312
GCD	63.0	96.526	0.024	0.058	0.116	0.218	0.333
GCD	64.0	97.475	0.017	0.051	0.109	0.170	0.272
GCD	65.0	98.196	0.027	0.061	0.116	0.197	0.332
GCD	66.0	98.665	0.017	0.048	0.102	0.173	0.294
GCD	67.0	99.021	0.011	0.038	0.092	0.169	0.301
GCD	68.0	99.359	0.017	0.044	0.094	0.196	0.451
GCD	69.0	99.537	0.010	0.031	0.056	0.139	0.298
GCD	70.0	99.659	0.010	0.020	0.044	0.117	0.176
GCD	71.0	99.739	0.010	0.014	0.031	0.054	0.105
GCD	72.0	99.810	0.007	0.014	0.032	0.081	0.226
GCD	73.0	99.852	0.009	0.020	0.031	0.056	0.202
GCD	74.0	99.881	0.003	0.003	0.019	0.042	0.059
GCD	75.0	99.890	0.031	0.031	0.034	0.167	0.167
GCD	76.0	99.905	0.007	0.015	0.027	0.051	0.071
GCD	77.0	99.923	0.003	0.003	0.010	0.034	0.034
GCD	78.0	99.938	0.003	0.003	0.003	0.061	0.065
GCD	79.0	99.964	0.003	0.003	0.007	0.051	0.071
GCD	80.0	99.976	0.010	0.034	0.124	0.150	0.153
GCD	81.0	99.991	0.020	0.020	0.051	0.080	0.085
GCD	83.0	99.994	0.003	0.003	0.003	0.003	0.003
GCD	84.0	100.000	0.003	0.003	0.010	0.017	0.017
