# This file was produced by samtools stats (1.17+htslib-1.17) and can be plotted using plot-bamstats
# This file contains statistics for all reads.
# The command line was:  stats trimmomaticbwamapped/Ceratopipra_rubrocapilla_AMANA034.GBSPipfilbwa.bam
# CHK, Checksum	[2]Read Names	[3]Sequences	[4]Qualities
# CHK, CRC32 of reads which passed filtering followed by addition (32bit overflow)
CHK	c4f6e386	3e8f93fb	3625cb53
# Summary Numbers. Use `grep ^SN | cut -f 2-` to extract this part.
SN	raw total sequences:	215702	# excluding supplementary and secondary reads
SN	filtered sequences:	0
SN	sequences:	215702
SN	is sorted:	1
SN	1st fragments:	215702
SN	last fragments:	0
SN	reads mapped:	205025
SN	reads mapped and paired:	0	# paired-end technology bit set + both mates mapped
SN	reads unmapped:	10677
SN	reads properly paired:	0	# proper-pair bit set
SN	reads paired:	0	# paired-end technology bit set
SN	reads duplicated:	0	# PCR or optical duplicate bit set
SN	reads MQ0:	20510	# mapped and MQ=0
SN	reads QC failed:	0
SN	non-primary alignments:	0
SN	supplementary alignments:	221
SN	total length:	15106082	# ignores clipping
SN	total first fragment length:	15106082	# ignores clipping
SN	total last fragment length:	0	# ignores clipping
SN	bases mapped:	14467659	# ignores clipping
SN	bases mapped (cigar):	14267600	# more accurate
SN	bases trimmed:	0
SN	bases duplicated:	0
SN	mismatches:	300606	# from NM fields
SN	error rate:	2.106914e-02	# mismatches / bases mapped (cigar)
SN	average length:	70
SN	average first fragment length:	70
SN	average last fragment length:	0
SN	maximum length:	90
SN	maximum first fragment length:	90
SN	maximum last fragment length:	0
SN	average quality:	37.5
SN	insert size average:	0.0
SN	insert size standard deviation:	0.0
SN	inward oriented pairs:	0
SN	outward oriented pairs:	0
SN	pairs with other orientation:	0
SN	pairs on different chromosomes:	0
SN	percentage of properly paired reads (%):	0.0
# First Fragment Qualities. Use `grep ^FFQ | cut -f 2-` to extract this part.
# Columns correspond to qualities and rows to cycles. First column is the cycle number.
FFQ	1	0	0	0	0	0	0	257	0	0	0	0	0	0	0	0	480	0	0	0	0	0	0	405	0	0	0	0	1488	0	0	0	0	0	6825	0	0	0	206247	0	0	0	0
FFQ	2	0	0	0	0	0	0	1	0	0	0	0	0	0	0	0	962	0	0	0	0	0	0	171	0	0	0	0	2110	0	0	0	0	0	7752	0	0	0	204706	0	0	0	0
FFQ	3	0	0	0	0	0	0	4	0	0	0	0	0	0	0	0	1017	0	0	0	0	0	0	102	0	0	0	0	1742	0	0	0	0	0	6871	0	0	0	205966	0	0	0	0
FFQ	4	0	0	0	0	0	0	39	0	0	0	0	0	0	0	0	1193	0	0	0	0	0	0	194	0	0	0	0	2514	0	0	0	0	0	8902	0	0	0	202860	0	0	0	0
FFQ	5	0	0	0	0	0	0	6	0	0	0	0	0	0	0	0	1077	0	0	0	0	0	0	246	0	0	0	0	2519	0	0	0	0	0	9262	0	0	0	202592	0	0	0	0
FFQ	6	0	0	0	0	0	0	5	0	0	0	0	0	0	0	0	1212	0	0	0	0	0	0	393	0	0	0	0	2728	0	0	0	0	0	10240	0	0	0	201124	0	0	0	0
FFQ	7	0	0	0	0	0	0	114	0	0	0	0	0	0	0	0	1286	0	0	0	0	0	0	441	0	0	0	0	2959	0	0	0	0	0	10280	0	0	0	52142	0	0	148480	0
FFQ	8	0	0	0	0	0	0	35	0	0	0	0	0	0	0	0	1603	0	0	0	0	0	0	386	0	0	0	0	3243	0	0	0	0	0	10970	0	0	0	53123	0	0	146342	0
FFQ	9	0	0	0	0	0	0	42	0	0	0	0	0	0	0	0	1366	0	0	0	0	0	0	377	0	0	0	0	3025	0	0	0	0	0	10672	0	0	0	51746	0	0	148474	0
FFQ	10	0	0	0	0	0	0	66	0	0	0	0	0	0	0	0	1314	0	0	0	0	0	0	416	0	0	0	0	3146	0	0	0	0	0	11089	0	0	0	52732	0	0	146939	0
FFQ	11	0	0	0	0	0	0	51	0	0	0	0	0	0	0	0	1350	0	0	0	0	0	0	384	0	0	0	0	3127	0	0	0	0	0	10676	0	0	0	52344	0	0	147770	0
FFQ	12	0	0	0	0	0	0	35	0	0	0	0	0	0	0	0	1409	0	0	0	0	0	0	386	0	0	0	0	3029	0	0	0	0	0	10557	0	0	0	49752	0	0	150534	0
FFQ	13	0	0	0	0	0	0	31	0	0	0	0	0	0	0	0	1301	0	0	0	0	0	0	402	0	0	0	0	3089	0	0	0	0	0	10723	0	0	0	50877	0	0	149279	0
FFQ	14	0	0	0	0	0	0	54	0	0	0	0	0	0	0	0	1273	0	0	0	0	0	0	455	0	0	0	0	3004	0	0	0	0	0	10501	0	0	0	50899	0	0	149516	0
FFQ	15	0	0	0	0	0	0	57	0	0	0	0	0	0	0	0	1378	0	0	0	0	0	0	507	0	0	0	0	2979	0	0	0	0	0	10811	0	0	0	51558	0	0	148412	0
FFQ	16	0	0	0	0	0	0	52	0	0	0	0	0	0	0	0	1296	0	0	0	0	0	0	630	0	0	0	0	2909	0	0	0	0	0	11020	0	0	0	52240	0	0	147555	0
FFQ	17	0	0	0	0	0	0	79	0	0	0	0	0	0	0	0	1262	0	0	0	0	0	0	706	0	0	0	0	2807	0	0	0	0	0	10821	0	0	0	51115	0	0	148912	0
FFQ	18	0	0	0	0	0	0	99	0	0	0	0	0	0	0	0	1241	0	0	0	0	0	0	817	0	0	0	0	2712	0	0	0	0	0	11037	0	0	0	51256	0	0	148540	0
FFQ	19	0	0	0	0	0	0	160	0	0	0	0	0	0	0	0	1250	0	0	0	0	0	0	858	0	0	0	0	2765	0	0	0	0	0	10869	0	0	0	51863	0	0	147937	0
FFQ	20	0	0	0	0	0	0	225	0	0	0	0	0	0	0	0	1139	0	0	0	0	0	0	875	0	0	0	0	2556	0	0	0	0	0	10916	0	0	0	51848	0	0	148143	0
FFQ	21	0	0	0	0	0	0	264	0	0	0	0	0	0	0	0	1127	0	0	0	0	0	0	1020	0	0	0	0	2679	0	0	0	0	0	11166	0	0	0	51577	0	0	147869	0
FFQ	22	0	0	0	0	0	0	349	0	0	0	0	0	0	0	0	1003	0	0	0	0	0	0	942	0	0	0	0	2729	0	0	0	0	0	11259	0	0	0	52180	0	0	147240	0
FFQ	23	0	0	0	0	0	0	396	0	0	0	0	0	0	0	0	1009	0	0	0	0	0	0	1009	0	0	0	0	2626	0	0	0	0	0	11580	0	0	0	52669	0	0	146413	0
FFQ	24	0	0	0	0	0	0	440	0	0	0	0	0	0	0	0	921	0	0	0	0	0	0	1029	0	0	0	0	2581	0	0	0	0	0	11516	0	0	0	52716	0	0	146499	0
FFQ	25	0	0	0	0	0	0	504	0	0	0	0	0	0	0	0	882	0	0	0	0	0	0	1066	0	0	0	0	2903	0	0	0	0	0	11892	0	0	0	53847	0	0	144608	0
FFQ	26	0	0	0	0	0	0	530	0	0	0	0	0	0	0	0	854	0	0	0	0	0	0	1115	0	0	0	0	2787	0	0	0	0	0	11852	0	0	0	53970	0	0	144594	0
FFQ	27	0	0	0	0	0	0	496	0	0	0	0	0	0	0	0	803	0	0	0	0	0	0	1077	0	0	0	0	2713	0	0	0	0	0	11810	0	0	0	53806	0	0	144997	0
FFQ	28	0	0	0	0	0	0	512	0	0	0	0	0	0	0	0	829	0	0	0	0	0	0	1167	0	0	0	0	2733	0	0	0	0	0	12005	0	0	0	54425	0	0	144031	0
FFQ	29	0	0	0	0	0	0	521	0	0	0	0	0	0	0	0	831	0	0	0	0	0	0	1159	0	0	0	0	2813	0	0	0	0	0	12113	0	0	0	54568	0	0	143697	0
FFQ	30	0	0	0	0	0	0	565	0	0	0	0	0	0	0	0	871	0	0	0	0	0	0	1229	0	0	0	0	2721	0	0	0	0	0	11886	0	0	0	54739	0	0	143691	0
FFQ	31	0	0	0	0	0	0	515	0	0	0	0	0	0	0	0	906	0	0	0	0	0	0	1298	0	0	0	0	2815	0	0	0	0	0	12366	0	0	0	54785	0	0	143017	0
FFQ	32	0	0	0	0	0	0	514	0	0	0	0	0	0	0	0	873	0	0	0	0	0	0	1296	0	0	0	0	2794	0	0	0	0	0	12355	0	0	0	55371	0	0	142499	0
FFQ	33	0	0	0	0	0	0	571	0	0	0	0	0	0	0	0	880	0	0	0	0	0	0	1307	0	0	0	0	2862	0	0	0	0	0	12640	0	0	0	55421	0	0	142021	0
FFQ	34	0	0	0	0	0	0	602	0	0	0	0	0	0	0	0	964	0	0	0	0	0	0	1390	0	0	0	0	2964	0	0	0	0	0	12752	0	0	0	56539	0	0	140491	0
FFQ	35	0	0	0	0	0	0	585	0	0	0	0	0	0	0	0	994	0	0	0	0	0	0	1481	0	0	0	0	2959	0	0	0	0	0	12928	0	0	0	56894	0	0	139861	0
FFQ	36	0	0	0	0	0	0	493	0	0	0	0	0	0	0	0	930	0	0	0	0	0	0	1564	0	0	0	0	2912	0	0	0	0	0	12774	0	0	0	57151	0	0	139878	0
FFQ	37	0	0	0	0	0	0	537	0	0	0	0	0	0	0	0	968	0	0	0	0	0	0	1610	0	0	0	0	2893	0	0	0	0	0	12827	0	0	0	57441	0	0	139426	0
FFQ	38	0	0	0	0	0	0	551	0	0	0	0	0	0	0	0	869	0	0	0	0	0	0	1708	0	0	0	0	3032	0	0	0	0	0	13008	0	0	0	56923	0	0	139611	0
FFQ	39	0	0	0	0	0	0	641	0	0	0	0	0	0	0	0	961	0	0	0	0	0	0	1685	0	0	0	0	3009	0	0	0	0	0	13145	0	0	0	57353	0	0	138908	0
FFQ	40	0	0	0	0	0	0	609	0	0	0	0	0	0	0	0	1000	0	0	0	0	0	0	1855	0	0	0	0	3158	0	0	0	0	0	13263	0	0	0	58081	0	0	137736	0
FFQ	41	0	0	0	0	0	0	551	0	0	0	0	0	0	0	0	924	0	0	0	0	0	0	1739	0	0	0	0	3109	0	0	0	0	0	13341	0	0	0	58001	0	0	133077	0
FFQ	42	0	0	0	0	0	0	588	0	0	0	0	0	0	0	0	913	0	0	0	0	0	0	1715	0	0	0	0	3109	0	0	0	0	0	12997	0	0	0	57573	0	0	127203	0
FFQ	43	0	0	0	0	0	0	565	0	0	0	0	0	0	0	0	905	0	0	0	0	0	0	1770	0	0	0	0	3325	0	0	0	0	0	13041	0	0	0	56891	0	0	122935	0
FFQ	44	0	0	0	0	0	0	525	0	0	0	0	0	0	0	0	804	0	0	0	0	0	0	1698	0	0	0	0	3354	0	0	0	0	0	12637	0	0	0	55497	0	0	117556	0
FFQ	45	0	0	0	0	0	0	476	0	0	0	0	0	0	0	0	796	0	0	0	0	0	0	1638	0	0	0	0	3397	0	0	0	0	0	12508	0	0	0	55438	0	0	113427	0
FFQ	46	0	0	0	0	0	0	525	0	0	0	0	0	0	0	0	859	0	0	0	0	0	0	1615	0	0	0	0	3335	0	0	0	0	0	12764	0	0	0	55162	0	0	109139	0
FFQ	47	0	0	0	0	0	0	476	0	0	0	0	0	0	0	0	737	0	0	0	0	0	0	1581	0	0	0	0	3472	0	0	0	0	0	12627	0	0	0	55168	0	0	104702	0
FFQ	48	0	0	0	0	0	0	458	0	0	0	0	0	0	0	0	794	0	0	0	0	0	0	1347	0	0	0	0	3522	0	0	0	0	0	12726	0	0	0	55155	0	0	101018	0
FFQ	49	0	0	0	0	0	0	432	0	0	0	0	0	0	0	0	782	0	0	0	0	0	0	1315	0	0	0	0	3730	0	0	0	0	0	13049	0	0	0	55187	0	0	96439	0
FFQ	50	0	0	0	0	0	0	438	0	0	0	0	0	0	0	0	751	0	0	0	0	0	0	1383	0	0	0	0	3763	0	0	0	0	0	13127	0	0	0	56397	0	0	91723	0
FFQ	51	0	0	0	0	0	0	391	0	0	0	0	0	0	0	0	742	0	0	0	0	0	0	1329	0	0	0	0	3724	0	0	0	0	0	13193	0	0	0	57105	0	0	87326	0
FFQ	52	0	0	0	0	0	0	407	0	0	0	0	0	0	0	0	745	0	0	0	0	0	0	1236	0	0	0	0	3989	0	0	0	0	0	13314	0	0	0	58111	0	0	82814	0
FFQ	53	0	0	0	0	0	0	374	0	0	0	0	0	0	0	0	644	0	0	0	0	0	0	1259	0	0	0	0	3869	0	0	0	0	0	13438	0	0	0	59545	0	0	78107	0
FFQ	54	0	0	0	0	0	0	384	0	0	0	0	0	0	0	0	682	0	0	0	0	0	0	1227	0	0	0	0	3843	0	0	0	0	0	13857	0	0	0	61479	0	0	72594	0
FFQ	55	0	0	0	0	0	0	356	0	0	0	0	0	0	0	0	692	0	0	0	0	0	0	1181	0	0	0	0	3924	0	0	0	0	0	14036	0	0	0	63346	0	0	67116	0
FFQ	56	0	0	0	0	0	0	408	0	0	0	0	0	0	0	0	678	0	0	0	0	0	0	1201	0	0	0	0	3971	0	0	0	0	0	14593	0	0	0	65084	0	0	61805	0
FFQ	57	0	0	0	0	0	0	440	0	0	0	0	0	0	0	0	732	0	0	0	0	0	0	1237	0	0	0	0	4128	0	0	0	0	0	14969	0	0	0	66645	0	0	56305	0
FFQ	58	0	0	0	0	0	0	380	0	0	0	0	0	0	0	0	742	0	0	0	0	0	0	1286	0	0	0	0	4040	0	0	0	0	0	15616	0	0	0	68871	0	0	50652	0
FFQ	59	0	0	0	0	0	0	387	0	0	0	0	0	0	0	0	724	0	0	0	0	0	0	1168	0	0	0	0	4085	0	0	0	0	0	15612	0	0	0	70801	0	0	45815	0
FFQ	60	0	0	0	0	0	0	387	0	0	0	0	0	0	0	0	665	0	0	0	0	0	0	1219	0	0	0	0	4112	0	0	0	0	0	16196	0	0	0	72935	0	0	40357	0
FFQ	61	0	0	0	0	0	0	394	0	0	0	0	0	0	0	0	737	0	0	0	0	0	0	1318	0	0	0	0	4203	0	0	0	0	0	16929	0	0	0	74200	0	0	35349	0
FFQ	62	0	0	0	0	0	0	341	0	0	0	0	0	0	0	0	664	0	0	0	0	0	0	1217	0	0	0	0	4176	0	0	0	0	0	17398	0	0	0	76211	0	0	30727	0
FFQ	63	0	0	0	0	0	0	357	0	0	0	0	0	0	0	0	689	0	0	0	0	0	0	1267	0	0	0	0	4087	0	0	0	0	0	18148	0	0	0	76988	0	0	25872	0
FFQ	64	0	0	0	0	0	0	373	0	0	0	0	0	0	0	0	658	0	0	0	0	0	0	1172	0	0	0	0	4215	0	0	0	0	0	18470	0	0	0	78263	0	0	21674	0
FFQ	65	0	0	0	0	0	0	367	0	0	0	0	0	0	0	0	650	0	0	0	0	0	0	1159	0	0	0	0	4190	0	0	0	0	0	18920	0	0	0	79130	0	0	17916	0
FFQ	66	0	0	0	0	0	0	319	0	0	0	0	0	0	0	0	610	0	0	0	0	0	0	1128	0	0	0	0	4035	0	0	0	0	0	19366	0	0	0	79841	0	0	14431	0
FFQ	67	0	0	0	0	0	0	333	0	0	0	0	0	0	0	0	639	0	0	0	0	0	0	1175	0	0	0	0	4265	0	0	0	0	0	20089	0	0	0	79774	0	0	11309	0
FFQ	68	0	0	0	0	0	0	308	0	0	0	0	0	0	0	0	683	0	0	0	0	0	0	1219	0	0	0	0	4291	0	0	0	0	0	21028	0	0	0	79294	0	0	8561	0
FFQ	69	0	0	0	0	0	0	339	0	0	0	0	0	0	0	0	728	0	0	0	0	0	0	1475	0	0	0	0	5503	0	0	0	0	0	31397	0	0	0	68989	0	0	4718	0
FFQ	70	0	0	0	0	0	0	326	0	0	0	0	0	0	0	0	677	0	0	0	0	0	0	1331	0	0	0	0	4698	0	0	0	0	0	26437	0	0	0	73447	0	0	3936	0
FFQ	71	0	0	0	0	0	0	278	0	0	0	0	0	0	0	0	666	0	0	0	0	0	0	1275	0	0	0	0	4342	0	0	0	0	0	23903	0	0	0	75079	0	0	2997	0
FFQ	72	0	0	0	0	0	0	295	0	0	0	0	0	0	0	0	635	0	0	0	0	0	0	1172	0	0	0	0	4236	0	0	0	0	0	23349	0	0	0	74627	0	0	2086	0
FFQ	73	0	0	0	0	0	0	321	0	0	0	0	0	0	0	0	608	0	0	0	0	0	0	1208	0	0	0	0	4081	0	0	0	0	0	22904	0	0	0	72887	0	0	1340	0
FFQ	74	0	0	0	0	0	0	304	0	0	0	0	0	0	0	0	614	0	0	0	0	0	0	1146	0	0	0	0	4078	0	0	0	0	0	23169	0	0	0	71133	0	0	790	0
FFQ	75	0	0	0	0	0	0	321	0	0	0	0	0	0	0	0	625	0	0	0	0	0	0	1193	0	0	0	0	4195	0	0	0	0	0	23458	0	0	0	69109	0	0	425	0
FFQ	76	0	0	0	0	0	0	339	0	0	0	0	0	0	0	0	663	0	0	0	0	0	0	1213	0	0	0	0	4163	0	0	0	0	0	23857	0	0	0	67094	0	0	202	0
FFQ	77	0	0	0	0	0	0	308	0	0	0	0	0	0	0	0	671	0	0	0	0	0	0	1281	0	0	0	0	4114	0	0	0	0	0	24281	0	0	0	64895	0	0	118	0
FFQ	78	0	0	0	0	0	0	275	0	0	0	0	0	0	0	0	631	0	0	0	0	0	0	1142	0	0	0	0	4161	0	0	0	0	0	24361	0	0	0	63306	0	0	43	0
FFQ	79	0	0	0	0	0	0	311	0	0	0	0	0	0	0	0	632	0	0	0	0	0	0	1209	0	0	0	0	4161	0	0	0	0	0	24320	0	0	0	61061	0	0	20	0
FFQ	80	0	0	0	0	0	0	281	0	0	0	0	0	0	0	0	617	0	0	0	0	0	0	1195	0	0	0	0	4131	0	0	0	0	0	24772	0	0	0	60653	0	0	12	0
FFQ	81	0	0	0	0	0	0	301	0	0	0	0	0	0	0	0	658	0	0	0	0	0	0	1112	0	0	0	0	4228	0	0	0	0	0	25299	0	0	0	59979	0	0	5	0
FFQ	82	0	0	0	0	0	0	281	0	0	0	0	0	0	0	0	670	0	0	0	0	0	0	1228	0	0	0	0	4030	0	0	0	0	0	26120	0	0	0	59136	0	0	0	0
FFQ	83	0	0	0	0	0	0	269	0	0	0	0	0	0	0	0	675	0	0	0	0	0	0	1160	0	0	0	0	3940	0	0	0	0	0	25865	0	0	0	59420	0	0	0	0
FFQ	84	0	0	0	0	0	0	256	0	0	0	0	0	0	0	0	699	0	0	0	0	0	0	1174	0	0	0	0	3968	0	0	0	0	0	26170	0	0	0	58923	0	0	0	0
FFQ	85	0	0	0	0	0	0	289	0	0	0	0	0	0	0	0	689	0	0	0	0	0	0	1228	0	0	0	0	4073	0	0	0	0	0	26396	0	0	0	58378	0	0	0	0
FFQ	86	0	0	0	0	0	0	294	0	0	0	0	0	0	0	0	717	0	0	0	0	0	0	1250	0	0	0	0	4149	0	0	0	0	0	26902	0	0	0	57584	0	0	0	0
FFQ	87	0	0	0	0	0	0	227	0	0	0	0	0	0	0	0	712	0	0	0	0	0	0	1226	0	0	0	0	4169	0	0	0	0	0	27360	0	0	0	57035	0	0	0	0
FFQ	88	0	0	0	0	0	0	214	0	0	0	0	0	0	0	0	750	0	0	0	0	0	0	1290	0	0	0	0	4125	0	0	0	0	0	27587	0	0	0	56603	0	0	0	0
FFQ	89	0	0	0	0	0	0	219	0	0	0	0	0	0	0	0	731	0	0	0	0	0	0	1256	0	0	0	0	4151	0	0	0	0	0	27467	0	0	0	56552	0	0	0	0
FFQ	90	0	0	0	0	0	0	0	0	0	0	0	0	0	0	0	706	0	0	0	0	0	0	1162	0	0	0	0	4032	0	0	0	0	0	27982	0	0	0	56115	0	0	0	0
# Last Fragment Qualities. Use `grep ^LFQ | cut -f 2-` to extract this part.
# Columns correspond to qualities and rows to cycles. First column is the cycle number.
# GC Content of first fragments. Use `grep ^GCF | cut -f 2-` to extract this part.
GCF	6.53	0
GCF	13.32	1
GCF	14.32	2
GCF	15.58	1
GCF	16.33	0
GCF	17.34	1
GCF	18.34	3
GCF	19.10	6
GCF	19.85	5
GCF	20.60	8
GCF	21.36	15
GCF	21.86	16
GCF	22.36	20
GCF	22.86	22
GCF	23.37	37
GCF	23.87	41
GCF	24.37	72
GCF	24.87	77
GCF	25.38	106
GCF	25.88	115
GCF	26.38	123
GCF	26.88	206
GCF	27.39	235
GCF	27.89	383
GCF	28.39	401
GCF	28.89	435
GCF	29.40	461
GCF	29.90	693
GCF	30.40	779
GCF	30.90	1078
GCF	31.41	1128
GCF	31.91	1265
GCF	32.41	1510
GCF	32.91	1585
GCF	33.42	2075
GCF	33.92	2263
GCF	34.42	2825
GCF	34.92	3011
GCF	35.43	3520
GCF	35.93	3687
GCF	36.43	4116
GCF	36.93	4279
GCF	37.44	4481
GCF	37.94	5391
GCF	38.44	5704
GCF	38.94	6406
GCF	39.45	6590
GCF	39.95	7153
GCF	40.45	7528
GCF	40.95	7929
GCF	41.46	8265
GCF	41.96	8362
GCF	42.46	8975
GCF	42.96	9252
GCF	43.47	9835
GCF	43.97	10150
GCF	44.47	10647
GCF	44.97	11023
GCF	45.48	11014
GCF	45.98	11233
GCF	46.48	11896
GCF	46.98	12134
GCF	47.49	12593
GCF	47.99	13094
GCF	48.49	13215
GCF	48.99	14531
GCF	49.50	14561
GCF	50.00	14719
GCF	50.50	14770
GCF	51.01	14179
GCF	51.51	14330
GCF	52.01	13956
GCF	52.51	14099
GCF	53.02	13872
GCF	53.52	14122
GCF	54.02	14165
GCF	54.52	13558
GCF	55.03	13332
GCF	55.53	12792
GCF	56.03	12919
GCF	56.53	12784
GCF	57.04	12585
GCF	57.54	12074
GCF	58.04	11752
GCF	58.54	11098
GCF	59.05	10404
GCF	59.55	10063
GCF	60.05	9558
GCF	60.55	9389
GCF	61.06	9007
GCF	61.56	8800
GCF	62.06	8287
GCF	62.56	8165
GCF	63.07	7741
GCF	63.57	7159
GCF	64.07	6861
GCF	64.57	6306
GCF	65.08	5217
GCF	65.58	4586
GCF	66.08	4459
GCF	66.58	4015
GCF	67.09	3721
GCF	67.59	3101
GCF	68.09	2758
GCF	68.59	2628
GCF	69.10	2292
GCF	69.60	1840
GCF	70.10	1592
GCF	70.60	1469
GCF	71.11	1332
GCF	71.61	1158
GCF	72.11	869
GCF	72.61	724
GCF	73.12	637
GCF	73.62	519
GCF	74.12	479
GCF	74.62	277
GCF	75.13	248
GCF	75.63	184
GCF	76.13	135
GCF	76.63	91
GCF	77.14	75
GCF	77.64	87
GCF	78.14	92
GCF	78.64	87
GCF	79.15	76
GCF	79.65	74
GCF	80.15	43
GCF	80.65	35
GCF	81.16	31
GCF	81.66	28
GCF	82.16	19
GCF	82.66	16
GCF	83.17	17
GCF	83.67	9
GCF	84.17	10
GCF	84.67	6
GCF	85.18	3
GCF	85.68	1
GCF	86.18	7
GCF	86.93	8
GCF	87.69	2
# GC Content of last fragments. Use `grep ^GCL | cut -f 2-` to extract this part.
# ACGT content per cycle. Use `grep ^GCC | cut -f 2-` to extract this part. The columns are: cycle; A,C,G,T base counts as a percentage of all A/C/G/T bases [%]; and N and O counts as a percentage of all A/C/G/T bases [%]
GCC	1	47.54	0.00	0.00	52.46	0.00	0.00
GCC	2	0.00	47.54	52.46	0.00	0.00	0.00
GCC	3	0.00	52.46	47.54	0.00	0.00	0.00
GCC	4	52.46	0.00	0.00	47.54	0.00	0.00
GCC	5	0.00	47.54	52.46	0.00	0.00	0.00
GCC	6	25.10	24.46	25.06	25.39	0.00	0.00
GCC	7	26.91	23.06	23.01	27.02	0.00	0.00
GCC	8	28.90	21.47	20.98	28.65	0.00	0.00
GCC	9	25.26	25.14	24.74	24.86	0.00	0.00
GCC	10	29.10	20.81	20.86	29.23	0.00	0.00
GCC	11	26.13	23.67	24.09	26.10	0.00	0.00
GCC	12	25.55	24.50	24.14	25.81	0.00	0.00
GCC	13	27.79	22.04	22.09	28.09	0.00	0.00
GCC	14	23.79	25.81	26.34	24.06	0.00	0.00
GCC	15	25.03	25.21	24.97	24.79	0.00	0.00
GCC	16	25.32	24.93	24.37	25.37	0.00	0.00
GCC	17	24.22	25.94	25.96	23.87	0.00	0.00
GCC	18	24.38	25.45	25.28	24.89	0.00	0.00
GCC	19	25.51	24.60	24.51	25.38	0.00	0.00
GCC	20	23.85	25.94	25.66	24.55	0.00	0.00
GCC	21	25.45	24.92	24.44	25.19	0.00	0.00
GCC	22	25.55	24.35	24.67	25.44	0.00	0.00
GCC	23	24.16	25.81	25.79	24.24	0.00	0.00
GCC	24	24.71	24.86	25.35	25.09	0.00	0.00
GCC	25	26.13	23.85	23.92	26.11	0.00	0.00
GCC	26	24.88	25.16	25.15	24.81	0.00	0.00
GCC	27	24.47	25.29	25.91	24.34	0.00	0.00
GCC	28	25.37	24.65	24.52	25.45	0.00	0.00
GCC	29	24.98	25.32	24.95	24.75	0.00	0.00
GCC	30	25.06	25.23	24.98	24.73	0.00	0.00
GCC	31	25.41	24.76	24.42	25.41	0.00	0.00
GCC	32	24.48	25.45	25.33	24.74	0.00	0.00
GCC	33	24.89	25.03	25.08	25.00	0.00	0.00
GCC	34	26.01	24.07	23.94	25.98	0.00	0.00
GCC	35	24.84	25.23	24.86	25.07	0.00	0.00
GCC	36	24.82	25.36	25.05	24.77	0.00	0.00
GCC	37	25.32	24.56	24.41	25.71	0.00	0.00
GCC	38	24.63	25.55	25.31	24.51	0.00	0.00
GCC	39	23.61	26.40	26.19	23.80	0.00	0.00
GCC	40	25.19	25.00	24.81	25.00	0.00	0.00
GCC	41	24.56	25.61	25.35	24.49	0.00	0.00
GCC	42	24.43	25.74	25.50	24.34	0.00	0.00
GCC	43	26.22	24.15	23.82	25.81	0.00	0.00
GCC	44	24.51	25.42	25.63	24.43	0.00	0.00
GCC	45	25.13	25.01	24.96	24.90	0.00	0.00
GCC	46	25.37	24.98	24.57	25.08	0.00	0.00
GCC	47	25.16	25.11	24.72	25.01	0.00	0.00
GCC	48	24.69	25.21	25.06	25.04	0.00	0.00
GCC	49	25.29	24.73	24.35	25.63	0.00	0.00
GCC	50	24.79	25.40	25.10	24.71	0.00	0.00
GCC	51	25.29	24.95	25.05	24.71	0.00	0.00
GCC	52	25.65	24.63	24.24	25.48	0.00	0.00
GCC	53	25.16	24.89	24.76	25.19	0.00	0.00
GCC	54	25.16	24.78	24.79	25.27	0.00	0.00
GCC	55	25.22	24.58	24.38	25.82	0.00	0.00
GCC	56	25.12	24.75	25.33	24.81	0.00	0.00
GCC	57	25.44	24.91	24.61	25.04	0.00	0.00
GCC	58	26.06	24.32	23.99	25.63	0.00	0.00
GCC	59	24.83	25.24	25.12	24.81	0.00	0.00
GCC	60	25.20	25.19	24.56	25.05	0.00	0.00
GCC	61	25.02	25.13	24.91	24.94	0.00	0.00
GCC	62	25.25	24.31	24.62	25.83	0.00	0.00
GCC	63	25.32	24.93	24.35	25.40	0.00	0.00
GCC	64	25.59	24.44	24.55	25.43	0.00	0.00
GCC	65	25.20	25.13	24.59	25.08	0.00	0.00
GCC	66	25.36	24.61	24.86	25.18	0.00	0.00
GCC	67	25.71	24.49	24.62	25.18	0.00	0.00
GCC	68	24.55	25.29	25.16	24.99	0.00	0.00
GCC	69	25.65	24.66	24.25	25.44	0.00	0.00
GCC	70	24.90	24.96	24.85	25.29	0.00	0.00
GCC	71	24.59	25.42	25.15	24.85	0.00	0.00
GCC	72	25.45	24.53	24.27	25.75	0.00	0.00
GCC	73	25.67	23.92	24.51	25.90	0.00	0.00
GCC	74	24.94	24.77	25.35	24.95	0.00	0.00
GCC	75	25.32	24.60	24.73	25.34	0.00	0.00
GCC	76	25.97	24.16	24.29	25.58	0.00	0.00
GCC	77	25.54	24.80	24.49	25.17	0.00	0.00
GCC	78	25.75	24.60	24.71	24.94	0.00	0.00
GCC	79	25.92	24.13	24.06	25.90	0.00	0.00
GCC	80	25.77	23.96	24.68	25.59	0.00	0.00
GCC	81	25.08	25.10	24.84	24.98	0.00	0.00
GCC	82	26.46	23.85	23.76	25.93	0.00	0.00
GCC	83	26.44	23.49	24.33	25.74	0.00	0.00
GCC	84	25.85	24.27	24.01	25.87	0.00	0.00
GCC	85	25.62	24.19	24.71	25.48	0.00	0.00
GCC	86	25.63	24.89	24.73	24.74	0.00	0.00
GCC	87	24.85	24.93	24.97	25.24	0.00	0.00
GCC	88	26.33	23.75	23.78	26.14	0.00	0.00
GCC	89	25.36	24.44	24.86	25.34	0.00	0.00
GCC	90	25.97	24.42	24.18	25.43	0.00	0.00
# ACGT content per cycle, read oriented. Use `grep ^GCT | cut -f 2-` to extract this part. The columns are: cycle; A,C,G,T base counts as a percentage of all A/C/G/T bases [%]
GCT	1	0.00	0.00	0.00	100.00
GCT	2	0.00	0.00	100.00	0.00
GCT	3	0.00	100.00	0.00	0.00
GCT	4	100.00	0.00	0.00	0.00
GCT	5	0.00	0.00	100.00	0.00
GCT	6	22.39	17.71	31.80	28.09
GCT	7	23.85	24.65	21.41	30.08
GCT	8	31.28	23.37	19.09	26.26
GCT	9	24.40	25.11	24.77	25.72
GCT	10	26.44	20.25	21.42	31.89
GCT	11	25.70	22.34	25.43	26.54
GCT	12	24.26	27.90	20.73	27.11
GCT	13	23.74	21.91	22.21	32.14
GCT	14	22.12	24.04	28.11	25.73
GCT	15	24.20	24.20	25.97	25.63
GCT	16	26.00	23.91	25.40	24.70
GCT	17	23.54	26.81	25.10	24.56
GCT	18	24.22	26.78	23.95	25.05
GCT	19	25.58	26.21	22.90	25.31
GCT	20	23.57	26.75	24.85	24.84
GCT	21	26.32	25.37	23.99	24.32
GCT	22	24.90	23.43	25.58	26.08
GCT	23	24.19	24.39	27.21	24.21
GCT	24	26.00	23.80	26.40	23.80
GCT	25	26.50	23.45	24.32	25.74
GCT	26	24.18	24.13	26.18	25.51
GCT	27	24.54	25.38	25.81	24.27
GCT	28	26.02	25.40	23.78	24.81
GCT	29	25.61	24.89	25.39	24.11
GCT	30	24.52	25.32	24.89	25.27
GCT	31	25.34	23.04	26.14	25.48
GCT	32	24.96	25.23	25.55	24.26
GCT	33	26.07	24.46	25.65	23.82
GCT	34	26.80	23.98	24.04	25.18
GCT	35	24.61	25.75	24.34	25.30
GCT	36	24.80	26.23	24.18	24.79
GCT	37	25.27	25.95	23.01	25.76
GCT	38	22.71	25.86	24.99	26.43
GCT	39	22.35	27.82	24.76	25.06
GCT	40	24.04	26.61	23.20	26.15
GCT	41	24.87	26.11	24.85	24.18
GCT	42	24.69	27.86	23.37	24.07
GCT	43	26.61	25.16	22.80	25.43
GCT	44	24.89	26.39	24.66	24.06
GCT	45	24.95	26.07	23.90	25.09
GCT	46	26.21	25.68	23.87	24.24
GCT	47	25.42	25.80	24.02	24.75
GCT	48	25.37	26.37	23.90	24.36
GCT	49	25.42	25.80	23.28	25.49
GCT	50	25.15	25.91	24.59	24.34
GCT	51	25.75	26.16	23.84	24.25
GCT	52	25.99	25.10	23.77	25.13
GCT	53	25.69	25.84	23.81	24.65
GCT	54	25.73	25.85	23.72	24.70
GCT	55	25.45	25.41	23.55	25.59
GCT	56	24.73	26.19	23.89	25.20
GCT	57	25.81	26.11	23.41	24.67
GCT	58	26.32	25.32	23.00	25.36
GCT	59	24.39	26.14	24.22	25.25
GCT	60	25.53	26.03	23.73	24.72
GCT	61	24.72	26.19	23.85	25.24
GCT	62	25.65	25.58	23.35	25.42
GCT	63	25.51	25.15	24.13	25.21
GCT	64	25.45	25.67	23.32	25.57
GCT	65	24.99	26.11	23.61	25.28
GCT	66	25.67	25.44	24.03	24.87
GCT	67	25.10	25.52	23.59	25.79
GCT	68	24.87	26.34	24.11	24.68
GCT	69	25.49	25.94	22.97	25.60
GCT	70	24.94	25.29	24.51	25.26
GCT	71	24.84	26.60	23.96	24.60
GCT	72	26.69	25.45	23.34	24.52
GCT	73	26.55	24.81	23.62	25.02
GCT	74	25.47	25.97	24.15	24.41
GCT	75	25.52	25.65	23.69	25.14
GCT	76	25.87	25.22	23.23	25.69
GCT	77	25.60	26.03	23.26	25.10
GCT	78	25.79	25.62	23.69	24.90
GCT	79	25.93	25.01	23.17	25.88
GCT	80	26.55	24.79	23.85	24.81
GCT	81	26.43	25.56	24.38	23.63
GCT	82	28.43	24.41	23.19	23.97
GCT	83	27.19	24.58	23.24	24.99
GCT	84	26.66	25.67	22.61	25.06
GCT	85	26.84	24.29	24.61	24.26
GCT	86	25.96	23.44	26.19	24.41
GCT	87	26.82	24.05	25.86	23.27
GCT	88	28.95	22.92	24.61	23.52
GCT	89	27.76	22.66	26.64	22.94
GCT	90	29.42	22.70	25.90	21.98
# ACGT content per cycle for first fragments. Use `grep ^FBC | cut -f 2-` to extract this part. The columns are: cycle; A,C,G,T base counts as a percentage of all A/C/G/T bases [%]; and N and O counts as a percentage of all A/C/G/T bases [%]
FBC	1	47.54	0.00	0.00	52.46	0.00	0.00
FBC	2	0.00	47.54	52.46	0.00	0.00	0.00
FBC	3	0.00	52.46	47.54	0.00	0.00	0.00
FBC	4	52.46	0.00	0.00	47.54	0.00	0.00
FBC	5	0.00	47.54	52.46	0.00	0.00	0.00
FBC	6	25.10	24.46	25.06	25.39	0.00	0.00
FBC	7	26.91	23.06	23.01	27.02	0.00	0.00
FBC	8	28.90	21.47	20.98	28.65	0.00	0.00
FBC	9	25.26	25.14	24.74	24.86	0.00	0.00
FBC	10	29.10	20.81	20.86	29.23	0.00	0.00
FBC	11	26.13	23.67	24.09	26.10	0.00	0.00
FBC	12	25.55	24.50	24.14	25.81	0.00	0.00
FBC	13	27.79	22.04	22.09	28.09	0.00	0.00
FBC	14	23.79	25.81	26.34	24.06	0.00	0.00
FBC	15	25.03	25.21	24.97	24.79	0.00	0.00
FBC	16	25.32	24.93	24.37	25.37	0.00	0.00
FBC	17	24.22	25.94	25.96	23.87	0.00	0.00
FBC	18	24.38	25.45	25.28	24.89	0.00	0.00
FBC	19	25.51	24.60	24.51	25.38	0.00	0.00
FBC	20	23.85	25.94	25.66	24.55	0.00	0.00
FBC	21	25.45	24.92	24.44	25.19	0.00	0.00
FBC	22	25.55	24.35	24.67	25.44	0.00	0.00
FBC	23	24.16	25.81	25.79	24.24	0.00	0.00
FBC	24	24.71	24.86	25.35	25.09	0.00	0.00
FBC	25	26.13	23.85	23.92	26.11	0.00	0.00
FBC	26	24.88	25.16	25.15	24.81	0.00	0.00
FBC	27	24.47	25.29	25.91	24.34	0.00	0.00
FBC	28	25.37	24.65	24.52	25.45	0.00	0.00
FBC	29	24.98	25.32	24.95	24.75	0.00	0.00
FBC	30	25.06	25.23	24.98	24.73	0.00	0.00
FBC	31	25.41	24.76	24.42	25.41	0.00	0.00
FBC	32	24.48	25.45	25.33	24.74	0.00	0.00
FBC	33	24.89	25.03	25.08	25.00	0.00	0.00
FBC	34	26.01	24.07	23.94	25.98	0.00	0.00
FBC	35	24.84	25.23	24.86	25.07	0.00	0.00
FBC	36	24.82	25.36	25.05	24.77	0.00	0.00
FBC	37	25.32	24.56	24.41	25.71	0.00	0.00
FBC	38	24.63	25.55	25.31	24.51	0.00	0.00
FBC	39	23.61	26.40	26.19	23.80	0.00	0.00
FBC	40	25.19	25.00	24.81	25.00	0.00	0.00
FBC	41	24.56	25.61	25.35	24.49	0.00	0.00
FBC	42	24.43	25.74	25.50	24.34	0.00	0.00
FBC	43	26.22	24.15	23.82	25.81	0.00	0.00
FBC	44	24.51	25.42	25.63	24.43	0.00	0.00
FBC	45	25.13	25.01	24.96	24.90	0.00	0.00
FBC	46	25.37	24.98	24.57	25.08	0.00	0.00
FBC	47	25.16	25.11	24.72	25.01	0.00	0.00
FBC	48	24.69	25.21	25.06	25.04	0.00	0.00
FBC	49	25.29	24.73	24.35	25.63	0.00	0.00
FBC	50	24.79	25.40	25.10	24.71	0.00	0.00
FBC	51	25.29	24.95	25.05	24.71	0.00	0.00
FBC	52	25.65	24.63	24.24	25.48	0.00	0.00
FBC	53	25.16	24.89	24.76	25.19	0.00	0.00
FBC	54	25.16	24.78	24.79	25.27	0.00	0.00
FBC	55	25.22	24.58	24.38	25.82	0.00	0.00
FBC	56	25.12	24.75	25.33	24.81	0.00	0.00
FBC	57	25.44	24.91	24.61	25.04	0.00	0.00
FBC	58	26.06	24.32	23.99	25.63	0.00	0.00
FBC	59	24.83	25.24	25.12	24.81	0.00	0.00
FBC	60	25.20	25.19	24.56	25.05	0.00	0.00
FBC	61	25.02	25.13	24.91	24.94	0.00	0.00
FBC	62	25.25	24.31	24.62	25.83	0.00	0.00
FBC	63	25.32	24.93	24.35	25.40	0.00	0.00
FBC	64	25.59	24.44	24.55	25.43	0.00	0.00
FBC	65	25.20	25.13	24.59	25.08	0.00	0.00
FBC	66	25.36	24.61	24.86	25.18	0.00	0.00
FBC	67	25.71	24.49	24.62	25.18	0.00	0.00
FBC	68	24.55	25.29	25.16	24.99	0.00	0.00
FBC	69	25.65	24.66	24.25	25.44	0.00	0.00
FBC	70	24.90	24.96	24.85	25.29	0.00	0.00
FBC	71	24.59	25.42	25.15	24.85	0.00	0.00
FBC	72	25.45	24.53	24.27	25.75	0.00	0.00
FBC	73	25.67	23.92	24.51	25.90	0.00	0.00
FBC	74	24.94	24.77	25.35	24.95	0.00	0.00
FBC	75	25.32	24.60	24.73	25.34	0.00	0.00
FBC	76	25.97	24.16	24.29	25.58	0.00	0.00
FBC	77	25.54	24.80	24.49	25.17	0.00	0.00
FBC	78	25.75	24.60	24.71	24.94	0.00	0.00
FBC	79	25.92	24.13	24.06	25.90	0.00	0.00
FBC	80	25.77	23.96	24.68	25.59	0.00	0.00
FBC	81	25.08	25.10	24.84	24.98	0.00	0.00
FBC	82	26.46	23.85	23.76	25.93	0.00	0.00
FBC	83	26.44	23.49	24.33	25.74	0.00	0.00
FBC	84	25.85	24.27	24.01	25.87	0.00	0.00
FBC	85	25.62	24.19	24.71	25.48	0.00	0.00
FBC	86	25.63	24.89	24.73	24.74	0.00	0.00
FBC	87	24.85	24.93	24.97	25.24	0.00	0.00
FBC	88	26.33	23.75	23.78	26.14	0.00	0.00
FBC	89	25.36	24.44	24.86	25.34	0.00	0.00
FBC	90	25.97	24.42	24.18	25.43	0.00	0.00
# ACGT raw counters for first fragments. Use `grep ^FTC | cut -f 2-` to extract this part. The columns are: A,C,G,T,N base counters
FTC	3767654	3787620	3786615	3764193	0
# ACGT content per cycle for last fragments. Use `grep ^LBC | cut -f 2-` to extract this part. The columns are: cycle; A,C,G,T base counts as a percentage of all A/C/G/T bases [%]; and N and O counts as a percentage of all A/C/G/T bases [%]
# ACGT raw counters for last fragments. Use `grep ^LTC | cut -f 2-` to extract this part. The columns are: A,C,G,T,N base counters
LTC	0	0	0	0	0
# Insert sizes. Use `grep ^IS | cut -f 2-` to extract this part. The columns are: insert size, pairs total, inward oriented pairs, outward oriented pairs, other pairs
# Read lengths. Use `grep ^RL | cut -f 2-` to extract this part. The columns are: read length, count
RL	40	4960
RL	41	6644
RL	42	4666
RL	43	7361
RL	44	4391
RL	45	4281
RL	46	4636
RL	47	3743
RL	48	4086
RL	49	3352
RL	50	3772
RL	51	3194
RL	52	3380
RL	53	3170
RL	54	3415
RL	55	2911
RL	56	3284
RL	57	2869
RL	58	2995
RL	59	2721
RL	60	2741
RL	61	2396
RL	62	3326
RL	63	2583
RL	64	2493
RL	65	2602
RL	66	2146
RL	67	2200
RL	68	2235
RL	69	2297
RL	70	2312
RL	71	2140
RL	72	3051
RL	73	2115
RL	74	1908
RL	75	1795
RL	76	1863
RL	77	1749
RL	78	2205
RL	79	53
RL	80	79
RL	81	117
RL	82	136
RL	83	139
RL	84	137
RL	85	157
RL	86	167
RL	87	160
RL	88	193
RL	89	379
RL	90	89997
# Read lengths - first fragments. Use `grep ^FRL | cut -f 2-` to extract this part. The columns are: read length, count
FRL	40	4960
FRL	41	6644
FRL	42	4666
FRL	43	7361
FRL	44	4391
FRL	45	4281
FRL	46	4636
FRL	47	3743
FRL	48	4086
FRL	49	3352
FRL	50	3772
FRL	51	3194
FRL	52	3380
FRL	53	3170
FRL	54	3415
FRL	55	2911
FRL	56	3284
FRL	57	2869
FRL	58	2995
FRL	59	2721
FRL	60	2741
FRL	61	2396
FRL	62	3326
FRL	63	2583
FRL	64	2493
FRL	65	2602
FRL	66	2146
FRL	67	2200
FRL	68	2235
FRL	69	2297
FRL	70	2312
FRL	71	2140
FRL	72	3051
FRL	73	2115
FRL	74	1908
FRL	75	1795
FRL	76	1863
FRL	77	1749
FRL	78	2205
FRL	79	53
FRL	80	79
FRL	81	117
FRL	82	136
FRL	83	139
FRL	84	137
FRL	85	157
FRL	86	167
FRL	87	160
FRL	88	193
FRL	89	379
FRL	90	89997
# Read lengths - last fragments. Use `grep ^LRL | cut -f 2-` to extract this part. The columns are: read length, count
# Mapping qualities for reads !(UNMAP|SECOND|SUPPL|QCFAIL|DUP). Use `grep ^MAPQ | cut -f 2-` to extract this part. The columns are: mapq, count
MAPQ	0	20510
MAPQ	1	199
MAPQ	2	441
MAPQ	3	506
MAPQ	4	319
MAPQ	5	223
MAPQ	6	257
MAPQ	7	259
MAPQ	8	297
MAPQ	9	322
MAPQ	10	322
MAPQ	11	205
MAPQ	12	180
MAPQ	13	214
MAPQ	14	84
MAPQ	15	90
MAPQ	16	104
MAPQ	17	88
MAPQ	18	100
MAPQ	19	140
MAPQ	20	169
MAPQ	21	140
MAPQ	22	207
MAPQ	23	151
MAPQ	24	210
MAPQ	25	384
MAPQ	26	130
MAPQ	27	268
MAPQ	28	131
MAPQ	29	129
MAPQ	30	133
MAPQ	31	102
MAPQ	32	167
MAPQ	33	190
MAPQ	34	105
MAPQ	35	166
MAPQ	36	148
MAPQ	37	174
MAPQ	38	146
MAPQ	39	119
MAPQ	40	152
MAPQ	41	127
MAPQ	42	204
MAPQ	43	94
MAPQ	44	312
MAPQ	45	205
MAPQ	46	171
MAPQ	47	275
MAPQ	48	190
MAPQ	49	397
MAPQ	50	241
MAPQ	51	287
MAPQ	52	341
MAPQ	53	175
MAPQ	54	683
MAPQ	55	388
MAPQ	56	256
MAPQ	57	331
MAPQ	58	265
MAPQ	59	506
MAPQ	60	171196
# Indel distribution. Use `grep ^ID | cut -f 2-` to extract this part. The columns are: length, number of insertions, number of deletions
ID	1	3519	4532
ID	2	1140	1482
ID	3	674	652
ID	4	434	548
ID	5	267	273
ID	6	205	257
ID	7	115	162
ID	8	113	190
ID	9	92	154
ID	10	46	110
ID	11	53	93
ID	12	52	74
ID	13	39	80
ID	14	25	36
ID	15	17	34
ID	16	16	38
ID	17	8	14
ID	18	8	15
ID	19	5	17
ID	20	9	5
ID	21	1	5
ID	22	1	6
ID	23	1	8
ID	24	0	2
ID	25	0	3
ID	26	0	2
ID	27	0	4
ID	30	0	1
ID	31	0	1
# Indels per cycle. Use `grep ^IC | cut -f 2-` to extract this part. The columns are: cycle, number of insertions (fwd), .. (rev) , number of deletions (fwd), .. (rev)
IC	3	0	0	15	0
IC	4	7	0	102	0
IC	5	42	0	45	0
IC	6	53	0	48	0
IC	7	52	0	80	0
IC	8	42	0	129	0
IC	9	66	0	110	0
IC	10	95	0	92	0
IC	11	72	0	96	0
IC	12	91	0	99	0
IC	13	99	0	91	0
IC	14	93	0	137	0
IC	15	91	0	178	0
IC	16	96	0	153	0
IC	17	105	0	127	0
IC	18	110	0	121	0
IC	19	91	0	137	0
IC	20	122	0	127	0
IC	21	109	0	122	0
IC	22	137	0	143	0
IC	23	98	0	128	0
IC	24	111	0	152	0
IC	25	139	0	148	0
IC	26	114	0	162	0
IC	27	85	0	150	0
IC	28	116	0	165	0
IC	29	112	0	116	0
IC	30	124	0	143	0
IC	31	98	0	180	0
IC	32	128	0	196	0
IC	33	113	0	126	0
IC	34	124	0	140	0
IC	35	137	0	106	0
IC	36	134	0	134	0
IC	37	137	0	124	0
IC	38	124	0	177	0
IC	39	109	0	148	0
IC	40	103	0	142	0
IC	41	121	0	144	0
IC	42	104	0	112	0
IC	43	102	0	111	0
IC	44	123	0	126	0
IC	45	130	0	143	0
IC	46	97	0	131	0
IC	47	105	0	167	0
IC	48	88	0	115	0
IC	49	96	0	149	0
IC	50	106	0	120	0
IC	51	77	0	131	0
IC	52	95	0	130	0
IC	53	102	0	99	0
IC	54	85	0	116	0
IC	55	82	0	108	0
IC	56	95	0	98	0
IC	57	78	0	89	0
IC	58	65	0	108	0
IC	59	71	0	76	0
IC	60	81	0	119	0
IC	61	72	0	76	0
IC	62	71	0	93	0
IC	63	74	0	92	0
IC	64	69	0	88	0
IC	65	55	0	86	0
IC	66	63	0	82	0
IC	67	46	0	75	0
IC	68	68	0	70	0
IC	69	56	0	62	0
IC	70	37	0	77	0
IC	71	62	0	62	0
IC	72	42	0	64	0
IC	73	54	0	57	0
IC	74	39	0	78	0
IC	75	43	0	58	0
IC	76	36	0	61	0
IC	77	35	0	51	0
IC	78	41	0	59	0
IC	79	35	0	41	0
IC	80	36	0	39	0
IC	81	32	0	38	0
IC	82	24	0	30	0
IC	83	19	0	29	0
IC	84	17	0	36	0
IC	85	25	0	21	0
IC	86	58	0	34	0
IC	87	49	0	58	0
# Coverage distribution. Use `grep ^COV | cut -f 2-` to extract this part.
COV	[1-1]	1	3713658
COV	[2-2]	2	1200150
COV	[3-3]	3	584040
COV	[4-4]	4	343330
COV	[5-5]	5	208182
COV	[6-6]	6	135958
COV	[7-7]	7	96012
COV	[8-8]	8	64481
COV	[9-9]	9	47493
COV	[10-10]	10	31312
COV	[11-11]	11	20753
COV	[12-12]	12	16879
COV	[13-13]	13	11437
COV	[14-14]	14	8260
COV	[15-15]	15	5822
COV	[16-16]	16	3862
COV	[17-17]	17	3630
COV	[18-18]	18	2158
COV	[19-19]	19	1251
COV	[20-20]	20	1711
COV	[21-21]	21	1165
COV	[22-22]	22	806
COV	[23-23]	23	455
COV	[24-24]	24	271
COV	[25-25]	25	241
COV	[26-26]	26	236
COV	[27-27]	27	106
COV	[28-28]	28	317
COV	[29-29]	29	361
COV	[30-30]	30	271
COV	[31-31]	31	98
COV	[32-32]	32	142
COV	[33-33]	33	171
COV	[34-34]	34	65
COV	[35-35]	35	83
COV	[36-36]	36	53
COV	[37-37]	37	97
COV	[38-38]	38	157
COV	[39-39]	39	188
COV	[40-40]	40	9
COV	[41-41]	41	38
COV	[42-42]	42	8
COV	[43-43]	43	131
COV	[44-44]	44	96
COV	[45-45]	45	93
COV	[47-47]	47	2
COV	[49-49]	49	4
COV	[50-50]	50	3
COV	[52-52]	52	1
COV	[53-53]	53	52
COV	[54-54]	54	74
COV	[60-60]	60	1
COV	[61-61]	61	9
COV	[62-62]	62	43
COV	[63-63]	63	1
COV	[64-64]	64	36
COV	[65-65]	65	13
COV	[67-67]	67	1
COV	[68-68]	68	6
COV	[69-69]	69	20
COV	[70-70]	70	90
COV	[74-74]	74	4
COV	[75-75]	75	1
COV	[76-76]	76	40
COV	[83-83]	83	1
COV	[85-85]	85	1
COV	[86-86]	86	37
COV	[87-87]	87	4
COV	[89-89]	89	4
COV	[93-93]	93	1
COV	[94-94]	94	14
COV	[98-98]	98	2
COV	[99-99]	99	3
COV	[100-100]	100	8
COV	[101-101]	101	34
COV	[107-107]	107	62
COV	[163-163]	163	1
COV	[164-164]	164	1
COV	[166-166]	166	39
COV	[429-429]	429	1
COV	[432-432]	432	4
COV	[437-437]	437	33
COV	[442-442]	442	1
COV	[443-443]	443	2
# GC-depth. Use `grep ^GCD | cut -f 2-` to extract this part. The columns are: GC%, unique sequence percentiles, 10th, 25th, 50th, 75th and 90th depth percentile
GCD	0.0	0.045	0.001	0.004	0.004	0.004	0.009
GCD	3.4	0.049	0.024	0.024	0.024	0.024	0.024
GCD	12.0	0.052	0.014	0.014	0.014	0.014	0.014
GCD	19.0	0.056	0.007	0.007	0.007	0.007	0.007
GCD	20.0	0.063	0.004	0.004	0.004	0.004	0.004
GCD	21.0	0.070	0.007	0.007	0.009	0.010	0.010
GCD	22.0	0.073	0.004	0.004	0.004	0.004	0.004
GCD	23.0	0.098	0.004	0.004	0.007	0.007	0.018
GCD	24.0	0.129	0.004	0.004	0.004	0.007	0.032
GCD	25.0	0.140	0.004	0.004	0.004	0.014	0.014
GCD	26.0	0.203	0.004	0.004	0.004	0.008	0.012
GCD	27.0	0.297	0.004	0.004	0.004	0.010	0.018
GCD	28.0	0.478	0.004	0.004	0.004	0.007	0.010
GCD	29.0	0.660	0.004	0.004	0.007	0.010	0.027
GCD	30.0	0.932	0.004	0.004	0.004	0.010	0.018
GCD	31.0	1.341	0.004	0.004	0.004	0.010	0.014
GCD	32.0	1.816	0.004	0.004	0.007	0.014	0.021
GCD	33.0	2.493	0.004	0.004	0.007	0.011	0.021
GCD	34.0	3.439	0.004	0.004	0.007	0.014	0.024
GCD	35.0	4.051	0.007	0.010	0.014	0.021	0.032
GCD	36.0	5.409	0.004	0.004	0.010	0.018	0.028
GCD	37.0	7.263	0.004	0.004	0.010	0.018	0.028
GCD	38.0	9.613	0.004	0.007	0.010	0.018	0.032
GCD	39.0	12.162	0.004	0.007	0.010	0.021	0.035
GCD	40.0	15.008	0.004	0.007	0.014	0.024	0.036
GCD	41.0	18.084	0.004	0.007	0.014	0.024	0.038
GCD	42.0	21.625	0.004	0.007	0.014	0.028	0.042
GCD	43.0	25.599	0.004	0.007	0.014	0.024	0.042
GCD	44.0	30.152	0.004	0.007	0.018	0.028	0.045
GCD	45.0	33.972	0.007	0.014	0.021	0.035	0.052
GCD	46.0	38.903	0.004	0.010	0.018	0.032	0.049
GCD	47.0	43.788	0.004	0.010	0.018	0.032	0.052
GCD	48.0	48.795	0.004	0.010	0.021	0.035	0.052
GCD	49.0	53.960	0.007	0.010	0.021	0.035	0.052
GCD	50.0	59.019	0.007	0.010	0.021	0.038	0.056
GCD	51.0	63.884	0.007	0.010	0.021	0.038	0.060
GCD	52.0	68.685	0.007	0.010	0.024	0.038	0.060
GCD	53.0	73.182	0.007	0.010	0.024	0.038	0.060
GCD	54.0	77.254	0.007	0.010	0.021	0.038	0.067
GCD	55.0	80.578	0.010	0.014	0.028	0.045	0.070
GCD	56.0	84.192	0.004	0.010	0.024	0.042	0.070
GCD	57.0	87.216	0.007	0.010	0.021	0.042	0.063
GCD	58.0	89.811	0.007	0.010	0.024	0.042	0.063
GCD	59.0	92.000	0.007	0.010	0.024	0.042	0.063
GCD	60.0	93.837	0.004	0.010	0.021	0.042	0.070
GCD	61.0	95.265	0.004	0.010	0.021	0.035	0.056
GCD	62.0	96.393	0.004	0.010	0.021	0.038	0.060
GCD	63.0	97.399	0.004	0.010	0.018	0.038	0.070
GCD	64.0	98.163	0.004	0.007	0.021	0.035	0.060
GCD	65.0	98.617	0.007	0.010	0.021	0.035	0.052
GCD	66.0	99.047	0.004	0.007	0.018	0.028	0.051
GCD	67.0	99.337	0.004	0.004	0.010	0.021	0.055
GCD	68.0	99.511	0.004	0.007	0.014	0.021	0.055
GCD	69.0	99.696	0.004	0.004	0.010	0.024	0.057
GCD	70.0	99.780	0.004	0.007	0.010	0.017	0.045
GCD	71.0	99.839	0.004	0.004	0.010	0.012	0.034
GCD	72.0	99.878	0.004	0.004	0.010	0.028	0.057
GCD	73.0	99.920	0.004	0.004	0.007	0.021	0.064
GCD	74.0	99.937	0.004	0.004	0.004	0.012	0.014
GCD	75.0	99.944	0.004	0.004	0.004	0.004	0.004
GCD	76.0	99.948	0.004	0.004	0.004	0.004	0.004
GCD	77.0	99.951	0.010	0.010	0.010	0.010	0.010
GCD	78.0	99.962	0.004	0.004	0.007	0.032	0.032
GCD	79.0	99.972	0.004	0.004	0.004	0.028	0.028
GCD	80.0	99.990	0.004	0.004	0.004	0.030	0.035
GCD	81.0	100.000	0.004	0.004	0.004	0.018	0.018
