pop	chromosome	window_pos_1	window_pos_2	avg_pi	no_sites	count_diffs	count_comparisons	count_missing
AtlanticForest	chr_Z	1	500000	NA	0	0	0	0
AtlanticForest	chr_Z	500001	1000000	NA	0	0	0	0
AtlanticForest	chr_Z	1000001	1500000	NA	0	0	0	0
AtlanticForest	chr_Z	1500001	2000000	NA	0	0	0	0
AtlanticForest	chr_Z	2000001	2500000	NA	0	0	0	0
AtlanticForest	chr_Z	2500001	3000000	NA	0	0	0	0
AtlanticForest	chr_Z	3000001	3500000	0.00022675736961451248	441	19	83790	0
AtlanticForest	chr_Z	3500001	4000000	0.0008680281556769042	344	55	63362	108
AtlanticForest	chr_Z	4000001	4500000	0.0	181	0	31430	160
AtlanticForest	chr_Z	4500001	5000000	0.0022953167115902966	547	218	94976	484
AtlanticForest	chr_Z	5000001	5500000	0.0007904166373919764	316	45	56932	168
AtlanticForest	chr_Z	5500001	6000000	0.00017301038062283736	578	19	109820	0
AtlanticForest	chr_Z	6000001	6500000	0.0012005689900426743	925	211	175750	0
AtlanticForest	chr_Z	6500001	7000000	0.0015810453543741634	1471	424	268177	650
AtlanticForest	chr_Z	7000001	7500000	0.0010377124206194346	1811	351	338244	316
AtlanticForest	chr_Z	7500001	8000000	0.0010219266850016954	1162	217	212344	456
AtlanticForest	chr_Z	8000001	8500000	0.0011720297129739648	1335	290	247434	336
AtlanticForest	chr_Z	8500001	9000000	0.0	225	0	42750	0
AtlanticForest	chr_Z	9000001	9500000	0.0014521702899438738	880	237	163204	216
AtlanticForest	chr_Z	9500001	10000000	0.004337379868487607	869	686	158160	380
AtlanticForest	chr_Z	10000001	10500000	0.001357063211485768	620	157	115691	114
AtlanticForest	chr_Z	10500001	11000000	0.007567380787836904	164	219	28940	120
AtlanticForest	chr_Z	11000001	11500000	0.0014392744479495268	549	146	101440	164
AtlanticForest	chr_Z	11500001	12000000	0.0012369004091285969	410	91	73571	234
AtlanticForest	chr_Z	12000001	12500000	0.0003056898535102044	709	38	124309	578
AtlanticForest	chr_Z	12500001	13000000	0.001661865721249723	389	120	72208	92
AtlanticForest	chr_Z	13000001	13500000	0.0006279953726656751	168	19	30255	90
AtlanticForest	chr_Z	13500001	14000000	0.0	418	0	79420	0
AtlanticForest	chr_Z	14000001	14500000	0.0007164910178080586	436	55	76763	330
AtlanticForest	chr_Z	14500001	15000000	0.0008271583663622264	926	144	174090	100
AtlanticForest	chr_Z	15000001	15500000	0.00035891880604027723	833	55	153238	272
AtlanticForest	chr_Z	15500001	16000000	0.0	451	0	80954	256
AtlanticForest	chr_Z	16000001	16500000	0.0021311742872292695	529	209	98068	132
AtlanticForest	chr_Z	16500001	17000000	0.0015611593866320889	843	242	155013	290
AtlanticForest	chr_Z	17000001	17500000	0.0034038414782397277	383	238	69921	154
AtlanticForest	chr_Z	17500001	18000000	0.0029871977240398294	259	147	49210	0
AtlanticForest	chr_Z	18000001	18500000	0.00017514910720047198	605	19	108479	358
AtlanticForest	chr_Z	18500001	19000000	0.0003088501832782009	661	38	123037	138
AtlanticForest	chr_Z	19000001	19500000	0.000348606046901646	1148	74	212274	316
AtlanticForest	chr_Z	19500001	20000000	0.0012223487256141428	765	175	143167	118
AtlanticForest	chr_Z	20000001	20500000	0.0012287151702786378	544	127	103360	0
AtlanticForest	chr_Z	20500001	21000000	0.003465323661229959	979	600	173144	700
AtlanticForest	chr_Z	21000001	21500000	0.0	490	0	85936	400
AtlanticForest	chr_Z	21500001	22000000	0.0	254	0	48260	0
AtlanticForest	chr_Z	22000001	22500000	0.002457636628885647	469	219	89110	0
AtlanticForest	chr_Z	22500001	23000000	0.0	616	0	109973	382
AtlanticForest	chr_Z	23000001	23500000	0.002713667385788524	399	200	73701	114
AtlanticForest	chr_Z	23500001	24000000	0.0	403	0	76570	0
AtlanticForest	chr_Z	24000001	24500000	0.0	223	0	40446	104
AtlanticForest	chr_Z	24500001	25000000	0.0	455	0	86450	0
AtlanticForest	chr_Z	25000001	25500000	0.0007027029926564855	995	131	186423	142
AtlanticForest	chr_Z	25500001	26000000	0.000861030601874506	1156	183	212536	384
AtlanticForest	chr_Z	26000001	26500000	0.0	412	0	78280	0
AtlanticForest	chr_Z	26500001	27000000	0.000912202525105751	666	113	123876	144
AtlanticForest	chr_Z	27000001	27500000	0.0015924389278151737	613	185	116174	16
AtlanticForest	chr_Z	27500001	28000000	0.0011569872958257714	232	51	44080	0
AtlanticForest	chr_Z	28000001	28500000	0.0	171	0	29863	142
AtlanticForest	chr_Z	28500001	29000000	0.0	79	0	15010	0
AtlanticForest	chr_Z	29000001	29500000	0.0007936507936507937	252	38	47880	0
AtlanticForest	chr_Z	29500001	30000000	0.00034962657938951316	569	36	102967	278
AtlanticForest	chr_Z	30000001	30500000	0.0019462416495713009	314	111	57033	142
AtlanticForest	chr_Z	30500001	31000000	0.0007711865427948283	451	64	82989	146
AtlanticForest	chr_Z	31000001	31500000	0.005519897304236201	246	258	46740	0
AtlanticForest	chr_Z	31500001	32000000	0.0011033366739915962	603	120	108761	314
AtlanticForest	chr_Z	32000001	32500000	0.002083654885013119	341	135	64790	0
AtlanticForest	chr_Z	32500001	33000000	0.0018598604201839999	596	206	110761	134
AtlanticForest	chr_Z	33000001	33500000	0.0009309370907426985	694	118	126754	276
AtlanticForest	chr_Z	33500001	34000000	0.00045317220543806646	610	51	112540	192
AtlanticForest	chr_Z	34000001	34500000	0.0005709188224799287	590	64	112100	0
AtlanticForest	chr_Z	34500001	35000000	0.0010644589000591367	178	36	33820	0
AtlanticForest	chr_Z	35000001	35500000	0.002556390977443609	105	51	19950	0
AtlanticForest	chr_Z	35500001	36000000	0.0014682629320081318	466	130	88540	0
AtlanticForest	chr_Z	36000001	36500000	0.0	534	0	101460	0
AtlanticForest	chr_Z	36500001	37000000	0.0008156546914841242	755	111	136087	398
AtlanticForest	chr_Z	37000001	37500000	0.0006598279168792779	622	75	113666	244
AtlanticForest	chr_Z	37500001	38000000	0.0006908017095444504	729	91	131731	374
AtlanticForest	chr_Z	38000001	38500000	0.00018796992481203009	532	19	101080	0
AtlanticForest	chr_Z	38500001	39000000	0.00015688865034474216	652	19	121105	150
AtlanticForest	chr_Z	39000001	39500000	0.0009528130671506353	464	84	88160	0
AtlanticForest	chr_Z	39500001	40000000	0.0	573	0	106280	140
AtlanticForest	chr_Z	40000001	40500000	0.00022059421114349072	480	19	86131	274
AtlanticForest	chr_Z	40500001	41000000	0.0	212	0	36099	226
AtlanticForest	chr_Z	41000001	41500000	0.0	548	0	100531	194
AtlanticForest	chr_Z	41500001	42000000	0.0	246	0	46740	0
AtlanticForest	chr_Z	42000001	42500000	0.00033269043155343954	1181	74	222429	106
AtlanticForest	chr_Z	42500001	43000000	0.0005908622466506355	1573	172	291100	420
AtlanticForest	chr_Z	43000001	43500000	0.0005777648358454548	1179	125	216351	414
AtlanticForest	chr_Z	43500001	44000000	0.0003696326262398094	520	36	97394	76
AtlanticForest	chr_Z	44000001	44500000	0.0	53	0	10070	0
AtlanticForest	chr_Z	44500001	45000000	0.001616994292961319	166	51	31540	0
AtlanticForest	chr_Z	45000001	45500000	0.0	281	0	51910	80
AtlanticForest	chr_Z	45500001	46000000	0.0	253	0	45406	144
AtlanticForest	chr_Z	46000001	46500000	0.0008162746593153069	1117	167	204588	452
AtlanticForest	chr_Z	46500001	47000000	0.001955352778230406	323	120	61370	0
AtlanticForest	chr_Z	47000001	47500000	0.002532156838376934	358	163	64372	208
AtlanticForest	chr_Z	47500001	48000000	0.0012733446519524619	481	111	87172	228
AtlanticForest	chr_Z	48000001	48500000	0.001742993848257006	154	51	29260	0
AtlanticForest	chr_Z	48500001	49000000	0.004278438030560272	465	378	88350	0
AtlanticForest	chr_Z	49000001	49500000	0.0027688047992616522	463	228	82346	304
AtlanticForest	chr_Z	49500001	50000000	0.0016785030419080398	911	277	165028	436
AtlanticForest	chr_Z	50000001	50500000	0.002949317119651527	415	195	66117	706
AtlanticForest	chr_Z	50500001	51000000	0.0017287744909719553	411	135	78090	0
AtlanticForest	chr_Z	51000001	51500000	0.0009409903582582132	789	138	146654	176
AtlanticForest	chr_Z	51500001	52000000	0.0	530	0	94669	326
AtlanticForest	chr_Z	52000001	52500000	0.0012281009549111506	659	147	119697	298
AtlanticForest	chr_Z	52500001	53000000	0.0022221329799338714	407	166	74703	142
AtlanticForest	chr_Z	53000001	53500000	0.0024087765323157644	455	202	83860	140
AtlanticForest	chr_Z	53500001	54000000	0.0038358266206367474	145	100	26070	80
AtlanticForest	chr_Z	54000001	54500000	NA	0	0	0	0
AtlanticForest	chr_Z	54500001	55000000	0.0021823204419889504	405	158	72400	260
AtlanticForest	chr_Z	55000001	55500000	0.0016348566648924036	845	258	157812	148
AtlanticForest	chr_Z	55500001	56000000	0.001577268500535565	494	134	84957	550
AtlanticForest	chr_Z	56000001	56500000	0.003012082428761409	498	265	87979	370
AtlanticForest	chr_Z	56500001	57000000	0.0018497072637200026	328	115	62172	8
AtlanticForest	chr_Z	57000001	57500000	0.004932284419216621	390	358	72583	82
AtlanticForest	chr_Z	57500001	58000000	0.001977356521500319	810	288	145649	446
AtlanticForest	chr_Z	58000001	58500000	0.0027406254906718816	388	192	70057	198
AtlanticForest	chr_Z	58500001	59000000	0.003799858390370545	446	322	84740	0
AtlanticForest	chr_Z	59000001	59500000	0.001255010184637624	801	191	152190	0
AtlanticForest	chr_Z	59500001	60000000	0.0005871677164513718	493	55	93670	0
AtlanticForest	chr_Z	60000001	60500000	0.00210462012234412	1298	503	238998	412
AtlanticForest	chr_Z	60500001	61000000	0.003934077618288145	1126	814	206910	380
AtlanticForest	chr_Z	61000001	61500000	0.0015592628151912624	762	216	138527	338
AtlanticForest	chr_Z	61500001	62000000	0.0016571645762067655	713	218	131550	224
AtlanticForest	chr_Z	62000001	62500000	0.0022937813040202117	496	207	90244	216
AtlanticForest	chr_Z	62500001	63000000	0.00351844870802828	796	532	151203	2
AtlanticForest	chr_Z	63000001	63500000	0.0015614035087719298	300	89	57000	0
AtlanticForest	chr_Z	63500001	64000000	0.0017026850032743942	292	91	53445	110
AtlanticForest	chr_Z	64000001	64500000	0.001157350807700458	711	142	122694	752
AtlanticForest	chr_Z	64500001	65000000	0.0022295301265258345	549	200	89705	842
AtlanticForest	chr_Z	65000001	65500000	0.0	155	0	27526	104
AtlanticForest	chr_Z	65500001	66000000	0.002726570428828938	357	180	66017	98
AtlanticForest	chr_Z	66000001	66500000	0.0017921648791688835	566	192	107133	22
AtlanticForest	chr_Z	66500001	67000000	0.0	608	0	115520	0
AtlanticForest	chr_Z	67000001	67500000	0.00020178725857595848	755	28	138760	268
Inambari	chr_Z	1	500000	NA	0	0	0	0
Inambari	chr_Z	500001	1000000	NA	0	0	0	0
Inambari	chr_Z	1000001	1500000	NA	0	0	0	0
Inambari	chr_Z	1500001	2000000	NA	0	0	0	0
Inambari	chr_Z	2000001	2500000	NA	0	0	0	0
Inambari	chr_Z	2500001	3000000	NA	0	0	0	0
Inambari	chr_Z	3000001	3500000	0.0024809109176155393	441	463	186625	1086
Inambari	chr_Z	3500001	4000000	0.0012007324467925434	344	160	133252	1272
Inambari	chr_Z	4000001	4500000	0.002149978736474035	181	182	84652	168
Inambari	chr_Z	4500001	5000000	0.0025676652553113587	547	547	213034	2028
Inambari	chr_Z	5000001	5500000	0.001188560826774507	316	164	137982	620
Inambari	chr_Z	5500001	6000000	0.0017317387084222365	578	405	233869	1790
Inambari	chr_Z	6000001	6500000	0.0016785050115363917	925	630	375334	2884
Inambari	chr_Z	6500001	7000000	0.0023748389031902936	1471	1441	606778	4180
Inambari	chr_Z	7000001	7500000	0.0018001044487482515	1811	1265	702737	6742
Inambari	chr_Z	7500001	8000000	0.001409975773344447	1162	724	513484	2112
Inambari	chr_Z	8000001	8500000	0.0032599751203190495	1335	1858	569943	3146
Inambari	chr_Z	8500001	9000000	0.0017915642915642916	225	175	97680	464
Inambari	chr_Z	9000001	9500000	0.002843152740483336	880	972	341874	3260
Inambari	chr_Z	9500001	10000000	0.003386826195676257	869	1177	347523	2850
Inambari	chr_Z	10000001	10500000	0.0021062989724676636	620	518	245929	2134
Inambari	chr_Z	10500001	11000000	0.0018423917594841304	164	110	59705	758
Inambari	chr_Z	11000001	11500000	0.001812091592993246	549	396	218532	1832
Inambari	chr_Z	11500001	12000000	0.0011657659381127743	410	195	167272	1232
Inambari	chr_Z	12000001	12500000	0.00042562882925936853	709	114	267839	2898
Inambari	chr_Z	12500001	13000000	0.002683253306480333	389	437	162862	1044
Inambari	chr_Z	13000001	13500000	0.002655258887741555	168	162	61011	786
Inambari	chr_Z	13500001	14000000	0.003325136754968812	418	572	172023	1202
Inambari	chr_Z	14000001	14500000	0.0006178527486457839	436	116	187747	954
Inambari	chr_Z	14500001	15000000	0.00036848758707872724	926	137	371790	2972
Inambari	chr_Z	15000001	15500000	0.0007886384765812842	833	246	311930	3524
Inambari	chr_Z	15500001	16000000	0.0018430737169255603	451	306	166027	1994
Inambari	chr_Z	16000001	16500000	0.001446783724622568	529	308	212886	1684
Inambari	chr_Z	16500001	17000000	0.0014523823989769672	843	502	345639	2538
Inambari	chr_Z	17000001	17500000	0.002055832070980307	383	304	147872	1432
Inambari	chr_Z	17500001	18000000	0.0019870433883172737	259	219	110214	604
Inambari	chr_Z	18000001	18500000	0.001048549439906511	605	262	249869	1710
Inambari	chr_Z	18500001	19000000	0.00012207271596041694	661	31	253947	2594
Inambari	chr_Z	19000001	19500000	0.0006231443128917562	1148	289	463777	3622
Inambari	chr_Z	19500001	20000000	0.0017592398604932033	765	571	324572	1888
Inambari	chr_Z	20000001	20500000	0.0021088965306500134	544	490	232349	1254
Inambari	chr_Z	20500001	21000000	0.004510828459990806	979	1825	404582	2740
Inambari	chr_Z	21000001	21500000	0.0003738372205930903	490	77	205972	1264
Inambari	chr_Z	21500001	22000000	0.0013226517554707242	254	123	92995	1130
Inambari	chr_Z	22000001	22500000	0.0011129887535691392	469	191	171610	2132
Inambari	chr_Z	22500001	23000000	0.0007903875058307275	616	183	231532	2624
Inambari	chr_Z	23000001	23500000	0.0023507780396608956	399	381	162074	1236
Inambari	chr_Z	23500001	24000000	0.00241403287807822	403	368	152442	1668
Inambari	chr_Z	24000001	24500000	0.0012679274171361586	223	106	83601	926
Inambari	chr_Z	24500001	25000000	0.0008301394526470129	455	154	185511	1378
Inambari	chr_Z	25000001	25500000	0.0012485950251673753	995	511	409260	2840
Inambari	chr_Z	25500001	26000000	0.0010365630178599133	1156	461	444739	4474
Inambari	chr_Z	26000001	26500000	0.0021423428802219606	412	366	170841	1126
Inambari	chr_Z	26500001	27000000	0.002791533338777813	666	752	269386	2076
Inambari	chr_Z	27000001	27500000	0.0004495031384951277	613	112	249164	1880
Inambari	chr_Z	27500001	28000000	0.002482894345408362	232	217	87398	948
Inambari	chr_Z	28000001	28500000	0.0004263639972359851	171	29	68017	566
Inambari	chr_Z	28500001	29000000	0.0	79	0	21804	632
Inambari	chr_Z	29000001	29500000	0.0	252	0	97821	918
Inambari	chr_Z	29500001	30000000	0.0017646520585428767	569	405	229507	1786
Inambari	chr_Z	30000001	30500000	0.0022917654496601866	314	261	113886	1476
Inambari	chr_Z	30500001	31000000	0.0003348644078202001	451	60	179177	1526
Inambari	chr_Z	31000001	31500000	0.00025557532846162586	246	27	105644	552
Inambari	chr_Z	31500001	32000000	0.0013365729926851453	603	313	234181	2214
Inambari	chr_Z	32000001	32500000	0.0006014222645200518	341	91	151308	592
Inambari	chr_Z	32500001	33000000	0.002172849571952711	596	533	245300	1704
Inambari	chr_Z	33000001	33500000	0.0004270913174623149	694	112	262239	2834
Inambari	chr_Z	33500001	34000000	0.0016568977898668465	610	413	249261	1806
Inambari	chr_Z	34000001	34500000	0.0010811280203199965	590	249	230315	2122
Inambari	chr_Z	34500001	35000000	0.0011225371921086925	178	87	77503	362
Inambari	chr_Z	35000001	35500000	0.0006349206349206349	105	29	45675	210
Inambari	chr_Z	35500001	36000000	0.0014077098414447813	466	281	199615	1074
Inambari	chr_Z	36000001	36500000	0.0004106776180698152	534	87	211845	1830
Inambari	chr_Z	36500001	37000000	0.001283278094284501	755	405	315598	2012
Inambari	chr_Z	37000001	37500000	0.001497625034925957	622	402	268425	1342
Inambari	chr_Z	37500001	38000000	0.0014103117513897172	729	428	303479	1962
Inambari	chr_Z	38000001	38500000	0.003054112961816861	532	681	222978	1420
Inambari	chr_Z	38500001	39000000	0.0004515469588312323	652	110	243607	2762
Inambari	chr_Z	39000001	39500000	0.003923988788603461	464	763	194445	1198
Inambari	chr_Z	39500001	40000000	0.0016257525693782813	573	401	246655	1258
Inambari	chr_Z	40000001	40500000	0.001038848489225419	480	187	180007	2042
Inambari	chr_Z	40500001	41000000	0.0015973856527942056	212	131	82009	790
Inambari	chr_Z	41000001	41500000	0.0009218596549743362	548	199	215868	1936
Inambari	chr_Z	41500001	42000000	0.0002830327525501251	246	25	88329	1166
Inambari	chr_Z	42000001	42500000	0.0008096616888227643	1181	394	486623	3362
Inambari	chr_Z	42500001	43000000	0.0008727073961175391	1573	562	643973	4582
Inambari	chr_Z	43000001	43500000	0.0010415885475256023	1179	500	480036	3536
Inambari	chr_Z	43500001	44000000	0.002465341145583197	520	539	218631	1322
Inambari	chr_Z	44000001	44500000	0.002786647314949202	53	48	17225	318
Inambari	chr_Z	44500001	45000000	0.001962539054527185	166	125	63693	638
Inambari	chr_Z	45000001	45500000	0.0002460356513595454	281	31	125998	444
Inambari	chr_Z	45500001	46000000	0.0012268421653288699	253	129	105148	696
Inambari	chr_Z	46000001	46500000	0.0006554795179429129	1117	293	447001	3710
Inambari	chr_Z	46500001	47000000	0.0011433624001463503	323	150	131192	1008
Inambari	chr_Z	47000001	47500000	0.003778870424138082	358	518	137078	1412
Inambari	chr_Z	47500001	48000000	0.0023059611871915713	481	457	198182	1380
Inambari	chr_Z	48000001	48500000	0.0005565129972712912	154	31	55704	752
Inambari	chr_Z	48500001	49000000	0.0038929129838220747	465	732	188034	1444
Inambari	chr_Z	49000001	49500000	0.003448396787730721	463	590	171094	2068
Inambari	chr_Z	49500001	50000000	0.0030579867418434026	911	1037	339112	3928
Inambari	chr_Z	50000001	50500000	0.0054013746595772275	415	833	154220	1760
Inambari	chr_Z	50500001	51000000	0.0016423650056080756	411	287	174748	984
Inambari	chr_Z	51000001	51500000	0.0009945808096907874	789	312	313700	2672
Inambari	chr_Z	51500001	52000000	0.0011031309032890344	530	233	211217	1790
Inambari	chr_Z	52000001	52500000	0.0019052155275065491	659	520	272935	1834
Inambari	chr_Z	52500001	53000000	0.0028328251223844114	407	445	157087	1586
Inambari	chr_Z	53000001	53500000	0.0038081102456041516	455	703	184606	1396
Inambari	chr_Z	53500001	54000000	0.0008342602892102336	145	60	71920	0
Inambari	chr_Z	54000001	54500000	NA	0	0	0	0
Inambari	chr_Z	54500001	55000000	0.0013309759828363694	405	201	151017	1734
Inambari	chr_Z	55000001	55500000	0.002361224279008917	845	823	348548	2384
Inambari	chr_Z	55500001	56000000	0.0033214141444366315	494	666	200517	1502
Inambari	chr_Z	56000001	56500000	0.004924681344148319	498	918	186408	2200
Inambari	chr_Z	56500001	57000000	0.0008664487416801228	328	110	126955	1282
Inambari	chr_Z	57000001	57500000	0.006965161470889441	390	1095	157211	1330
Inambari	chr_Z	57500001	58000000	0.0034433360932592098	810	1048	304356	3408
Inambari	chr_Z	58000001	58500000	0.005149670382278923	388	796	154573	1286
Inambari	chr_Z	58500001	59000000	0.004594865294620273	446	812	176719	1522
Inambari	chr_Z	59000001	59500000	0.0009366018493295339	801	306	326713	2398
Inambari	chr_Z	59500001	60000000	0.001973684210526316	493	369	186960	1976
Inambari	chr_Z	60000001	60500000	0.0030430844137462492	1298	1505	494564	5160
Inambari	chr_Z	60500001	61000000	0.004290539512521681	1126	2115	492945	2190
Inambari	chr_Z	61000001	61500000	0.0034720676608056976	762	1014	292045	3014
Inambari	chr_Z	61500001	62000000	0.0024173116705018247	713	728	301161	1774
Inambari	chr_Z	62000001	62500000	0.0021815253347469074	496	428	196193	1694
Inambari	chr_Z	62500001	63000000	0.0031089544490158477	796	1036	333231	2074
Inambari	chr_Z	63000001	63500000	0.0033961210352313775	300	377	111009	1326
Inambari	chr_Z	63500001	64000000	0.005689147055054884	292	666	117065	958
Inambari	chr_Z	64000001	64500000	0.0022649297238499337	711	608	268441	2942
Inambari	chr_Z	64500001	65000000	0.0026150722430702852	549	577	220644	1776
Inambari	chr_Z	65000001	65500000	0.0014957152158229074	155	85	56829	702
Inambari	chr_Z	65500001	66000000	0.0026868963673428465	357	402	149615	922
Inambari	chr_Z	66000001	66500000	0.0031671559376528972	566	725	228912	1776
Inambari	chr_Z	66500001	67000000	0.0004508640194117454	608	110	243976	1984
Inambari	chr_Z	67000001	67500000	0.0009875585794908923	755	326	330107	1466
Rondonia	chr_Z	1	500000	NA	0	0	0	0
Rondonia	chr_Z	500001	1000000	NA	0	0	0	0
Rondonia	chr_Z	1000001	1500000	NA	0	0	0	0
Rondonia	chr_Z	1500001	2000000	NA	0	0	0	0
Rondonia	chr_Z	2000001	2500000	NA	0	0	0	0
Rondonia	chr_Z	2500001	3000000	NA	0	0	0	0
Rondonia	chr_Z	3000001	3500000	0.001037545574431774	441	107	103128	1754
Rondonia	chr_Z	3500001	4000000	0.0007563716086599068	344	69	91225	862
Rondonia	chr_Z	4000001	4500000	0.0021513748309634063	181	105	48806	422
Rondonia	chr_Z	4500001	5000000	0.001826605453222104	547	261	142888	1486
Rondonia	chr_Z	5000001	5500000	0.0018678288712976963	316	147	78701	1030
Rondonia	chr_Z	5500001	6000000	0.0013874657111398222	578	218	157121	1298
Rondonia	chr_Z	6000001	6500000	0.0028764782528325197	925	638	221799	3452
Rondonia	chr_Z	6500001	7000000	0.002925306041915089	1471	1023	349707	5616
Rondonia	chr_Z	7000001	7500000	0.0015845895845354877	1811	703	443648	6294
Rondonia	chr_Z	7500001	8000000	0.0016298906420992992	1162	420	257686	5280
Rondonia	chr_Z	8000001	8500000	0.0017335728968981992	1335	549	316687	5048
Rondonia	chr_Z	8500001	9000000	0.0011589403973509935	225	63	54360	794
Rondonia	chr_Z	9000001	9500000	0.002623584055103811	880	614	234031	2218
Rondonia	chr_Z	9500001	10000000	0.0027752081406105457	869	603	217281	2808
Rondonia	chr_Z	10000001	10500000	0.0012764782998689022	620	222	173916	1176
Rondonia	chr_Z	10500001	11000000	0.0022172949002217295	164	84	37884	688
Rondonia	chr_Z	11000001	11500000	0.001965018504502878	549	283	144019	1476
Rondonia	chr_Z	11500001	12000000	0.002030802218419479	410	197	97006	1576
Rondonia	chr_Z	12000001	12500000	0.0007348567029429261	709	126	171462	2542
Rondonia	chr_Z	12500001	13000000	0.004613060537548285	389	455	98633	1176
Rondonia	chr_Z	13000001	13500000	0.0029898259878256006	168	139	46491	338
Rondonia	chr_Z	13500001	14000000	0.0018261504747991235	418	205	112258	992
Rondonia	chr_Z	14000001	14500000	0.0019313341725440154	436	224	115982	1132
Rondonia	chr_Z	14500001	15000000	0.00039190583809063477	926	90	229647	3150
Rondonia	chr_Z	15000001	15500000	0.00039697926475747337	833	86	216636	2298
Rondonia	chr_Z	15500001	16000000	0.0007628873469684309	451	84	110108	1574
Rondonia	chr_Z	16000001	16500000	0.0012216469887146636	529	164	134245	1624
Rondonia	chr_Z	16500001	17000000	0.0017510464898487217	843	402	229577	1844
Rondonia	chr_Z	17000001	17500000	0.0016886383751805096	383	145	85868	1694
Rondonia	chr_Z	17500001	18000000	0.003115742159566861	259	183	58734	1154
Rondonia	chr_Z	18000001	18500000	0.0016532113630727688	605	240	145172	2194
Rondonia	chr_Z	18500001	19000000	0.0009120076634888558	661	139	152411	2724
Rondonia	chr_Z	19000001	19500000	0.0010855127868012434	1148	322	296634	3268
Rondonia	chr_Z	19500001	20000000	0.0014008592631167816	765	269	192025	2440
Rondonia	chr_Z	20000001	20500000	0.0014301864690739203	544	210	146834	1260
Rondonia	chr_Z	20500001	21000000	0.0030285367235553307	979	743	245333	3156
Rondonia	chr_Z	21000001	21500000	0.0008906918294457428	490	101	113395	1966
Rondonia	chr_Z	21500001	22000000	0.0006933438985736926	254	42	60576	932
Rondonia	chr_Z	22000001	22500000	0.0005508152065056283	469	55	99852	2362
Rondonia	chr_Z	22500001	23000000	0.00044888851300800846	616	69	153713	1998
Rondonia	chr_Z	23000001	23500000	0.0009594893496682186	399	95	99011	1304
Rondonia	chr_Z	23500001	24000000	0.0	403	0	93690	1626
Rondonia	chr_Z	24000001	24500000	0.0	223	0	58427	592
Rondonia	chr_Z	24500001	25000000	0.0005295553270196012	455	69	130298	738
Rondonia	chr_Z	25000001	25500000	0.000633768204668328	995	147	231946	4034
Rondonia	chr_Z	25500001	26000000	0.0012850476360558743	1156	331	257578	5212
Rondonia	chr_Z	26000001	26500000	0.0019493389671770523	412	179	91826	1892
Rondonia	chr_Z	26500001	27000000	0.0023884397340616535	666	439	183802	1400
Rondonia	chr_Z	27000001	27500000	0.0004149028285549355	613	69	166304	1394
Rondonia	chr_Z	27500001	28000000	0.0024249179142693616	232	161	66394	380
Rondonia	chr_Z	28000001	28500000	0.0	171	0	44197	476
Rondonia	chr_Z	28500001	29000000	0.0	79	0	18249	316
Rondonia	chr_Z	29000001	29500000	0.0	252	0	66402	644
Rondonia	chr_Z	29500001	30000000	0.001157120423175469	569	154	133089	2264
Rondonia	chr_Z	30000001	30500000	0.0011880429228410833	314	93	78280	1020
Rondonia	chr_Z	30500001	31000000	0.0010868670234664471	451	132	121450	1106
Rondonia	chr_Z	31000001	31500000	0.0	246	0	64497	650
Rondonia	chr_Z	31500001	32000000	0.0009372007579101781	603	138	147247	2080
Rondonia	chr_Z	32000001	32500000	0.0011582117211026176	341	105	90657	896
Rondonia	chr_Z	32500001	33000000	0.0022114310466680347	596	291	131589	2742
Rondonia	chr_Z	33000001	33500000	0.0019935022288866027	694	343	172059	2270
Rondonia	chr_Z	33500001	34000000	0.0005512011338994755	610	91	165094	1424
Rondonia	chr_Z	34000001	34500000	0.0020739479178112294	590	302	145616	1996
Rondonia	chr_Z	34500001	35000000	0.0004240796461964095	178	21	49519	350
Rondonia	chr_Z	35000001	35500000	0.0	105	0	26100	338
Rondonia	chr_Z	35500001	36000000	0.0016526703673830875	466	209	126462	1040
Rondonia	chr_Z	36000001	36500000	0.0007610529206386568	534	97	127455	1982
Rondonia	chr_Z	36500001	37000000	0.0016338431761911344	755	260	159134	3858
Rondonia	chr_Z	37000001	37500000	0.002961151186322834	622	477	161086	1744
Rondonia	chr_Z	37500001	38000000	0.0024136321946353003	729	450	186441	2208
Rondonia	chr_Z	38000001	38500000	0.00138640502715385	532	169	121898	2212
Rondonia	chr_Z	38500001	39000000	0.0013174607863409447	652	223	169265	1830
Rondonia	chr_Z	39000001	39500000	0.005598350318688435	464	657	117356	1440
Rondonia	chr_Z	39500001	40000000	0.0018008662561042137	573	274	152149	1560
Rondonia	chr_Z	40000001	40500000	0.0	480	0	126820	1240
Rondonia	chr_Z	40500001	41000000	0.0	212	0	59478	396
Rondonia	chr_Z	41000001	41500000	0.0008912054228499669	548	132	148114	1268
Rondonia	chr_Z	41500001	42000000	0.0014661801120813241	246	90	61384	796
Rondonia	chr_Z	42000001	42500000	0.0005877460112324793	1181	171	290942	4150
Rondonia	chr_Z	42500001	43000000	0.0011741712623477365	1573	465	396024	5018
Rondonia	chr_Z	43000001	43500000	0.0006131166079664284	1179	180	293582	3850
Rondonia	chr_Z	43500001	44000000	0.0030590079190497142	520	445	145472	984
Rondonia	chr_Z	44000001	44500000	0.0	53	0	10070	318
Rondonia	chr_Z	44500001	45000000	0.0	166	0	34980	868
Rondonia	chr_Z	45000001	45500000	0.0005952703068347854	281	44	73916	746
Rondonia	chr_Z	45500001	46000000	0.0013704888076747374	253	90	65670	694
Rondonia	chr_Z	46000001	46500000	0.00014941142570516855	1117	42	281103	3500
Rondonia	chr_Z	46500001	47000000	0.0023692691197772214	323	211	89057	660
Rondonia	chr_Z	47000001	47500000	0.004490192737514157	358	448	99773	698
Rondonia	chr_Z	47500001	48000000	0.003922508488116636	481	491	125175	1340
Rondonia	chr_Z	48000001	48500000	0.0010154861640010156	154	44	43329	282
Rondonia	chr_Z	48500001	49000000	0.0038192061829607424	465	423	110756	1754
Rondonia	chr_Z	49000001	49500000	0.003480833274286119	463	393	112904	1606
Rondonia	chr_Z	49500001	50000000	0.0017987360233349538	911	407	226270	3042
Rondonia	chr_Z	50000001	50500000	0.0033783484221073445	415	381	112777	940
Rondonia	chr_Z	50500001	51000000	0.0015897152336190213	411	184	115744	750
Rondonia	chr_Z	51000001	51500000	0.0007477431527030173	789	151	201941	2328
Rondonia	chr_Z	51500001	52000000	0.0011252023549396383	530	155	137753	1450
Rondonia	chr_Z	52000001	52500000	0.002288526673451475	659	425	185709	1188
Rondonia	chr_Z	52500001	53000000	0.0035955345483971823	407	391	108746	1042
Rondonia	chr_Z	53000001	53500000	0.0023714852612191015	455	300	126503	888
Rondonia	chr_Z	53500001	54000000	0.0034524562513177314	145	131	37944	386
Rondonia	chr_Z	54000001	54500000	NA	0	0	0	0
Rondonia	chr_Z	54500001	55000000	0.0021899211279402526	405	251	114616	738
Rondonia	chr_Z	55000001	55500000	0.003239667629078389	845	717	221319	2260
Rondonia	chr_Z	55500001	56000000	0.001530518163378204	494	166	108460	2292
Rondonia	chr_Z	56000001	56500000	0.004097256796794019	498	502	122521	1690
Rondonia	chr_Z	56500001	57000000	0.003137559049566382	328	267	85098	924
Rondonia	chr_Z	57000001	57500000	0.005347641726009885	390	594	111077	650
Rondonia	chr_Z	57500001	58000000	0.0030119897563246935	810	621	206176	2420
Rondonia	chr_Z	58000001	58500000	0.003275798271771543	388	301	91886	1524
Rondonia	chr_Z	58500001	59000000	0.00287986834887548	446	294	102088	1876
Rondonia	chr_Z	59000001	59500000	0.0010143993994755555	801	200	197161	2736
Rondonia	chr_Z	59500001	60000000	0.0009625597450876261	493	116	120512	1706
Rondonia	chr_Z	60000001	60500000	0.0038934823439766325	1298	1165	299218	5304
Rondonia	chr_Z	60500001	61000000	0.003486474881923572	1126	1015	291125	3202
Rondonia	chr_Z	61000001	61500000	0.003026647780089416	762	547	180728	3028
Rondonia	chr_Z	61500001	62000000	0.003043009332628984	713	553	181728	2146
Rondonia	chr_Z	62000001	62500000	0.003120882169359872	496	360	115352	2032
Rondonia	chr_Z	62500001	63000000	0.00239534618455572	796	483	201641	2478
Rondonia	chr_Z	63000001	63500000	0.001917558580734656	300	141	73531	1050
Rondonia	chr_Z	63500001	64000000	0.004647836968180193	292	325	69925	1078
Rondonia	chr_Z	64000001	64500000	0.0014664856473445725	711	256	174567	2472
Rondonia	chr_Z	64500001	65000000	0.0017771621595133711	549	272	153053	1056
Rondonia	chr_Z	65000001	65500000	0.0010497585555322277	155	40	38104	518
Rondonia	chr_Z	65500001	66000000	0.005032830050328301	357	453	90009	1104
Rondonia	chr_Z	66000001	66500000	0.002846503408230245	566	451	158440	1084
Rondonia	chr_Z	66500001	67000000	0.0004269484939237185	608	69	161612	1584
Rondonia	chr_Z	67000001	67500000	0.0009207090038391828	755	159	172693	3156
RondoniaHeadwaters	chr_Z	1	500000	NA	0	0	0	0
RondoniaHeadwaters	chr_Z	500001	1000000	NA	0	0	0	0
RondoniaHeadwaters	chr_Z	1000001	1500000	NA	0	0	0	0
RondoniaHeadwaters	chr_Z	1500001	2000000	NA	0	0	0	0
RondoniaHeadwaters	chr_Z	2000001	2500000	NA	0	0	0	0
RondoniaHeadwaters	chr_Z	2500001	3000000	NA	0	0	0	0
RondoniaHeadwaters	chr_Z	3000001	3500000	0.0	441	0	5571	232
RondoniaHeadwaters	chr_Z	3500001	4000000	0.0017781729273171815	344	8	4499	186
RondoniaHeadwaters	chr_Z	4000001	4500000	0.0	181	0	2265	100
RondoniaHeadwaters	chr_Z	4500001	5000000	0.0009587727708533077	547	4	4172	1034
RondoniaHeadwaters	chr_Z	5000001	5500000	0.0	316	0	3309	318
RondoniaHeadwaters	chr_Z	5500001	6000000	0.0014347202295552368	578	8	5576	804
RondoniaHeadwaters	chr_Z	6000001	6500000	0.0014774686037921695	925	12	8122	1410
RondoniaHeadwaters	chr_Z	6500001	7000000	0.0010064581061813302	1471	12	11923	2428
RondoniaHeadwaters	chr_Z	7000001	7500000	0.0019158617386445277	1811	24	12527	3772
RondoniaHeadwaters	chr_Z	7500001	8000000	0.0	1162	0	7543	2558
RondoniaHeadwaters	chr_Z	8000001	8500000	0.0	1335	0	11472	2130
RondoniaHeadwaters	chr_Z	8500001	9000000	0.0	225	0	2898	106
RondoniaHeadwaters	chr_Z	9000001	9500000	0.001165331391114348	880	8	6865	1478
RondoniaHeadwaters	chr_Z	9500001	10000000	0.0	869	0	4470	2210
RondoniaHeadwaters	chr_Z	10000001	10500000	0.0	620	0	5769	870
RondoniaHeadwaters	chr_Z	10500001	11000000	0.005009392611145898	164	8	1597	246
RondoniaHeadwaters	chr_Z	11000001	11500000	0.0015458937198067632	549	8	5175	680
RondoniaHeadwaters	chr_Z	11500001	12000000	0.0	410	0	4008	476
RondoniaHeadwaters	chr_Z	12000001	12500000	0.0	709	0	5580	1294
RondoniaHeadwaters	chr_Z	12500001	13000000	0.0	389	0	3918	426
RondoniaHeadwaters	chr_Z	13000001	13500000	0.0	168	0	2115	90
RondoniaHeadwaters	chr_Z	13500001	14000000	0.0	418	0	4560	380
RondoniaHeadwaters	chr_Z	14000001	14500000	0.0	436	0	2927	850
RondoniaHeadwaters	chr_Z	14500001	15000000	0.0	926	0	9683	990
RondoniaHeadwaters	chr_Z	15000001	15500000	0.0	833	0	10578	426
RondoniaHeadwaters	chr_Z	15500001	16000000	0.0	451	0	4612	482
RondoniaHeadwaters	chr_Z	16000001	16500000	0.0008958566629339306	529	4	4465	844
RondoniaHeadwaters	chr_Z	16500001	17000000	0.0005319856363878176	843	4	7519	1284
RondoniaHeadwaters	chr_Z	17000001	17500000	0.0	383	0	4193	400
RondoniaHeadwaters	chr_Z	17500001	18000000	0.0	259	0	2461	320
RondoniaHeadwaters	chr_Z	18000001	18500000	0.001170103846716396	605	8	6837	540
RondoniaHeadwaters	chr_Z	18500001	19000000	0.0	661	0	6294	866
RondoniaHeadwaters	chr_Z	19000001	19500000	0.0	1148	0	14151	682
RondoniaHeadwaters	chr_Z	19500001	20000000	0.002735229759299781	765	20	7312	1070
RondoniaHeadwaters	chr_Z	20000001	20500000	0.0009197516670498966	544	4	4349	990
RondoniaHeadwaters	chr_Z	20500001	21000000	0.001564333202972233	979	12	7671	1748
RondoniaHeadwaters	chr_Z	21000001	21500000	0.0	490	0	4332	716
RondoniaHeadwaters	chr_Z	21500001	22000000	0.0	254	0	2010	400
RondoniaHeadwaters	chr_Z	22000001	22500000	0.0	469	0	5532	334
RondoniaHeadwaters	chr_Z	22500001	23000000	0.0011425307055127106	616	8	7002	548
RondoniaHeadwaters	chr_Z	23000001	23500000	0.0	399	0	3285	704
RondoniaHeadwaters	chr_Z	23500001	24000000	0.0	403	0	2818	862
RondoniaHeadwaters	chr_Z	24000001	24500000	0.0	223	0	2175	260
RondoniaHeadwaters	chr_Z	24500001	25000000	0.0	455	0	4967	484
RondoniaHeadwaters	chr_Z	25000001	25500000	0.0	995	0	11554	878
RondoniaHeadwaters	chr_Z	25500001	26000000	0.0	1156	0	11081	1526
RondoniaHeadwaters	chr_Z	26000001	26500000	0.002034587995930824	412	8	3932	568
RondoniaHeadwaters	chr_Z	26500001	27000000	0.0030716068343252063	666	16	5209	1242
RondoniaHeadwaters	chr_Z	27000001	27500000	0.0	613	0	6817	564
RondoniaHeadwaters	chr_Z	27500001	28000000	0.003336113427856547	232	8	2398	244
RondoniaHeadwaters	chr_Z	28000001	28500000	0.0	171	0	1176	354
RondoniaHeadwaters	chr_Z	28500001	29000000	0.0	79	0	1185	0
RondoniaHeadwaters	chr_Z	29000001	29500000	0.0	252	0	1912	416
RondoniaHeadwaters	chr_Z	29500001	30000000	0.0008910670527957229	569	4	4489	1020
RondoniaHeadwaters	chr_Z	30000001	30500000	0.0	314	0	3604	316
RondoniaHeadwaters	chr_Z	30500001	31000000	0.000774593338497289	451	4	5164	434
RondoniaHeadwaters	chr_Z	31000001	31500000	0.0	246	0	1998	376
RondoniaHeadwaters	chr_Z	31500001	32000000	0.003816793893129771	603	12	3144	1498
RondoniaHeadwaters	chr_Z	32000001	32500000	0.0025023459493274947	341	8	3197	476
RondoniaHeadwaters	chr_Z	32500001	33000000	0.0019286403085824494	596	8	4148	1216
RondoniaHeadwaters	chr_Z	33000001	33500000	0.0	694	0	5993	1050
RondoniaHeadwaters	chr_Z	33500001	34000000	0.0008976660682226212	610	4	4456	1172
RondoniaHeadwaters	chr_Z	34000001	34500000	0.0008405127127547804	590	4	4759	990
RondoniaHeadwaters	chr_Z	34500001	35000000	0.0	178	0	1928	212
RondoniaHeadwaters	chr_Z	35000001	35500000	0.0	105	0	1566	2
RondoniaHeadwaters	chr_Z	35500001	36000000	0.0	466	0	3474	912
RondoniaHeadwaters	chr_Z	36000001	36500000	0.0	534	0	5254	664
RondoniaHeadwaters	chr_Z	36500001	37000000	0.0	755	0	5460	1490
RondoniaHeadwaters	chr_Z	37000001	37500000	0.0	622	0	3810	1368
RondoniaHeadwaters	chr_Z	37500001	38000000	0.0010087000378262514	729	8	7931	768
RondoniaHeadwaters	chr_Z	38000001	38500000	0.0	532	0	4568	888
RondoniaHeadwaters	chr_Z	38500001	39000000	0.0008288437629506838	652	4	4826	1164
RondoniaHeadwaters	chr_Z	39000001	39500000	0.0011019283746556473	464	4	3630	804
RondoniaHeadwaters	chr_Z	39500001	40000000	0.0011173184357541898	573	4	3580	1294
RondoniaHeadwaters	chr_Z	40000001	40500000	0.0	480	0	6000	304
RondoniaHeadwaters	chr_Z	40500001	41000000	0.0	212	0	3180	0
RondoniaHeadwaters	chr_Z	41000001	41500000	0.0	548	0	5668	672
RondoniaHeadwaters	chr_Z	41500001	42000000	0.0030337504740235114	246	8	2637	234
RondoniaHeadwaters	chr_Z	42000001	42500000	0.0	1181	0	11793	1388
RondoniaHeadwaters	chr_Z	42500001	43000000	0.0004976052746159109	1573	8	16077	1676
RondoniaHeadwaters	chr_Z	43000001	43500000	0.0	1179	0	13090	1158
RondoniaHeadwaters	chr_Z	43500001	44000000	0.0	520	0	5832	520
RondoniaHeadwaters	chr_Z	44000001	44500000	0.0	53	0	795	0
RondoniaHeadwaters	chr_Z	44500001	45000000	0.0	166	0	996	332
RondoniaHeadwaters	chr_Z	45000001	45500000	0.0	281	0	3306	202
RondoniaHeadwaters	chr_Z	45500001	46000000	0.0	253	0	3318	106
RondoniaHeadwaters	chr_Z	46000001	46500000	0.0	1117	0	8777	1988
RondoniaHeadwaters	chr_Z	46500001	47000000	0.0	323	0	3199	468
RondoniaHeadwaters	chr_Z	47000001	47500000	0.0025864856126737797	358	8	3093	626
RondoniaHeadwaters	chr_Z	47500001	48000000	0.0036714089031665903	481	16	4358	698
RondoniaHeadwaters	chr_Z	48000001	48500000	0.0	154	0	1770	120
RondoniaHeadwaters	chr_Z	48500001	49000000	0.004804227720393947	465	20	4163	688
RondoniaHeadwaters	chr_Z	49000001	49500000	0.0016168148746968471	463	8	4948	498
RondoniaHeadwaters	chr_Z	49500001	50000000	0.001125809175344779	911	8	7106	1678
RondoniaHeadwaters	chr_Z	50000001	50500000	0.00657354149548069	415	24	3651	572
RondoniaHeadwaters	chr_Z	50500001	51000000	0.0	411	0	3199	756
RondoniaHeadwaters	chr_Z	51000001	51500000	0.0	789	0	5739	1584
RondoniaHeadwaters	chr_Z	51500001	52000000	0.0	530	0	4369	858
RondoniaHeadwaters	chr_Z	52000001	52500000	0.0	659	0	3504	1570
RondoniaHeadwaters	chr_Z	52500001	53000000	0.0	407	0	3410	662
RondoniaHeadwaters	chr_Z	53000001	53500000	0.002680965147453083	455	12	4476	522
RondoniaHeadwaters	chr_Z	53500001	54000000	0.0	145	0	345	500
RondoniaHeadwaters	chr_Z	54000001	54500000	NA	0	0	0	0
RondoniaHeadwaters	chr_Z	54500001	55000000	0.001855717930874507	405	8	4311	392
RondoniaHeadwaters	chr_Z	55000001	55500000	0.0018072289156626507	845	12	6640	1478
RondoniaHeadwaters	chr_Z	55500001	56000000	0.002476780185758514	494	8	3230	1048
RondoniaHeadwaters	chr_Z	56000001	56500000	0.0031746031746031746	498	12	3780	892
RondoniaHeadwaters	chr_Z	56500001	57000000	0.0	328	0	2571	610
RondoniaHeadwaters	chr_Z	57000001	57500000	0.0035603026257231864	390	16	4494	344
RondoniaHeadwaters	chr_Z	57500001	58000000	0.003889158969372873	810	24	6171	1414
RondoniaHeadwaters	chr_Z	58000001	58500000	0.005673758865248227	388	16	2820	808
RondoniaHeadwaters	chr_Z	58500001	59000000	0.0008412197686645636	446	4	4755	430
RondoniaHeadwaters	chr_Z	59000001	59500000	0.0	801	0	6795	1296
RondoniaHeadwaters	chr_Z	59500001	60000000	0.0	493	0	3522	930
RondoniaHeadwaters	chr_Z	60000001	60500000	0.0010230179028132991	1298	8	7820	2900
RondoniaHeadwaters	chr_Z	60500001	61000000	0.0034301114786230553	1126	28	8163	2182
RondoniaHeadwaters	chr_Z	61000001	61500000	0.00153393838680813	762	12	7823	838
RondoniaHeadwaters	chr_Z	61500001	62000000	0.0	621	0	5067	1496
RondoniaHeadwaters	chr_Z	62000001	62500000	0.0018475750577367205	496	8	4330	748
RondoniaHeadwaters	chr_Z	62500001	63000000	0.004077471967380225	796	24	5886	1564
RondoniaHeadwaters	chr_Z	63000001	63500000	0.0	300	0	2323	546
RondoniaHeadwaters	chr_Z	63500001	64000000	0.0	292	0	2334	508
RondoniaHeadwaters	chr_Z	64000001	64500000	0.0	711	0	4930	1558
RondoniaHeadwaters	chr_Z	64500001	65000000	0.0	549	0	4386	970
RondoniaHeadwaters	chr_Z	65000001	65500000	0.0	155	0	471	500
RondoniaHeadwaters	chr_Z	65500001	66000000	0.0009376465072667605	357	4	4266	242
RondoniaHeadwaters	chr_Z	66000001	66500000	0.0012934518997574779	566	8	6185	570
RondoniaHeadwaters	chr_Z	66500001	67000000	0.0	608	0	5664	768
RondoniaHeadwaters	chr_Z	67000001	67500000	0.0	701	0	4418	1806
Tapajos	chr_Z	1	500000	NA	0	0	0	0
Tapajos	chr_Z	500001	1000000	NA	0	0	0	0
Tapajos	chr_Z	1000001	1500000	NA	0	0	0	0
Tapajos	chr_Z	1500001	2000000	NA	0	0	0	0
Tapajos	chr_Z	2000001	2500000	NA	0	0	0	0
Tapajos	chr_Z	2500001	3000000	NA	0	0	0	0
Tapajos	chr_Z	3000001	3500000	0.0005015663670972463	441	61	121619	1854
Tapajos	chr_Z	3500001	4000000	0.0009513370421690484	344	92	96706	1324
Tapajos	chr_Z	4000001	4500000	0.0027993450588918818	181	106	37866	1304
Tapajos	chr_Z	4500001	5000000	0.0019410470108597612	547	269	138585	2810
Tapajos	chr_Z	5000001	5500000	0.0005189536008303258	316	44	84786	1380
Tapajos	chr_Z	5500001	6000000	0.0017827565715441706	578	282	158182	2420
Tapajos	chr_Z	6000001	6500000	0.0023155266075904546	925	497	214638	5560
Tapajos	chr_Z	6500001	7000000	0.002645618811337739	1471	964	364376	7924
Tapajos	chr_Z	7000001	7500000	0.002394416841004184	1811	1172	489472	7908
Tapajos	chr_Z	7500001	8000000	0.0006079361300836828	1162	166	273055	6850
Tapajos	chr_Z	8000001	8500000	0.0027965389256486657	1335	978	349718	6288
Tapajos	chr_Z	8500001	9000000	0.0	225	0	57427	1118
Tapajos	chr_Z	9000001	9500000	0.001514853608837093	880	339	223784	4424
Tapajos	chr_Z	9500001	10000000	0.0038854570546099755	869	946	243472	3404
Tapajos	chr_Z	10000001	10500000	0.0014123437632596653	620	233	164974	2796
Tapajos	chr_Z	10500001	11000000	0.006660299587815422	164	265	39788	912
Tapajos	chr_Z	11000001	11500000	0.0035392462239198477	549	467	131949	3170
Tapajos	chr_Z	11500001	12000000	0.002406168886531138	410	254	105562	2028
Tapajos	chr_Z	12000001	12500000	0.00022676379715978344	709	40	176395	3790
Tapajos	chr_Z	12500001	13000000	0.0024421298712141767	389	234	95818	2120
Tapajos	chr_Z	13000001	13500000	0.006068013208113556	168	283	46638	668
Tapajos	chr_Z	13500001	14000000	0.003256415590994202	418	360	110551	1994
Tapajos	chr_Z	14000001	14500000	0.001890965574296375	436	224	118458	1876
Tapajos	chr_Z	14500001	15000000	0.00017449888472451938	926	46	263612	3456
Tapajos	chr_Z	15000001	15500000	0.00011278666610969548	833	27	239390	3040
Tapajos	chr_Z	15500001	16000000	0.0014294305810983953	451	164	114731	2366
Tapajos	chr_Z	16000001	16500000	0.0016641539589563612	529	202	121383	3262
Tapajos	chr_Z	16500001	17000000	0.0016506484985288595	843	400	242329	3034
Tapajos	chr_Z	17000001	17500000	0.003535864529527664	383	332	93895	2086
Tapajos	chr_Z	17500001	18000000	0.0006281111128558642	259	40	63683	1390
Tapajos	chr_Z	18000001	18500000	0.0005308904840704616	605	94	177061	2034
Tapajos	chr_Z	18500001	19000000	0.00010308551214510099	661	19	184313	2610
Tapajos	chr_Z	19000001	19500000	7.287659774019176e-05	1148	23	315602	4796
Tapajos	chr_Z	19500001	20000000	0.0008800234672924611	765	186	211358	3104
Tapajos	chr_Z	20000001	20500000	0.000867839381796503	544	115	132513	3126
Tapajos	chr_Z	20500001	21000000	0.003131689227893515	979	831	265352	4228
Tapajos	chr_Z	21000001	21500000	0.0008050613147708421	490	99	122972	2528
Tapajos	chr_Z	21500001	22000000	0.0	254	0	82144	536
Tapajos	chr_Z	22000001	22500000	0.0013479283517278814	469	149	110540	2740
Tapajos	chr_Z	22500001	23000000	0.0001649573262569031	616	23	139430	3916
Tapajos	chr_Z	23000001	23500000	0.0017963814517168765	399	209	116345	1362
Tapajos	chr_Z	23500001	24000000	0.0006330178135169085	403	64	101103	2086
Tapajos	chr_Z	24000001	24500000	0.0006638453240394988	223	40	60255	966
Tapajos	chr_Z	24500001	25000000	0.0006894714574486422	455	88	127634	1792
Tapajos	chr_Z	25000001	25500000	0.000627786218756783	995	188	299465	3026
Tapajos	chr_Z	25500001	26000000	0.0009659974994115363	1156	316	327123	4362
Tapajos	chr_Z	26000001	26500000	0.001803224272654687	412	201	111467	1794
Tapajos	chr_Z	26500001	27000000	0.00127439763471799	666	225	176554	3052
Tapajos	chr_Z	27000001	27500000	0.0006106639370957986	613	105	171944	2404
Tapajos	chr_Z	27500001	28000000	0.0	232	0	62414	1012
Tapajos	chr_Z	28000001	28500000	0.0011548010855130203	171	40	34638	1264
Tapajos	chr_Z	28500001	29000000	0.0	79	0	12087	790
Tapajos	chr_Z	29000001	29500000	0.0010296816940502307	252	69	67011	1146
Tapajos	chr_Z	29500001	30000000	0.001265600043314654	569	187	147756	2756
Tapajos	chr_Z	30000001	30500000	0.0021130355298614656	314	178	84239	1378
Tapajos	chr_Z	30500001	31000000	0.0001976284584980237	451	23	116380	2204
Tapajos	chr_Z	31000001	31500000	0.0012563644779474972	246	76	60492	1352
Tapajos	chr_Z	31500001	32000000	0.0012789560435802563	603	187	146213	3346
Tapajos	chr_Z	32000001	32500000	0.0	341	0	99227	1182
Tapajos	chr_Z	32500001	33000000	0.0019526135845047768	596	261	133667	3842
Tapajos	chr_Z	33000001	33500000	0.0005839915527686509	694	99	169523	3858
Tapajos	chr_Z	33500001	34000000	0.0011618382604957564	610	200	172141	2366
Tapajos	chr_Z	34000001	34500000	0.0009996464664935572	590	164	164058	2332
Tapajos	chr_Z	34500001	35000000	0.0	178	0	41257	1062
Tapajos	chr_Z	35000001	35500000	0.0	105	0	30222	376
Tapajos	chr_Z	35500001	36000000	0.0010952724794534997	466	135	123257	2126
Tapajos	chr_Z	36000001	36500000	0.0011309858025186493	534	141	124670	3196
Tapajos	chr_Z	36500001	37000000	0.0014572124007173968	755	273	187344	4020
Tapajos	chr_Z	37000001	37500000	0.0017849305047549378	622	305	170875	2618
Tapajos	chr_Z	37500001	38000000	0.00309448150797744	729	558	180321	3922
Tapajos	chr_Z	38000001	38500000	0.0008085845991082899	532	107	132330	2804
Tapajos	chr_Z	38500001	39000000	0.001194199987786591	652	176	147379	4186
Tapajos	chr_Z	39000001	39500000	0.0022678263083766343	464	285	125671	1986
Tapajos	chr_Z	39500001	40000000	0.00015723055468205247	573	23	146282	2864
Tapajos	chr_Z	40000001	40500000	0.0003816520764258283	480	48	125769	2278
Tapajos	chr_Z	40500001	41000000	0.0019630503269112034	212	124	63167	658
Tapajos	chr_Z	41000001	41500000	0.0009605715400663394	548	128	133254	3068
Tapajos	chr_Z	41500001	42000000	0.0029462221227716866	246	158	53628	1632
Tapajos	chr_Z	42000001	42500000	0.000640968629339189	1181	209	326069	4850
Tapajos	chr_Z	42500001	43000000	0.0003142770602797066	1573	138	439103	6262
Tapajos	chr_Z	43000001	43500000	0.0005477422748110134	1179	176	321319	5006
Tapajos	chr_Z	43500001	44000000	0.001074717797611422	520	151	140502	2276
Tapajos	chr_Z	44000001	44500000	0.0	53	0	17225	106
Tapajos	chr_Z	44500001	45000000	0.0015950174692389487	166	63	39498	972
Tapajos	chr_Z	45000001	45500000	0.0005774505557961599	281	40	69270	1568
Tapajos	chr_Z	45500001	46000000	0.0016463163671285499	253	96	58312	1556
Tapajos	chr_Z	46000001	46500000	0.00024094295434612902	1117	75	311277	4466
Tapajos	chr_Z	46500001	47000000	0.002697036792763933	323	229	84908	1500
Tapajos	chr_Z	47000001	47500000	0.0024893464410784354	358	236	94804	1616
Tapajos	chr_Z	47500001	48000000	0.003529950270370916	481	455	128897	2138
Tapajos	chr_Z	48000001	48500000	0.0	154	0	33385	1070
Tapajos	chr_Z	48500001	49000000	0.003403660957141807	465	463	136030	1560
Tapajos	chr_Z	49000001	49500000	0.001799852819917189	463	203	112787	2526
Tapajos	chr_Z	49500001	50000000	0.0016361426959465323	911	377	230420	4620
Tapajos	chr_Z	50000001	50500000	0.004280652331800075	415	389	90874	2752
Tapajos	chr_Z	50500001	51000000	0.00039010550580725244	411	44	112790	1712
Tapajos	chr_Z	51000001	51500000	0.0003964601769911504	789	84	211875	3518
Tapajos	chr_Z	51500001	52000000	0.001378245370971699	530	191	138582	2500
Tapajos	chr_Z	52000001	52500000	0.001456127080181543	659	231	158640	3764
Tapajos	chr_Z	52500001	53000000	0.0039393433809762155	407	425	107886	1888
Tapajos	chr_Z	53000001	53500000	0.0007052368133616575	455	82	116273	2290
Tapajos	chr_Z	53500001	54000000	0.005140865524252106	145	177	34430	840
Tapajos	chr_Z	54000001	54500000	NA	0	0	0	0
Tapajos	chr_Z	54500001	55000000	0.003120801464131941	405	295	94527	2438
Tapajos	chr_Z	55000001	55500000	0.004254860077243403	845	986	231735	3558
Tapajos	chr_Z	55500001	56000000	0.002070275248799811	494	254	122689	2638
Tapajos	chr_Z	56000001	56500000	0.0036842227216905715	498	477	129471	2394
Tapajos	chr_Z	56500001	57000000	0.0007457951623495887	328	67	89837	1374
Tapajos	chr_Z	57000001	57500000	0.00648437755424536	390	595	91759	2322
Tapajos	chr_Z	57500001	58000000	0.0036750208987239947	810	699	190203	4818
Tapajos	chr_Z	58000001	58500000	0.002511097735309608	388	267	106328	1632
Tapajos	chr_Z	58500001	59000000	0.003253392823944971	446	350	107580	2520
Tapajos	chr_Z	59000001	59500000	0.0014237878028844886	801	324	227562	3024
Tapajos	chr_Z	59500001	60000000	0.0007327057549258533	493	92	125562	2472
Tapajos	chr_Z	60000001	60500000	0.0022377813571713015	1298	753	336494	6244
Tapajos	chr_Z	60500001	61000000	0.0029518680578929654	1126	877	297100	5176
Tapajos	chr_Z	61000001	61500000	0.0027960997992543734	762	585	209220	3232
Tapajos	chr_Z	61500001	62000000	0.0013062607602546935	713	239	182965	3538
Tapajos	chr_Z	62000001	62500000	0.002358946882767037	496	317	134382	2108
Tapajos	chr_Z	62500001	63000000	0.004021341764647762	796	814	202420	4024
Tapajos	chr_Z	63000001	63500000	0.0034067622950819674	300	266	78080	1432
Tapajos	chr_Z	63500001	64000000	0.0029060787387160626	292	254	87403	890
Tapajos	chr_Z	64000001	64500000	0.002195312773684272	711	376	171274	4040
Tapajos	chr_Z	64500001	65000000	0.0030217971376095922	549	436	144285	2562
Tapajos	chr_Z	65000001	65500000	0.0013007360983829485	155	44	33827	1046
Tapajos	chr_Z	65500001	66000000	0.002493404721885192	357	224	89837	1882
Tapajos	chr_Z	66000001	66500000	0.002060920544509881	566	309	149933	2590
Tapajos	chr_Z	66500001	67000000	0.0002861725023996757	608	48	167731	2522
Tapajos	chr_Z	67000001	67500000	0.0020484350597950495	755	383	186972	4076
TapajosHeadwaters	chr_Z	1	500000	NA	0	0	0	0
TapajosHeadwaters	chr_Z	500001	1000000	NA	0	0	0	0
TapajosHeadwaters	chr_Z	1000001	1500000	NA	0	0	0	0
TapajosHeadwaters	chr_Z	1500001	2000000	NA	0	0	0	0
TapajosHeadwaters	chr_Z	2000001	2500000	NA	0	0	0	0
TapajosHeadwaters	chr_Z	2500001	3000000	NA	0	0	0	0
TapajosHeadwaters	chr_Z	3000001	3500000	0.0009088843444671666	441	4	4401	492
TapajosHeadwaters	chr_Z	3500001	4000000	0.0	344	0	2185	758
TapajosHeadwaters	chr_Z	4000001	4500000	0.0	181	0	2715	0
TapajosHeadwaters	chr_Z	4500001	5000000	0.0014329213684399068	547	8	5583	644
TapajosHeadwaters	chr_Z	5000001	5500000	0.0	316	0	3579	258
TapajosHeadwaters	chr_Z	5500001	6000000	0.0007669888019634913	578	5	6519	478
TapajosHeadwaters	chr_Z	6000001	6500000	0.0016181229773462784	841	10	6180	2110
TapajosHeadwaters	chr_Z	6500001	7000000	0.002178649237472767	1471	23	10557	2776
TapajosHeadwaters	chr_Z	7000001	7500000	0.0009845980730009143	1811	14	14219	3284
TapajosHeadwaters	chr_Z	7500001	8000000	0.00017126220243192326	1126	1	5839	3046
TapajosHeadwaters	chr_Z	8000001	8500000	0.0015322735108216816	1335	16	10442	2230
TapajosHeadwaters	chr_Z	8500001	9000000	0.0	225	0	2394	218
TapajosHeadwaters	chr_Z	9000001	9500000	0.0015625	880	11	7040	1520
TapajosHeadwaters	chr_Z	9500001	10000000	0.0012794540995841775	869	12	9379	880
TapajosHeadwaters	chr_Z	10000001	10500000	0.001013787510137875	561	5	4932	1128
TapajosHeadwaters	chr_Z	10500001	11000000	0.0028011204481792717	164	3	1071	362
TapajosHeadwaters	chr_Z	11000001	11500000	0.0012619433928249505	549	7	5547	648
TapajosHeadwaters	chr_Z	11500001	12000000	0.002425222312045271	410	9	3711	606
TapajosHeadwaters	chr_Z	12000001	12500000	0.0017421602787456446	709	11	6314	1122
TapajosHeadwaters	chr_Z	12500001	13000000	0.004333333333333333	389	13	3000	630
TapajosHeadwaters	chr_Z	13000001	13500000	0.005555555555555556	168	14	2520	0
TapajosHeadwaters	chr_Z	13500001	14000000	0.0031137724550898203	418	13	4175	510
TapajosHeadwaters	chr_Z	14000001	14500000	0.0015360983102918587	436	8	5208	296
TapajosHeadwaters	chr_Z	14500001	15000000	0.0006794247537085268	926	6	8831	1182
TapajosHeadwaters	chr_Z	15000001	15500000	0.0014105902777777778	833	13	9216	774
TapajosHeadwaters	chr_Z	15500001	16000000	0.004963365634601749	451	21	4231	628
TapajosHeadwaters	chr_Z	16000001	16500000	0.002306805074971165	463	10	4335	976
TapajosHeadwaters	chr_Z	16500001	17000000	0.001753826530612245	843	11	6272	1466
TapajosHeadwaters	chr_Z	17000001	17500000	0.0	383	0	2024	882
TapajosHeadwaters	chr_Z	17500001	18000000	0.0032912781130005485	259	6	1823	500
TapajosHeadwaters	chr_Z	18000001	18500000	0.0016097875080489374	605	10	6212	646
TapajosHeadwaters	chr_Z	18500001	19000000	0.0005224660397074191	661	3	5742	986
TapajosHeadwaters	chr_Z	19000001	19500000	0.001632289657219172	1148	11	6739	2618
TapajosHeadwaters	chr_Z	19500001	20000000	0.0017423937809945048	765	13	7461	892
TapajosHeadwaters	chr_Z	20000001	20500000	0.004250797024442083	544	20	4705	814
TapajosHeadwaters	chr_Z	20500001	21000000	0.002593553167839941	931	21	8097	1592
TapajosHeadwaters	chr_Z	21000001	21500000	0.0009297136481963555	490	5	5378	472
TapajosHeadwaters	chr_Z	21500001	22000000	0.0	254	0	3036	172
TapajosHeadwaters	chr_Z	22000001	22500000	0.0008038585209003215	469	3	3732	734
TapajosHeadwaters	chr_Z	22500001	23000000	0.0012628034236003929	616	9	7127	546
TapajosHeadwaters	chr_Z	23000001	23500000	0.0	399	0	1824	1026
TapajosHeadwaters	chr_Z	23500001	24000000	0.0	403	0	3970	502
TapajosHeadwaters	chr_Z	24000001	24500000	0.0	159	0	2329	400
TapajosHeadwaters	chr_Z	24500001	25000000	0.0011930326890956812	455	5	4191	660
TapajosHeadwaters	chr_Z	25000001	25500000	0.002437403057832927	995	22	9026	1318
TapajosHeadwaters	chr_Z	25500001	26000000	0.001131570826046703	1156	11	9721	1694
TapajosHeadwaters	chr_Z	26000001	26500000	0.002652519893899204	412	10	3770	604
TapajosHeadwaters	chr_Z	26500001	27000000	0.0024875621890547263	666	17	6834	800
TapajosHeadwaters	chr_Z	27000001	27500000	0.0	613	0	4977	1012
TapajosHeadwaters	chr_Z	27500001	28000000	0.0026720106880427524	232	8	2994	108
TapajosHeadwaters	chr_Z	28000001	28500000	0.0	171	0	1062	334
TapajosHeadwaters	chr_Z	28500001	29000000	0.0	79	0	1185	0
TapajosHeadwaters	chr_Z	29000001	29500000	0.0015873015873015873	252	5	3150	140
TapajosHeadwaters	chr_Z	29500001	30000000	0.0	569	0	5825	644
TapajosHeadwaters	chr_Z	30000001	30500000	0.003371868978805395	314	14	4152	124
TapajosHeadwaters	chr_Z	30500001	31000000	0.0016054585591009432	451	8	4983	396
TapajosHeadwaters	chr_Z	31000001	31500000	0.0030441400304414	246	8	2628	236
TapajosHeadwaters	chr_Z	31500001	32000000	0.001229256299938537	603	8	6508	674
TapajosHeadwaters	chr_Z	32000001	32500000	0.0	341	0	3126	442
TapajosHeadwaters	chr_Z	32500001	33000000	0.0040858018386108275	543	16	3916	1328
TapajosHeadwaters	chr_Z	33000001	33500000	0.0	694	0	6100	1052
TapajosHeadwaters	chr_Z	33500001	34000000	0.0018200728029121164	610	14	7692	324
TapajosHeadwaters	chr_Z	34000001	34500000	0.000513347022587269	590	3	5844	668
TapajosHeadwaters	chr_Z	34500001	35000000	0.0	121	0	1282	464
TapajosHeadwaters	chr_Z	35000001	35500000	0.0	105	0	1001	164
TapajosHeadwaters	chr_Z	35500001	36000000	0.0009372071227741331	466	3	3201	842
TapajosHeadwaters	chr_Z	36000001	36500000	0.0	534	0	4064	932
TapajosHeadwaters	chr_Z	36500001	37000000	0.0010622759261718232	755	8	7531	892
TapajosHeadwaters	chr_Z	37000001	37500000	0.003985828166519044	622	27	6774	632
TapajosHeadwaters	chr_Z	37500001	38000000	0.002261420171867933	729	15	6633	956
TapajosHeadwaters	chr_Z	38000001	38500000	0.0014958863126402393	532	6	4011	930
TapajosHeadwaters	chr_Z	38500001	39000000	0.0021729682746631897	652	10	4602	1188
TapajosHeadwaters	chr_Z	39000001	39500000	0.005214368482039398	464	27	5178	396
TapajosHeadwaters	chr_Z	39500001	40000000	0.0033825885704112514	573	19	5617	676
TapajosHeadwaters	chr_Z	40000001	40500000	0.0	480	0	4950	500
TapajosHeadwaters	chr_Z	40500001	41000000	0.0039447731755424065	212	8	2028	256
TapajosHeadwaters	chr_Z	41000001	41500000	0.0031620553359683794	548	16	5060	768
TapajosHeadwaters	chr_Z	41500001	42000000	0.0020652622883106154	246	5	2421	282
TapajosHeadwaters	chr_Z	42000001	42500000	0.0	1181	0	9005	2012
TapajosHeadwaters	chr_Z	42500001	43000000	0.0006006607267994795	1511	6	9989	3404
TapajosHeadwaters	chr_Z	43000001	43500000	0.0004890573419733463	1179	4	8179	2300
TapajosHeadwaters	chr_Z	43500001	44000000	0.002398081534772182	520	11	4587	714
TapajosHeadwaters	chr_Z	44000001	44500000	0.0	53	0	795	0
TapajosHeadwaters	chr_Z	44500001	45000000	0.008875739644970414	166	6	676	460
TapajosHeadwaters	chr_Z	45000001	45500000	0.0014232849416453174	281	5	3513	156
TapajosHeadwaters	chr_Z	45500001	46000000	0.0	253	0	3053	212
TapajosHeadwaters	chr_Z	46000001	46500000	0.0	1041	0	6594	2770
TapajosHeadwaters	chr_Z	46500001	47000000	0.005063291139240506	323	14	2765	568
TapajosHeadwaters	chr_Z	47000001	47500000	0.004227642276422764	358	13	3075	582
TapajosHeadwaters	chr_Z	47500001	48000000	0.0015473887814313346	481	8	5170	498
TapajosHeadwaters	chr_Z	48000001	48500000	0.0	154	0	1887	94
TapajosHeadwaters	chr_Z	48500001	49000000	0.002488038277511962	465	13	5225	452
TapajosHeadwaters	chr_Z	49000001	49500000	0.004500097828213657	463	23	5111	524
TapajosHeadwaters	chr_Z	49500001	50000000	0.0013611140194744007	911	13	9551	1076
TapajosHeadwaters	chr_Z	50000001	50500000	0.004595404595404595	415	23	5005	272
TapajosHeadwaters	chr_Z	50500001	51000000	0.0006991377301328362	411	3	4291	420
TapajosHeadwaters	chr_Z	51000001	51500000	0.0	723	0	4141	2180
TapajosHeadwaters	chr_Z	51500001	52000000	0.0	530	0	5331	582
TapajosHeadwaters	chr_Z	52000001	52500000	0.0010348395998620215	659	6	5798	1006
TapajosHeadwaters	chr_Z	52500001	53000000	0.008819538670284939	407	39	4422	374
TapajosHeadwaters	chr_Z	53000001	53500000	0.0	455	0	4566	502
TapajosHeadwaters	chr_Z	53500001	54000000	0.0030959752321981426	145	5	1615	160
TapajosHeadwaters	chr_Z	54000001	54500000	NA	0	0	0	0
TapajosHeadwaters	chr_Z	54500001	55000000	0.0019680734747430572	405	9	4573	396
TapajosHeadwaters	chr_Z	55000001	55500000	0.0019924287706714486	845	20	10038	586
TapajosHeadwaters	chr_Z	55500001	56000000	0.0024043715846994535	494	11	4575	630
TapajosHeadwaters	chr_Z	56000001	56500000	0.0015204170286707212	498	7	4604	668
TapajosHeadwaters	chr_Z	56500001	57000000	0.002572347266881029	328	8	3110	492
TapajosHeadwaters	chr_Z	57000001	57500000	0.011319630622579685	390	38	3357	554
TapajosHeadwaters	chr_Z	57500001	58000000	0.00527781850168597	810	36	6821	1322
TapajosHeadwaters	chr_Z	58000001	58500000	0.003336113427856547	388	12	3597	494
TapajosHeadwaters	chr_Z	58500001	59000000	0.0031892274982282067	446	9	2822	896
TapajosHeadwaters	chr_Z	59000001	59500000	0.0019059720457433292	801	15	7870	922
TapajosHeadwaters	chr_Z	59500001	60000000	0.0005549389567147614	493	3	5406	442
TapajosHeadwaters	chr_Z	60000001	60500000	0.0019139488592864798	1298	25	13062	1424
TapajosHeadwaters	chr_Z	60500001	61000000	0.0023223899503853054	1126	22	9473	1674
TapajosHeadwaters	chr_Z	61000001	61500000	0.0017337699865151224	762	9	5191	1438
TapajosHeadwaters	chr_Z	61500001	62000000	0.0007432733759476735	713	5	6727	976
TapajosHeadwaters	chr_Z	62000001	62500000	0.0010902153175252113	496	4	3669	886
TapajosHeadwaters	chr_Z	62500001	63000000	0.005915531710001375	712	43	7269	1382
TapajosHeadwaters	chr_Z	63000001	63500000	0.0	300	0	4104	88
TapajosHeadwaters	chr_Z	63500001	64000000	0.004783258594917788	292	16	3345	230
TapajosHeadwaters	chr_Z	64000001	64500000	0.0016733601070950468	711	10	5976	1082
TapajosHeadwaters	chr_Z	64500001	65000000	0.0036310820624546117	549	20	5508	606
TapajosHeadwaters	chr_Z	65000001	65500000	0.004319654427645789	155	6	1389	208
TapajosHeadwaters	chr_Z	65500001	66000000	0.004970760233918129	357	17	3420	470
TapajosHeadwaters	chr_Z	66000001	66500000	0.000585480093676815	566	3	5124	748
TapajosHeadwaters	chr_Z	66500001	67000000	0.0	608	0	6906	492
TapajosHeadwaters	chr_Z	67000001	67500000	0.002191780821917808	755	12	5475	1388
XinguBelem	chr_Z	1	500000	NA	0	0	0	0
XinguBelem	chr_Z	500001	1000000	NA	0	0	0	0
XinguBelem	chr_Z	1000001	1500000	NA	0	0	0	0
XinguBelem	chr_Z	1500001	2000000	NA	0	0	0	0
XinguBelem	chr_Z	2000001	2500000	NA	0	0	0	0
XinguBelem	chr_Z	2500001	3000000	NA	0	0	0	0
XinguBelem	chr_Z	3000001	3500000	0.0007566545061478178	441	28	37005	1238
XinguBelem	chr_Z	3500001	4000000	0.0	344	0	23212	1392
XinguBelem	chr_Z	4000001	4500000	0.0008578781812982557	181	9	10491	882
XinguBelem	chr_Z	4500001	5000000	0.002589575780403974	547	110	42478	1716
XinguBelem	chr_Z	5000001	5500000	0.0	316	0	23623	1114
XinguBelem	chr_Z	5500001	6000000	0.0024862078977932636	578	137	55104	1072
XinguBelem	chr_Z	6000001	6500000	0.0014107284175756117	925	123	87189	1702
XinguBelem	chr_Z	6500001	7000000	0.0021045470972130696	1471	297	141123	2594
XinguBelem	chr_Z	7000001	7500000	0.001146340099535872	1811	205	178830	2764
XinguBelem	chr_Z	7500001	8000000	0.0013829714128642111	1162	161	116416	1664
XinguBelem	chr_Z	8000001	8500000	0.0018904971496558419	1335	259	137001	1662
XinguBelem	chr_Z	8500001	9000000	0.0	225	0	17675	674
XinguBelem	chr_Z	9000001	9500000	0.0021576742542774945	880	171	79252	2008
XinguBelem	chr_Z	9500001	10000000	0.004148010784828041	869	340	81967	1610
XinguBelem	chr_Z	10000001	10500000	0.0	620	0	56967	1378
XinguBelem	chr_Z	10500001	11000000	0.005633081551657918	164	88	15622	292
XinguBelem	chr_Z	11000001	11500000	0.00048489746439034245	549	24	49495	1202
XinguBelem	chr_Z	11500001	12000000	0.0005665588631052147	410	24	42361	494
XinguBelem	chr_Z	12000001	12500000	0.0004222972972972973	709	28	66304	1400
XinguBelem	chr_Z	12500001	13000000	0.001751927119831815	389	65	37102	740
XinguBelem	chr_Z	13000001	13500000	0.002175191064079953	168	37	17010	252
XinguBelem	chr_Z	13500001	14000000	0.0006815935657567393	418	20	29343	1786
XinguBelem	chr_Z	14000001	14500000	0.0010616670431443415	436	47	44270	588
XinguBelem	chr_Z	14500001	15000000	0.00014346568962853422	926	13	90614	1452
XinguBelem	chr_Z	15000001	15500000	0.0	833	0	71421	2166
XinguBelem	chr_Z	15500001	16000000	0.0027948419945763464	451	101	36138	1348
XinguBelem	chr_Z	16000001	16500000	0.0003021990794551118	529	13	43018	1564
XinguBelem	chr_Z	16500001	17000000	0.0015089517543263413	843	111	73561	2070
XinguBelem	chr_Z	17000001	17500000	0.0010973859703424407	383	39	35539	762
XinguBelem	chr_Z	17500001	18000000	0.001502542764678687	259	39	25956	360
XinguBelem	chr_Z	18000001	18500000	0.0005856944139395271	605	24	40977	2470
XinguBelem	chr_Z	18500001	19000000	0.00021391430263937339	661	13	60772	1344
XinguBelem	chr_Z	19000001	19500000	0.0006667627766164492	1148	74	110984	1968
XinguBelem	chr_Z	19500001	20000000	0.0008384349214799042	765	63	75140	1216
XinguBelem	chr_Z	20000001	20500000	0.0010631682413592505	544	53	49851	1138
XinguBelem	chr_Z	20500001	21000000	0.0018454468792393336	979	151	81823	2722
XinguBelem	chr_Z	21000001	21500000	0.0005003231253517897	490	24	47969	774
XinguBelem	chr_Z	21500001	22000000	0.0	254	0	25936	336
XinguBelem	chr_Z	22000001	22500000	0.0	469	0	37072	1464
XinguBelem	chr_Z	22500001	23000000	0.0008658477190324152	616	48	55437	1422
XinguBelem	chr_Z	23000001	23500000	0.003157927649063565	399	101	31983	1234
XinguBelem	chr_Z	23500001	24000000	0.0013208901651112707	403	46	34825	1030
XinguBelem	chr_Z	24000001	24500000	0.0007515783144603667	223	15	19958	532
XinguBelem	chr_Z	24500001	25000000	0.0	455	0	46488	560
XinguBelem	chr_Z	25000001	25500000	0.00019276551039488016	995	20	103753	1126
XinguBelem	chr_Z	25500001	26000000	0.000979650763096384	1156	114	116368	1568
XinguBelem	chr_Z	26000001	26500000	0.0008134891288270966	412	33	40566	636
XinguBelem	chr_Z	26500001	27000000	0.0006338139755981619	666	36	56799	1714
XinguBelem	chr_Z	27000001	27500000	0.0009843400447427293	613	55	55875	1330
XinguBelem	chr_Z	27500001	28000000	0.0022193585337915234	232	31	13968	1056
XinguBelem	chr_Z	28000001	28500000	0.0	171	0	12661	574
XinguBelem	chr_Z	28500001	29000000	0.0	79	0	5214	316
XinguBelem	chr_Z	29000001	29500000	0.0014934428524758481	252	32	21427	682
XinguBelem	chr_Z	29500001	30000000	0.0006519727433330529	569	31	47548	1600
XinguBelem	chr_Z	30000001	30500000	0.0022382839822802517	314	48	21445	1222
XinguBelem	chr_Z	30500001	31000000	0.0003731557494689707	451	13	34838	1476
XinguBelem	chr_Z	31000001	31500000	0.0008036001285760206	246	20	24888	336
XinguBelem	chr_Z	31500001	32000000	0.0012711681820140475	603	59	46414	1924
XinguBelem	chr_Z	32000001	32500000	0.0012551660799020358	341	41	32665	662
XinguBelem	chr_Z	32500001	33000000	0.0009686429987385114	596	43	44392	2024
XinguBelem	chr_Z	33000001	33500000	0.0007192045597569089	694	40	55617	2110
XinguBelem	chr_Z	33500001	34000000	0.0009874979038959587	610	53	53671	1474
XinguBelem	chr_Z	34000001	34500000	0.0009436744323208493	590	48	50865	1462
XinguBelem	chr_Z	34500001	35000000	0.0009067827348567283	178	15	16542	348
XinguBelem	chr_Z	35000001	35500000	0.0	105	0	7169	414
XinguBelem	chr_Z	35500001	36000000	0.0006263113393667993	466	20	31933	1902
XinguBelem	chr_Z	36000001	36500000	0.0008166376306620209	534	45	55104	640
XinguBelem	chr_Z	36500001	37000000	0.0011126605940124025	755	75	67406	1700
XinguBelem	chr_Z	37000001	37500000	0.003229780574701162	622	194	60066	1068
XinguBelem	chr_Z	37500001	38000000	0.0008299005628234726	729	55	66273	1558
XinguBelem	chr_Z	38000001	38500000	0.0006893791140366482	532	31	44968	1376
XinguBelem	chr_Z	38500001	39000000	0.0003916370428390673	652	26	66388	856
XinguBelem	chr_Z	39000001	39500000	0.0005408475080451066	464	20	36979	1450
XinguBelem	chr_Z	39500001	40000000	0.0005886760141282243	573	33	56058	876
XinguBelem	chr_Z	40000001	40500000	0.000434593654932638	480	20	46020	880
XinguBelem	chr_Z	40500001	41000000	0.0006297589740653804	212	11	17467	570
XinguBelem	chr_Z	41000001	41500000	0.0004262483749280706	548	20	46921	1422
XinguBelem	chr_Z	41500001	42000000	0.002224946646687554	246	49	22023	546
XinguBelem	chr_Z	42000001	42500000	0.00010504880729200336	1181	13	123752	1256
XinguBelem	chr_Z	42500001	43000000	8.637816360024185e-05	1573	15	173655	1074
XinguBelem	chr_Z	43000001	43500000	8.640462500392749e-05	1179	11	127308	1016
XinguBelem	chr_Z	43500001	44000000	0.0025297801792951	520	103	40715	1570
XinguBelem	chr_Z	44000001	44500000	0.0	53	0	2385	318
XinguBelem	chr_Z	44500001	45000000	0.0033618581907090463	166	33	9816	792
XinguBelem	chr_Z	45000001	45500000	0.0	281	0	20567	1018
XinguBelem	chr_Z	45500001	46000000	0.0	253	0	18304	1008
XinguBelem	chr_Z	46000001	46500000	0.000527263583121076	1117	65	123278	764
XinguBelem	chr_Z	46500001	47000000	0.002883922134102379	323	84	29127	682
XinguBelem	chr_Z	47000001	47500000	0.0051788364275114325	358	171	33019	722
XinguBelem	chr_Z	47500001	48000000	0.0013132900260312845	481	56	42641	1254
XinguBelem	chr_Z	48000001	48500000	0.004267744833782569	154	38	8904	736
XinguBelem	chr_Z	48500001	49000000	0.0018929435271847724	465	72	38036	1336
XinguBelem	chr_Z	49000001	49500000	0.0018609691173352807	463	79	42451	946
XinguBelem	chr_Z	49500001	50000000	0.0030856564086257053	911	262	84909	1838
XinguBelem	chr_Z	50000001	50500000	0.0017191830031817715	415	67	38972	776
XinguBelem	chr_Z	50500001	51000000	0.0021217600964436407	411	88	41475	586
XinguBelem	chr_Z	51000001	51500000	0.0	789	0	80943	970
XinguBelem	chr_Z	51500001	52000000	0.0	530	0	42278	1588
XinguBelem	chr_Z	52000001	52500000	0.0037542139135764633	659	196	52208	1952
XinguBelem	chr_Z	52500001	53000000	0.0021866966106202537	407	74	33841	1086
XinguBelem	chr_Z	53000001	53500000	0.002236883727235754	455	99	44258	788
XinguBelem	chr_Z	53500001	54000000	0.004262574595055414	145	50	11730	420
XinguBelem	chr_Z	54000001	54500000	NA	0	0	0	0
XinguBelem	chr_Z	54500001	55000000	0.004000145459834903	405	110	27499	1682
XinguBelem	chr_Z	55000001	55500000	0.001535578941436682	845	109	70983	2442
XinguBelem	chr_Z	55500001	56000000	0.002228060956384656	494	106	47575	842
XinguBelem	chr_Z	56000001	56500000	0.003738466433343939	498	141	37716	1680
XinguBelem	chr_Z	56500001	57000000	0.00443142846133097	328	115	25951	1002
XinguBelem	chr_Z	57000001	57500000	0.006445606245076273	390	180	27926	1420
XinguBelem	chr_Z	57500001	58000000	0.0017028465695016156	810	127	74581	1622
XinguBelem	chr_Z	58000001	58500000	0.003556007112014224	388	98	27559	1410
XinguBelem	chr_Z	58500001	59000000	0.004336643139131475	446	145	33436	1520
XinguBelem	chr_Z	59000001	59500000	0.0006203390287648511	801	46	74153	1590
XinguBelem	chr_Z	59500001	60000000	0.0008256664307619722	493	35	42390	1260
XinguBelem	chr_Z	60000001	60500000	0.001978438682140011	1298	216	109177	3438
XinguBelem	chr_Z	60500001	61000000	0.0026323879794020446	1126	274	104088	2240
XinguBelem	chr_Z	61000001	61500000	0.0006893699158968703	762	45	65277	1966
XinguBelem	chr_Z	61500001	62000000	0.0011209274199495583	713	76	67801	1262
XinguBelem	chr_Z	62000001	62500000	0.0010310872815383822	496	40	38794	1620
XinguBelem	chr_Z	62500001	63000000	0.0022105432666266523	796	151	68309	2046
XinguBelem	chr_Z	63000001	63500000	0.0037474679270763	300	111	29620	448
XinguBelem	chr_Z	63500001	64000000	0.0034915936088656114	292	92	26349	614
XinguBelem	chr_Z	64000001	64500000	0.0036533614115695097	711	229	62682	1668
XinguBelem	chr_Z	64500001	65000000	0.001999569984949473	549	93	46510	1404
XinguBelem	chr_Z	65000001	65500000	0.0008523827973653623	155	11	12905	406
XinguBelem	chr_Z	65500001	66000000	0.001002854277559207	357	26	25926	1396
XinguBelem	chr_Z	66000001	66500000	0.0034414450711791568	566	205	59568	648
XinguBelem	chr_Z	66500001	67000000	0.0	608	0	53558	1460
XinguBelem	chr_Z	67000001	67500000	0.0006095572912975065	755	43	70543	1418
XinguHeadwaters	chr_Z	1	500000	NA	0	0	0	0
XinguHeadwaters	chr_Z	500001	1000000	NA	0	0	0	0
XinguHeadwaters	chr_Z	1000001	1500000	NA	0	0	0	0
XinguHeadwaters	chr_Z	1500001	2000000	NA	0	0	0	0
XinguHeadwaters	chr_Z	2000001	2500000	NA	0	0	0	0
XinguHeadwaters	chr_Z	2500001	3000000	NA	0	0	0	0
XinguHeadwaters	chr_Z	3000001	3500000	0.0	441	0	2646	0
XinguHeadwaters	chr_Z	3500001	4000000	0.0	344	0	2064	0
XinguHeadwaters	chr_Z	4000001	4500000	0.0	181	0	1086	0
XinguHeadwaters	chr_Z	4500001	5000000	0.001218769043266301	547	4	3282	0
XinguHeadwaters	chr_Z	5000001	5500000	0.0	316	0	1896	0
XinguHeadwaters	chr_Z	5500001	6000000	0.0011534025374855825	578	4	3468	0
XinguHeadwaters	chr_Z	6000001	6500000	0.0014414414414414415	925	8	5550	0
XinguHeadwaters	chr_Z	6500001	7000000	0.0013903371567605145	1471	12	8631	78
XinguHeadwaters	chr_Z	7000001	7500000	0.0006442113013068287	1811	7	10866	0
XinguHeadwaters	chr_Z	7500001	8000000	0.0	1162	0	6972	0
XinguHeadwaters	chr_Z	8000001	8500000	0.0004993757802746567	1335	4	8010	0
XinguHeadwaters	chr_Z	8500001	9000000	0.0	225	0	1350	0
XinguHeadwaters	chr_Z	9000001	9500000	0.0005681818181818182	880	3	5280	0
XinguHeadwaters	chr_Z	9500001	10000000	0.002109704641350211	869	11	5214	0
XinguHeadwaters	chr_Z	10000001	10500000	0.0020408163265306124	620	7	3430	116
XinguHeadwaters	chr_Z	10500001	11000000	0.006097560975609756	164	6	984	0
XinguHeadwaters	chr_Z	11000001	11500000	0.00037893141341417203	549	1	2639	262
XinguHeadwaters	chr_Z	11500001	12000000	0.0024390243902439024	410	6	2460	0
XinguHeadwaters	chr_Z	12000001	12500000	0.0	709	0	4254	0
XinguHeadwaters	chr_Z	12500001	13000000	0.002570694087403599	389	6	2334	0
XinguHeadwaters	chr_Z	13000001	13500000	0.003968253968253968	168	4	1008	0
XinguHeadwaters	chr_Z	13500001	14000000	0.0	418	0	2263	98
XinguHeadwaters	chr_Z	14000001	14500000	0.0012897678417884782	436	3	2326	116
XinguHeadwaters	chr_Z	14500001	15000000	0.0	926	0	5556	0
XinguHeadwaters	chr_Z	15000001	15500000	0.0012004801920768306	833	6	4998	0
XinguHeadwaters	chr_Z	15500001	16000000	0.0011086474501108647	451	3	2706	0
XinguHeadwaters	chr_Z	16000001	16500000	0.000945179584120983	529	3	3174	0
XinguHeadwaters	chr_Z	16500001	17000000	0.00276789244760775	843	14	5058	0
XinguHeadwaters	chr_Z	17000001	17500000	0.0013054830287206266	383	3	2298	0
XinguHeadwaters	chr_Z	17500001	18000000	0.0	259	0	1554	0
XinguHeadwaters	chr_Z	18000001	18500000	0.001652892561983471	605	6	3630	0
XinguHeadwaters	chr_Z	18500001	19000000	0.0007564296520423601	661	3	3966	0
XinguHeadwaters	chr_Z	19000001	19500000	0.00043554006968641115	1148	3	6888	0
XinguHeadwaters	chr_Z	19500001	20000000	0.0	765	0	4585	2
XinguHeadwaters	chr_Z	20000001	20500000	0.0009191176470588235	544	3	3264	0
XinguHeadwaters	chr_Z	20500001	21000000	0.0031667839549612948	979	18	5684	76
XinguHeadwaters	chr_Z	21000001	21500000	0.0	490	0	2940	0
XinguHeadwaters	chr_Z	21500001	22000000	0.0	254	0	1524	0
XinguHeadwaters	chr_Z	22000001	22500000	0.0	469	0	2814	0
XinguHeadwaters	chr_Z	22500001	23000000	0.0008116883116883117	616	3	3696	0
XinguHeadwaters	chr_Z	23000001	23500000	0.0018231540565177757	399	4	2194	80
XinguHeadwaters	chr_Z	23500001	24000000	0.0	403	0	2418	0
XinguHeadwaters	chr_Z	24000001	24500000	0.0	223	0	1338	0
XinguHeadwaters	chr_Z	24500001	25000000	0.001098901098901099	455	3	2730	0
XinguHeadwaters	chr_Z	25000001	25500000	0.0005025125628140704	995	3	5970	0
XinguHeadwaters	chr_Z	25500001	26000000	0.0014417531718569781	1156	10	6936	0
XinguHeadwaters	chr_Z	26000001	26500000	0.003236245954692557	412	8	2472	0
XinguHeadwaters	chr_Z	26500001	27000000	0.0007507507507507507	666	3	3996	0
XinguHeadwaters	chr_Z	27000001	27500000	0.0	613	0	3678	0
XinguHeadwaters	chr_Z	27500001	28000000	0.0021551724137931034	232	3	1392	0
XinguHeadwaters	chr_Z	28000001	28500000	0.0029239766081871343	171	3	1026	0
XinguHeadwaters	chr_Z	28500001	29000000	0.0	79	0	474	0
XinguHeadwaters	chr_Z	29000001	29500000	0.0	252	0	1512	0
XinguHeadwaters	chr_Z	29500001	30000000	0.0	569	0	3159	102
XinguHeadwaters	chr_Z	30000001	30500000	0.0031847133757961785	314	6	1884	0
XinguHeadwaters	chr_Z	30500001	31000000	0.0	451	0	2706	0
XinguHeadwaters	chr_Z	31000001	31500000	0.0027100271002710027	246	4	1476	0
XinguHeadwaters	chr_Z	31500001	32000000	0.0	603	0	3618	0
XinguHeadwaters	chr_Z	32000001	32500000	0.0	341	0	2046	0
XinguHeadwaters	chr_Z	32500001	33000000	0.0016778523489932886	596	6	3576	0
XinguHeadwaters	chr_Z	33000001	33500000	0.001440922190201729	694	6	4164	0
XinguHeadwaters	chr_Z	33500001	34000000	0.001912568306010929	610	7	3660	0
XinguHeadwaters	chr_Z	34000001	34500000	0.001694915254237288	590	6	3540	0
XinguHeadwaters	chr_Z	34500001	35000000	0.0	178	0	1068	0
XinguHeadwaters	chr_Z	35000001	35500000	0.0	105	0	630	0
XinguHeadwaters	chr_Z	35500001	36000000	0.001430615164520744	466	4	2796	0
XinguHeadwaters	chr_Z	36000001	36500000	0.0	534	0	3204	0
XinguHeadwaters	chr_Z	36500001	37000000	0.0	755	0	4310	88
XinguHeadwaters	chr_Z	37000001	37500000	0.002947481243301179	622	11	3732	0
XinguHeadwaters	chr_Z	37500001	38000000	0.0013717421124828531	729	6	4374	0
XinguHeadwaters	chr_Z	38000001	38500000	0.0	532	0	3192	0
XinguHeadwaters	chr_Z	38500001	39000000	0.0015337423312883436	652	6	3912	0
XinguHeadwaters	chr_Z	39000001	39500000	0.00646551724137931	464	18	2784	0
XinguHeadwaters	chr_Z	39500001	40000000	0.0029086678301337987	573	10	3438	0
XinguHeadwaters	chr_Z	40000001	40500000	0.0	480	0	2880	0
XinguHeadwaters	chr_Z	40500001	41000000	0.0	212	0	1272	0
XinguHeadwaters	chr_Z	41000001	41500000	0.0	548	0	3288	0
XinguHeadwaters	chr_Z	41500001	42000000	0.0027100271002710027	246	4	1476	0
XinguHeadwaters	chr_Z	42000001	42500000	0.0	1181	0	7086	0
XinguHeadwaters	chr_Z	42500001	43000000	0.0003178639542275906	1573	3	9438	0
XinguHeadwaters	chr_Z	43000001	43500000	0.0	1179	0	7074	0
XinguHeadwaters	chr_Z	43500001	44000000	0.0	520	0	3120	0
XinguHeadwaters	chr_Z	44000001	44500000	0.0	53	0	318	0
XinguHeadwaters	chr_Z	44500001	45000000	0.008032128514056224	166	8	996	0
XinguHeadwaters	chr_Z	45000001	45500000	0.002372479240806643	281	4	1686	0
XinguHeadwaters	chr_Z	45500001	46000000	0.001976284584980237	253	3	1518	0
XinguHeadwaters	chr_Z	46000001	46500000	0.0004476275738585497	1117	3	6702	0
XinguHeadwaters	chr_Z	46500001	47000000	0.004796163069544364	323	8	1668	108
XinguHeadwaters	chr_Z	47000001	47500000	0.0013966480446927375	358	3	2148	0
XinguHeadwaters	chr_Z	47500001	48000000	0.0010395010395010396	481	3	2886	0
XinguHeadwaters	chr_Z	48000001	48500000	0.0	154	0	924	0
XinguHeadwaters	chr_Z	48500001	49000000	0.0025089605734767025	465	7	2790	0
XinguHeadwaters	chr_Z	49000001	49500000	0.0032810791104629965	463	9	2743	14
XinguHeadwaters	chr_Z	49500001	50000000	0.002012440541529455	911	11	5466	0
XinguHeadwaters	chr_Z	50000001	50500000	0.004417670682730923	415	11	2490	0
XinguHeadwaters	chr_Z	50500001	51000000	0.0012165450121654502	411	3	2466	0
XinguHeadwaters	chr_Z	51000001	51500000	0.0	789	0	4734	0
XinguHeadwaters	chr_Z	51500001	52000000	0.0	530	0	3180	0
XinguHeadwaters	chr_Z	52000001	52500000	0.0007587253414264037	659	3	3954	0
XinguHeadwaters	chr_Z	52500001	53000000	0.004095004095004095	407	10	2442	0
XinguHeadwaters	chr_Z	53000001	53500000	0.001098901098901099	455	3	2730	0
XinguHeadwaters	chr_Z	53500001	54000000	0.0	145	0	870	0
XinguHeadwaters	chr_Z	54000001	54500000	NA	0	0	0	0
XinguHeadwaters	chr_Z	54500001	55000000	0.0	405	0	2430	0
XinguHeadwaters	chr_Z	55000001	55500000	0.0019723865877712033	845	10	5070	0
XinguHeadwaters	chr_Z	55500001	56000000	0.001349527665317139	494	4	2964	0
XinguHeadwaters	chr_Z	56000001	56500000	0.003938417472252059	498	11	2793	78
XinguHeadwaters	chr_Z	56500001	57000000	0.0	328	0	1968	0
XinguHeadwaters	chr_Z	57000001	57500000	0.002564102564102564	390	6	2340	0
XinguHeadwaters	chr_Z	57500001	58000000	0.004343105320304018	810	20	4605	102
XinguHeadwaters	chr_Z	58000001	58500000	0.004725085910652921	388	11	2328	0
XinguHeadwaters	chr_Z	58500001	59000000	0.004708904109589041	446	11	2336	136
XinguHeadwaters	chr_Z	59000001	59500000	0.0006242197253433209	801	3	4806	0
XinguHeadwaters	chr_Z	59500001	60000000	0.0	493	0	2568	156
XinguHeadwaters	chr_Z	60000001	60500000	0.002054442732408834	1298	16	7788	0
XinguHeadwaters	chr_Z	60500001	61000000	0.0025162818235642394	1126	17	6756	0
XinguHeadwaters	chr_Z	61000001	61500000	0.0026246719160104987	762	12	4572	0
XinguHeadwaters	chr_Z	61500001	62000000	0.0028790786948176585	713	12	4168	44
XinguHeadwaters	chr_Z	62000001	62500000	0.0010080645161290322	496	3	2976	0
XinguHeadwaters	chr_Z	62500001	63000000	0.0029082774049217002	745	13	4470	204
XinguHeadwaters	chr_Z	63000001	63500000	0.0016666666666666668	300	3	1800	0
XinguHeadwaters	chr_Z	63500001	64000000	0.003995433789954338	292	7	1752	0
XinguHeadwaters	chr_Z	64000001	64500000	0.0025785278949835913	711	11	4266	0
XinguHeadwaters	chr_Z	64500001	65000000	0.000992063492063492	504	3	3024	180
XinguHeadwaters	chr_Z	65000001	65500000	0.0064516129032258064	155	6	930	0
XinguHeadwaters	chr_Z	65500001	66000000	0.0	357	0	1897	98
XinguHeadwaters	chr_Z	66000001	66500000	0.0008833922261484099	566	3	3396	0
XinguHeadwaters	chr_Z	66500001	67000000	0.0	608	0	3648	0
XinguHeadwaters	chr_Z	67000001	67500000	0.0007042253521126761	755	3	4260	108
