pop	chromosome	window_pos_1	window_pos_2	avg_pi	no_sites	count_diffs	count_comparisons	count_missing
AtlanticForest	chr_Z	1	500000	NA	0	0	0	0
AtlanticForest	chr_Z	500001	1000000	NA	0	0	0	0
AtlanticForest	chr_Z	1000001	1500000	NA	0	0	0	0
AtlanticForest	chr_Z	1500001	2000000	NA	0	0	0	0
AtlanticForest	chr_Z	2000001	2500000	NA	0	0	0	0
AtlanticForest	chr_Z	2500001	3000000	NA	0	0	0	0
AtlanticForest	chr_Z	3000001	3500000	0.00210054283691291	446	178	84740	0
AtlanticForest	chr_Z	3500001	4000000	0.0011547163922914878	348	74	64085	110
AtlanticForest	chr_Z	4000001	4500000	0.0	182	0	31620	160
AtlanticForest	chr_Z	4500001	5000000	0.0032237199015148353	552	309	95852	488
AtlanticForest	chr_Z	5000001	5500000	0.0007882981518787772	317	45	57085	170
AtlanticForest	chr_Z	5500001	6000000	0.00017211703958691912	581	19	110390	0
AtlanticForest	chr_Z	6000001	6500000	0.0019518248998702545	933	346	177270	0
AtlanticForest	chr_Z	6500001	7000000	0.0022557503143258635	1483	610	270420	652
AtlanticForest	chr_Z	7000001	7500000	0.0018650107011210558	1829	637	341553	322
AtlanticForest	chr_Z	7500001	8000000	0.0016482233739552692	1172	353	214170	460
AtlanticForest	chr_Z	8000001	8500000	0.0017064572985098542	1347	426	249640	340
AtlanticForest	chr_Z	8500001	9000000	0.0	225	0	42750	0
AtlanticForest	chr_Z	9000001	9500000	0.0019405032132097958	900	324	166967	218
AtlanticForest	chr_Z	9500001	10000000	0.006053931633503814	884	973	160722	396
AtlanticForest	chr_Z	10000001	10500000	0.002145592559666279	627	251	116984	116
AtlanticForest	chr_Z	10500001	11000000	0.007518022657054583	165	219	29130	120
AtlanticForest	chr_Z	11000001	11500000	0.0017874680809271263	551	182	101820	164
AtlanticForest	chr_Z	11500001	12000000	0.002267084098024398	413	168	74104	236
AtlanticForest	chr_Z	12000001	12500000	0.0019141961572512144	715	240	125379	582
AtlanticForest	chr_Z	12500001	13000000	0.0031276346922679433	396	230	73538	92
AtlanticForest	chr_Z	13000001	13500000	0.0006202056471356291	170	19	30635	90
AtlanticForest	chr_Z	13500001	14000000	0.0	422	0	80180	0
AtlanticForest	chr_Z	14000001	14500000	0.0032572041692213367	445	255	78288	340
AtlanticForest	chr_Z	14500001	15000000	0.0009214089077064832	941	163	176903	102
AtlanticForest	chr_Z	15000001	15500000	0.0004739640043553449	849	74	156130	280
AtlanticForest	chr_Z	15500001	16000000	0.0006270440406226179	453	51	81334	256
AtlanticForest	chr_Z	16000001	16500000	0.0021237463291705195	531	209	98411	134
AtlanticForest	chr_Z	16500001	17000000	0.00334812193274476	854	526	157103	290
AtlanticForest	chr_Z	17000001	17500000	0.00445228375129799	385	313	70301	154
AtlanticForest	chr_Z	17500001	18000000	0.002930622009569378	264	147	50160	0
AtlanticForest	chr_Z	18000001	18500000	0.0012579533645694701	612	138	109702	364
AtlanticForest	chr_Z	18500001	19000000	0.0004508780256288562	679	57	126420	140
AtlanticForest	chr_Z	19000001	19500000	0.0007707164451621486	1179	168	217979	326
AtlanticForest	chr_Z	19500001	20000000	0.0015558630565136275	776	226	145257	118
AtlanticForest	chr_Z	20000001	20500000	0.002364607170099161	552	248	104880	0
AtlanticForest	chr_Z	20500001	21000000	0.005137074264970291	990	900	175197	702
AtlanticForest	chr_Z	21000001	21500000	0.0	492	0	86316	400
AtlanticForest	chr_Z	21500001	22000000	0.0	256	0	48640	0
AtlanticForest	chr_Z	22000001	22500000	0.0034640741982344394	471	310	89490	0
AtlanticForest	chr_Z	22500001	23000000	0.00032521500325215	620	36	110696	384
AtlanticForest	chr_Z	23000001	23500000	0.0026859698365587353	403	200	74461	114
AtlanticForest	chr_Z	23500001	24000000	0.0009746588693957114	405	75	76950	0
AtlanticForest	chr_Z	24000001	24500000	0.0	223	0	40446	104
AtlanticForest	chr_Z	24500001	25000000	0.0002173913043478261	460	19	87400	0
AtlanticForest	chr_Z	25000001	25500000	0.0007833552672808172	1023	150	191484	156
AtlanticForest	chr_Z	25500001	26000000	0.0016651274095440007	1196	366	219803	402
AtlanticForest	chr_Z	26000001	26500000	0.0	413	0	78470	0
AtlanticForest	chr_Z	26500001	27000000	0.0013479251580602715	670	168	124636	144
AtlanticForest	chr_Z	27000001	27500000	0.0015820890416816324	617	185	116934	16
AtlanticForest	chr_Z	27500001	28000000	0.0011569872958257714	232	51	44080	0
AtlanticForest	chr_Z	28000001	28500000	0.0011978837387282468	172	36	30053	142
AtlanticForest	chr_Z	28500001	29000000	0.0	79	0	15010	0
AtlanticForest	chr_Z	29000001	29500000	0.0007936507936507937	252	38	47880	0
AtlanticForest	chr_Z	29500001	30000000	0.0012491592197559334	575	130	104070	280
AtlanticForest	chr_Z	30000001	30500000	0.0019410345189382016	315	111	57186	144
AtlanticForest	chr_Z	30500001	31000000	0.004016590784486663	456	337	83902	148
AtlanticForest	chr_Z	31000001	31500000	0.007376875924751638	249	349	47310	0
AtlanticForest	chr_Z	31500001	32000000	0.0010994951484776573	605	120	109141	314
AtlanticForest	chr_Z	32000001	32500000	0.002071505293846862	343	135	65170	0
AtlanticForest	chr_Z	32500001	33000000	0.0018503381807403148	599	206	111331	134
AtlanticForest	chr_Z	33000001	33500000	0.00106644663096276	703	137	128464	276
AtlanticForest	chr_Z	33500001	34000000	0.0011915269196822594	614	135	113300	192
AtlanticForest	chr_Z	34000001	34500000	0.0005661211853162317	595	64	113050	0
AtlanticForest	chr_Z	34500001	35000000	0.0010644589000591367	178	36	33820	0
AtlanticForest	chr_Z	35000001	35500000	0.00253227408142999	106	51	20140	0
AtlanticForest	chr_Z	35500001	36000000	0.0014619883040935672	468	130	88920	0
AtlanticForest	chr_Z	36000001	36500000	0.0006237816764132554	540	64	102600	0
AtlanticForest	chr_Z	36500001	37000000	0.00147815333279671	758	202	136657	398
AtlanticForest	chr_Z	37000001	37500000	0.0006569611604561939	625	75	114162	248
AtlanticForest	chr_Z	37500001	38000000	0.0006844678450545318	736	91	132950	380
AtlanticForest	chr_Z	38000001	38500000	0.0003745318352059925	534	38	101460	0
AtlanticForest	chr_Z	38500001	39000000	0.00046846106431066366	655	57	121675	150
AtlanticForest	chr_Z	39000001	39500000	0.0009528130671506353	464	84	88160	0
AtlanticForest	chr_Z	39500001	40000000	0.0013149365682007593	582	142	107990	140
AtlanticForest	chr_Z	40000001	40500000	0.0002191439545103286	483	19	86701	274
AtlanticForest	chr_Z	40500001	41000000	0.0	213	0	36252	228
AtlanticForest	chr_Z	41000001	41500000	0.00035742298031195085	549	36	100721	194
AtlanticForest	chr_Z	41500001	42000000	0.0015852885225110971	249	75	47310	0
AtlanticForest	chr_Z	42000001	42500000	0.000981379951061853	1217	225	229269	106
AtlanticForest	chr_Z	42500001	43000000	0.0014646405805302666	1623	440	300415	430
AtlanticForest	chr_Z	43000001	43500000	0.000700652008015102	1222	157	224077	438
AtlanticForest	chr_Z	43500001	44000000	0.000881575080811049	527	87	98687	78
AtlanticForest	chr_Z	44000001	44500000	0.0	55	0	10450	0
AtlanticForest	chr_Z	44500001	45000000	0.001616994292961319	166	51	31540	0
AtlanticForest	chr_Z	45000001	45500000	0.0	282	0	52100	80
AtlanticForest	chr_Z	45500001	46000000	0.0	255	0	45749	146
AtlanticForest	chr_Z	46000001	46500000	0.0017011061915540077	1156	360	211627	474
AtlanticForest	chr_Z	46500001	47000000	0.0019433198380566803	325	120	61750	0
AtlanticForest	chr_Z	47000001	47500000	0.003453416905008215	367	227	65732	228
AtlanticForest	chr_Z	47500001	48000000	0.0012678179824561404	483	111	87552	228
AtlanticForest	chr_Z	48000001	48500000	0.001731748726655348	155	51	29450	0
AtlanticForest	chr_Z	48500001	49000000	0.004814274492200651	469	429	89110	0
AtlanticForest	chr_Z	49000001	49500000	0.0038772213247172858	470	324	83565	310
AtlanticForest	chr_Z	49500001	50000000	0.0022477868640058815	916	373	165941	438
AtlanticForest	chr_Z	50000001	50500000	0.004503690314806447	417	299	66390	712
AtlanticForest	chr_Z	50500001	51000000	0.0017204027016694279	413	135	78470	0
AtlanticForest	chr_Z	51000001	51500000	0.0016143972475850205	813	244	151140	180
AtlanticForest	chr_Z	51500001	52000000	0.0005325147224658564	536	51	95772	328
AtlanticForest	chr_Z	52000001	52500000	0.00264809164699787	669	322	121597	298
AtlanticForest	chr_Z	52500001	53000000	0.004464930596593521	415	340	76149	146
AtlanticForest	chr_Z	53000001	53500000	0.0034306742640075973	457	289	84240	140
AtlanticForest	chr_Z	53500001	54000000	0.003780718336483932	147	100	26450	80
AtlanticForest	chr_Z	54000001	54500000	NA	0	0	0	0
AtlanticForest	chr_Z	54500001	55000000	0.0029748908296943232	410	218	73280	264
AtlanticForest	chr_Z	55000001	55500000	0.00194211369850099	852	309	159105	150
AtlanticForest	chr_Z	55500001	56000000	0.005275308784485744	503	457	86630	552
AtlanticForest	chr_Z	56000001	56500000	0.007773994085491532	505	694	89272	372
AtlanticForest	chr_Z	56500001	57000000	0.0021487444276963533	329	134	62362	8
AtlanticForest	chr_Z	57000001	57500000	0.006062160775524532	398	449	74066	84
AtlanticForest	chr_Z	57500001	58000000	0.0025467238943822665	819	375	147248	452
AtlanticForest	chr_Z	58000001	58500000	0.003731817989058988	392	264	70743	202
AtlanticForest	chr_Z	58500001	59000000	0.003988304093567252	450	341	85500	0
AtlanticForest	chr_Z	59000001	59500000	0.004418214654282766	816	685	155040	0
AtlanticForest	chr_Z	59500001	60000000	0.002134855210314944	498	202	94620	0
AtlanticForest	chr_Z	60000001	60500000	0.006356272138957572	1320	1545	243067	418
AtlanticForest	chr_Z	60500001	61000000	0.004645331129963587	1133	967	208166	384
AtlanticForest	chr_Z	61000001	61500000	0.0034240250053278395	774	482	140770	340
AtlanticForest	chr_Z	61500001	62000000	0.004110618471481175	721	547	133070	224
AtlanticForest	chr_Z	62000001	62500000	0.005736367915749833	502	524	91347	218
AtlanticForest	chr_Z	62500001	63000000	0.005882505713692084	811	906	154016	4
AtlanticForest	chr_Z	63000001	63500000	0.0043972835314091685	310	259	58900	0
AtlanticForest	chr_Z	63500001	64000000	0.001691827173347215	294	91	53788	112
AtlanticForest	chr_Z	64000001	64500000	0.0011537774022133025	713	142	123074	752
AtlanticForest	chr_Z	64500001	65000000	0.005973115520272558	561	547	91577	866
AtlanticForest	chr_Z	65000001	65500000	0.0	155	0	27526	104
AtlanticForest	chr_Z	65500001	66000000	0.0026955388831483894	361	180	66777	98
AtlanticForest	chr_Z	66000001	66500000	0.0027858504710956446	571	301	108046	24
AtlanticForest	chr_Z	66500001	67000000	0.0	609	0	115710	0
AtlanticForest	chr_Z	67000001	67500000	0.00019889188805228015	766	28	140780	272
Inambari	chr_Z	1	500000	NA	0	0	0	0
Inambari	chr_Z	500001	1000000	NA	0	0	0	0
Inambari	chr_Z	1000001	1500000	NA	0	0	0	0
Inambari	chr_Z	1500001	2000000	NA	0	0	0	0
Inambari	chr_Z	2000001	2500000	NA	0	0	0	0
Inambari	chr_Z	2500001	3000000	NA	0	0	0	0
Inambari	chr_Z	3000001	3500000	0.0045100429275531295	446	851	188690	1100
Inambari	chr_Z	3500001	4000000	0.002825885407009086	348	381	134825	1286
Inambari	chr_Z	4000001	4500000	0.0021374547846103255	182	182	85148	168
Inambari	chr_Z	4500001	5000000	0.0025461519126395264	552	547	214834	2052
Inambari	chr_Z	5000001	5500000	0.0016175854648391803	317	224	138478	620
Inambari	chr_Z	5500001	6000000	0.0017225466469885206	581	405	235117	1798
Inambari	chr_Z	6000001	6500000	0.0026481735002933608	933	1002	378374	2916
Inambari	chr_Z	6500001	7000000	0.0027571139590750094	1483	1686	611509	4222
Inambari	chr_Z	7000001	7500000	0.002517809238260556	1829	1787	709744	6808
Inambari	chr_Z	7500001	8000000	0.0017626571525654095	1172	913	517968	2128
Inambari	chr_Z	8000001	8500000	0.0036801262750933506	1347	2117	575252	3168
Inambari	chr_Z	8500001	9000000	0.0017915642915642916	225	175	97680	464
Inambari	chr_Z	9000001	9500000	0.003989338885044126	900	1395	349682	3332
Inambari	chr_Z	9500001	10000000	0.004607800509342654	884	1632	354182	2876
Inambari	chr_Z	10000001	10500000	0.0029974330707394203	627	745	248546	2164
Inambari	chr_Z	10500001	11000000	0.002760226139008979	165	166	60140	760
Inambari	chr_Z	11000001	11500000	0.0018062809314206218	551	396	219235	1842
Inambari	chr_Z	11500001	12000000	0.0020294327082838832	413	342	168520	1240
Inambari	chr_Z	12000001	12500000	0.001300505752236981	715	351	269895	2930
Inambari	chr_Z	12500001	13000000	0.005850525402487226	396	971	165968	1056
Inambari	chr_Z	13000001	13500000	0.004047206617992262	170	250	61771	794
Inambari	chr_Z	13500001	14000000	0.003294854957259049	422	572	173604	1216
Inambari	chr_Z	14000001	14500000	0.0022277408516543713	445	427	191674	972
Inambari	chr_Z	14500001	15000000	0.0011481937113906637	941	434	377985	3014
Inambari	chr_Z	15000001	15500000	0.0010727487219819112	849	341	317875	3594
Inambari	chr_Z	15500001	16000000	0.0021465017417842346	453	358	166783	2002
Inambari	chr_Z	16000001	16500000	0.001440484152335876	531	308	213817	1686
Inambari	chr_Z	16500001	17000000	0.0035971325877909087	854	1258	349723	2586
Inambari	chr_Z	17000001	17500000	0.002045319984929221	385	304	148632	1440
Inambari	chr_Z	17500001	18000000	0.0019485892747510877	264	219	112389	614
Inambari	chr_Z	18000001	18500000	0.0026863959169947183	612	679	252755	1730
Inambari	chr_Z	18500001	19000000	0.0007181728453854514	679	187	260383	2682
Inambari	chr_Z	19000001	19500000	0.0010323966921338505	1179	492	476561	3710
Inambari	chr_Z	19500001	20000000	0.002486337302962328	776	818	328998	1924
Inambari	chr_Z	20000001	20500000	0.002520516323949997	552	594	235666	1276
Inambari	chr_Z	20500001	21000000	0.006007569978287659	990	2457	408984	2776
Inambari	chr_Z	21000001	21500000	0.0010104135443760093	492	209	206846	1268
Inambari	chr_Z	21500001	22000000	0.001311986005482608	256	123	93751	1138
Inambari	chr_Z	22000001	22500000	0.0019963670761927424	471	344	172313	2142
Inambari	chr_Z	22500001	23000000	0.0018656876452877449	620	435	233158	2636
Inambari	chr_Z	23000001	23500000	0.004168145817776744	403	681	163382	1260
Inambari	chr_Z	23500001	24000000	0.004534688737660101	405	695	153263	1674
Inambari	chr_Z	24000001	24500000	0.0012679274171361586	223	106	83601	926
Inambari	chr_Z	24500001	25000000	0.000954218819967162	460	179	187588	1392
Inambari	chr_Z	25000001	25500000	0.0021912521033168237	1023	922	420764	2920
Inambari	chr_Z	25500001	26000000	0.00184844489527289	1196	851	460387	4618
Inambari	chr_Z	26000001	26500000	0.0021376132321763355	413	366	171219	1130
Inambari	chr_Z	26500001	27000000	0.00288226979669111	670	781	270967	2090
Inambari	chr_Z	27000001	27500000	0.00044627736935429245	617	112	250965	1886
Inambari	chr_Z	27500001	28000000	0.002482894345408362	232	217	87398	948
Inambari	chr_Z	28000001	28500000	0.0031847133757961785	172	218	68452	568
Inambari	chr_Z	28500001	29000000	0.0	79	0	21804	632
Inambari	chr_Z	29000001	29500000	0.0	252	0	97821	918
Inambari	chr_Z	29500001	30000000	0.0030050097867607116	575	697	231946	1804
Inambari	chr_Z	30000001	30500000	0.002284183994959042	315	261	114264	1480
Inambari	chr_Z	30500001	31000000	0.0032914538174789454	456	596	181075	1546
Inambari	chr_Z	31000001	31500000	0.0005419851608200796	249	58	107014	556
Inambari	chr_Z	31500001	32000000	0.0013316259024637206	605	313	235051	2218
Inambari	chr_Z	32000001	32500000	0.0005979839398599009	343	91	152178	596
Inambari	chr_Z	32500001	33000000	0.0027025052954495654	599	666	246438	1716
Inambari	chr_Z	33000001	33500000	0.0014501269331886973	703	385	265494	2876
Inambari	chr_Z	33500001	34000000	0.0019689825462053242	614	494	250891	1818
Inambari	chr_Z	34000001	34500000	0.0010725731417347256	595	249	232152	2144
Inambari	chr_Z	34500001	35000000	0.0011225371921086925	178	87	77503	362
Inambari	chr_Z	35000001	35500000	0.0006289308176100629	106	29	46110	212
Inambari	chr_Z	35500001	36000000	0.00220398312606584	468	442	200546	1076
Inambari	chr_Z	36000001	36500000	0.0009291163589844151	540	199	214182	1852
Inambari	chr_Z	36500001	37000000	0.0014673074435086633	758	465	316907	2018
Inambari	chr_Z	37000001	37500000	0.001583710407239819	625	427	269620	1352
Inambari	chr_Z	37500001	38000000	0.0026347062971765873	736	807	306296	1984
Inambari	chr_Z	38000001	38500000	0.0030414141459253535	534	681	223909	1422
Inambari	chr_Z	38500001	39000000	0.001720874907518302	655	421	244643	2778
Inambari	chr_Z	39000001	39500000	0.003923988788603461	464	763	194445	1198
Inambari	chr_Z	39500001	40000000	0.0032499680592819728	582	814	250464	1280
Inambari	chr_Z	40000001	40500000	0.0010320202209737415	483	187	181198	2052
Inambari	chr_Z	40500001	41000000	0.0037237397506186018	213	307	82444	792
Inambari	chr_Z	41000001	41500000	0.0009197463533674733	549	199	216364	1936
Inambari	chr_Z	41500001	42000000	0.0011840400339573746	249	106	89524	1176
Inambari	chr_Z	42000001	42500000	0.0014044607588876033	1217	704	501260	3472
Inambari	chr_Z	42500001	43000000	0.0021378973929696296	1623	1420	664204	4736
Inambari	chr_Z	43000001	43500000	0.0014583467249469691	1222	726	497824	3656
Inambari	chr_Z	43500001	44000000	0.004103522528744972	527	909	221517	1342
Inambari	chr_Z	44000001	44500000	0.0026853146853146855	55	48	17875	330
Inambari	chr_Z	44500001	45000000	0.001962539054527185	166	125	63693	638
Inambari	chr_Z	45000001	45500000	0.0020168785048207353	282	255	126433	446
Inambari	chr_Z	45500001	46000000	0.0012180382973901876	255	129	105908	704
Inambari	chr_Z	46000001	46500000	0.003085726139644234	1156	1428	462776	3832
Inambari	chr_Z	46500001	47000000	0.0011363205939168971	325	150	132005	1014
Inambari	chr_Z	47000001	47500000	0.006189483569411145	367	870	140561	1446
Inambari	chr_Z	47500001	48000000	0.0022984227890882757	483	457	198832	1392
Inambari	chr_Z	48000001	48500000	0.003126116470167917	155	175	55980	760
Inambari	chr_Z	48500001	49000000	0.004004305023582666	469	759	189546	1460
Inambari	chr_Z	49000001	49500000	0.0068715238512843	470	1191	173324	2112
Inambari	chr_Z	49500001	50000000	0.003377595867136168	916	1152	341071	3946
Inambari	chr_Z	50000001	50500000	0.00571056163534999	417	885	154976	1768
Inambari	chr_Z	50500001	51000000	0.0016330943439171503	413	287	175740	984
Inambari	chr_Z	51000001	51500000	0.0016585290242579246	813	535	322575	2778
Inambari	chr_Z	51500001	52000000	0.003108337741493032	536	664	213619	1810
Inambari	chr_Z	52000001	52500000	0.004257533810890324	669	1178	276686	1876
Inambari	chr_Z	52500001	53000000	0.004154450751668642	415	666	160310	1612
Inambari	chr_Z	53000001	53500000	0.004092173650499256	457	759	185476	1400
Inambari	chr_Z	53500001	54000000	0.0008229098090849243	147	60	72912	0
Inambari	chr_Z	54000001	54500000	NA	0	0	0	0
Inambari	chr_Z	54500001	55000000	0.003655434434323156	410	559	152923	1754
Inambari	chr_Z	55000001	55500000	0.0032444893486829936	852	1140	351365	2406
Inambari	chr_Z	55500001	56000000	0.004792887531148873	503	979	204261	1526
Inambari	chr_Z	56000001	56500000	0.008343070440258223	505	1578	189139	2226
Inambari	chr_Z	56500001	57000000	0.0015450495670724055	329	197	127504	1280
Inambari	chr_Z	57000001	57500000	0.00872791563429909	398	1402	160634	1348
Inambari	chr_Z	57500001	58000000	0.003853263558020256	819	1184	307272	3464
Inambari	chr_Z	58000001	58500000	0.005766088989973412	392	900	156085	1302
Inambari	chr_Z	58500001	59000000	0.006493506493506494	450	1157	178178	1540
Inambari	chr_Z	59000001	59500000	0.004959935511814813	816	1649	332464	2456
Inambari	chr_Z	59500001	60000000	0.0026271603892010996	498	496	188797	1998
Inambari	chr_Z	60000001	60500000	0.00546780677101048	1320	2749	502761	5254
Inambari	chr_Z	60500001	61000000	0.00506457739408138	1133	2512	495994	2204
Inambari	chr_Z	61000001	61500000	0.005822151160045066	774	1726	296454	3068
Inambari	chr_Z	61500001	62000000	0.0038287881524291132	721	1166	304535	1794
Inambari	chr_Z	62000001	62500000	0.005792856316025225	502	1151	198693	1710
Inambari	chr_Z	62500001	63000000	0.005810784131726822	811	1972	339369	2118
Inambari	chr_Z	63000001	63500000	0.008106482571062472	310	930	114723	1370
Inambari	chr_Z	63500001	64000000	0.005657540414036816	294	666	117719	970
Inambari	chr_Z	64000001	64500000	0.0022580908733017893	713	608	269254	2948
Inambari	chr_Z	64500001	65000000	0.006289001127315657	561	1417	225314	1820
Inambari	chr_Z	65000001	65500000	0.0014957152158229074	155	85	56829	702
Inambari	chr_Z	65500001	66000000	0.0033707419597890313	361	510	151302	932
Inambari	chr_Z	66000001	66500000	0.004111606949438932	571	949	230810	1796
Inambari	chr_Z	66500001	67000000	0.00045006157660661757	609	110	244411	1986
Inambari	chr_Z	67000001	67500000	0.0016184322109814508	766	542	334892	1488
Rondonia	chr_Z	1	500000	NA	0	0	0	0
Rondonia	chr_Z	500001	1000000	NA	0	0	0	0
Rondonia	chr_Z	1000001	1500000	NA	0	0	0	0
Rondonia	chr_Z	1500001	2000000	NA	0	0	0	0
Rondonia	chr_Z	2000001	2500000	NA	0	0	0	0
Rondonia	chr_Z	2500001	3000000	NA	0	0	0	0
Rondonia	chr_Z	3000001	3500000	0.0022539371966776005	446	235	104262	1776
Rondonia	chr_Z	3500001	4000000	0.0024043408098946206	348	222	92333	870
Rondonia	chr_Z	4000001	4500000	0.0021371435549856505	182	105	49131	422
Rondonia	chr_Z	4500001	5000000	0.0027049896655523035	552	390	144178	1500
Rondonia	chr_Z	5000001	5500000	0.0018601472932958773	317	147	79026	1030
Rondonia	chr_Z	5500001	6000000	0.0017795622656804134	581	281	157904	1306
Rondonia	chr_Z	6000001	6500000	0.0037123011347118045	933	830	223581	3488
Rondonia	chr_Z	6500001	7000000	0.0034463783244077337	1483	1215	352544	5662
Rondonia	chr_Z	7000001	7500000	0.0022121671425095486	1829	991	447977	6360
Rondonia	chr_Z	7500001	8000000	0.0018734948565449216	1172	487	259942	5324
Rondonia	chr_Z	8000001	8500000	0.0020346389454935876	1347	650	319467	5096
Rondonia	chr_Z	8500001	9000000	0.0011589403973509935	225	63	54360	794
Rondonia	chr_Z	9000001	9500000	0.0036725337973497526	900	878	239072	2280
Rondonia	chr_Z	9500001	10000000	0.004269233030477077	884	944	221117	2854
Rondonia	chr_Z	10000001	10500000	0.003154233492844721	627	555	175954	1186
Rondonia	chr_Z	10500001	11000000	0.00220125786163522	165	84	38160	690
Rondonia	chr_Z	11000001	11500000	0.0024339648734614853	551	352	144620	1478
Rondonia	chr_Z	11500001	12000000	0.002922960570692721	413	286	97846	1582
Rondonia	chr_Z	12000001	12500000	0.0022891893610502523	715	396	172987	2560
Rondonia	chr_Z	12500001	13000000	0.007675046665872354	396	773	100716	1184
Rondonia	chr_Z	13000001	13500000	0.002951669073303321	170	139	47092	340
Rondonia	chr_Z	13500001	14000000	0.0028039608150884836	422	318	113411	998
Rondonia	chr_Z	14000001	14500000	0.0033067216941240147	445	391	118244	1162
Rondonia	chr_Z	14500001	15000000	0.0008018283401295789	941	187	233217	3208
Rondonia	chr_Z	15000001	15500000	0.0005711229364784378	849	126	220618	2350
Rondonia	chr_Z	15500001	16000000	0.0007596722556839764	453	84	110574	1582
Rondonia	chr_Z	16000001	16500000	0.0012169783318492133	531	164	134760	1630
Rondonia	chr_Z	16500001	17000000	0.004494845538027854	854	1046	232711	1862
Rondonia	chr_Z	17000001	17500000	0.002141823444283647	385	185	86375	1700
Rondonia	chr_Z	17500001	18000000	0.0037256703700609805	264	223	59855	1178
Rondonia	chr_Z	18000001	18500000	0.0035957015022949836	612	528	146842	2220
Rondonia	chr_Z	18500001	19000000	0.0016415012391098847	679	257	156564	2798
Rondonia	chr_Z	19000001	19500000	0.0012775670394272296	1179	389	304485	3364
Rondonia	chr_Z	19500001	20000000	0.0024301399000200372	776	473	194639	2482
Rondonia	chr_Z	20000001	20500000	0.0025645156959102017	552	382	148956	1280
Rondonia	chr_Z	20500001	21000000	0.005074281848166211	990	1260	248311	3182
Rondonia	chr_Z	21000001	21500000	0.001387705630747341	492	158	113857	1974
Rondonia	chr_Z	21500001	22000000	0.0013424357022412128	256	82	61083	938
Rondonia	chr_Z	22000001	22500000	0.0011971746677840297	471	120	100236	2374
Rondonia	chr_Z	22500001	23000000	0.0015247842042693958	620	236	154776	2008
Rondonia	chr_Z	23000001	23500000	0.0011797050737315672	403	118	100025	1316
Rondonia	chr_Z	23500001	24000000	0.0014657150140198827	405	138	94152	1634
Rondonia	chr_Z	24000001	24500000	0.0	223	0	58427	592
Rondonia	chr_Z	24500001	25000000	0.0006836775776543782	460	90	131641	750
Rondonia	chr_Z	25000001	25500000	0.0010585966872644938	1023	252	238051	4168
Rondonia	chr_Z	25500001	26000000	0.0025218548223426567	1196	671	266074	5412
Rondonia	chr_Z	26000001	26500000	0.002294001891736157	413	211	91979	1900
Rondonia	chr_Z	26500001	27000000	0.002809384100726434	670	519	184738	1416
Rondonia	chr_Z	27000001	27500000	0.0004121666825958138	617	69	167408	1402
Rondonia	chr_Z	27500001	28000000	0.0024249179142693616	232	161	66394	380
Rondonia	chr_Z	28000001	28500000	0.003215434083601286	172	143	44473	478
Rondonia	chr_Z	28500001	29000000	0.0	79	0	18249	316
Rondonia	chr_Z	29000001	29500000	0.0	252	0	66402	644
Rondonia	chr_Z	29500001	30000000	0.003147110684552374	575	423	134409	2292
Rondonia	chr_Z	30000001	30500000	0.0011838688324252763	315	93	78556	1022
Rondonia	chr_Z	30500001	31000000	0.004665933797483816	456	573	122805	1118
Rondonia	chr_Z	31000001	31500000	0.0023284313725490196	249	152	65280	658
Rondonia	chr_Z	31500001	32000000	0.0009345288078662947	605	138	147668	2090
Rondonia	chr_Z	32000001	32500000	0.0011521369397048335	343	105	91135	904
Rondonia	chr_Z	32500001	33000000	0.0029878971255673224	599	395	132200	2758
Rondonia	chr_Z	33000001	33500000	0.0037297802872504632	703	650	174273	2300
Rondonia	chr_Z	33500001	34000000	0.0005472170106316448	614	91	166296	1428
Rondonia	chr_Z	34000001	34500000	0.002061377163763447	595	302	146504	2030
Rondonia	chr_Z	34500001	35000000	0.0004240796461964095	178	21	49519	350
Rondonia	chr_Z	35000001	35500000	0.0	106	0	26376	340
Rondonia	chr_Z	35500001	36000000	0.002772330253841489	468	352	126969	1046
Rondonia	chr_Z	36000001	36500000	0.0010332344121440002	540	133	128722	2012
Rondonia	chr_Z	36500001	37000000	0.0016271763483659395	758	260	159786	3872
Rondonia	chr_Z	37000001	37500000	0.0030905595767169603	625	500	161783	1756
Rondonia	chr_Z	37500001	38000000	0.0026054682930460584	736	490	188066	2236
Rondonia	chr_Z	38000001	38500000	0.0013801551653736218	534	169	122450	2216
Rondonia	chr_Z	38500001	39000000	0.002857193248558176	655	486	170097	1836
Rondonia	chr_Z	39000001	39500000	0.005598350318688435	464	657	117356	1440
Rondonia	chr_Z	39500001	40000000	0.003538277434587147	582	547	154595	1582
Rondonia	chr_Z	40000001	40500000	0.0003757456202151144	483	48	127746	1242
Rondonia	chr_Z	40500001	41000000	0.0	213	0	59803	396
Rondonia	chr_Z	41000001	41500000	0.0008895478131949593	549	132	148390	1270
Rondonia	chr_Z	41500001	42000000	0.001449718915610251	249	90	62081	808
Rondonia	chr_Z	42000001	42500000	0.0010665671204020959	1217	320	300028	4266
Rondonia	chr_Z	42500001	43000000	0.0017783918047002455	1623	726	408234	5194
Rondonia	chr_Z	43000001	43500000	0.0013452664055073693	1222	409	304029	4002
Rondonia	chr_Z	43500001	44000000	0.003760572367259941	527	554	147318	1002
Rondonia	chr_Z	44000001	44500000	0.0	55	0	10450	330
Rondonia	chr_Z	44500001	45000000	0.0	166	0	34980	868
Rondonia	chr_Z	45000001	45500000	0.0005926644307054054	282	44	74241	746
Rondonia	chr_Z	45500001	46000000	0.0013599891200870393	255	90	66177	700
Rondonia	chr_Z	46000001	46500000	0.0013442154045022621	1156	391	290876	3624
Rondonia	chr_Z	46500001	47000000	0.0023546741956723097	325	211	89609	664
Rondonia	chr_Z	47000001	47500000	0.007999452360229618	367	818	102257	716
Rondonia	chr_Z	47500001	48000000	0.004255251457523046	483	535	125727	1344
Rondonia	chr_Z	48000001	48500000	0.0023186409550045913	155	101	43560	286
Rondonia	chr_Z	48500001	49000000	0.0037872005157039	469	423	111692	1770
Rondonia	chr_Z	49000001	49500000	0.005913490094685721	470	677	114484	1636
Rondonia	chr_Z	49500001	50000000	0.001788476411446249	916	407	227568	3056
Rondonia	chr_Z	50000001	50500000	0.003550013687863722	417	402	113239	948
Rondonia	chr_Z	50500001	51000000	0.00158278208359498	413	184	116251	756
Rondonia	chr_Z	51000001	51500000	0.0017895541989580177	813	372	207873	2408
Rondonia	chr_Z	51500001	52000000	0.0022322229639040216	536	311	139323	1466
Rondonia	chr_Z	52000001	52500000	0.004395394391094549	669	828	188379	1212
Rondonia	chr_Z	52500001	53000000	0.004948706834272504	415	548	110736	1070
Rondonia	chr_Z	53000001	53500000	0.0034866789972846407	457	443	127055	892
Rondonia	chr_Z	53500001	54000000	0.00454592684954281	147	175	38496	390
Rondonia	chr_Z	54000001	54500000	NA	0	0	0	0
Rondonia	chr_Z	54500001	55000000	0.0037699063130833864	410	437	115918	752
Rondonia	chr_Z	55000001	55500000	0.0037886600249289345	852	845	223034	2284
Rondonia	chr_Z	55500001	56000000	0.004332841855795063	503	479	110551	2328
Rondonia	chr_Z	56000001	56500000	0.00624431694736588	505	776	124273	1712
Rondonia	chr_Z	56500001	57000000	0.003123830026207413	329	267	85472	922
Rondonia	chr_Z	57000001	57500000	0.007438228252899761	398	842	113199	670
Rondonia	chr_Z	57500001	58000000	0.004109141880604466	819	856	208316	2454
Rondonia	chr_Z	58000001	58500000	0.0039647482169406795	392	368	92818	1540
Rondonia	chr_Z	58500001	59000000	0.004958036190753408	450	511	103065	1890
Rondonia	chr_Z	59000001	59500000	0.005075005597432645	816	1020	200985	2782
Rondonia	chr_Z	59500001	60000000	0.0024055434229323	498	293	121802	1720
Rondonia	chr_Z	60000001	60500000	0.006442498809074035	1320	1961	304385	5390
Rondonia	chr_Z	60500001	61000000	0.004455543501252056	1133	1306	293118	3214
Rondonia	chr_Z	61000001	61500000	0.004552004191773644	774	834	183216	3092
Rondonia	chr_Z	61500001	62000000	0.004687049714263964	721	862	183911	2164
Rondonia	chr_Z	62000001	62500000	0.005959373365459644	502	695	116623	2062
Rondonia	chr_Z	62500001	63000000	0.004108527509589001	811	843	205183	2536
Rondonia	chr_Z	63000001	63500000	0.0056344317629598495	310	429	76139	1078
Rondonia	chr_Z	63500001	64000000	0.00518561666216773	294	365	70387	1086
Rondonia	chr_Z	64000001	64500000	0.0015833004669878995	713	277	174951	2484
Rondonia	chr_Z	64500001	65000000	0.0046439628482972135	561	726	156332	1082
Rondonia	chr_Z	65000001	65500000	0.0010497585555322277	155	40	38104	518
Rondonia	chr_Z	65500001	66000000	0.007451695865297958	361	678	90986	1118
Rondonia	chr_Z	66000001	66500000	0.0038278469611773757	571	612	159881	1092
Rondonia	chr_Z	66500001	67000000	0.00042622059695592013	609	69	161888	1586
Rondonia	chr_Z	67000001	67500000	0.0013673785807869006	766	239	174787	3222
RondoniaHeadwaters	chr_Z	1	500000	NA	0	0	0	0
RondoniaHeadwaters	chr_Z	500001	1000000	NA	0	0	0	0
RondoniaHeadwaters	chr_Z	1000001	1500000	NA	0	0	0	0
RondoniaHeadwaters	chr_Z	1500001	2000000	NA	0	0	0	0
RondoniaHeadwaters	chr_Z	2000001	2500000	NA	0	0	0	0
RondoniaHeadwaters	chr_Z	2500001	3000000	NA	0	0	0	0
RondoniaHeadwaters	chr_Z	3000001	3500000	0.003547986517651233	446	20	5637	234
RondoniaHeadwaters	chr_Z	3500001	4000000	0.0017601760176017601	348	8	4545	190
RondoniaHeadwaters	chr_Z	4000001	4500000	0.0	182	0	2271	102
RondoniaHeadwaters	chr_Z	4500001	5000000	0.0028469750889679717	552	12	4215	1042
RondoniaHeadwaters	chr_Z	5000001	5500000	0.0	317	0	3324	318
RondoniaHeadwaters	chr_Z	5500001	6000000	0.0014278065322148848	581	8	5603	808
RondoniaHeadwaters	chr_Z	6000001	6500000	0.0014632361907084503	933	12	8201	1420
RondoniaHeadwaters	chr_Z	6500001	7000000	0.0020018350154308116	1483	24	11989	2456
RondoniaHeadwaters	chr_Z	7000001	7500000	0.0044188432099739605	1829	56	12673	3804
RondoniaHeadwaters	chr_Z	7500001	8000000	0.0005249343832020997	1172	4	7620	2576
RondoniaHeadwaters	chr_Z	8000001	8500000	0.0013801431898559475	1347	16	11593	2144
RondoniaHeadwaters	chr_Z	8500001	9000000	0.0	225	0	2898	106
RondoniaHeadwaters	chr_Z	9000001	9500000	0.0022717591935254864	900	16	7043	1506
RondoniaHeadwaters	chr_Z	9500001	10000000	0.000882223202470225	884	4	4534	2252
RondoniaHeadwaters	chr_Z	10000001	10500000	0.0041018629294137755	627	24	5851	876
RondoniaHeadwaters	chr_Z	10500001	11000000	0.0050062578222778474	165	8	1598	250
RondoniaHeadwaters	chr_Z	11000001	11500000	0.002313475997686524	551	12	5187	684
RondoniaHeadwaters	chr_Z	11500001	12000000	0.0	413	0	4053	476
RondoniaHeadwaters	chr_Z	12000001	12500000	0.0035329447094152974	715	20	5661	1296
RondoniaHeadwaters	chr_Z	12500001	13000000	0.005979073243647235	396	24	4014	428
RondoniaHeadwaters	chr_Z	13000001	13500000	0.0	170	0	2145	90
RondoniaHeadwaters	chr_Z	13500001	14000000	0.001734981565820863	422	8	4611	382
RondoniaHeadwaters	chr_Z	14000001	14500000	0.0	445	0	2971	872
RondoniaHeadwaters	chr_Z	14500001	15000000	0.0	941	0	9822	1010
RondoniaHeadwaters	chr_Z	15000001	15500000	0.0	849	0	10782	434
RondoniaHeadwaters	chr_Z	15500001	16000000	0.0	453	0	4633	484
RondoniaHeadwaters	chr_Z	16000001	16500000	0.0008916629514043691	531	4	4486	846
RondoniaHeadwaters	chr_Z	16500001	17000000	0.0031624719989458427	854	24	7589	1306
RondoniaHeadwaters	chr_Z	17000001	17500000	0.0	385	0	4209	404
RondoniaHeadwaters	chr_Z	17500001	18000000	0.0	264	0	2500	328
RondoniaHeadwaters	chr_Z	18000001	18500000	0.0028885037550548816	612	20	6924	544
RondoniaHeadwaters	chr_Z	18500001	19000000	0.002466471404347156	679	16	6487	884
RondoniaHeadwaters	chr_Z	19000001	19500000	0.00055005500550055	1179	8	14544	698
RondoniaHeadwaters	chr_Z	19500001	20000000	0.003221476510067114	776	24	7450	1076
RondoniaHeadwaters	chr_Z	20000001	20500000	0.006363636363636364	552	28	4400	1008
RondoniaHeadwaters	chr_Z	20500001	21000000	0.0035985091890502505	990	28	7781	1762
RondoniaHeadwaters	chr_Z	21000001	21500000	0.0	492	0	4344	720
RondoniaHeadwaters	chr_Z	21500001	22000000	0.0	256	0	2022	404
RondoniaHeadwaters	chr_Z	22000001	22500000	0.0	471	0	5562	334
RondoniaHeadwaters	chr_Z	22500001	23000000	0.0011328235627301047	620	8	7062	548
RondoniaHeadwaters	chr_Z	23000001	23500000	0.0	403	0	3308	714
RondoniaHeadwaters	chr_Z	23500001	24000000	0.0028228652081863093	405	8	2834	866
RondoniaHeadwaters	chr_Z	24000001	24500000	0.0	223	0	2175	260
RondoniaHeadwaters	chr_Z	24500001	25000000	0.0	460	0	5005	494
RondoniaHeadwaters	chr_Z	25000001	25500000	0.0006748776784207862	1023	8	11854	910
RondoniaHeadwaters	chr_Z	25500001	26000000	0.0006988120195667365	1196	8	11448	1584
RondoniaHeadwaters	chr_Z	26000001	26500000	0.0020340706839562673	413	8	3933	572
RondoniaHeadwaters	chr_Z	26500001	27000000	0.003055184265801031	670	16	5237	1250
RondoniaHeadwaters	chr_Z	27000001	27500000	0.0	617	0	6877	564
RondoniaHeadwaters	chr_Z	27500001	28000000	0.003336113427856547	232	8	2398	244
RondoniaHeadwaters	chr_Z	28000001	28500000	0.0	172	0	1177	358
RondoniaHeadwaters	chr_Z	28500001	29000000	0.0	79	0	1185	0
RondoniaHeadwaters	chr_Z	29000001	29500000	0.0	252	0	1912	416
RondoniaHeadwaters	chr_Z	29500001	30000000	0.0026472534745201853	575	12	4533	1032
RondoniaHeadwaters	chr_Z	30000001	30500000	0.0	315	0	3619	316
RondoniaHeadwaters	chr_Z	30500001	31000000	0.003817522427944264	456	20	5239	434
RondoniaHeadwaters	chr_Z	31000001	31500000	0.0	249	0	2016	382
RondoniaHeadwaters	chr_Z	31500001	32000000	0.0038022813688212928	605	12	3156	1502
RondoniaHeadwaters	chr_Z	32000001	32500000	0.0024929884699283265	343	8	3209	480
RondoniaHeadwaters	chr_Z	32500001	33000000	0.0019249278152069298	599	8	4156	1226
RondoniaHeadwaters	chr_Z	33000001	33500000	0.0013181743285549513	703	8	6069	1064
RondoniaHeadwaters	chr_Z	33500001	34000000	0.0026678523788350376	614	12	4498	1176
RondoniaHeadwaters	chr_Z	34000001	34500000	0.0008361204013377926	595	4	4784	1002
RondoniaHeadwaters	chr_Z	34500001	35000000	0.0	178	0	1928	212
RondoniaHeadwaters	chr_Z	35000001	35500000	0.0	106	0	1581	2
RondoniaHeadwaters	chr_Z	35500001	36000000	0.0	468	0	3486	916
RondoniaHeadwaters	chr_Z	36000001	36500000	0.0	540	0	5307	674
RondoniaHeadwaters	chr_Z	36500001	37000000	0.001459321415541773	758	8	5482	1496
RondoniaHeadwaters	chr_Z	37000001	37500000	0.0	625	0	3823	1376
RondoniaHeadwaters	chr_Z	37500001	38000000	0.003	736	24	8000	776
RondoniaHeadwaters	chr_Z	38000001	38500000	0.0	534	0	4589	890
RondoniaHeadwaters	chr_Z	38500001	39000000	0.0008266170696424882	655	4	4839	1172
RondoniaHeadwaters	chr_Z	39000001	39500000	0.0011019283746556473	464	4	3630	804
RondoniaHeadwaters	chr_Z	39500001	40000000	0.0032948929159802307	582	12	3642	1312
RondoniaHeadwaters	chr_Z	40000001	40500000	0.0026468155500413565	483	16	6045	304
RondoniaHeadwaters	chr_Z	40500001	41000000	0.0	213	0	3195	0
RondoniaHeadwaters	chr_Z	41000001	41500000	0.0	549	0	5683	672
RondoniaHeadwaters	chr_Z	41500001	42000000	0.003008649868371568	249	8	2659	240
RondoniaHeadwaters	chr_Z	42000001	42500000	0.00032978811113859347	1217	4	12129	1436
RondoniaHeadwaters	chr_Z	42500001	43000000	0.00048186965425852307	1623	8	16602	1726
RondoniaHeadwaters	chr_Z	43000001	43500000	0.0	1222	0	13546	1208
RondoniaHeadwaters	chr_Z	43500001	44000000	0.0	527	0	5900	530
RondoniaHeadwaters	chr_Z	44000001	44500000	0.0	55	0	825	0
RondoniaHeadwaters	chr_Z	44500001	45000000	0.0	166	0	996	332
RondoniaHeadwaters	chr_Z	45000001	45500000	0.002408912978018669	282	8	3321	202
RondoniaHeadwaters	chr_Z	45500001	46000000	0.0	255	0	3348	106
RondoniaHeadwaters	chr_Z	46000001	46500000	0.0008821259234755762	1156	8	9069	2062
RondoniaHeadwaters	chr_Z	46500001	47000000	0.0	325	0	3229	468
RondoniaHeadwaters	chr_Z	47000001	47500000	0.002570694087403599	367	8	3112	658
RondoniaHeadwaters	chr_Z	47500001	48000000	0.003657978966620942	483	16	4374	702
RondoniaHeadwaters	chr_Z	48000001	48500000	0.0	155	0	1785	120
RondoniaHeadwaters	chr_Z	48500001	49000000	0.00667302192564347	469	28	4196	694
RondoniaHeadwaters	chr_Z	49000001	49500000	0.004793289394847214	470	24	5007	510
RondoniaHeadwaters	chr_Z	49500001	50000000	0.001122649452708392	916	8	7126	1692
RondoniaHeadwaters	chr_Z	50000001	50500000	0.007644007644007644	417	28	3663	576
RondoniaHeadwaters	chr_Z	50500001	51000000	0.0	413	0	3220	758
RondoniaHeadwaters	chr_Z	51000001	51500000	0.0	813	0	5851	1648
RondoniaHeadwaters	chr_Z	51500001	52000000	0.0	536	0	4418	868
RondoniaHeadwaters	chr_Z	52000001	52500000	0.001128668171557562	669	4	3544	1598
RondoniaHeadwaters	chr_Z	52500001	53000000	0.0	415	0	3466	678
RondoniaHeadwaters	chr_Z	53000001	53500000	0.0035650623885918	457	16	4488	526
RondoniaHeadwaters	chr_Z	53500001	54000000	0.0	147	0	352	506
RondoniaHeadwaters	chr_Z	54000001	54500000	NA	0	0	0	0
RondoniaHeadwaters	chr_Z	54500001	55000000	0.003670566643725625	410	16	4359	398
RondoniaHeadwaters	chr_Z	55000001	55500000	0.002987303958177745	852	20	6695	1490
RondoniaHeadwaters	chr_Z	55500001	56000000	0.0024367956137678953	503	8	3283	1068
RondoniaHeadwaters	chr_Z	56000001	56500000	0.003110419906687403	505	12	3858	898
RondoniaHeadwaters	chr_Z	56500001	57000000	0.0	329	0	2586	610
RondoniaHeadwaters	chr_Z	57000001	57500000	0.006948968512486428	398	32	4605	346
RondoniaHeadwaters	chr_Z	57500001	58000000	0.00639386189258312	819	40	6256	1426
RondoniaHeadwaters	chr_Z	58000001	58500000	0.005610098176718092	392	16	2852	816
RondoniaHeadwaters	chr_Z	58500001	59000000	0.004161464835622139	450	20	4806	432
RondoniaHeadwaters	chr_Z	59000001	59500000	0.004640371229698376	816	32	6896	1328
RondoniaHeadwaters	chr_Z	59500001	60000000	0.0011261261261261261	498	4	3552	940
RondoniaHeadwaters	chr_Z	60000001	60500000	0.003024955886059995	1320	24	7934	2956
RondoniaHeadwaters	chr_Z	60500001	61000000	0.003397645916757675	1133	28	8241	2188
RondoniaHeadwaters	chr_Z	61000001	61500000	0.0035224556547993457	774	28	7949	850
RondoniaHeadwaters	chr_Z	61500001	62000000	0.0	628	0	5109	1516
RondoniaHeadwaters	chr_Z	62000001	62500000	0.005480703356930806	502	24	4379	758
RondoniaHeadwaters	chr_Z	62500001	63000000	0.004015392337292956	811	24	5977	1600
RondoniaHeadwaters	chr_Z	63000001	63500000	0.008254230293025175	310	20	2423	558
RondoniaHeadwaters	chr_Z	63500001	64000000	0.0	294	0	2355	510
RondoniaHeadwaters	chr_Z	64000001	64500000	0.0	713	0	4937	1564
RondoniaHeadwaters	chr_Z	64500001	65000000	0.0044742729306487695	561	20	4470	994
RondoniaHeadwaters	chr_Z	65000001	65500000	0.0	155	0	471	500
RondoniaHeadwaters	chr_Z	65500001	66000000	0.002779708130646282	361	12	4317	244
RondoniaHeadwaters	chr_Z	66000001	66500000	0.0012845215157353885	571	8	6228	578
RondoniaHeadwaters	chr_Z	66500001	67000000	0.0	609	0	5679	768
RondoniaHeadwaters	chr_Z	67000001	67500000	0.0	712	0	4484	1828
Tapajos	chr_Z	1	500000	NA	0	0	0	0
Tapajos	chr_Z	500001	1000000	NA	0	0	0	0
Tapajos	chr_Z	1000001	1500000	NA	0	0	0	0
Tapajos	chr_Z	1500001	2000000	NA	0	0	0	0
Tapajos	chr_Z	2000001	2500000	NA	0	0	0	0
Tapajos	chr_Z	2500001	3000000	NA	0	0	0	0
Tapajos	chr_Z	3000001	3500000	0.0023472843787818486	446	289	123121	1870
Tapajos	chr_Z	3500001	4000000	0.002036430618092509	348	199	97720	1344
Tapajos	chr_Z	4000001	4500000	0.0027823713153266663	182	106	38097	1310
Tapajos	chr_Z	4500001	5000000	0.0029595316219520043	552	414	139887	2834
Tapajos	chr_Z	5000001	5500000	0.0005169719542714808	317	44	85111	1382
Tapajos	chr_Z	5500001	6000000	0.0017739307663758343	581	282	158969	2434
Tapajos	chr_Z	6000001	6500000	0.003311686512152088	933	717	216506	5608
Tapajos	chr_Z	6500001	7000000	0.003833252170317189	1483	1409	367573	7978
Tapajos	chr_Z	7000001	7500000	0.0028800362686225815	1829	1423	494091	7998
Tapajos	chr_Z	7500001	8000000	0.0009002762541247536	1172	248	275471	6906
Tapajos	chr_Z	8000001	8500000	0.0033593736722542927	1347	1186	353042	6336
Tapajos	chr_Z	8500001	9000000	0.0	225	0	57427	1118
Tapajos	chr_Z	9000001	9500000	0.0026647825650821895	900	611	229287	4506
Tapajos	chr_Z	9500001	10000000	0.006322878645951097	884	1566	247672	3464
Tapajos	chr_Z	10000001	10500000	0.0031436541980382157	627	524	166685	2834
Tapajos	chr_Z	10500001	11000000	0.006628645755165341	165	265	39978	920
Tapajos	chr_Z	11000001	11500000	0.004130951931427708	551	547	132415	3182
Tapajos	chr_Z	11500001	12000000	0.0030948976520168573	413	329	106304	2044
Tapajos	chr_Z	12000001	12500000	0.002474094935679142	715	441	178247	3806
Tapajos	chr_Z	12500001	13000000	0.005247299485518683	396	512	97574	2156
Tapajos	chr_Z	13000001	13500000	0.005997033269760543	170	283	47190	676
Tapajos	chr_Z	13500001	14000000	0.004247822432079555	422	475	111822	2004
Tapajos	chr_Z	14000001	14500000	0.0038346156706858506	445	464	121003	1910
Tapajos	chr_Z	14500001	15000000	0.0002650866011790753	941	71	267837	3514
Tapajos	chr_Z	15000001	15500000	0.00039300612843931533	849	96	244271	3086
Tapajos	chr_Z	15500001	16000000	0.0014230428821824619	453	164	115246	2376
Tapajos	chr_Z	16000001	16500000	0.0016572319304290755	531	202	121890	3272
Tapajos	chr_Z	16500001	17000000	0.003703643208898544	854	907	244894	3100
Tapajos	chr_Z	17000001	17500000	0.0049022202928626635	385	463	94447	2094
Tapajos	chr_Z	17500001	18000000	0.003921508319749024	264	255	65026	1412
Tapajos	chr_Z	18000001	18500000	0.0018476343581842946	612	331	179148	2056
Tapajos	chr_Z	18500001	19000000	0.0008362044784571498	679	158	188949	2698
Tapajos	chr_Z	19000001	19500000	0.0006969049403159508	1179	226	324291	4918
Tapajos	chr_Z	19500001	20000000	0.0020805247027322047	776	446	214369	3150
Tapajos	chr_Z	20000001	20500000	0.0016359887647164285	552	219	133864	3200
Tapajos	chr_Z	20500001	21000000	0.00526790640798127	990	1413	268228	4280
Tapajos	chr_Z	21000001	21500000	0.0019348466694731389	492	239	123524	2536
Tapajos	chr_Z	21500001	22000000	0.0009294241191594143	256	77	82847	538
Tapajos	chr_Z	22000001	22500000	0.0023151901699007263	471	257	111006	2752
Tapajos	chr_Z	22500001	23000000	0.0024905005194472514	620	350	140534	3932
Tapajos	chr_Z	23000001	23500000	0.003012714677196984	403	354	117502	1376
Tapajos	chr_Z	23500001	24000000	0.0016146658921521331	405	164	101569	2098
Tapajos	chr_Z	24000001	24500000	0.0006638453240394988	223	40	60255	966
Tapajos	chr_Z	24500001	25000000	0.0008463455729914821	460	109	128789	1822
Tapajos	chr_Z	25000001	25500000	0.001133234621778886	1023	349	307968	3108
Tapajos	chr_Z	25500001	26000000	0.001968451573431224	1196	666	338337	4518
Tapajos	chr_Z	26000001	26500000	0.0017987703927762812	413	201	111743	1798
Tapajos	chr_Z	26500001	27000000	0.0016217677268222362	670	288	177584	3072
Tapajos	chr_Z	27000001	27500000	0.0006070697609879627	617	105	172962	2424
Tapajos	chr_Z	27500001	28000000	0.0	232	0	62414	1012
Tapajos	chr_Z	28000001	28500000	0.0035603537383714252	172	124	34828	1272
Tapajos	chr_Z	28500001	29000000	0.0	79	0	12087	790
Tapajos	chr_Z	29000001	29500000	0.0010296816940502307	252	69	67011	1146
Tapajos	chr_Z	29500001	30000000	0.004785041224970554	575	715	149424	2780
Tapajos	chr_Z	30000001	30500000	0.002104914620878861	315	178	84564	1380
Tapajos	chr_Z	30500001	31000000	0.0033004700412346643	456	389	117862	2220
Tapajos	chr_Z	31000001	31500000	0.003076570605658926	249	188	61107	1374
Tapajos	chr_Z	31500001	32000000	0.0012752840405363013	605	187	146634	3360
Tapajos	chr_Z	32000001	32500000	0.0	343	0	99828	1188
Tapajos	chr_Z	32500001	33000000	0.002862304564074732	599	385	134507	3854
Tapajos	chr_Z	33000001	33500000	0.0015555633236620408	703	267	171642	3912
Tapajos	chr_Z	33500001	34000000	0.0015073200311859316	614	261	173155	2386
Tapajos	chr_Z	34000001	34500000	0.0009910143999226526	595	164	165487	2350
Tapajos	chr_Z	34500001	35000000	0.0	178	0	41257	1062
Tapajos	chr_Z	35000001	35500000	0.0013134994910189472	106	40	30453	382
Tapajos	chr_Z	35500001	36000000	0.0019627006114256635	468	243	123809	2134
Tapajos	chr_Z	36000001	36500000	0.0017059836384266864	540	215	126027	3234
Tapajos	chr_Z	36500001	37000000	0.0014504226414693367	758	273	188221	4030
Tapajos	chr_Z	37000001	37500000	0.0019645220148883954	625	337	171543	2638
Tapajos	chr_Z	37500001	38000000	0.0031734159044785313	736	577	181823	3970
Tapajos	chr_Z	38000001	38500000	0.0009635869524304223	534	128	132837	2814
Tapajos	chr_Z	38500001	39000000	0.0020051715873262354	655	297	148117	4202
Tapajos	chr_Z	39000001	39500000	0.0022678263083766343	464	285	125671	1986
Tapajos	chr_Z	39500001	40000000	0.0015171232645795547	582	225	148307	2922
Tapajos	chr_Z	40000001	40500000	0.00128705209797388	483	163	126646	2288
Tapajos	chr_Z	40500001	41000000	0.001953001953001953	213	124	63492	660
Tapajos	chr_Z	41000001	41500000	0.0009585860855238523	549	128	133530	3072
Tapajos	chr_Z	41500001	42000000	0.002913033057394126	249	158	54239	1654
Tapajos	chr_Z	42000001	42500000	0.001002209619427997	1217	337	336257	4986
Tapajos	chr_Z	42500001	43000000	0.0012855514618177963	1623	582	452724	6476
Tapajos	chr_Z	43000001	43500000	0.0014049066890333404	1222	469	333830	5156
Tapajos	chr_Z	43500001	44000000	0.0019433141574294935	527	277	142540	2300
Tapajos	chr_Z	44000001	44500000	0.0026853146853146855	55	48	17875	110
Tapajos	chr_Z	44500001	45000000	0.0015950174692389487	166	63	39498	972
Tapajos	chr_Z	45000001	45500000	0.0005751588876427113	282	40	69546	1572
Tapajos	chr_Z	45500001	46000000	0.0016345155193843324	255	96	58733	1570
Tapajos	chr_Z	46000001	46500000	0.0015546453174455409	1156	501	322260	4616
Tapajos	chr_Z	46500001	47000000	0.0032394250897566338	325	277	85509	1506
Tapajos	chr_Z	47000001	47500000	0.0056117414898865315	367	546	97296	1652
Tapajos	chr_Z	47500001	48000000	0.0038561404593366513	483	499	129404	2148
Tapajos	chr_Z	48000001	48500000	0.0	155	0	33575	1078
Tapajos	chr_Z	48500001	49000000	0.003698219456865048	469	507	137093	1578
Tapajos	chr_Z	49000001	49500000	0.004181981683094841	470	479	114539	2562
Tapajos	chr_Z	49500001	50000000	0.002088817918950412	916	484	231710	4644
Tapajos	chr_Z	50000001	50500000	0.005156557915480622	417	471	91340	2764
Tapajos	chr_Z	50500001	51000000	0.0008910768796428634	413	101	113346	1720
Tapajos	chr_Z	51000001	51500000	0.0004724445565672087	813	103	218015	3638
Tapajos	chr_Z	51500001	52000000	0.0018680926916221034	536	262	140250	2524
Tapajos	chr_Z	52000001	52500000	0.0036107825437340473	669	580	160630	3840
Tapajos	chr_Z	52500001	53000000	0.004266196081285135	415	469	109934	1928
Tapajos	chr_Z	53000001	53500000	0.001183746643906707	457	138	116579	2310
Tapajos	chr_Z	53500001	54000000	0.006333104080696928	147	221	34896	852
Tapajos	chr_Z	54000001	54500000	NA	0	0	0	0
Tapajos	chr_Z	54500001	55000000	0.004977616379175406	410	477	95829	2462
Tapajos	chr_Z	55000001	55500000	0.005272678949579472	852	1230	233278	3604
Tapajos	chr_Z	55500001	56000000	0.003819605707788152	503	477	124882	2688
Tapajos	chr_Z	56000001	56500000	0.007727397552863638	505	1013	131092	2436
Tapajos	chr_Z	56500001	57000000	0.0011446733791202685	329	103	89982	1384
Tapajos	chr_Z	57000001	57500000	0.008691375974171753	398	813	93541	2374
Tapajos	chr_Z	57500001	58000000	0.0038724634065202927	819	745	192384	4868
Tapajos	chr_Z	58000001	58500000	0.0034991135578986655	392	375	107170	1660
Tapajos	chr_Z	58500001	59000000	0.004721417900813338	450	512	108442	2548
Tapajos	chr_Z	59000001	59500000	0.005318781813475973	816	1233	231820	3080
Tapajos	chr_Z	59500001	60000000	0.001806478077718	498	229	126766	2500
Tapajos	chr_Z	60000001	60500000	0.005868805312320984	1320	2008	342148	6352
Tapajos	chr_Z	60500001	61000000	0.004105636557550794	1133	1228	299101	5202
Tapajos	chr_Z	61000001	61500000	0.004356065963284587	774	924	212118	3300
Tapajos	chr_Z	61500001	62000000	0.0031481351484159426	721	583	185189	3570
Tapajos	chr_Z	62000001	62500000	0.0045517048671622805	502	619	135993	2134
Tapajos	chr_Z	62500001	63000000	0.0061462099987397364	811	1268	206306	4096
Tapajos	chr_Z	63000001	63500000	0.010714153310018413	310	867	80921	1470
Tapajos	chr_Z	63500001	64000000	0.0028878403729179695	294	254	87955	898
Tapajos	chr_Z	64000001	64500000	0.002189827784022411	713	376	171703	4054
Tapajos	chr_Z	64500001	65000000	0.005159531913162569	561	761	147494	2616
Tapajos	chr_Z	65000001	65500000	0.0013007360983829485	155	44	33827	1046
Tapajos	chr_Z	65500001	66000000	0.003980724910957469	361	361	90687	1910
Tapajos	chr_Z	66000001	66500000	0.0029775098754077534	571	450	151133	2618
Tapajos	chr_Z	66500001	67000000	0.00028561907935450087	609	48	168056	2524
Tapajos	chr_Z	67000001	67500000	0.0023244633923430063	766	440	189291	4154
TapajosHeadwaters	chr_Z	1	500000	NA	0	0	0	0
TapajosHeadwaters	chr_Z	500001	1000000	NA	0	0	0	0
TapajosHeadwaters	chr_Z	1000001	1500000	NA	0	0	0	0
TapajosHeadwaters	chr_Z	1500001	2000000	NA	0	0	0	0
TapajosHeadwaters	chr_Z	2000001	2500000	NA	0	0	0	0
TapajosHeadwaters	chr_Z	2500001	3000000	NA	0	0	0	0
TapajosHeadwaters	chr_Z	3000001	3500000	0.0015702108568864963	446	7	4458	496
TapajosHeadwaters	chr_Z	3500001	4000000	0.0	348	0	2199	770
TapajosHeadwaters	chr_Z	4000001	4500000	0.0	182	0	2730	0
TapajosHeadwaters	chr_Z	4500001	5000000	0.0014265335235378032	552	8	5608	656
TapajosHeadwaters	chr_Z	5000001	5500000	0.0	317	0	3594	258
TapajosHeadwaters	chr_Z	5500001	6000000	0.0007627765064836003	581	5	6555	480
TapajosHeadwaters	chr_Z	6000001	6500000	0.0016087516087516086	848	10	6216	2134
TapajosHeadwaters	chr_Z	6500001	7000000	0.0024431497838752116	1483	26	10642	2798
TapajosHeadwaters	chr_Z	7000001	7500000	0.0009723572718433116	1829	14	14398	3306
TapajosHeadwaters	chr_Z	7500001	8000000	0.00016969285593076533	1136	1	5893	3070
TapajosHeadwaters	chr_Z	8000001	8500000	0.0018055687541575596	1347	19	10523	2252
TapajosHeadwaters	chr_Z	8500001	9000000	0.0	225	0	2394	218
TapajosHeadwaters	chr_Z	9000001	9500000	0.002097902097902098	900	15	7150	1572
TapajosHeadwaters	chr_Z	9500001	10000000	0.004929208180388044	884	47	9535	898
TapajosHeadwaters	chr_Z	10000001	10500000	0.003612281757977122	568	18	4983	1140
TapajosHeadwaters	chr_Z	10500001	11000000	0.005571030640668524	165	6	1077	364
TapajosHeadwaters	chr_Z	11000001	11500000	0.0026939655172413795	551	15	5568	650
TapajosHeadwaters	chr_Z	11500001	12000000	0.0024019215372297837	413	9	3747	608
TapajosHeadwaters	chr_Z	12000001	12500000	0.0017238677323303557	715	11	6381	1128
TapajosHeadwaters	chr_Z	12500001	13000000	0.006574621959237344	396	20	3042	644
TapajosHeadwaters	chr_Z	13000001	13500000	0.005490196078431373	170	14	2550	0
TapajosHeadwaters	chr_Z	13500001	14000000	0.004259346900141978	422	18	4226	512
TapajosHeadwaters	chr_Z	14000001	14500000	0.003197893152746426	445	17	5316	302
TapajosHeadwaters	chr_Z	14500001	15000000	0.0015598885793871866	941	14	8975	1200
TapajosHeadwaters	chr_Z	15000001	15500000	0.0013794567062818336	849	13	9424	782
TapajosHeadwaters	chr_Z	15500001	16000000	0.004938852304797742	453	21	4252	630
TapajosHeadwaters	chr_Z	16000001	16500000	0.0022988505747126436	464	10	4350	982
TapajosHeadwaters	chr_Z	16500001	17000000	0.003623759256341579	854	23	6347	1486
TapajosHeadwaters	chr_Z	17000001	17500000	0.0	385	0	2031	888
TapajosHeadwaters	chr_Z	17500001	18000000	0.005907626208378088	264	11	1862	508
TapajosHeadwaters	chr_Z	18000001	18500000	0.003350885591191958	612	21	6267	658
TapajosHeadwaters	chr_Z	18500001	19000000	0.0006786562606040041	679	4	5894	1014
TapajosHeadwaters	chr_Z	19000001	19500000	0.00259927797833935	1179	18	6925	2688
TapajosHeadwaters	chr_Z	19500001	20000000	0.0034459907223326706	776	26	7545	910
TapajosHeadwaters	chr_Z	20000001	20500000	0.006240898689411275	552	30	4807	818
TapajosHeadwaters	chr_Z	20500001	21000000	0.005963246927102349	942	49	8217	1602
TapajosHeadwaters	chr_Z	21000001	21500000	0.0024078533061678087	492	13	5399	474
TapajosHeadwaters	chr_Z	21500001	22000000	0.0	256	0	3066	172
TapajosHeadwaters	chr_Z	22000001	22500000	0.0008012820512820513	471	3	3744	738
TapajosHeadwaters	chr_Z	22500001	23000000	0.0012554052169061235	620	9	7169	550
TapajosHeadwaters	chr_Z	23000001	23500000	0.0	403	0	1843	1036
TapajosHeadwaters	chr_Z	23500001	24000000	0.0020045101478326235	405	8	3991	504
TapajosHeadwaters	chr_Z	24000001	24500000	0.0	159	0	2329	400
TapajosHeadwaters	chr_Z	24500001	25000000	0.00189978627404417	460	8	4211	674
TapajosHeadwaters	chr_Z	25000001	25500000	0.002700658960786432	1023	25	9257	1360
TapajosHeadwaters	chr_Z	25500001	26000000	0.0013866877971473852	1196	14	10096	1744
TapajosHeadwaters	chr_Z	26000001	26500000	0.0026518164942985947	413	10	3771	608
TapajosHeadwaters	chr_Z	26500001	27000000	0.0029086678301337987	670	20	6876	804
TapajosHeadwaters	chr_Z	27000001	27500000	0.0	617	0	5019	1016
TapajosHeadwaters	chr_Z	27500001	28000000	0.0026720106880427524	232	8	2994	108
TapajosHeadwaters	chr_Z	28000001	28500000	0.0028089887640449437	172	3	1068	336
TapajosHeadwaters	chr_Z	28500001	29000000	0.0	79	0	1185	0
TapajosHeadwaters	chr_Z	29000001	29500000	0.0015873015873015873	252	5	3150	140
TapajosHeadwaters	chr_Z	29500001	30000000	0.0022078804347826085	575	13	5888	650
TapajosHeadwaters	chr_Z	30000001	30500000	0.00335973122150228	315	14	4167	124
TapajosHeadwaters	chr_Z	30500001	31000000	0.004365079365079365	456	22	5040	400
TapajosHeadwaters	chr_Z	31000001	31500000	0.006006006006006006	249	16	2664	238
TapajosHeadwaters	chr_Z	31500001	32000000	0.001228878648233487	605	8	6510	682
TapajosHeadwaters	chr_Z	32000001	32500000	0.0	343	0	3147	444
TapajosHeadwaters	chr_Z	32500001	33000000	0.00708502024291498	546	28	3952	1330
TapajosHeadwaters	chr_Z	33000001	33500000	0.0024287564766839378	703	15	6176	1066
TapajosHeadwaters	chr_Z	33500001	34000000	0.001805985552115583	614	14	7752	324
TapajosHeadwaters	chr_Z	34000001	34500000	0.0005099439061703213	595	3	5883	676
TapajosHeadwaters	chr_Z	34500001	35000000	0.0	121	0	1282	464
TapajosHeadwaters	chr_Z	35000001	35500000	0.0	106	0	1002	168
TapajosHeadwaters	chr_Z	35500001	36000000	0.000931098696461825	468	3	3222	844
TapajosHeadwaters	chr_Z	36000001	36500000	0.0	540	0	4100	944
TapajosHeadwaters	chr_Z	36500001	37000000	0.0010584810796507012	758	8	7558	896
TapajosHeadwaters	chr_Z	37000001	37500000	0.0051463020144096455	625	35	6801	636
TapajosHeadwaters	chr_Z	37500001	38000000	0.0022381378692927483	736	15	6702	964
TapajosHeadwaters	chr_Z	38000001	38500000	0.0014932802389248383	534	6	4018	936
TapajosHeadwaters	chr_Z	38500001	39000000	0.002160293799956794	655	10	4629	1192
TapajosHeadwaters	chr_Z	39000001	39500000	0.005214368482039398	464	27	5178	396
TapajosHeadwaters	chr_Z	39500001	40000000	0.0047235829251224635	582	27	5716	684
TapajosHeadwaters	chr_Z	40000001	40500000	0.0	483	0	4995	500
TapajosHeadwaters	chr_Z	40500001	41000000	0.003915810083210965	213	8	2043	256
TapajosHeadwaters	chr_Z	41000001	41500000	0.0031583103039873666	549	16	5066	770
TapajosHeadwaters	chr_Z	41500001	42000000	0.002050020500205002	249	5	2439	288
TapajosHeadwaters	chr_Z	42000001	42500000	0.0003237992444684296	1217	3	9265	2076
TapajosHeadwaters	chr_Z	42500001	43000000	0.0007776049766718507	1557	8	10288	3522
TapajosHeadwaters	chr_Z	43000001	43500000	0.0018952854773750297	1222	16	8442	2392
TapajosHeadwaters	chr_Z	43500001	44000000	0.00301854247520483	527	14	4638	726
TapajosHeadwaters	chr_Z	44000001	44500000	0.006060606060606061	55	5	825	0
TapajosHeadwaters	chr_Z	44500001	45000000	0.008875739644970414	166	6	676	460
TapajosHeadwaters	chr_Z	45000001	45500000	0.0014208581983518045	282	5	3519	158
TapajosHeadwaters	chr_Z	45500001	46000000	0.0	255	0	3083	212
TapajosHeadwaters	chr_Z	46000001	46500000	0.0016114854966305303	1077	11	6826	2868
TapajosHeadwaters	chr_Z	46500001	47000000	0.005008944543828265	325	14	2795	568
TapajosHeadwaters	chr_Z	47000001	47500000	0.0041087231352718075	367	13	3164	594
TapajosHeadwaters	chr_Z	47500001	48000000	0.001541128876902331	483	8	5191	500
TapajosHeadwaters	chr_Z	48000001	48500000	0.0	155	0	1893	96
TapajosHeadwaters	chr_Z	48500001	49000000	0.002468198215302829	469	13	5267	456
TapajosHeadwaters	chr_Z	49000001	49500000	0.007151140316969463	470	37	5174	536
TapajosHeadwaters	chr_Z	49500001	50000000	0.0018771509020752946	916	18	9589	1086
TapajosHeadwaters	chr_Z	50000001	50500000	0.004576203740549145	417	23	5026	274
TapajosHeadwaters	chr_Z	50500001	51000000	0.0006957328385899814	413	3	4312	422
TapajosHeadwaters	chr_Z	51000001	51500000	0.0	745	0	4198	2266
TapajosHeadwaters	chr_Z	51500001	52000000	0.0	536	0	5394	588
TapajosHeadwaters	chr_Z	52000001	52500000	0.001541623843782117	669	9	5838	1034
TapajosHeadwaters	chr_Z	52500001	53000000	0.008655126498002663	415	39	4506	382
TapajosHeadwaters	chr_Z	53000001	53500000	0.001310615989515072	457	6	4578	506
TapajosHeadwaters	chr_Z	53500001	54000000	0.003678724708767627	147	6	1631	164
TapajosHeadwaters	chr_Z	54000001	54500000	NA	0	0	0	0
TapajosHeadwaters	chr_Z	54500001	55000000	0.004332755632582322	410	20	4616	404
TapajosHeadwaters	chr_Z	55000001	55500000	0.0034660328777975837	852	35	10098	596
TapajosHeadwaters	chr_Z	55500001	56000000	0.004057228272474909	503	19	4683	636
TapajosHeadwaters	chr_Z	56000001	56500000	0.004305705059203444	505	20	4645	684
TapajosHeadwaters	chr_Z	56500001	57000000	0.002564102564102564	329	8	3120	494
TapajosHeadwaters	chr_Z	57000001	57500000	0.01200937316930287	398	41	3414	568
TapajosHeadwaters	chr_Z	57500001	58000000	0.00590948400115307	819	41	6938	1326
TapajosHeadwaters	chr_Z	58000001	58500000	0.0033140016570008283	392	12	3621	502
TapajosHeadwaters	chr_Z	58500001	59000000	0.003173483779971791	450	9	2836	908
TapajosHeadwaters	chr_Z	59000001	59500000	0.007941431939446582	816	64	8059	930
TapajosHeadwaters	chr_Z	59500001	60000000	0.0011001100110011	498	6	5454	448
TapajosHeadwaters	chr_Z	60000001	60500000	0.004227053140096618	1320	56	13248	1456
TapajosHeadwaters	chr_Z	60500001	61000000	0.003146963180530788	1133	30	9533	1684
TapajosHeadwaters	chr_Z	61000001	61500000	0.002282236591860023	774	12	5258	1464
TapajosHeadwaters	chr_Z	61500001	62000000	0.002795350890098573	721	19	6797	988
TapajosHeadwaters	chr_Z	62000001	62500000	0.004578507945057905	502	17	3713	898
TapajosHeadwaters	chr_Z	62500001	63000000	0.007814605227701428	725	58	7422	1406
TapajosHeadwaters	chr_Z	63000001	63500000	0.007067137809187279	310	30	4245	90
TapajosHeadwaters	chr_Z	63500001	64000000	0.004753416518122401	294	16	3366	232
TapajosHeadwaters	chr_Z	64000001	64500000	0.001671402306535183	713	10	5983	1088
TapajosHeadwaters	chr_Z	64500001	65000000	0.004815409309791332	561	27	5607	624
TapajosHeadwaters	chr_Z	65000001	65500000	0.004319654427645789	155	6	1389	208
TapajosHeadwaters	chr_Z	65500001	66000000	0.0063805104408352666	361	22	3448	478
TapajosHeadwaters	chr_Z	66000001	66500000	0.0017431725740848344	571	9	5163	756
TapajosHeadwaters	chr_Z	66500001	67000000	0.0	609	0	6921	492
TapajosHeadwaters	chr_Z	67000001	67500000	0.0026680896478121665	766	15	5622	1392
XinguBelem	chr_Z	1	500000	NA	0	0	0	0
XinguBelem	chr_Z	500001	1000000	NA	0	0	0	0
XinguBelem	chr_Z	1000001	1500000	NA	0	0	0	0
XinguBelem	chr_Z	1500001	2000000	NA	0	0	0	0
XinguBelem	chr_Z	2000001	2500000	NA	0	0	0	0
XinguBelem	chr_Z	2500001	3000000	NA	0	0	0	0
XinguBelem	chr_Z	3000001	3500000	0.003232701041944964	446	121	37430	1252
XinguBelem	chr_Z	3500001	4000000	0.0017002465357476835	348	40	23526	1404
XinguBelem	chr_Z	4000001	4500000	0.002372817008352316	182	25	10536	888
XinguBelem	chr_Z	4500001	5000000	0.00451782678558953	552	194	42941	1726
XinguBelem	chr_Z	5000001	5500000	0.0	317	0	23743	1114
XinguBelem	chr_Z	5500001	6000000	0.0024782474991407537	581	137	55281	1086
XinguBelem	chr_Z	6000001	6500000	0.00217364090541817	933	191	87871	1722
XinguBelem	chr_Z	6500001	7000000	0.0028603757142154347	1483	407	142289	2614
XinguBelem	chr_Z	7000001	7500000	0.0020834949519577097	1829	376	180466	2804
XinguBelem	chr_Z	7500001	8000000	0.0016443584871901917	1172	193	117371	1682
XinguBelem	chr_Z	8000001	8500000	0.003232501464388247	1347	447	138283	1674
XinguBelem	chr_Z	8500001	9000000	0.0	225	0	17675	674
XinguBelem	chr_Z	9000001	9500000	0.0029268776664351623	900	236	80632	2088
XinguBelem	chr_Z	9500001	10000000	0.0059294929385129555	884	495	83481	1630
XinguBelem	chr_Z	10000001	10500000	0.0009725261366399222	627	56	57582	1396
XinguBelem	chr_Z	10500001	11000000	0.005590141024012197	165	88	15742	292
XinguBelem	chr_Z	11000001	11500000	0.001288322563761902	551	64	49677	1206
XinguBelem	chr_Z	11500001	12000000	0.00121719997191077	413	52	42721	494
XinguBelem	chr_Z	12000001	12500000	0.0017651458489154825	715	118	66850	1412
XinguBelem	chr_Z	12500001	13000000	0.004988386824324324	396	189	37888	744
XinguBelem	chr_Z	13000001	13500000	0.002678311499272198	170	46	17175	258
XinguBelem	chr_Z	13500001	14000000	0.000674217907227616	422	20	29664	1800
XinguBelem	chr_Z	14000001	14500000	0.004359950424929178	445	197	45184	600
XinguBelem	chr_Z	14500001	15000000	0.00014110802361931227	941	13	92128	1472
XinguBelem	chr_Z	15000001	15500000	0.00032896991296004385	849	24	72955	2194
XinguBelem	chr_Z	15500001	16000000	0.002786283759551988	453	101	36249	1358
XinguBelem	chr_Z	16000001	16500000	0.00030072405098429295	531	13	43229	1566
XinguBelem	chr_Z	16500001	17000000	0.005244568125869635	854	392	74744	2080
XinguBelem	chr_Z	17000001	17500000	0.0015104895104895105	385	54	35750	764
XinguBelem	chr_Z	17500001	18000000	0.0025340393343419062	264	67	26440	368
XinguBelem	chr_Z	18000001	18500000	0.0021225789334040858	612	88	41459	2498
XinguBelem	chr_Z	18500001	19000000	0.0010586763337717751	679	66	62342	1388
XinguBelem	chr_Z	19000001	19500000	0.0015195165653655624	1179	173	113852	2032
XinguBelem	chr_Z	19500001	20000000	0.0013380207786756217	776	102	76232	1232
XinguBelem	chr_Z	20000001	20500000	0.0031464587497279004	552	159	50533	1158
XinguBelem	chr_Z	20500001	21000000	0.0031409691097768703	990	260	82777	2750
XinguBelem	chr_Z	21000001	21500000	0.00049813200498132	492	24	48180	776
XinguBelem	chr_Z	21500001	22000000	0.001069682151589242	256	28	26176	336
XinguBelem	chr_Z	22000001	22500000	0.0017459507373284268	471	65	37229	1470
XinguBelem	chr_Z	22500001	23000000	0.0012908777969018934	620	72	55776	1432
XinguBelem	chr_Z	23000001	23500000	0.003471468865263615	403	112	32263	1250
XinguBelem	chr_Z	23500001	24000000	0.0022297181407581043	405	78	34982	1036
XinguBelem	chr_Z	24000001	24500000	0.0007515783144603667	223	15	19958	532
XinguBelem	chr_Z	24500001	25000000	0.0	460	0	47001	566
XinguBelem	chr_Z	25000001	25500000	0.00041274635798242075	1023	44	106603	1162
XinguBelem	chr_Z	25500001	26000000	0.0017460858575360234	1196	210	120269	1630
XinguBelem	chr_Z	26000001	26500000	0.0008110898097625719	413	33	40686	636
XinguBelem	chr_Z	26500001	27000000	0.0015583142191795212	670	89	57113	1726
XinguBelem	chr_Z	27000001	27500000	0.0009769614721921239	617	55	56297	1334
XinguBelem	chr_Z	27500001	28000000	0.0022193585337915234	232	31	13968	1056
XinguBelem	chr_Z	28000001	28500000	0.0025878293601003764	172	33	12752	576
XinguBelem	chr_Z	28500001	29000000	0.0	79	0	5214	316
XinguBelem	chr_Z	29000001	29500000	0.0014934428524758481	252	32	21427	682
XinguBelem	chr_Z	29500001	30000000	0.0026279016413957076	575	126	47947	1626
XinguBelem	chr_Z	30000001	30500000	0.00223141648458928	315	48	21511	1226
XinguBelem	chr_Z	30500001	31000000	0.004652350287935094	456	164	35251	1490
XinguBelem	chr_Z	31000001	31500000	0.0029042011457670273	249	73	25136	344
XinguBelem	chr_Z	31500001	32000000	0.001266203107562881	605	59	46596	1928
XinguBelem	chr_Z	32000001	32500000	0.0020969457529250875	343	69	32905	662
XinguBelem	chr_Z	32500001	33000000	0.0015032870380757926	599	67	44569	2038
XinguBelem	chr_Z	33000001	33500000	0.0015070387574908691	703	85	56402	2132
XinguBelem	chr_Z	33500001	34000000	0.0019971891412086692	614	108	54076	1480
XinguBelem	chr_Z	34000001	34500000	0.0014029618082618861	595	72	51320	1472
XinguBelem	chr_Z	34500001	35000000	0.0009067827348567283	178	15	16542	348
XinguBelem	chr_Z	35000001	35500000	0.0	106	0	7214	420
XinguBelem	chr_Z	35500001	36000000	0.0010266301642608262	468	33	32144	1904
XinguBelem	chr_Z	36000001	36500000	0.0012373130581357816	540	69	55766	644
XinguBelem	chr_Z	36500001	37000000	0.0014621610444851421	758	99	67708	1704
XinguBelem	chr_Z	37000001	37500000	0.003213623111582295	625	194	60368	1072
XinguBelem	chr_Z	37500001	38000000	0.0008240564553586144	736	55	66743	1586
XinguBelem	chr_Z	38000001	38500000	0.0006873614190687361	534	31	45100	1384
XinguBelem	chr_Z	38500001	39000000	0.0010504832222822497	655	70	66636	864
XinguBelem	chr_Z	39000001	39500000	0.0005408475080451066	464	20	36979	1450
XinguBelem	chr_Z	39500001	40000000	0.0012307259524939782	582	70	56877	894
XinguBelem	chr_Z	40000001	40500000	0.00043176028668883034	483	20	46322	884
XinguBelem	chr_Z	40500001	41000000	0.000626495044993735	213	11	17558	572
XinguBelem	chr_Z	41000001	41500000	0.000425161029740014	549	20	47041	1422
XinguBelem	chr_Z	41500001	42000000	0.002917545670811078	249	65	22279	554
XinguBelem	chr_Z	42000001	42500000	0.000219737100255052	1217	28	127425	1302
XinguBelem	chr_Z	42500001	43000000	0.00023995669618692068	1623	43	179199	1106
XinguBelem	chr_Z	43000001	43500000	0.0009322066012353632	1222	123	131945	1054
XinguBelem	chr_Z	43500001	44000000	0.0030767739903578262	527	127	41277	1590
XinguBelem	chr_Z	44000001	44500000	0.0	55	0	2475	330
XinguBelem	chr_Z	44500001	45000000	0.0033618581907090463	166	33	9816	792
XinguBelem	chr_Z	45000001	45500000	0.0	282	0	20658	1020
XinguBelem	chr_Z	45500001	46000000	0.0	255	0	18377	1022
XinguBelem	chr_Z	46000001	46500000	0.0011045741905664663	1156	141	127651	786
XinguBelem	chr_Z	46500001	47000000	0.00423078235354328	325	124	29309	686
XinguBelem	chr_Z	47000001	47500000	0.0072666294019005035	367	247	33991	730
XinguBelem	chr_Z	47500001	48000000	0.0013091453151299795	483	56	42776	1264
XinguBelem	chr_Z	48000001	48500000	0.00423634336677815	155	38	8970	740
XinguBelem	chr_Z	48500001	49000000	0.0025845864661654134	469	99	38304	1352
XinguBelem	chr_Z	49000001	49500000	0.003577900655174016	470	154	43042	964
XinguBelem	chr_Z	49500001	50000000	0.0037812273184893823	916	323	85422	1844
XinguBelem	chr_Z	50000001	50500000	0.0020417017584156393	417	80	39183	778
XinguBelem	chr_Z	50500001	51000000	0.0021095529186144074	413	88	41715	586
XinguBelem	chr_Z	51000001	51500000	0.0008650726901357683	813	72	83230	1012
XinguBelem	chr_Z	51500001	52000000	0.0003494222884830414	536	15	42928	1592
XinguBelem	chr_Z	52000001	52500000	0.005593536357986327	669	297	53097	1974
XinguBelem	chr_Z	52500001	53000000	0.002465983927587107	415	85	34469	1110
XinguBelem	chr_Z	53000001	53500000	0.0025202520252025204	457	112	44440	792
XinguBelem	chr_Z	53500001	54000000	0.004196038939241357	147	50	11916	424
XinguBelem	chr_Z	54000001	54500000	NA	0	0	0	0
XinguBelem	chr_Z	54500001	55000000	0.006551004247354402	410	182	27782	1708
XinguBelem	chr_Z	55000001	55500000	0.001990384480607768	852	142	71343	2482
XinguBelem	chr_Z	55500001	56000000	0.0047956673625896605	503	232	48377	862
XinguBelem	chr_Z	56000001	56500000	0.005382131324004306	505	205	38089	1718
XinguBelem	chr_Z	56500001	57000000	0.005183933645649336	329	135	26042	1004
XinguBelem	chr_Z	57000001	57500000	0.006887342750720359	398	196	28458	1452
XinguBelem	chr_Z	57500001	58000000	0.002363752257516201	819	178	75304	1648
XinguBelem	chr_Z	58000001	58500000	0.0035275907994672616	392	98	27781	1430
XinguBelem	chr_Z	58500001	59000000	0.005003108440155126	450	169	33779	1530
XinguBelem	chr_Z	59000001	59500000	0.004564162093710427	816	346	75808	1600
XinguBelem	chr_Z	59500001	60000000	0.0035014005602240898	498	150	42840	1272
XinguBelem	chr_Z	60000001	60500000	0.00592967175352721	1320	659	111136	3488
XinguBelem	chr_Z	60500001	61000000	0.0033687384885529694	1133	353	104787	2250
XinguBelem	chr_Z	61000001	61500000	0.0016892401435854123	774	112	66302	1996
XinguBelem	chr_Z	61500001	62000000	0.00313205623133513	721	215	68645	1270
XinguBelem	chr_Z	62000001	62500000	0.005082850462539392	502	200	39348	1632
XinguBelem	chr_Z	62500001	63000000	0.006420453731172162	811	448	69777	2070
XinguBelem	chr_Z	63000001	63500000	0.006715566422167889	310	206	30675	458
XinguBelem	chr_Z	63500001	64000000	0.004372243790283065	294	116	26531	618
XinguBelem	chr_Z	64000001	64500000	0.004084421982772321	713	257	62922	1668
XinguBelem	chr_Z	64500001	65000000	0.005974545072052172	561	284	47535	1434
XinguBelem	chr_Z	65000001	65500000	0.0008523827973653623	155	11	12905	406
XinguBelem	chr_Z	65500001	66000000	0.003126072204643361	361	82	26231	1410
XinguBelem	chr_Z	66000001	66500000	0.004062333510921684	571	244	60064	656
XinguBelem	chr_Z	66500001	67000000	0.0	609	0	53678	1460
XinguBelem	chr_Z	67000001	67500000	0.0007824179509032735	766	56	71573	1438
XinguHeadwaters	chr_Z	1	500000	NA	0	0	0	0
XinguHeadwaters	chr_Z	500001	1000000	NA	0	0	0	0
XinguHeadwaters	chr_Z	1000001	1500000	NA	0	0	0	0
XinguHeadwaters	chr_Z	1500001	2000000	NA	0	0	0	0
XinguHeadwaters	chr_Z	2000001	2500000	NA	0	0	0	0
XinguHeadwaters	chr_Z	2500001	3000000	NA	0	0	0	0
XinguHeadwaters	chr_Z	3000001	3500000	0.002615844544095665	446	7	2676	0
XinguHeadwaters	chr_Z	3500001	4000000	0.0019157088122605363	348	4	2088	0
XinguHeadwaters	chr_Z	4000001	4500000	0.0	182	0	1092	0
XinguHeadwaters	chr_Z	4500001	5000000	0.002113526570048309	552	7	3312	0
XinguHeadwaters	chr_Z	5000001	5500000	0.0	317	0	1902	0
XinguHeadwaters	chr_Z	5500001	6000000	0.0011474469305794606	581	4	3486	0
XinguHeadwaters	chr_Z	6000001	6500000	0.0028581636298678098	933	16	5598	0
XinguHeadwaters	chr_Z	6500001	7000000	0.001723543605653223	1483	15	8703	78
XinguHeadwaters	chr_Z	7000001	7500000	0.0011846181884454165	1829	13	10974	0
XinguHeadwaters	chr_Z	7500001	8000000	0.0004266211604095563	1172	3	7032	0
XinguHeadwaters	chr_Z	8000001	8500000	0.0008661222469685721	1347	7	8082	0
XinguHeadwaters	chr_Z	8500001	9000000	0.0	225	0	1350	0
XinguHeadwaters	chr_Z	9000001	9500000	0.0016666666666666668	900	9	5400	0
XinguHeadwaters	chr_Z	9500001	10000000	0.003205128205128205	884	17	5304	0
XinguHeadwaters	chr_Z	10000001	10500000	0.0054802422843957315	627	19	3467	118
XinguHeadwaters	chr_Z	10500001	11000000	0.010101010101010102	165	10	990	0
XinguHeadwaters	chr_Z	11000001	11500000	0.0015088645794039985	551	4	2651	262
XinguHeadwaters	chr_Z	11500001	12000000	0.004035512510088781	413	10	2478	0
XinguHeadwaters	chr_Z	12000001	12500000	0.0006993006993006993	715	3	4290	0
XinguHeadwaters	chr_Z	12500001	13000000	0.003787878787878788	396	9	2376	0
XinguHeadwaters	chr_Z	13000001	13500000	0.00392156862745098	170	4	1020	0
XinguHeadwaters	chr_Z	13500001	14000000	0.0	422	0	2287	98
XinguHeadwaters	chr_Z	14000001	14500000	0.002953586497890295	445	7	2370	120
XinguHeadwaters	chr_Z	14500001	15000000	0.0	941	0	5646	0
XinguHeadwaters	chr_Z	15000001	15500000	0.001177856301531213	849	6	5094	0
XinguHeadwaters	chr_Z	15500001	16000000	0.0011037527593818985	453	3	2718	0
XinguHeadwaters	chr_Z	16000001	16500000	0.0018832391713747645	531	6	3186	0
XinguHeadwaters	chr_Z	16500001	17000000	0.00507416081186573	854	26	5124	0
XinguHeadwaters	chr_Z	17000001	17500000	0.0025974025974025974	385	6	2310	0
XinguHeadwaters	chr_Z	17500001	18000000	0.0	264	0	1584	0
XinguHeadwaters	chr_Z	18000001	18500000	0.0024509803921568627	612	9	3672	0
XinguHeadwaters	chr_Z	18500001	19000000	0.0014727540500736377	679	6	4074	0
XinguHeadwaters	chr_Z	19000001	19500000	0.0008481764206955047	1179	6	7074	0
XinguHeadwaters	chr_Z	19500001	20000000	0.0012900451515803052	776	6	4651	2
XinguHeadwaters	chr_Z	20000001	20500000	0.0009057971014492754	552	3	3312	0
XinguHeadwaters	chr_Z	20500001	21000000	0.005043478260869565	990	29	5750	76
XinguHeadwaters	chr_Z	21000001	21500000	0.0	492	0	2952	0
XinguHeadwaters	chr_Z	21500001	22000000	0.0	256	0	1536	0
XinguHeadwaters	chr_Z	22000001	22500000	0.0	471	0	2826	0
XinguHeadwaters	chr_Z	22500001	23000000	0.001881720430107527	620	7	3720	0
XinguHeadwaters	chr_Z	23000001	23500000	0.0018034265103697023	403	4	2218	80
XinguHeadwaters	chr_Z	23500001	24000000	0.0024691358024691358	405	6	2430	0
XinguHeadwaters	chr_Z	24000001	24500000	0.0	223	0	1338	0
XinguHeadwaters	chr_Z	24500001	25000000	0.002173913043478261	460	6	2760	0
XinguHeadwaters	chr_Z	25000001	25500000	0.0004887585532746823	1023	3	6138	0
XinguHeadwaters	chr_Z	25500001	26000000	0.0018115942028985507	1196	13	7176	0
XinguHeadwaters	chr_Z	26000001	26500000	0.003228410008071025	413	8	2478	0
XinguHeadwaters	chr_Z	26500001	27000000	0.0007462686567164179	670	3	4020	0
XinguHeadwaters	chr_Z	27000001	27500000	0.0	617	0	3702	0
XinguHeadwaters	chr_Z	27500001	28000000	0.0021551724137931034	232	3	1392	0
XinguHeadwaters	chr_Z	28000001	28500000	0.006782945736434108	172	7	1032	0
XinguHeadwaters	chr_Z	28500001	29000000	0.0	79	0	474	0
XinguHeadwaters	chr_Z	29000001	29500000	0.0	252	0	1512	0
XinguHeadwaters	chr_Z	29500001	30000000	0.0028213166144200625	575	9	3190	104
XinguHeadwaters	chr_Z	30000001	30500000	0.0031746031746031746	315	6	1890	0
XinguHeadwaters	chr_Z	30500001	31000000	0.0010964912280701754	456	3	2736	0
XinguHeadwaters	chr_Z	31000001	31500000	0.00535475234270415	249	8	1494	0
XinguHeadwaters	chr_Z	31500001	32000000	0.0	605	0	3630	0
XinguHeadwaters	chr_Z	32000001	32500000	0.0	343	0	2058	0
XinguHeadwaters	chr_Z	32500001	33000000	0.0027824151363383415	599	10	3594	0
XinguHeadwaters	chr_Z	33000001	33500000	0.0021337126600284497	703	9	4218	0
XinguHeadwaters	chr_Z	33500001	34000000	0.0019001085776330076	614	7	3684	0
XinguHeadwaters	chr_Z	34000001	34500000	0.0016806722689075631	595	6	3570	0
XinguHeadwaters	chr_Z	34500001	35000000	0.0	178	0	1068	0
XinguHeadwaters	chr_Z	35000001	35500000	0.0	106	0	636	0
XinguHeadwaters	chr_Z	35500001	36000000	0.002492877492877493	468	7	2808	0
XinguHeadwaters	chr_Z	36000001	36500000	0.0	540	0	3240	0
XinguHeadwaters	chr_Z	36500001	37000000	0.0	758	0	4323	90
XinguHeadwaters	chr_Z	37000001	37500000	0.0037333333333333333	625	14	3750	0
XinguHeadwaters	chr_Z	37500001	38000000	0.001358695652173913	736	6	4416	0
XinguHeadwaters	chr_Z	38000001	38500000	0.0	534	0	3204	0
XinguHeadwaters	chr_Z	38500001	39000000	0.0030534351145038168	655	12	3930	0
XinguHeadwaters	chr_Z	39000001	39500000	0.00646551724137931	464	18	2784	0
XinguHeadwaters	chr_Z	39500001	40000000	0.0028636884306987398	582	10	3492	0
XinguHeadwaters	chr_Z	40000001	40500000	0.0	483	0	2898	0
XinguHeadwaters	chr_Z	40500001	41000000	0.0	213	0	1278	0
XinguHeadwaters	chr_Z	41000001	41500000	0.0	549	0	3294	0
XinguHeadwaters	chr_Z	41500001	42000000	0.002677376171352075	249	4	1494	0
XinguHeadwaters	chr_Z	42000001	42500000	0.0015064365927143248	1217	11	7302	0
XinguHeadwaters	chr_Z	42500001	43000000	0.0010269049086054631	1623	10	9738	0
XinguHeadwaters	chr_Z	43000001	43500000	0.001363884342607747	1222	10	7332	0
XinguHeadwaters	chr_Z	43500001	44000000	0.0009487666034155598	527	3	3162	0
XinguHeadwaters	chr_Z	44000001	44500000	0.0	55	0	330	0
XinguHeadwaters	chr_Z	44500001	45000000	0.008032128514056224	166	8	996	0
XinguHeadwaters	chr_Z	45000001	45500000	0.002364066193853428	282	4	1692	0
XinguHeadwaters	chr_Z	45500001	46000000	0.00196078431372549	255	3	1530	0
XinguHeadwaters	chr_Z	46000001	46500000	0.0008650519031141869	1156	6	6936	0
XinguHeadwaters	chr_Z	46500001	47000000	0.004776119402985075	325	8	1675	110
XinguHeadwaters	chr_Z	47000001	47500000	0.0013623978201634877	367	3	2202	0
XinguHeadwaters	chr_Z	47500001	48000000	0.0010351966873706005	483	3	2898	0
XinguHeadwaters	chr_Z	48000001	48500000	0.0	155	0	930	0
XinguHeadwaters	chr_Z	48500001	49000000	0.0024875621890547263	469	7	2814	0
XinguHeadwaters	chr_Z	49000001	49500000	0.005745062836624776	470	16	2785	14
XinguHeadwaters	chr_Z	49500001	50000000	0.0020014556040756915	916	11	5496	0
XinguHeadwaters	chr_Z	50000001	50500000	0.005595523581135092	417	14	2502	0
XinguHeadwaters	chr_Z	50500001	51000000	0.0012106537530266344	413	3	2478	0
XinguHeadwaters	chr_Z	51000001	51500000	0.0	813	0	4878	0
XinguHeadwaters	chr_Z	51500001	52000000	0.0018656716417910447	536	6	3216	0
XinguHeadwaters	chr_Z	52000001	52500000	0.002491280518186348	669	10	4014	0
XinguHeadwaters	chr_Z	52500001	53000000	0.004016064257028112	415	10	2490	0
XinguHeadwaters	chr_Z	53000001	53500000	0.0010940919037199124	457	3	2742	0
XinguHeadwaters	chr_Z	53500001	54000000	0.0	147	0	882	0
XinguHeadwaters	chr_Z	54000001	54500000	NA	0	0	0	0
XinguHeadwaters	chr_Z	54500001	55000000	0.0012195121951219512	410	3	2460	0
XinguHeadwaters	chr_Z	55000001	55500000	0.0019561815336463224	852	10	5112	0
XinguHeadwaters	chr_Z	55500001	56000000	0.0013253810470510272	503	4	3018	0
XinguHeadwaters	chr_Z	56000001	56500000	0.00495575221238938	505	14	2825	82
XinguHeadwaters	chr_Z	56500001	57000000	0.0	329	0	1974	0
XinguHeadwaters	chr_Z	57000001	57500000	0.0041876046901172526	398	10	2388	0
XinguHeadwaters	chr_Z	57500001	58000000	0.004297378599054577	819	20	4654	104
XinguHeadwaters	chr_Z	58000001	58500000	0.00467687074829932	392	11	2352	0
XinguHeadwaters	chr_Z	58500001	59000000	0.004661016949152543	450	11	2360	136
XinguHeadwaters	chr_Z	59000001	59500000	0.003676470588235294	816	18	4896	0
XinguHeadwaters	chr_Z	59500001	60000000	0.0026943802925327174	498	7	2598	156
XinguHeadwaters	chr_Z	60000001	60500000	0.0048010107391029695	1320	38	7915	2
XinguHeadwaters	chr_Z	60500001	61000000	0.0025007355104442485	1133	17	6798	0
XinguHeadwaters	chr_Z	61000001	61500000	0.00409130060292851	774	19	4644	0
XinguHeadwaters	chr_Z	61500001	62000000	0.006166982922201139	721	26	4216	44
XinguHeadwaters	chr_Z	62000001	62500000	0.00298804780876494	502	9	3012	0
XinguHeadwaters	chr_Z	62500001	63000000	0.003757736516357206	754	17	4524	228
XinguHeadwaters	chr_Z	63000001	63500000	0.005376344086021506	310	10	1860	0
XinguHeadwaters	chr_Z	63500001	64000000	0.003968253968253968	294	7	1764	0
XinguHeadwaters	chr_Z	64000001	64500000	0.002571294997662459	713	11	4278	0
XinguHeadwaters	chr_Z	64500001	65000000	0.001941747572815534	515	6	3090	184
XinguHeadwaters	chr_Z	65000001	65500000	0.0064516129032258064	155	6	930	0
XinguHeadwaters	chr_Z	65500001	66000000	0.004685059864653826	361	9	1921	98
XinguHeadwaters	chr_Z	66000001	66500000	0.0008756567425569177	571	3	3426	0
XinguHeadwaters	chr_Z	66500001	67000000	0.0	609	0	3654	0
XinguHeadwaters	chr_Z	67000001	67500000	0.0013869625520110957	766	6	4326	108
