15.092427 27.807152 36.706196 1.913659 18.678604 14.562894 19.642333 74.729288 0.842253 1.685499 334.410636 25.784848 4.017000 9.634358 80.247884 3.345771 118.790105 0.232924 636.892326 168.220069 0.967454 1.586732 1.008723 1.299925 4.577175 0.269845 16.262169 185.122934 1.415654 12.193797 75.065845 5.260764 0.179848 111.805877 1.466552 306.771129 258.531381 0.382602 0.239378 17.313679 5.056219 219.412793 0.702083 8.107485 4.284014 0.148075 8.053177 170.606027 19.479652 238.652476 15.747724 3.870668 
77.814973 0.639176 205.734431 5.730578 0.962994 26.546684 31.274523 18.328767 0.750636 810.317387 20.987056 632.016006 9.183864 55.048076 184.778068 3.195623 28.474070 0.776449 11.978309 939.150416 198.567202 3.321947 5.790959 151.058206 3.564317 4.742336 6.411582 5.283562 3.001501 59.487261 57.140424 27.427327 0.282448 16.270807 110.127364 50.794667 47.058779 17.516280 40.202384 5.751582 17.619666 0.463337 13.579327 0.298675 0.911511 1.826033 1.205656 25.192573 
55.451316 0.418512 170.302862 3.421733 83.906271 9.827551 0.290272 23.016864 0.172599 5.212031 18.624955 43.872674 24.364440 3.524906 18.935152 3.036214 8.013493 1.181193 7.853645 456.526478 13.656708 443.364143 50.705618 59.679411 1.658751 0.623668 14.215818 5.220851 0.486087 221.159867 20.190303 0.681483 0.235548 0.985411 83.791536 9.019336 65.712549 38.300426 4.338610 0.205418 24.426903 54.809087 0.354824 1.667661 8.802542 13.678420 6.659578 
435.791579 91.222949 144.080394 0.191090 6.319064 11.805535 42.535698 2.072296 0.170783 1.353241 11.321656 70.023575 150.389277 24.205893 18.173171 10.156986 25.626934 0.130611 82.814685 281.776811 29.087787 20.094926 2.850620 6.131156 10.252609 4.755664 17.930945 38.963614 2.259973 6.322374 54.828481 1.008171 0.118774 123.377137 181.353555 12.170369 1.295709 2.151501 0.784387 0.466083 4.688077 163.309932 
0.213732 0.163224 523.235077 1.811833 1.577855 32.037066 46.638739 0.603185 59.275103 27.820526 14.590822 85.668455 2.581900 0.254713 51.597101 2.202415 30.685116 0.186736 0.112742 58.167065 15.984170 324.666611 51.365178 89.629984 1.235445 20.947882 15.828799 25.753781 20.243204 5.207652 7.865826 11.533406 0.098154 8.193148 
12.441184 0.141984 20.963606 0.981131 7.147875 23.390247 166.303766 285.411940 6.882967 6.094073 18.528488 79.238412 2.235745 27.138319 3.561708 10.472602 9.964510 0.416049 8.606784 1.067832 0.148740 79.798033 7.376446 320.798118 60.601415 4.550784 12.431148 10.452432 
166.949307 0.422002 23.278770 2.595911 38.410422 149.718867 1098.888384 1.041552 334.025314 103.921606 17.065059 0.911437 18.130340 12.269075 40.797949 6.473869 8.177177 0.326311 75.214352 5.589675 0.223492 224.943579 0.977926 10.568416 2.687411 4.182312 66.877361 
78.632802 41.909892 4.053364 2.451445 1.344899 102.429836 84.984305 3.746580 181.647884 124.245350 13.878912 3.892484 10.948630 24.510096 0.147549 69.835622 84.308886 0.292355 1124.265740 65.217927 0.169974 154.422661 22.176708 5.154019 39.719898 29.634304 1.271297 2.212857 17.400857 7.742546 449.098253 1.652011 13.448810 4.458923 98.912851 132.761315 7.878064 10.864299 17.059528 54.403637 10.928039 18.978467 59.890574 18.641911 7.222729 280.190236 6.166660 
19.661659 3.747479 20.052943 0.595852 79.514481 52.536499 0.361547 229.240956 202.003710 5.050366 2.611283 7.997649 50.553307 9.591951 0.437557 5.552636 5.490038 0.561471 75.563945 32.983572 0.356306 99.569437 4.085083 2.709833 108.761908 17.521942 6.045210 4.203730 6.085943 1.261032 10.035233 8.767672 34.414635 117.979668 15.611786 0.486016 88.490355 4.241616 
0.376513 3.405218 6.709822 2.025766 57.174622 65.131173 4.359390 5.968545 42.409916 12.429010 96.651808 4.236859 135.101757 4.628444 15.450174 96.021431 10.208289 0.724935 69.366931 35.337985 0.200553 114.766105 11.203543 4.162873 37.540088 10.467469 6.460182 2.367382 1.548107 7.814702 27.563164 21.451137 0.561473 7.224285 72.413502 0.557910 
3.711754 2.013109 70.081011 16.554089 0.406188 197.544737 40.877891 87.243699 3.101489 3.566621 309.471343 1.689383 47.646253 28.574416 5.454800 3.625819 49.894317 1.112795 19.787579 145.318713 0.169266 416.192376 67.734556 8.448595 5.847783 67.424265 24.682717 1.337635 8.087058 105.421192 6.624840 5.295874 8.255750 12.803173 13.831031 2.812458 77.724652 70.622631 7.589509 3.804874 418.721879 12.697199 
28.631305 67.835067 67.675455 1.110220 41.753906 52.094129 117.014763 67.777664 3.358513 4.794017 209.641580 18.713834 1.193920 5.382927 0.206779 1.588356 2.151076 1.463770 0.410218 133.706734 0.134377 745.175544 0.815789 22.967020 10.817668 2.275369 2.052359 7.258625 100.262446 311.555119 38.990369 22.750818 2.816513 2.417017 1.504634 282.147589 4.418119 35.157141 1.390892 276.822590 644.711263 23.812899 125.809360 44.105009 108.283131 2.833256 489.296976 6.539109 173.612589 34.328856 4.838491 24.062815 0.950512 2.657134 23.616760 
9.214707 1.658439 70.114967 56.469434 3.706159 0.200635 153.091593 1.067896 4.065353 580.555257 498.820158 0.896226 15.499295 33.527764 225.408498 6.366037 15.420583 1.000398 4.920760 8.949014 0.459993 375.946390 46.216700 335.167354 53.501581 12.183722 0.448147 59.649017 1.250372 35.611863 60.809974 0.695054 12.723960 4.478698 1.449415 82.139996 21.597458 
16.664675 4.258665 80.068610 45.642320 4.338801 11.383086 7.832803 1.021056 1.788461 61.688735 62.347534 1.598026 17.081243 22.657869 59.969424 641.538094 3.832489 0.675889 2.354887 5.379332 0.779476 1198.640952 1.488634 465.379417 0.969599 5.316546 130.848655 117.083263 4.256775 17.131822 72.553116 2.390866 1.392943 233.851418 1.767477 84.145147 119.195702 3.890880 5.185383 15.683355 36.775273 928.521170 7.342763 
1.097458 14.780417 67.837732 45.050323 104.412906 2.393865 5.645238 5.536965 1.782142 1.464527 308.494361 1.731357 0.920523 16.222583 27.238340 93.600895 45.076353 1.657922 681.290311 68.035603 0.560890 1199.539831 15.408704 86.818456 48.990976 4.986050 5.084780 154.021584 1.142559 132.239138 22.401082 19.442035 2.033357 0.536594 17.354890 14.507765 23.914536 9.737007 0.767826 137.753175 
4.296111 5.419851 79.011813 76.500710 14.796684 5.445476 0.413349 3.072722 2.290482 4.473834 34.077285 1.416276 3.538910 37.513276 220.750265 302.503381 112.440243 1.283390 1.666930 37.105554 0.224501 7.716142 65.981924 12.297399 16.625954 246.452686 5.376822 24.036760 8.140164 29.742899 30.705821 2.281982 28.640487 7.697963 10.816728 60.218487 30.777632 46.934785 
0.895887 60.710899 1.644886 32.971845 196.144506 145.288589 0.415619 4.369756 6.831284 64.757844 23.378769 5.687019 27.141450 32.127433 377.434719 221.886598 160.414085 3.968874 1.097065 9.741130 0.150928 2.288975 126.109638 83.161036 769.228962 3.469082 5.192090 
4.498436 2.139105 1.645621 0.152383 0.209826 85.611522 2.993680 12.459286 6.636159 5.188477 1.491632 3.405848 67.586661 23.614463 254.389428 175.112181 38.240385 0.250807 1.140734 0.814819 0.294432 21.392757 320.333648 8.555138 298.852381 100.975260 12.535258 16.399193 0.994157 20.986690 80.515832 36.290596 241.397072 4.119118 40.869714 
3.136672 14.797104 1.214160 29.043443 26.065186 36.784370 29.533716 307.785969 8.931002 1.439148 0.349403 64.742714 41.036994 453.062698 258.599821 283.893067 17.061246 149.548662 0.640710 103.393869 0.393276 63.977712 0.083886 50.745574 1.981894 35.740520 1.369629 0.772434 7.351987 9.673379 0.159009 125.434086 19.565492 3.661765 3.892231 3.418845 0.242752 661.106979 137.402672 2.412062 14.402576 12.330000 
0.210239 1.277523 1.614790 0.611866 67.485697 44.969321 4.038778 107.789887 8.098692 9.637531 7.359056 1.809947 33.911530 8.708798 17.735533 300.551196 20.106290 37.333136 0.672246 151.907007 0.160286 85.131937 18.031087 480.213182 9.745274 479.196534 0.558201 1.660755 0.376972 61.564657 0.141158 23.499080 5.955713 42.402665 135.710986 220.174368 17.232706 0.956102 25.605977 22.246276 
0.204264 54.329246 1.832031 0.903620 1.081091 0.665503 7.320171 95.671144 6.674040 103.161058 0.602678 91.502162 342.532252 20.744974 139.871475 83.734962 49.218667 2.056318 0.783985 91.019150 0.262221 1.099625 44.913449 104.937600 14.777976 16.911554 30.427042 23.622516 29.432965 3.063508 35.116567 2.024945 40.318159 9.251333 15.714930 2.932156 3.311960 
1.143177 24.143134 0.768408 0.255367 0.099317 81.494159 161.852667 14.598692 46.093327 6.861234 0.617247 24.292011 6.816796 0.303629 51.484232 164.975930 29.182046 18.799933 1.090049 4.572241 92.532507 10.986903 115.892969 96.347957 13.636803 58.971829 3.003225 31.038693 36.485496 0.636134 
94.323962 7.015364 2.627351 0.183656 0.171120 8.951099 100.157869 47.483662 45.463108 2.577524 0.462240 35.592515 14.538255 58.445602 21.490798 153.454846 39.428921 20.912317 1.377627 0.768540 0.827762 0.896479 75.377263 4.967902 9.075276 2.613203 34.043360 2.957930 
129.831846 39.823123 0.712253 8.708646 0.186236 8.933839 401.055095 370.364513 0.138342 0.975498 0.400309 178.075195 53.882069 477.114103 7.456593 151.580382 15.399417 0.401337 1.688414 0.092587 6.532659 2.162329 5.098371 64.815436 56.603298 5.163059 9.981875 64.969746 0.282493 117.683953 1.316706 62.643529 0.961574 0.952569 4.861759 2.953817 127.117384 37.287418 35.477122 
51.877329 28.368786 57.690123 9.438416 31.144880 18.894602 3.358478 221.589637 71.801573 5.176350 0.554746 299.844207 0.072963 0.165832 0.966679 144.651544 1.842999 16.361271 1.267692 4.221767 0.085747 88.052294 5.878034 150.055595 1.107909 31.752861 11.716517 110.326701 1.354845 0.526299 133.868908 15.805419 60.984157 
132.068871 3.158216 3.537753 63.379897 19.615131 47.187323 0.189645 87.152361 63.125553 81.739654 8.041446 7.551366 1.500599 278.599358 2.272973 52.339044 170.786880 0.213827 1.471352 0.462484 0.058649 7.345915 0.209048 2.076259 11.983000 4.075564 12.912519 2.066243 2.089857 201.967885 27.201069 0.044535 0.499357 134.708935 0.698470 6.005663 
164.661312 0.097944 0.800963 220.784412 7.692196 2.092138 90.199338 21.963923 68.240191 81.613727 1.173882 0.630238 195.134196 0.589291 0.456023 159.407992 28.567828 0.066724 1.545771 0.476094 229.110856 5.804319 0.064721 12.705264 2.297070 2.472296 12.069807 0.410045 3.197225 83.215604 120.806519 21.248297 91.841915 103.781091 134.746856 0.424492 160.506628 
143.667635 28.149773 1.839529 0.130031 297.364961 0.337066 170.869430 0.285442 52.688735 102.635131 25.070487 8.718031 0.483319 16.513282 2.041390 46.693783 15.599384 0.515507 1.488437 60.423427 65.051946 5.849727 0.100571 79.501765 148.344214 12.135102 0.706743 23.327002 
393.564624 0.347710 0.916633 14.219942 485.130882 14.546691 4.140962 0.630691 80.708311 173.035500 5.661882 13.598799 141.088078 58.689530 354.482431 50.676399 381.103524 2.140130 1.147825 34.855468 47.098784 1.033198 0.071153 0.127197 13.176631 0.492743 138.257704 68.909036 3.554422 0.992164 9.102556 15.428254 17.658958 53.307962 118.130168 66.271040 65.587434 
211.894672 0.416515 8.496123 67.084308 105.355266 378.013398 0.147206 0.491566 11.348120 74.506250 38.857760 8.024634 95.643601 27.451020 37.951160 39.823716 7.689299 6.175737 0.957379 38.077862 63.827456 0.095162 0.428069 7.661006 11.187473 0.416919 6.041563 7.629354 1.325619 15.847978 57.314728 54.260095 
230.390309 129.128339 5.826654 21.729630 8.957261 71.885899 3.874866 0.590499 37.858284 71.980862 2.346067 8.185901 61.635375 1.213895 209.791597 274.855741 0.950243 0.965103 1.836393 16.107380 139.364661 0.157137 0.347323 1.560958 200.118366 0.491254 24.589914 12.031221 0.112714 8.787592 2.820182 60.374145 4.041435 1.106083 3.164386 3.361792 11.167311 25.267105 105.423928 20.367417 16.416503 
102.818082 27.585159 20.206194 13.279078 21.410562 0.360820 9.635419 2.276081 15.671226 22.585792 118.992972 264.030687 68.539083 10.568143 3.886477 337.622801 171.116187 4.473182 1.739901 0.153457 8.866923 6.745491 5.517022 353.315171 106.869024 0.544344 665.810703 0.690812 0.712466 0.259991 10.892042 1.600080 
111.374691 15.623101 19.972438 14.104539 6.642832 0.096002 72.048443 72.756737 71.180407 0.099687 4.917476 5.456667 92.178909 53.613667 2.866586 305.136768 0.091984 0.414816 1.186788 2.302712 9.039796 6.060644 12.025805 4.467233 6.998273 24.513819 11.279231 
139.607560 2.406635 72.093673 11.628176 0.896313 0.173608 0.636788 2.265377 86.411012 12.723398 2.670277 20.547453 76.836668 0.454394 1.459173 339.997408 0.425046 0.491847 1.228278 11.773300 3.045268 52.214900 0.072781 0.496657 358.634746 598.608929 17.351506 26.015368 18.207844 73.445912 180.299305 15.907516 16.118949 2.725606 
200.321165 0.958218 30.177396 15.636469 7.588487 0.111071 3.507349 17.126902 0.264273 87.849090 0.128239 190.800948 47.698561 68.634183 12.110883 140.011580 16.243796 17.525012 1.457354 1.024689 7.060703 8.586327 0.103526 2.703319 18.976140 
496.972087 24.969748 16.409487 11.523612 4.536590 0.169326 5.620543 4.173965 0.164300 89.681727 3.145854 9.546702 96.010288 22.959448 0.822369 751.845200 57.614649 1.662254 1.294734 1.471853 35.329473 521.439583 33.590020 12.903352 8.762080 0.389992 5.737849 20.302958 12.993280 
111.966708 5.324754 4.243220 6.675409 8.259826 0.193216 59.604552 0.517471 2.263209 22.048712 277.191067 66.780148 121.119837 11.433275 14.402385 101.904863 0.730188 14.213315 2.895518 4.354934 0.517220 0.422306 90.770729 11.506581 37.237675 68.311678 0.509375 0.382244 72.695294 70.047919 4.033270 8.815404 0.840503 0.369215 0.858772 
154.777086 0.257504 123.208891 31.097974 6.923567 0.146623 3.094130 5.716221 1.233905 4.285609 21.836484 4.648259 3.236302 19.995930 36.394882 311.630730 5.997860 5.762610 0.868931 80.320475 4.198918 7.480686 17.534708 1.952098 9.705001 27.509903 19.896132 0.546045 8.847423 306.396129 534.128063 7.949782 2.700662 8.086647 12.052815 64.873705 238.892834 15.464111 0.797946 5.676116 11.974323 12.351891 11.283213 6.620431 5.094694 2.688681 2.100929 0.790612 0.923141 
393.928232 0.373646 4.276810 12.502300 82.731735 0.265893 16.394859 6.535826 1.369466 5.709453 1.271631 1.885647 2.986999 18.972232 3.283399 101.213777 0.293739 7.150841 0.468059 258.033969 14.353895 918.638287 3.349923 1.979434 374.269376 71.687189 131.560017 3.260936 4.948760 4.800410 60.776182 372.993694 5.791525 16.568748 
487.879118 0.692370 61.032070 12.507667 1.632682 1.124944 0.108225 5.817411 0.794916 75.375258 1.070674 0.542063 15.033163 46.999307 278.927231 195.532380 0.118957 197.814712 507.834110 54.930722 9.421692 9.094491 8.627915 1.526908 95.227695 1.657123 406.285240 0.743662 7.018080 11.536055 6.113596 34.429092 572.039180 
319.514623 1.426530 1.239729 0.915122 287.444351 0.294153 6.337968 4.499601 9.256082 8.965085 7.563086 11.304736 582.461382 3.334969 62.990939 3.150367 0.273691 184.335081 511.734859 6.200913 5.455966 6.320825 18.518466 1.855403 71.596570 977.105090 13.398002 67.518219 68.048917 0.730203 41.524538 4.173073 2.569065 
310.038089 0.463387 31.463991 0.972550 7.996912 0.195950 95.692936 5.254607 34.435995 62.260384 12.769669 1.893031 584.695856 5.238981 18.446006 13.202712 10.921513 9.319239 585.624432 7.794627 4.399575 4.982596 1.033395 2.942700 1109.937522 143.577275 130.828798 0.408577 1.261036 9.803743 1.065087 14.086588 65.911386 135.042892 249.625178 1.657566 31.268376 0.193520 57.492531 514.681278 47.656541 5.346704 
151.604108 0.221029 433.914310 1.985488 3.036459 0.328737 18.749584 1294.679765 1.253012 67.135432 11.428090 8.036408 2.367387 412.809121 6.707821 164.847979 2.164447 0.566961 140.065546 14.431882 2.626172 20.012780 2.507830 444.463008 57.829665 1.117085 5.511872 0.203776 75.559959 68.159085 20.315750 315.049083 71.603627 
3.229402 1.557078 14.253190 2.538520 2.458153 1.723070 4.365808 1.938530 320.471863 0.239932 5.574792 38.431280 33.336825 43.426031 15.805499 4.903123 1.929676 196.934376 5.455052 1.836698 4.344345 18.857760 49.431908 9.162002 4.920752 29.348644 1.006492 0.205454 4.462325 5.381668 63.520650 17.402825 78.195782 0.495813 2.110694 262.273951 170.960419 0.226975 1.513329 1.831020 0.289863 18.942362 101.393660 
14.856097 1.048332 7.489331 6.680509 0.899831 0.814061 21.781111 26.825644 7.044988 3.572247 113.351002 7.162948 6.354673 2.404186 80.983133 2.161858 0.471669 271.980676 54.141700 22.992102 0.298445 171.875350 2.706292 121.068929 4.925706 17.800937 1.457022 12.531495 8.869263 3.894114 104.311115 0.217123 21.322673 66.577565 84.278896 189.499045 
96.399392 0.293868 7.092866 8.391998 0.158968 0.167279 44.889899 6.506512 0.520624 1.163492 840.268125 8.883130 0.764465 15.264422 90.777145 4.508935 3.423533 1019.274370 14.793913 6.144464 27.758865 19.313396 56.043378 44.939619 2.658666 4.088497 2.137872 144.796635 12.073869 3.348224 0.565284 5.814837 11.339483 15.607624 5.588985 59.489709 13.412017 6.594983 95.643652 1.047085 
601.150053 0.881693 8.394348 0.230160 3.067285 0.162746 3.806061 4.072775 10.864090 6.855648 68.533568 56.204448 27.933480 67.831686 170.242372 93.846796 1.441626 32.276361 15.644561 37.091741 1.500885 15.102971 152.466882 2.960368 10.925437 36.941158 0.162976 21.765419 3.943370 3.102633 6.653727 5.668829 1.146939 1.661418 8.142374 7.573893 1.623052 0.618683 7.580015 2.791635 92.869757 18.757047 22.546350 47.722782 
259.219312 1.252894 4.392885 59.269155 9.283397 0.345780 1.529836 18.867534 7.924846 131.108064 157.817385 66.905002 21.983069 5.992061 289.375412 58.775507 211.000782 9.837266 0.205787 276.299187 1.877823 103.441682 17.154619 0.917479 0.183023 3.647069 108.637751 356.024741 6.726837 85.954192 1.927437 51.682142 0.421105 9.778830 59.181008 9.897811 2.402552 216.044323 11.063010 3.785032 353.635689 3.386784 6.275964 4.488910 83.264282 761.931676 
171.557256 1.488499 69.342019 40.790854 0.954199 5.587668 1.531427 39.221335 0.616667 11.854076 302.213842 64.377610 0.236501 60.958924 106.063829 5.467756 3.944141 51.453548 1.991683 2.213014 1.839087 25.865869 1.990686 4.781911 3.324295 11.477835 3.950064 19.826650 14.224427 224.094394 4.066398 80.838155 192.591309 4.531152 
251.884356 1.310949 1.095986 563.931665 1.055575 99.292730 3.485171 15.418004 61.188122 7.727413 917.526027 6.985011 0.146831 16.360840 1.983840 1.680631 3.996632 57.746621 4.169039 16.705513 162.186356 43.167635 0.493293 12.400469 17.072124 10.285371 138.298216 1.873086 25.986999 31.694398 107.814355 24.847211 
756.855751 1.436995 15.895522 3.684905 37.911286 348.485482 3.274831 10.345561 69.127096 2.190407 630.352824 41.363090 0.182282 77.995919 0.910938 1.377668 2.878439 2.974768 32.077320 9.516738 230.071240 0.471057 47.612598 7.065230 17.989108 206.130615 46.347441 21.824406 18.183699 
33.361652 1.011407 266.803687 5.042568 0.568955 6.735092 2.103671 8.483963 62.677100 0.849386 74.273945 356.399829 0.293851 6.863749 2.988079 1.269642 10.236757 151.886109 77.605251 14.027321 43.881590 4.285268 418.529408 0.444042 10.598064 176.488913 801.905592 25.764565 1.158177 3.051262 5.447037 7.702786 19.378866 44.176289 0.455144 7.292454 
5.986520 1.453440 1.307307 1.785127 55.801586 8.729087 77.394180 2.591587 13.345282 48.893342 445.157809 2.150732 0.330041 2.595162 136.828405 1.603750 78.065098 13.880154 907.313518 21.983694 1.672329 38.495373 311.807770 6.473686 32.742333 15.031492 597.055703 3.060839 11.785531 0.379999 0.894819 82.572665 67.507792 0.452423 6.327288 22.281589 275.605479 324.456680 2.652686 0.829158 7.760557 7.615826 57.279804 
90.927368 1.577277 1.186684 6.991731 0.365979 2.140983 1212.237771 3.998981 7.583611 30.505129 126.426637 27.836531 0.235575 1.240612 70.667186 1.346196 1.436390 2.117040 1235.919839 23.855063 33.923642 2.161585 208.312460 2.590392 16.339228 36.529989 659.962854 0.641041 16.894736 1.589738 26.939639 6.927667 7.390622 5.941179 7.021610 12.724803 27.687417 
62.449923 2.347700 1.924014 399.050665 0.358042 4.758114 131.997957 4.532997 4.444616 14.342501 68.781616 27.121872 0.210574 81.308188 65.902828 1.002744 4.744396 42.487449 130.575467 1.249332 4.030847 21.251955 338.790590 122.381327 19.202328 74.594635 734.201330 7.683317 202.250998 17.398073 0.662219 2.537739 5.630589 6.786884 2.500678 2.228976 0.943375 180.491482 0.667514 8.269106 23.073167 17.958221 35.075910 75.461322 4.741096 1074.090999 
40.163989 0.674269 1.811844 259.571077 1.492072 5.353464 3.056794 9.309321 2.414520 0.504605 13.370661 0.568003 0.270334 8.149645 74.544550 0.360350 137.905830 0.272581 348.574651 4.305081 16.787568 139.788684 13.406021 112.198818 0.442224 6.413848 719.000245 12.956910 413.723532 115.151778 287.548075 69.380153 7.627902 861.610971 83.326862 
6.093140 1.449563 31.087048 84.974074 47.323329 3.811692 12.281969 4.994342 426.423115 4.417998 150.586762 7.180104 0.151668 1.280075 44.926245 0.623334 157.220429 10.160755 4.539610 9.537930 64.583636 124.512986 6.384594 23.989763 1.843577 4.973906 699.003017 437.120773 31.707517 11.997658 113.810410 7.094466 10.479018 1.533122 421.540171 62.252989 1.356385 7.944845 1242.297285 0.248423 0.446637 2.338410 1.361918 21.684769 5.234678 16.909439 83.023188 
62.648770 110.131151 11.031011 33.921129 3.189222 251.637870 1.227648 5.659453 19.022800 26.209379 4.135926 1.219997 0.259795 1.214268 16.664027 0.329780 63.358516 2.962366 1.496197 10.487786 111.627417 38.312772 4.390932 28.100909 9.266291 4.271141 374.805687 
13.927372 4.243997 179.159086 5.280246 8.783818 96.517437 1.124692 1.095887 630.944508 32.456454 4.251048 0.507246 0.145380 6.046187 1.765333 0.381653 2.917045 6.223209 12.082294 24.700297 85.114736 3.944893 10.748062 104.187214 516.099784 4.717065 8.417482 29.371288 1.653655 5.263367 2.698383 52.488767 120.170881 17.583087 82.341920 46.317236 
4.994542 47.255278 49.435855 15.387024 0.999528 0.366251 103.140263 2.535573 519.553380 399.551504 1.539954 0.163366 0.074984 85.901445 2.150477 12.771880 2.237253 0.955212 1.876244 8.598414 1.199438 0.370038 73.695729 366.036142 291.421644 191.224655 11.234260 5.383498 1.082601 14.505518 2.276660 223.207924 1.875572 
2.583283 16.695456 42.249649 60.430266 1.584281 72.730469 59.887689 25.888139 54.296432 3.663781 0.841709 0.128823 0.370691 378.242448 0.411933 0.517429 37.275409 4.946866 0.428166 9.299871 47.536518 27.908613 13.855159 2.181771 0.930889 104.315331 6.070270 6.347518 7.483280 16.157824 31.255715 20.661206 0.776705 0.247203 37.040808 37.712833 83.996196 9.036438 
4.897886 7.343474 129.369438 39.750892 1.503959 63.349316 0.979826 15.497036 202.059939 13.084697 2.682529 0.096248 0.198415 349.757442 31.585661 0.120839 74.567105 18.056136 44.059127 8.427614 588.312460 7.025847 1.907711 1.082107 26.815609 21.610194 4.677171 61.566781 357.168116 2.688933 36.565943 0.402555 9.717500 9.505882 13.821041 5.237363 73.346265 
3.328937 18.986192 23.290412 191.664070 1.656283 2.628223 73.963669 6.106311 16.812017 35.945950 4.471251 0.332767 0.107416 276.589065 91.405669 3.479707 72.790750 14.802318 0.570569 7.079186 336.598323 9.616726 0.534135 1.345644 18.560531 2.450822 17.379869 10.157568 93.101788 50.031903 0.238703 1.252859 32.918118 0.431151 75.553054 221.852929 58.509071 213.050752 674.727377 0.259085 104.951997 
0.470086 6.872560 0.754370 0.517321 1.141106 284.503236 120.408658 4.337151 21.215067 0.293190 19.344376 1.654372 0.100401 253.380967 91.854297 0.765685 17.512091 0.550625 692.958018 12.404264 1.665690 10.303681 3.535799 9.810602 45.931277 5.016623 101.056834 491.006620 446.820474 0.314882 23.103172 1.715836 19.520574 1.595039 185.078740 9.711902 1.945991 72.853887 2.411603 7.839072 
1.947552 14.936927 0.109002 37.135921 0.607655 160.344831 11.907233 9.484017 5.532543 62.386789 13.741129 1.239102 0.227496 154.400682 20.469133 0.608863 0.090766 2.907673 82.638744 9.196297 6.457941 0.207581 1.671280 5.465270 1.956346 178.149023 11.421023 91.228576 196.285598 61.674309 118.329973 219.565031 45.547621 3.597363 7.649374 
354.099310 0.096124 14.386088 52.101999 9.825967 0.073502 0.456797 0.581332 1.737407 63.309183 8.552170 2.217967 0.142609 272.052155 18.057104 10.825946 19.075076 154.433444 42.957801 20.480452 0.314825 70.919657 0.694501 1.068887 16.683741 107.797599 27.768030 7.942173 5.297123 3.617661 43.548058 49.688075 37.483056 1.663068 9.218895 29.670098 142.069275 4.971145 26.079667 28.362122 127.400069 
88.952087 9.306351 91.828496 2.423368 5.029737 0.221283 101.876048 10.184203 2.615924 14.509126 48.386297 1.770784 0.480387 112.439970 28.616635 13.368615 44.900647 166.766573 1.000469 46.287930 0.333601 71.774393 1.520496 72.603794 4.786932 79.615950 9.145595 1.568935 0.424353 1.656915 5.346877 90.114480 1.312143 27.274047 10.003826 5.162732 17.883971 0.425337 
388.119028 40.773391 1.134544 0.697393 2.544911 11.313989 2.571645 225.925948 38.594908 11.293641 0.306238 8.076921 0.059113 89.083610 24.300241 1.231485 476.458092 213.082303 0.125369 77.943051 0.196872 95.009429 4.482334 0.665524 12.096396 74.140772 327.284183 0.943294 0.681004 0.199787 37.868714 12.019244 6.479226 8.048339 13.573920 28.256191 1.024027 5.979210 21.150501 11.295262 0.159971 5.665582 9.104499 42.679954 16.907639 41.871640 18.705817 326.486978 14.475936 
121.274597 148.748909 0.124786 1.208594 0.322582 16.977501 74.462367 10.177991 24.362886 0.110547 16.638242 3.508802 0.237584 10.997048 0.842795 0.110847 58.790913 34.223076 1.398622 112.300170 1.307729 3.791549 14.490473 0.221573 1.398242 0.885590 86.350045 0.082712 178.658671 8.884120 2.247519 35.260708 350.006594 2.081855 2.901489 55.887155 0.512237 29.636516 36.814725 22.166482 229.821153 575.247476 11.857053 28.213910 96.101769 201.662521 0.100284 34.279977 0.528955 8.888159 
72.820918 3.955655 7.021569 5.183512 10.175170 25.145963 0.569089 41.317135 0.898195 22.201805 21.806999 17.252311 0.716535 3.590703 10.858561 0.099151 6.064543 281.880881 227.059589 5.529378 1.011301 1.810886 4.495552 26.953398 1.213286 0.272073 11.297596 5.353707 1.653113 6.742063 26.531590 3.453314 1.974888 3.329752 41.255399 4.417301 2.933455 63.857489 0.237919 34.469101 184.469713 67.151878 57.412025 21.273216 78.087081 0.406977 2.773583 71.158012 92.760609 1.938046 0.158795 46.515781 5.311598 29.039351 2.300026 67.394534 0.354227 25.731396 4.967567 5.125737 
605.463982 1.997579 2.593373 12.916909 13.918655 32.106183 50.152904 0.573611 130.849797 2.365649 3.186299 8.549318 0.205958 0.096880 242.266311 0.165105 44.437969 88.627112 2.446925 1.650382 1.776962 55.284909 6.592729 74.391002 7.407763 0.223185 9.368857 5.174544 10.675192 44.008106 236.414831 187.823092 0.082691 2.074074 3.410184 2.569177 7.268905 6.263834 44.018817 8.062447 115.170492 19.238631 15.554025 330.399672 
228.677693 0.550598 1.291847 5.266194 4.964114 4.505443 77.417028 69.972550 261.782282 2.225399 7.689005 1.982722 1.569911 12.326588 37.550458 0.207823 0.117506 92.894984 25.472827 2.058658 1.150260 21.467304 4.147638 160.995219 65.812556 6.113754 0.653518 22.874202 217.624740 3.244869 26.523532 124.091433 663.229801 2.951366 15.110110 26.204470 0.266255 12.962882 139.304606 1.540853 8.969221 
116.269529 6.321189 4.518033 16.012796 78.092418 14.627762 35.621287 288.221411 0.793774 13.355500 12.503104 14.297476 1.116751 5.398686 7.895868 0.104095 309.020260 1.525292 44.030872 228.433227 252.244439 0.628038 0.081718 67.563868 54.134424 0.138953 8.758426 0.072702 2.057901 18.602712 69.080196 26.262334 25.138692 1.849205 0.610310 16.416681 9.558444 1.224630 5.849954 
132.243417 7.766962 0.532189 3.468417 94.434028 0.055673 51.448481 98.902103 100.090336 9.124361 19.116905 300.229865 1.441419 7.954857 8.128939 0.095189 1.903032 4.944034 191.356337 16.254613 0.377665 0.186610 60.595542 268.615951 1.125642 3.932908 34.436506 1.918706 1.191391 17.423484 4.140401 7.523879 6.730030 8.308042 24.746244 
172.080383 133.721457 0.288859 38.614244 37.514720 2.859585 6.793736 25.162819 132.246624 32.255531 15.618529 241.548858 1.841734 3.013881 11.238265 0.161160 33.853483 23.410376 97.819440 17.120194 4.715141 1.824134 1.636397 546.020308 1.556954 3.429007 693.600818 33.777537 0.909778 5.490304 11.384665 
3.910742 48.863785 0.889100 10.583517 4.679549 0.276819 9.889958 78.922357 9.643922 0.141526 12.831380 78.567168 19.684477 45.142310 66.397718 47.801210 0.150074 229.939606 404.254058 2.514605 8.893766 6.913850 19.951077 53.533574 231.649854 3.575793 0.066493 0.262681 26.134284 
0.089694 3.848334 2.365779 0.866666 271.545743 0.125226 9.829539 347.343192 5.922352 43.334549 13.901706 0.679426 3.418470 28.247701 174.243336 8.046661 0.187341 149.656200 127.138625 4.171231 34.689010 71.603822 5.793625 0.112186 286.288441 7.766419 63.962134 1.365656 113.614813 4.970855 2.288173 
0.083780 15.020249 3.803179 0.159870 63.815777 61.640472 13.946751 228.257784 114.330154 5.378413 13.199608 6.553405 0.424697 0.100799 109.086614 0.104579 4.659167 145.982400 392.115371 4.914434 1.030232 72.405108 14.820058 12.196977 1.635041 10.912099 2.165554 125.423896 8.970096 3.115659 36.849646 53.964772 31.611692 1.340622 4.579421 16.594335 7.964312 5.327191 
0.081403 106.782213 7.408143 1.025515 324.675300 3.886679 0.626048 14.891588 0.090829 0.882746 11.973773 2.810480 23.917746 2.526479 335.525317 4.038251 27.384280 313.103691 4.984891 84.412755 82.028493 775.680987 16.293063 
0.294089 298.433241 955.113103 10.102556 419.413974 1.740323 1.188889 0.127250 10.164940 1.027465 4.739214 2.939597 0.774999 0.575309 128.339464 3.658921 75.182184 8.306272 0.815987 164.985111 2.197487 273.723318 181.840450 356.179130 13.155360 6.218160 59.477956 113.282871 166.143007 23.397487 1018.868875 4.973993 25.675549 57.889923 
0.116300 252.407672 49.285996 49.529502 83.746997 2.128491 96.650922 2.028090 8.773888 10.462313 0.316748 72.981898 0.648806 5.257481 0.902214 4.932402 90.018939 18.330827 55.503834 84.417079 242.928299 88.188093 5.223810 48.861815 2.369178 15.197426 8.062571 26.145529 6.221169 38.522518 
0.235844 295.613771 192.111186 5.859853 132.374815 161.032218 7.085976 546.491400 73.885638 14.715652 31.951868 1.885391 0.294134 1.927330 1.219626 16.747517 1.562786 12.538608 5.781638 5.336031 698.204003 3.861292 1.923495 71.991336 2.512525 20.458793 22.112260 59.227246 62.149169 10.367229 63.474931 19.311762 4.878232 2.846286 
0.162068 364.844310 1049.110424 14.616063 570.782476 8.776102 6.163004 141.566696 67.024305 6.802326 182.783573 2.523301 0.491913 0.519222 19.873503 33.234502 4.817017 44.715233 76.799468 60.050792 2.495140 11.722955 73.076774 617.663432 5.652686 2.116853 10.267357 10.961136 
0.216261 165.058132 35.067152 5.219889 106.266596 7.860663 49.527402 31.331749 80.325552 11.978861 137.227088 1.838024 0.138100 1.166620 343.512481 8.582174 11.050981 0.390133 44.222821 91.724347 241.618794 2.799949 38.565108 4.693464 14.728099 84.151769 15.343732 1.992680 0.595465 0.653334 0.888287 2.594090 24.412300 4.714614 0.132670 15.584011 0.550840 29.902621 8.515665 
0.128851 356.612271 15.325858 13.961260 632.828266 5.566809 94.187531 0.870331 67.028530 10.658003 103.645778 1.290472 76.246731 27.201125 396.791735 12.067754 12.742919 0.327530 112.834579 1.810767 2.290665 0.605821 4.781327 2.502424 1.816781 0.500547 9.832610 465.798848 0.912358 
0.279168 53.399335 0.455186 4.518494 275.301771 41.968120 125.941610 15.895171 77.814383 11.144991 210.336499 4.335706 1.238193 36.694947 56.101391 0.517864 13.243283 12.788137 23.448680 5.128512 0.956917 4.538127 178.133016 2.541320 3.557269 33.731141 12.976827 338.399397 
0.142517 74.967478 0.434786 6.661307 41.934690 1.173037 11.018828 13.814700 75.880965 11.659695 112.191164 1.376505 1.545001 589.174793 228.610006 1.838805 19.803017 19.071123 62.657239 2.237274 53.515759 7.300545 17.884342 5.856797 11.165879 25.774704 9.258796 16.736269 3.858793 6.894249 
0.308464 6.838601 6.839503 2.043941 3.162188 19.078520 36.111316 0.636270 67.052584 14.904986 190.727053 0.092696 1.348524 222.283547 120.454480 23.166663 21.773442 0.394210 48.285629 48.494647 10.826309 108.755384 185.348752 2.928008 0.845398 20.120054 6.223137 2.724784 4.234664 23.544904 11.026365 12.346696 84.433754 208.480082 7.525895 5.635652 3.688690 
0.260102 3.311439 2.176172 0.470792 66.893511 22.172552 87.464665 9.688124 0.337127 11.102555 684.396989 86.743448 5.907311 1.223908 617.852182 0.721889 4.649210 5.924787 0.436658 16.046852 7.878061 2.946481 135.814635 19.271358 11.911749 9.348463 0.744950 41.153271 186.435628 55.923830 188.309180 
0.140645 0.393266 1.746159 1.354645 69.583185 5.834898 128.745785 67.372787 0.621209 10.680697 124.688611 469.569320 3.190889 4.463212 53.242720 5.243004 7.642821 2.786191 109.987830 66.525497 10.861317 13.708520 205.951382 174.255983 18.818491 0.501295 3.030089 14.323263 
0.272380 6.809279 1.249629 0.644777 61.610208 4.467998 462.087931 19.674065 0.724066 11.745376 0.268551 45.884878 8.627218 7.144816 332.215830 5.961447 38.946018 0.408564 79.502136 1.360361 3.395269 32.136883 456.186476 2.988958 10.848239 14.368331 17.360448 451.678160 111.742498 8.114931 27.195580 43.279100 32.344750 62.313750 
0.428778 6.096506 1.528516 10.022301 99.995323 40.981774 4.383813 109.658916 21.829258 20.412789 4.840136 458.127254 0.202338 8.865882 0.542948 1.234982 17.089678 739.885639 202.519066 14.720912 12.598307 0.706148 348.774034 0.723817 6.001483 95.408960 54.365908 2.844837 1029.600086 950.134995 0.600542 3.927903 365.463205 1.457092 
0.088568 10.739845 32.386613 40.933704 18.642848 35.952393 21.025719 0.841571 0.809116 29.658573 23.713485 1.643389 0.408143 13.552690 0.472051 486.703150 1.256261 0.418913 13.199430 8.476386 1.923842 15.609198 130.013114 5.368890 0.231688 119.090960 55.060564 26.952274 366.640829 90.905030 5.207112 17.768424 1.045303 5.326937 15.073302 
0.220957 112.438017 11.875963 170.457098 169.109424 34.984715 758.994694 5.345584 3.879305 0.143088 0.350243 3.482280 0.298565 72.467327 16.953434 4.004416 83.865833 7.023729 0.940238 197.432596 75.952451 18.319823 120.421224 116.132779 3.996999 1.614026 0.754740 73.937795 4.069073 32.932998 9.591592 0.379170 0.539305 37.321797 0.648469 0.690309 2.506853 3.617905 3.759979 13.258619 14.060890 6.299751 13.505773 4.757143 
0.696133 371.705947 0.140811 128.684641 2.819610 0.829037 10.041914 66.522391 16.603512 1.182693 0.320033 1.414808 1.908670 0.883513 31.273367 8.039573 14.401019 24.433568 0.800417 163.153718 752.051735 74.331345 130.139725 548.452253 1.244045 2.610271 8.176634 20.152293 7.805470 378.941392 6.966299 16.178398 0.905412 7.245649 128.786348 2.064000 18.638901 0.376792 20.960143 148.931310 7.284018 2.896794 5.947732 
166.672716 212.385503 1.743532 0.675207 8.606446 0.495243 6.945296 60.754519 3.510638 12.965053 0.326009 1.187955 574.139923 2.652982 4.917500 4.169675 91.307250 2.250630 1.127799 150.637857 75.391946 1.078445 332.086093 774.207175 17.481630 5.700435 125.408310 1.237116 82.700122 34.927903 5.724855 46.316999 0.827725 22.850504 1.468347 0.170222 8.154000 49.544404 8.295079 11.766278 11.061787 7.159570 
7.962897 262.503282 0.720291 2.063957 0.310247 0.702903 4.155308 66.554345 1.219876 25.381640 0.126082 129.489042 37.991756 5.782511 7.036537 9.680862 55.350886 0.951162 0.904649 63.400478 60.938991 40.004765 83.291671 22.046149 56.804009 11.535533 4.878602 0.998848 4.284416 59.435003 3.908403 1.040559 3.191321 50.469355 83.733664 27.533096 3.793794 0.626805 20.332376 6.210535 
0.084784 92.085069 21.506136 5.139710 1.207820 0.983341 11.806142 73.325855 52.783093 12.398150 0.214645 55.964195 248.777190 117.067442 6.390449 273.582201 2.214977 2.773241 1.390422 3.989502 617.668449 26.306610 2.722597 3.595625 5.518964 2.396867 0.157695 73.820097 1.553303 11.473108 123.219518 0.681878 223.728318 50.404547 3.751420 2.657561 6.067228 0.600340 8.051260 22.549013 21.298389 33.590475 191.743309 7.428758 
0.798677 118.429708 0.112972 1.535689 161.843165 0.151060 107.415460 73.551046 8.163005 9.753413 0.102636 108.189755 91.174430 137.856910 4.066463 2.486715 80.746184 12.272509 1.341545 121.718946 0.746533 19.261092 1.715619 117.641337 17.623864 29.450394 702.274574 6.398458 12.100644 43.456405 1.304272 1.666033 7.394432 0.287316 3.314163 37.073229 1.977927 2.988913 29.612552 1.761789 9.496178 
0.490414 583.841923 0.362595 70.459111 111.953914 93.204274 84.428330 3.325192 1.591308 792.515585 0.303403 67.360862 695.783859 78.938395 2.109742 0.170990 6.082068 6.740177 1.104085 22.644539 0.405947 1.402289 94.866607 21.316657 10.142447 7.868329 0.582421 71.759459 5.130360 19.655442 0.108764 0.461360 0.170357 11.948088 414.459247 1.627843 26.055478 0.311093 18.692524 20.501259 152.002570 0.485661 9.492461 8.271140 7.543547 6.097561 17.644550 
1.045199 362.233049 5.855501 31.432667 23.782476 10.531995 64.631222 90.075038 865.393945 48.218443 0.171256 0.172349 714.413349 29.367025 14.798740 10.832028 0.479680 5.252268 1.313249 87.136458 0.419490 139.941627 815.347416 15.962880 17.421971 3.305751 0.918783 5.935022 20.558559 14.978158 2.127065 21.986554 6.591119 32.956641 8.400511 46.049268 40.908308 162.921052 12.042428 4.616446 24.830636 
30.412012 225.697110 3.379156 241.529747 59.559932 1.419291 1.554494 50.228684 795.657859 18.991596 0.362401 15.469642 92.610931 0.215643 3.396436 1.444764 0.402518 39.174622 2.010531 2.688290 3.386752 44.988896 1.276563 15.083928 61.339197 9.863145 24.129280 25.692652 0.340104 8.226082 5.398983 117.919635 83.249749 3.758261 1.915201 3.108107 9.754558 0.204830 180.682514 8.111269 28.687162 7.130386 22.590357 31.101326 0.361417 15.197282 2.595753 
11.839339 152.226412 1.476839 1678.262321 7.224403 1.433726 76.196727 6.622022 11.921607 454.248803 0.310207 19.311390 0.471598 37.160567 294.958694 2.936073 14.045983 0.728520 0.929711 0.218559 3.086077 39.590384 2.143048 28.164405 229.012990 1.279917 103.406453 2.369440 2.995707 15.072541 264.526989 622.285523 14.748458 
30.542991 122.762381 5.683708 96.189696 125.051445 17.836472 68.781410 124.048423 2.673451 16.226237 0.583406 536.218667 47.636269 427.320774 7.592654 1.862174 178.628544 12.035125 0.234730 0.179176 1.223222 19.918463 3.802977 4.855985 1099.640279 1.404755 70.079664 12.063346 107.367296 1.994313 2.944665 118.045812 7.379371 
17.305785 1561.821616 37.758593 95.097788 11.925449 11.852862 5.879942 5.678196 1.236820 1.191363 0.229125 1.489972 6.307721 98.743260 14.304741 1.872188 4.853203 0.461613 0.388965 0.560821 54.430036 57.250613 9.786072 177.176789 222.312110 0.913110 98.046610 1.108381 0.244604 11.127069 12.298112 69.843614 221.717102 0.683073 1.803162 63.108141 2.085939 0.229632 32.506610 69.761482 8.778127 0.240871 47.624446 0.594176 12.250249 2.235928 31.768541 21.718317 
111.206076 292.782918 37.752643 210.310469 229.691281 6.046389 95.155801 51.216352 15.147055 18.825723 0.321313 8.608286 34.758565 9.693521 117.598401 1.068386 3.863518 0.337235 16.209262 0.446431 10.936812 8.403869 25.871033 142.772898 60.704936 0.991330 52.414898 12.821776 424.786975 7.196050 33.769716 1.605309 67.421031 0.868488 0.301372 6.272362 17.024700 2.684447 1.328474 79.982768 32.750106 1.170191 14.601315 0.422114 37.335526 5.375744 18.682934 22.689539 
0.345279 230.831249 0.474392 41.996479 72.114321 36.323411 545.755877 20.260555 6.897910 3.962822 0.822050 19.637482 0.385349 13.835830 0.675673 1.824710 0.406645 0.216669 34.686106 360.020943 1.798538 14.547562 7.201073 132.789779 103.943362 11.001949 0.120391 4.636206 6.908318 73.069972 23.097442 3.780894 0.687699 15.080787 20.375391 
1.006616 178.141932 27.574209 13.679006 71.923433 4.357357 295.325335 8.746294 614.153732 0.795782 0.273874 1.301451 0.560242 13.636028 10.252948 1.809545 67.101730 1.710196 15.294612 112.751238 0.132521 824.028143 11.430318 14.099441 15.574529 1.934351 16.193848 74.896798 16.661685 0.892355 3.092565 0.350331 6.100883 38.425005 3.886118 
21.863416 95.786799 2.981776 0.668131 270.767325 6.157779 637.604261 23.142891 0.736789 1.444237 0.105071 0.103507 275.568164 1.773558 3.096682 9.177207 273.000750 1.597384 1.864936 3.901582 15.307307 139.793827 15.485509 2.384673 30.002640 0.885391 6.549057 1.503747 125.879770 12.579173 158.865804 16.094512 29.172042 10.503194 65.143527 
12.774066 1.249877 5.507195 7.405031 56.472550 2.714998 227.043434 0.081244 0.373297 1.559999 0.270707 0.338805 673.211171 19.353511 1.906937 6.120039 9.554706 1.328400 104.857072 26.358742 67.261019 87.406402 8.123274 11.837481 1.458973 36.678019 10.496093 10.776854 13.802214 3.750346 18.873075 6.598369 3.371345 612.177905 37.118180 
12.896791 175.927213 107.830790 52.340288 0.970097 62.713896 27.881822 4.299139 0.300986 4.606309 4.473255 0.097253 580.442541 1.759098 6.448981 14.363664 1.152867 1.271337 142.817781 11.043544 0.301572 84.105990 12.342549 1.800530 1.091958 298.244687 3.791068 7.846306 0.371389 1.916073 2.046436 238.405674 7.960040 95.014324 3.606969 12.404420 5.867967 
1.197863 86.541079 11.063731 6.563952 2.678023 2.132927 2.761034 9.287373 8.020132 122.434942 0.435636 0.072099 133.367528 117.333346 0.091300 12.047879 2.385617 1.127782 0.321228 12.152184 69.752253 450.854239 18.903145 8.735130 2.747668 16.679995 1.258741 14.531366 0.692960 168.994377 2.250594 73.504567 2.334489 0.441582 37.180277 7.679602 2.439516 2.964574 12.593594 103.355342 1.519748 26.564319 23.503720 4.170409 9.647589 
114.259279 125.349364 22.946750 6.681418 21.955315 0.584522 6.115127 10.989480 46.694690 13.319692 74.626764 0.070839 9.270139 37.167165 1.666554 10.919055 2.826647 1.537354 0.595367 0.193638 63.308632 249.846417 24.159733 
362.244193 47.449105 1.092236 6.712982 279.725712 5.595727 61.993676 72.202814 11.668755 0.085486 391.401452 0.130247 3.923846 38.721837 2.714539 18.002665 16.971935 1.286914 0.354505 3.370195 21.023905 58.485773 9.643268 0.132422 0.192455 23.773411 300.993013 25.032446 9.560057 
7.426047 42.717478 35.766698 122.161025 14.506581 17.903639 70.407767 36.790757 150.166807 0.129307 595.082998 0.451768 48.802112 9.857846 3.540315 0.265822 16.938085 1.207973 0.399423 0.122252 0.704206 102.005222 100.035271 1.770727 4.280596 3.535621 89.883581 4.528973 19.841405 12.293617 5.436144 17.518962 8.426320 0.719385 17.362621 111.835544 6.084218 5.852545 9.099540 
11.643893 172.271641 9.913786 0.329371 6.482422 3.709271 64.767486 14.938803 1.575065 28.818920 768.770989 0.510261 12.778022 9.605639 0.193721 25.568683 18.558071 1.210224 3.784643 37.536061 16.419119 93.794031 116.833997 0.839160 
7.768440 77.366013 345.451064 1.452280 11.431307 3.441330 70.720459 14.828099 2.049704 0.134199 70.356169 0.167041 33.479522 77.598369 15.811710 1.671034 21.773649 1.209024 41.558340 10.101766 11.432490 12.430925 1.929656 18.951438 9.977988 
80.089539 101.640209 1.165659 12.808504 6.057650 61.419856 69.415380 6.825035 1.731941 0.255466 143.693979 0.191588 6.358714 822.931218 10.526977 53.842322 16.255905 1.233779 4.152763 19.264759 0.296893 26.450576 0.246978 170.040141 150.481761 60.403963 67.265057 0.266440 1.198533 37.991153 2.451862 301.355778 20.196014 0.592853 4.337695 1.135198 47.888060 16.117401 3.526889 27.903055 65.716315 
134.612725 184.186155 0.629777 2.864155 3.464401 25.811821 124.303949 1.425486 5.354197 10.921244 447.146444 0.096006 16.630201 125.932253 1.257749 2.086102 74.732356 1.049629 11.926736 96.381388 26.374497 0.380702 0.107586 7.753821 195.215864 6.540839 0.474103 0.096655 11.399558 93.763295 0.128596 0.107734 16.773077 277.063251 22.862331 35.171074 40.428044 
455.578571 53.810937 267.106405 806.556644 23.627452 11.974096 7.663627 464.537441 5.248085 0.240755 110.470029 0.282794 40.735402 126.920169 7.475321 1.346837 59.414339 1.534176 6.879790 0.272924 153.624687 0.138198 10.856140 2.111852 7.107265 4.015609 0.113895 1.267185 24.513350 0.172161 2.440625 98.006502 10.198803 0.100270 
28.848716 454.439672 444.840159 154.714987 0.647639 0.161706 6.708149 280.908044 6.328403 1.026731 37.603407 0.622808 48.679057 67.043344 241.080136 4.254735 1.593647 1.603446 1.661932 58.137874 171.532882 23.551985 4.274609 0.196606 10.073008 4.725509 0.128038 22.958181 13.839515 23.627274 24.019050 8.971836 48.665954 14.834642 1.270631 9.884949 9.018953 
24.529711 50.678847 8.865479 0.351258 116.231902 949.791477 4.719652 68.064008 137.714089 0.577204 313.652976 16.706602 23.823726 77.331070 3.088968 0.134235 19.198787 1.162268 8.807307 223.674803 38.263173 1.212585 13.713811 8.951047 0.378689 9.051294 0.684276 1.225024 11.884046 95.631430 0.424504 1.593799 3.034027 2.036896 75.548364 0.263025 14.960130 0.690269 7.519822 
15.492193 590.882463 1.488546 21.249817 0.889410 2.935935 29.661633 25.825153 16.282079 0.329191 682.008319 0.518127 19.101433 69.019677 65.187964 12.184948 14.965941 1.424456 17.441803 5.148111 3.224559 0.972711 908.095286 184.851804 11.601385 6.919634 2.452705 90.946914 
14.530955 107.747048 0.195538 87.592443 349.775689 72.856323 3.037749 28.478858 5.845459 0.134170 340.072086 21.030720 2.239185 107.487381 0.502998 7.910421 4.249711 1.127764 9.111470 471.793854 12.395681 1.181873 20.561739 9.754521 148.028349 5.521216 0.667665 2.603351 17.573132 49.598014 
13.673973 18.013957 0.384134 62.585755 26.171001 17.930101 3.041993 18.322247 75.974722 0.228662 645.546494 1.744372 53.888170 77.071728 110.633229 7.968767 2.218912 1.425257 16.703786 13.750406 2.280501 1.131917 29.962117 15.674697 39.286024 211.461838 25.342942 0.252134 3.753915 5.096457 277.688704 8.273782 830.765591 11.668902 4.168446 108.485246 4.576306 17.880897 
11.692089 28.325222 59.779396 13.387410 37.139938 27.099731 70.095961 10.287606 3.089580 0.145613 48.701637 1.110425 0.147779 0.645649 91.920937 10.057860 8.792956 0.810694 13.461448 284.905584 3.047177 3.197681 0.580488 19.790844 137.720466 12.252531 4.426331 58.191929 6.127391 5.819529 
9.520236 16.997481 177.729977 596.254422 1.895278 3.003874 54.953822 7.196703 1.281752 0.243392 83.516429 29.887874 0.972173 0.512433 6.407597 9.444816 104.413003 1.162257 31.578231 16.318335 9.116428 57.633433 0.350988 3.065769 12.396980 188.827035 5.308860 2.030392 28.716387 21.557118 498.455276 7.966146 2.846750 1.449527 3.108671 85.491202 3.707459 2.757392 19.477589 
58.413004 260.274798 157.204111 165.178967 6.298882 2.662375 15.484094 9.465803 0.566910 0.298552 942.841404 2.358028 14.691836 2.274183 20.234716 163.701140 19.052062 1.612627 612.866705 6.146537 3.123165 16.277861 0.287884 0.126720 4.331885 0.559147 1.869058 63.868777 84.459157 3.600924 3.672384 166.553050 9.996388 4.700828 400.798896 
15.993716 3.047904 20.586867 38.541924 111.963247 43.836985 43.684688 34.724883 0.634536 0.153530 61.507471 205.951589 202.767136 3.198557 6.910023 0.490810 19.475072 1.294848 15.818992 64.775395 0.190746 811.703527 3.712010 0.757983 61.676718 1.508376 111.711332 42.600097 10.241865 118.564175 214.742249 4.913694 4.256992 1.175860 8.214413 13.495747 2.298821 
11.714297 3.203062 49.948893 98.091647 66.486668 282.958896 65.342017 12.984449 0.968687 0.277959 276.076489 69.365921 509.664371 29.321556 4.189004 194.339740 3.178401 1.082844 10.043914 12.760895 3.119548 17.387342 2.971862 69.455418 0.539735 1.481353 0.267011 12.255940 3.681491 6.831153 
64.894410 4.941375 154.113564 58.761420 1.152090 0.225928 24.413777 170.978009 0.214355 0.192688 409.008934 51.693671 1.946236 26.210890 6.126824 10.987905 24.498521 1.013431 11.586895 1.993781 32.910587 748.684554 8.132682 8.034160 20.351518 162.069184 63.780719 18.180358 0.459127 
74.360076 3.296859 3.303309 67.122730 1.463972 19.215964 537.253392 1.110701 1.899800 0.150274 69.518213 168.816856 3.413074 5.285574 15.569717 78.082523 15.066512 0.941509 10.758257 94.230207 21.218297 21.028652 178.366176 269.206752 1.125794 0.224706 40.268992 5.706622 10.322645 7.034865 45.479948 3.410947 
33.889263 4.716786 8.950086 1028.449743 6.643189 23.989975 14.633751 2.616561 0.179264 0.204428 75.491655 377.095740 1.125109 456.388682 3.685031 5.040694 0.209152 0.985755 17.226661 0.462810 8.904518 4.031806 8.021561 1.313303 109.779867 18.999597 22.826454 353.681738 1.795562 160.927046 2.751096 1088.233696 85.235928 
33.661073 1.235217 10.090501 1122.967830 75.109437 2.870131 49.315192 1.261334 0.167352 0.299522 0.572395 143.590848 15.968984 53.805938 1.249943 7.385900 688.782399 1.084837 120.436304 1114.617605 8.915521 0.234124 1.162643 20.872593 4.519148 234.592030 32.832159 11.367881 15.956655 12.053368 4.363910 22.550298 43.292387 
14.559748 6.036077 12.148391 204.539544 330.645514 39.360540 12.242426 1.694576 0.323157 0.443248 679.637000 5.580735 30.704587 2.210677 759.450602 0.282658 22.643653 0.865377 5.911602 604.216395 13.681585 1.589708 20.854699 1.392493 13.418973 1.905694 9.906026 19.780806 2.161307 71.970627 8.417185 5.212771 0.958633 11.587412 33.316642 307.826903 0.980883 12.447084 59.171887 448.191636 0.858276 84.664645 11.269780 0.688834 248.869437 11.284553 22.493726 13.180551 742.487498 14.248665 56.121773 0.801041 53.273248 1.716522 2.021656 1.381474 
122.815446 0.926120 0.187325 543.582733 184.204416 150.681994 10.926488 89.119986 0.239508 0.354953 42.571148 11.983247 11.690000 1.846926 8.416640 3.493546 597.189155 0.996525 8.181789 3.497758 4.758342 273.277374 4.167167 1.297207 135.598386 1.675429 858.590207 72.410680 4.923246 31.061246 2.673571 4.712192 35.929465 22.570978 18.523478 285.655686 968.528032 70.590866 0.371721 
9.380012 0.186033 2.407087 165.331948 1085.378114 3.198420 70.858449 572.139816 5.157082 0.148183 1.588090 4.002736 100.003393 41.812060 99.464178 0.829177 4.920983 1.021778 0.372758 2.114553 131.011639 199.931795 8.855523 1.816978 54.693758 1.672921 5.682273 17.804449 28.020848 6.184442 150.639472 2.380588 37.456204 36.107916 10.089656 18.383050 26.292318 2.893354 26.884092 1.103815 
1.952782 11.390854 17.397126 88.446742 0.868520 23.116870 3.154558 267.560846 76.367953 0.220223 3.916236 14.430725 1.458405 18.465912 21.726022 33.601769 0.220192 3.327092 16.189555 12.910994 1196.408403 278.683119 9.466782 1.965912 475.875181 2.483959 13.315604 469.211202 
6.506249 5.124949 25.224618 58.663217 184.286792 5.366392 819.867981 7.550304 285.389454 0.123989 7.856761 7.870112 1.567796 347.340747 53.781630 30.682143 0.148743 1.793280 1.482605 5.091906 576.489888 92.695354 2.198788 65.988977 507.999907 1.510140 5.354762 109.397001 36.192972 0.515200 5.566069 0.840099 0.743352 
7.700731 81.725316 11.720868 65.081556 16.552169 7.129954 0.196731 290.524949 13.553456 0.430886 4.187927 17.458438 0.395213 4.239069 6.164501 12.360823 0.188537 2.421668 136.916529 15.112336 328.382478 118.107105 3.590190 8.124152 4.482849 2.472560 16.657765 65.228223 58.204763 27.323918 1.838741 2.392350 27.435830 7.483542 83.837486 20.430412 5.175430 4.795272 13.772390 103.395492 24.373552 5.948947 12.298633 47.642678 20.002782 
4.225259 33.523340 10.469543 10.130926 63.312948 0.179215 15.869123 260.563366 7.240697 0.512308 129.526404 0.987737 0.728978 5.750827 65.114660 61.147988 109.709883 0.153075 38.054810 2.138445 573.826236 2.102865 1.192900 12.842858 14.152211 3.022585 0.353122 53.657839 83.304810 4.517177 0.491964 0.613597 158.465499 61.536361 27.812573 750.159271 526.898148 2.834162 
6.744756 27.755570 259.496108 9.625547 3.560712 2.950848 4.709077 18.869924 0.187150 0.841548 35.847717 2.283071 0.119252 4.899606 2.843962 42.806965 196.795183 0.078568 128.869401 0.087615 232.503400 97.938296 0.183463 386.395470 177.770128 0.384630 0.414552 3.644964 16.794725 0.106934 12.297653 8.276341 58.401031 25.392201 1.831518 8.348735 69.617674 24.675090 0.195224 0.115681 27.886055 
142.352326 2.942604 6.781732 9.469218 77.668322 37.223144 149.700180 13.752786 10.162346 0.276110 114.495944 12.372633 1.099230 1.213041 4.241557 5.916140 10.366405 1.518620 12.666623 7.992108 121.653247 119.305564 4.916092 1.002898 234.682187 4.328927 3.034277 31.936864 0.417150 11.249770 2.431766 9.616581 287.203186 0.151441 7.224783 0.123913 63.623071 411.290268 213.759682 12.503482 13.032214 229.985051 6.060911 2.703537 75.487392 1.008101 48.012566 0.472698 5.365532 0.064527 1.285329 1.807815 8.975767 29.103755 7.310021 
0.419161 1.998670 160.320912 3.056448 168.604876 15.929745 74.203695 15.857065 32.741555 0.095421 6.412774 5.791898 0.968968 0.579920 0.229391 15.210560 35.984401 4.446670 0.279420 0.544800 368.177670 11.232356 5.812262 52.233271 124.721030 15.057005 76.888899 3.083882 4.084614 0.885342 3.044882 8.541595 47.778528 0.074091 28.022938 1.178309 70.602992 19.759553 2.606834 35.166918 7.325634 3.849399 10.182897 3.207318 90.380307 40.333467 11.772586 
0.112612 6.486681 101.489736 29.024953 58.812230 0.195099 0.954950 13.867924 11.468082 1.509369 5.731290 1.848884 0.219420 61.599578 3.119874 15.593972 13.430343 205.255667 1.154133 0.115730 217.965530 9.494442 5.621297 67.719065 201.086833 0.489064 1.377759 2.134037 5.051149 11.342636 20.292147 164.187131 90.862151 0.063637 43.391069 5.288742 39.581082 8.944484 6.602749 3.012062 
0.267160 73.179026 54.109618 0.064295 19.471618 21.132733 4.874538 0.186280 0.283105 0.212435 2.584276 65.682600 13.737456 3.728082 4.769002 8.242930 37.456988 108.962725 4.112453 0.219049 137.335851 10.773495 14.288102 87.040769 26.384616 18.549458 21.400170 26.461802 3.714180 14.225518 1.786589 9.670856 41.794132 0.303714 3.832687 10.529471 12.242671 0.803565 0.978011 20.060652 13.470118 
0.340839 139.208356 18.106035 0.373550 32.141399 543.034918 3.398917 22.499233 90.380305 0.062020 4.000268 49.881561 1.063076 0.911455 2.145293 14.486161 0.125658 66.339327 8.731267 1.143083 447.109170 11.839874 8.880465 65.825683 3.025786 1.898388 18.708090 19.361794 0.664008 0.372890 1.952483 3.545871 33.671007 0.999742 0.653226 0.325169 9.941634 7.653360 13.954460 0.151856 23.607225 9.757576 
9.029704 129.581068 15.351110 79.473359 80.657424 7.966716 7.910807 0.066910 21.428925 0.085127 77.031724 2.046974 6.240408 4.456173 4.459150 0.858086 11.682618 200.568602 10.176519 1.631798 436.810388 6.618946 8.235617 0.258329 
20.561456 8.098687 1.080573 2.457245 8.123594 204.223956 17.310854 23.922646 9.477682 0.198114 54.215555 0.180233 62.289276 0.391384 228.256374 0.236844 140.958372 113.702184 94.454408 2.144764 1.457244 5.790212 16.979986 2.613530 0.074956 10.502091 18.641727 0.331026 
78.963436 43.204259 23.382560 1.228304 3.642954 1.522376 59.892545 2.389966 10.244050 0.343739 14.819326 3.152374 125.676083 1.411492 76.641687 1.011555 138.050061 0.091580 223.386502 344.994181 27.627061 9.618644 10.215042 32.520475 0.632463 31.630876 64.333865 0.178636 4.455883 122.378307 4.027753 1.203179 14.701346 
85.687384 27.260161 128.814581 1.852148 1.972153 1.927915 155.894701 32.318241 14.191886 0.253849 242.595289 5.548093 8.380685 1.476443 32.196060 0.955405 0.190274 3.819328 730.787635 83.032454 0.401883 30.121302 0.142263 2.461047 8.801788 0.271513 206.448027 14.086822 3.688995 11.860405 50.666172 1.014262 13.519326 31.527573 35.068595 10.585117 0.727950 4.159573 82.344025 2.417898 150.616831 69.708864 1.095433 11.774026 
43.507849 19.169978 0.583605 8.838973 0.932149 8.676818 34.830302 1.621352 11.197627 0.078100 69.612201 20.673815 87.810324 0.400585 0.074974 1.737287 62.152536 0.455717 454.672483 8.848788 0.094625 6.559433 15.311772 5.568414 89.960584 62.042773 2.832492 2.287341 266.592766 70.007979 163.602453 1.188944 67.369158 2.937997 451.097975 1.942613 2.351392 37.925256 74.825294 33.222299 317.889292 
198.520572 7.859660 87.946670 31.565722 3.075996 2.617226 10.086127 0.946873 11.912882 0.096937 131.240760 22.545264 40.999112 0.750095 0.092404 1.223398 468.579397 6.427641 94.141776 71.863966 6.655629 18.957935 3.995193 4.091573 109.012237 2.555631 0.127972 9.016393 66.727524 1.411077 119.425568 4.302220 12.927454 4.327298 6.278478 297.454961 17.797375 
0.474869 11.520690 0.456881 20.643095 2.527179 1.440614 67.972653 5.972451 11.756105 0.072442 9.734729 0.180687 81.063516 129.450938 4.035892 2.423289 501.992289 6.047297 585.811651 30.305236 126.189658 0.542579 65.822885 0.298371 129.679700 1.759959 0.714096 0.861920 0.099896 131.530896 20.438882 0.885713 2.845073 
222.769117 12.851972 0.731854 1.534213 8.687134 15.794476 3.635075 14.684851 45.430957 0.827178 16.684888 1.304388 0.642084 119.012712 27.498921 3.502300 272.094165 6.345549 41.650446 26.668630 0.840151 67.500354 22.911480 16.582582 0.218584 2.615924 9.270704 1.251741 9.126605 9.652881 
161.862136 7.613128 0.537232 392.698826 4.908378 0.223913 1.228088 52.904761 14.506130 0.733782 100.454295 6.925592 20.855317 65.125432 5.643419 1.890188 319.008164 3.097300 61.877566 2.760642 11.884356 13.638527 24.908894 147.660115 6.372227 278.624781 1.328466 3.692624 
44.508909 1.991791 0.807551 8.397880 11.876547 0.113991 83.664764 96.249990 7.337503 0.151001 40.973842 4.821090 0.670406 6.244129 10.896588 0.957555 65.323952 74.928556 42.972696 2.163380 241.099631 1.797016 74.917424 8.161560 4.438785 20.969006 21.760380 
1.988212 3.947668 1.171936 1.154288 0.832306 0.211205 60.714498 1.139540 12.805173 1.025528 45.091422 215.224707 0.405524 10.028990 9.947399 98.355522 150.907820 68.337851 2.338413 31.591602 124.044908 5.207186 2.012485 8.536402 11.054182 0.178028 93.124187 0.525207 0.143296 1.027460 38.610142 1.447349 13.819309 33.813647 
20.631085 3.799008 0.927882 2.985959 70.106296 38.682200 152.295939 0.731466 4.309014 35.473625 0.074806 2.258238 0.259191 41.234207 21.102095 23.723392 100.654429 0.230583 50.017982 22.589726 135.174986 2.268728 6.816855 15.461902 317.432150 4.486028 21.440602 
0.514706 39.217946 1.253846 358.890354 0.284675 338.366601 428.218296 0.435099 2.487063 0.626134 0.148300 1.414010 0.336092 7.380483 21.916773 0.608334 70.942283 0.212545 6.163223 108.700547 7.928458 56.994991 50.641871 23.046269 0.223319 5.689590 18.784185 34.338796 57.159025 15.921201 8.024864 165.293861 27.797449 0.337421 11.453613 9.318795 13.481516 2.094708 10.500733 18.826038 7.124953 119.598082 11.861376 1.043810 
76.912742 16.238546 1.630772 118.632559 0.152466 26.573784 253.123633 1.138237 4.289431 6.244270 184.931361 1.856291 0.352321 12.052685 1.776886 31.273667 124.845221 1.239816 28.053229 10.071847 14.095255 90.263924 0.106789 8.519076 3.115088 9.007556 9.271439 2.454558 3.730223 24.834584 3.568108 0.094224 4.816464 52.516323 2.921812 310.831599 0.481086 6.951038 
39.766090 58.429988 1.205619 127.676047 0.077928 13.626078 74.668175 0.465861 32.585333 11.425945 23.879985 96.496498 0.133920 0.721224 0.175986 0.098413 107.463869 208.360826 6.038988 9.601979 26.385545 50.530175 3.072587 0.881381 47.547463 18.216846 25.259385 14.119623 11.436215 28.239952 6.240738 25.351806 6.105646 27.683338 6.343878 
5.751557 166.640786 1.568537 297.838044 0.059306 13.786786 135.882376 2.202582 15.003602 35.266047 11.223776 57.146042 0.098283 0.357866 4.327898 0.310668 26.254858 12.809084 102.070381 2.009844 21.429216 68.213280 2.319982 243.741965 0.063924 128.706623 360.589473 124.545290 11.563144 9.731151 6.599338 17.483222 0.081402 40.339040 26.386115 1.457903 0.476572 8.298785 107.005656 140.149766 3.711805 7.526535 1.104040 27.203621 3.785082 
28.399390 256.503503 0.916198 110.550169 0.068873 76.184079 309.986031 15.289977 9.684553 16.375506 6.545779 0.998747 0.174572 0.740521 51.489099 8.427100 304.975312 1.992566 0.262978 49.395664 99.110838 2.848005 4.120410 3.200758 0.115357 9.005933 131.061402 44.994220 13.235741 5.023768 15.009995 35.420521 62.446495 92.937866 7.150273 17.144201 0.144965 28.351808 2.102448 12.466884 1.546118 1.592366 16.857284 
0.702015 88.302765 0.991706 64.548451 0.254390 10.587366 102.665085 12.366558 0.252203 8.300165 8.094725 2.292397 0.326879 28.737016 5.112920 0.700536 462.134895 56.287849 70.053791 41.336396 10.829322 4.107880 3.494888 12.526269 0.113034 2.280789 117.845564 5.987265 22.961517 15.178236 25.657497 2.815457 60.456311 4.450658 56.526713 8.932806 1.762262 5.259855 
6.754097 0.682833 1.248281 445.480737 0.117359 13.213834 180.340045 9.247129 155.406548 10.363527 1.218116 2.633179 0.171746 13.006655 0.551010 118.997261 24.456186 22.619203 1.030296 37.781781 1.019027 41.421126 25.960106 6.089221 10.085275 83.183218 0.259855 2.917060 7.455026 77.504555 28.759133 1.151793 152.651480 4.286222 47.051443 65.559303 7.092527 16.143999 144.852575 5.065626 0.987751 42.895679 2.506832 2.224122 1.960903 6.561644 13.628739 0.395085 321.459478 3.044329 2.568991 73.729806 29.651741 5.293975 
4.867601 92.156335 1.066731 14.023410 0.388354 13.462567 255.901105 37.115584 15.072941 27.972537 1.869175 8.031414 0.234614 2.506128 12.292512 0.139893 49.703338 483.538547 7.533692 57.154547 0.473424 127.539528 201.968051 2.124879 3.997400 0.705441 69.827612 4.851815 1.134594 0.566829 102.332860 14.962015 1.271664 2.459907 2.170865 288.006860 8.105131 3.271039 14.002514 16.401201 
3.874179 4.663616 1.140918 3.654028 7.784711 21.672029 115.038241 182.404089 34.798067 18.106239 0.085909 128.880177 0.081595 109.227618 13.092337 0.130752 77.336592 0.260496 9.853490 248.728219 2.561757 11.458298 12.064949 2.091185 17.625674 26.113489 10.929923 29.995487 132.854242 1.761164 0.838931 33.430133 9.337153 0.346820 4.340011 4.854705 6.167414 8.049792 1.049394 15.951731 8.672830 0.148980 2.263244 5.828889 5.387046 9.299062 26.636247 
2.053394 1.221243 1.474560 39.009678 7.560865 247.518819 570.745714 2.935566 3.044688 66.899514 7.144090 35.960734 0.132808 396.742081 26.717959 38.362215 0.842682 397.433851 15.372656 60.795978 2.844951 0.366136 13.479769 3.606676 36.825292 246.179568 7.589100 38.963262 0.145642 6.908253 4.357327 1.714417 1.705812 10.206835 
15.617691 0.215660 0.786340 1.371926 1.064797 17.774390 97.566076 34.960262 28.572201 81.031107 0.535708 18.748041 0.210438 125.931340 3.983977 134.215140 0.880146 18.592134 14.459759 119.803632 72.561973 0.167286 42.900247 5.146781 298.823377 85.548835 0.816528 269.435475 58.409311 547.182122 0.169239 0.249514 3.041056 1.528061 123.633048 
15.547866 52.433520 1.258812 1.020791 5.291669 2.154611 114.014276 0.455245 0.711729 5.269110 3.120364 18.657783 0.218010 140.455535 10.035644 71.964980 0.374422 105.397552 8.673522 69.640130 29.633834 26.680010 7.724271 2.614569 1.970331 2.488108 5.851598 4.184237 18.850733 3.423124 9.408043 0.680304 31.861537 169.326582 88.446677 0.160410 20.042343 3.219385 12.239249 8.918861 8.982033 
154.334366 8.298157 0.349068 55.461715 19.859220 607.418142 32.625955 6.079133 29.992483 1.220286 1.200971 47.154449 0.189047 74.412509 13.829495 0.182152 1.460447 3.829620 9.071354 130.059499 163.400719 11.442234 412.588955 0.687827 8.273381 50.881045 6.526000 0.111779 86.962494 5.140780 24.798656 3.132543 0.325536 1.910388 21.470206 284.313348 37.600846 2.966065 4.040415 23.192593 7.172054 11.703168 37.690015 
27.975892 53.575546 1.565501 35.162467 694.944016 806.942034 32.896018 0.258473 10.412362 0.474510 29.933859 172.380773 0.093606 10.133849 15.825338 45.871977 0.338714 1.061452 11.380325 142.063806 4.169802 21.563664 5.171158 11.447669 2.624087 410.399310 7.974304 4.317099 50.355106 36.111579 1.627803 13.496719 72.981025 0.975406 69.641006 4.934302 231.122100 1.547193 43.162059 0.104909 64.828212 3.231775 119.145415 2.749575 1.494888 
0.157279 7.788343 1.178373 60.326906 50.088791 122.340434 556.163065 55.070592 0.440789 0.330709 15.404601 81.032719 0.130715 35.796776 1.294117 5.566142 60.731326 10.961114 10.928226 35.587844 0.610874 0.914038 12.786570 10.193542 3.178051 5.356802 10.406937 5.713625 18.932035 387.979696 1.830515 0.187898 20.906136 171.381322 33.525262 8.767005 
3.840412 0.173342 0.716299 73.258585 42.773737 0.510686 222.385853 0.336573 12.425233 3.459302 1.351284 9.323330 0.123977 40.565970 0.744382 22.394397 96.907244 1.480444 17.454990 565.293231 202.223100 8.615439 1.062330 18.250855 6.899593 1.020557 20.256426 6.174146 22.945926 15.498618 
0.217651 12.291918 7.215560 0.294198 3.291947 95.107735 380.521315 282.942202 68.654251 29.736682 4.694762 7.239570 90.811781 295.628817 13.037965 1.725394 0.605878 1.993253 73.518831 334.076730 6.959384 113.304281 
0.423003 12.401310 8.355135 587.617839 8.396555 2.286213 1.712285 105.643047 61.334063 1746.540160 297.088534 1.319891 473.414589 172.406352 0.190312 1.739768 7.985133 131.348291 280.710047 10.560614 8.550925 
0.322805 8.577725 16.039342 16.429247 12.851802 1.402452 2.306000 158.524932 70.730307 202.648279 2.532076 52.601342 63.997188 1779.231452 0.323210 1.347216 5.336767 118.008480 10.672707 967.423277 11.124498 2.374221 125.220871 1.566697 10.115419 5.622148 24.803812 25.187655 2.404602 67.950654 
0.469087 10.211033 53.724756 21.236955 2.163715 11.891113 2.139154 355.585379 67.919240 135.888643 32.261891 97.124476 7.409972 256.406943 0.651537 1.210418 1.891969 112.800489 400.909921 102.045351 815.685374 4.763768 11.518916 0.515463 2.985596 42.069848 2.640178 23.030250 8.462235 16.168381 
0.290698 7.827715 6.398285 25.366952 0.227615 15.836826 8.394877 49.386397 10.019635 214.930827 59.073558 3.524844 42.321536 6.303155 4.447942 1.054119 1.966479 41.748776 581.816781 41.720197 9.639617 0.928391 5.365397 122.443758 55.002254 87.378441 9.732269 7.690258 0.709981 4.373483 10.787988 28.993705 145.436832 26.810078 293.197210 6.713555 294.710513 85.910359 1.834042 1.251975 6.432747 0.353650 11.121537 22.410771 21.746759 
0.178258 20.011501 18.928065 326.154538 22.443857 1.835895 94.438241 17.335576 1.927927 1485.642818 27.863170 3.113957 62.603574 3.246685 0.633799 1.351053 3.591605 38.470654 218.497181 0.708928 3.887009 5.966418 273.051745 577.336742 3.754174 7.044170 79.678012 61.426126 22.885974 121.346012 0.719917 
0.146815 20.950863 50.920367 500.587878 0.379119 2.478840 7.644152 0.268765 8.975004 57.439055 15.861867 5.523650 22.434466 1.425585 78.589359 0.206865 24.009689 71.098320 628.144642 7.139746 4.174768 604.697744 0.261643 59.967329 0.215708 52.648398 6.615608 259.641121 15.315617 9.679026 2.382466 17.105827 82.627995 3.141464 6.778200 36.944775 1.664287 
0.716347 33.137471 3.350947 11.786643 5.829347 0.367179 4.249133 3.013291 23.102886 156.824879 31.927607 60.523910 15.317470 1.229561 7.763350 0.102088 0.529930 78.914389 0.086889 258.508402 3.465216 3.723379 6.047201 105.020527 5.544850 63.328015 118.417585 0.108240 131.610737 78.392401 164.252453 9.322001 686.671532 14.943051 
1.289708 9.882894 521.836623 1.375245 10.735198 0.237391 73.014414 4.331867 5.370167 264.401071 26.145725 125.441465 0.383640 1.197798 4.165474 1.137998 1.716159 46.925128 83.876552 19.773375 2.232893 3.047975 12.095128 110.149072 0.079852 3.054126 0.700002 1.950219 29.156801 0.547206 136.079675 3.853624 218.526238 15.786723 57.858922 4.470293 91.612904 8.557100 440.005304 3.008895 20.489767 3.174978 0.890222 100.312999 3.602483 1.379433 5.448660 68.528257 5.761615 45.525532 189.844066 2.488233 39.072538 
31.835067 18.617103 328.874112 0.361145 4.557619 0.143881 7.870022 69.428248 25.128896 128.249561 1.207514 2.704996 605.402584 1.433397 0.080061 0.941875 31.997814 85.246730 12.984185 0.395177 1.579772 78.015284 26.360037 643.859162 0.318690 18.642935 28.720810 27.499170 4.781741 0.315771 157.425270 5.425716 4.080302 34.484540 1.057547 4.196410 1.935664 39.056646 49.776755 0.858478 26.802606 8.070827 2.174239 99.547648 10.707658 
114.511649 1.746801 58.729915 10.338861 80.307585 5.755242 0.645750 88.914946 154.662707 287.569071 1.573230 111.205500 54.107662 1.456938 2.745372 1.524642 12.413811 67.528775 133.203316 0.277480 1.830770 36.338797 9.923630 324.690237 0.550561 9.216058 2.070191 0.706335 0.257123 0.363136 271.280989 1.198255 3.010795 824.448680 59.062194 5.436103 23.214004 28.425172 74.909919 0.789085 5.304606 4.321132 6.181575 1.896919 3.472292 0.194418 38.278432 3.781958 94.880858 0.196728 3.743674 669.308245 
7.892818 35.084926 5.677244 98.759779 0.861836 221.934803 2.179554 471.042477 107.253169 257.496308 62.908947 199.939080 0.133677 0.369913 1.462093 7.054470 1.590846 51.663112 31.406581 0.190095 0.576639 81.366905 14.365126 739.206376 0.321175 3.929816 2.863451 0.649739 0.209422 9.258233 0.135530 5.587778 
22.131606 40.903230 24.107398 9.659439 0.095149 150.244392 1.025941 529.464576 46.607646 347.015031 62.579082 2.657188 1.163635 12.991443 1.569181 9.296450 1.172399 137.970879 10.626689 0.774457 28.996728 74.100169 8.234138 41.695705 1.263540 93.689252 2.075691 156.413676 0.141290 2.925146 0.898285 0.677961 217.849653 1.114538 3.883533 390.854251 9.987485 0.272419 74.975714 307.032476 170.610569 
7.143250 2.827488 9.403999 6.141795 0.140409 0.994142 312.187454 32.966933 731.901346 351.479128 80.312274 1.318027 154.773310 0.869044 14.688517 11.279800 1.554679 7.094887 54.669049 0.144884 32.501760 28.913307 3.107943 289.697666 43.983095 6.831465 10.641213 32.688091 0.115337 1.937462 43.544328 27.410546 8.683515 51.907665 73.429716 21.285839 0.955201 2.342234 3.011803 0.198955 17.180158 11.850516 0.270848 
12.841199 53.750357 0.428871 6.091250 241.356413 0.629605 53.854215 90.513879 39.749381 151.688705 288.529175 0.470357 0.340013 5.805212 9.603529 15.460512 1.065507 2.529044 1.905002 0.294723 10.583953 18.033367 2.396494 558.567464 208.772072 5.169752 47.925594 25.322854 545.978901 15.515366 4.076696 
130.137719 39.596766 0.492755 16.400150 8.078099 0.626647 296.085192 19.168535 72.128662 2.152925 107.981115 99.178382 69.144905 2.627046 18.353720 12.218642 1.211212 1.227459 3.179489 0.679297 19.943804 31.756903 2.132858 375.510006 237.648176 6.862792 45.463290 375.170031 0.224991 3.598788 1.530238 0.253088 10.495050 70.207331 28.310883 383.084415 10.238077 
0.260413 68.365086 2.880018 545.628664 0.401282 0.212163 37.230896 22.149259 69.785050 4.732831 56.787095 71.909626 146.981405 4.586256 255.905518 13.720385 1.557729 15.632130 3.801216 0.388130 14.951577 6.618997 1.652117 0.778884 0.877343 13.598800 3.487410 176.473283 1.567006 10.632229 5.772038 0.869810 18.207030 51.740522 85.285768 4.413078 29.366556 197.073684 
0.103153 501.893124 1.652983 7.690704 48.281606 49.915263 68.971672 409.818133 584.118824 14.041642 1.597716 2.992790 294.148154 12.060172 774.413261 1.464659 2.993610 24.825636 1.184605 0.335616 1.732774 0.688878 19.589821 10.162344 
0.188369 180.670549 1.429683 377.112190 1.373798 64.598027 68.387642 15.667282 317.492377 21.514674 9.443588 2.527098 154.568974 2.312893 106.779488 1.434124 1.052576 1.388663 19.081676 24.137605 8.140986 0.699560 279.255401 10.398560 0.145766 12.879700 2.121355 29.901835 3.484320 75.681151 
1.253046 51.694812 0.742454 1.577632 15.929591 164.098727 40.561445 10.408444 140.169596 9.572092 53.669516 44.511058 13.081409 41.071842 318.994138 0.743115 10.008196 2.446570 196.067987 1.057866 4.987220 0.688539 1.855600 3.793176 0.930282 10.555645 248.039897 45.063610 9.158702 0.120870 2.350492 109.278076 10.035250 2.679275 6.239811 37.732306 114.723087 60.305343 33.109504 4.083473 19.669852 8.933913 4.804340 337.178224 24.453002 1.249522 
47.681744 16.548365 0.279733 0.815605 8.603445 3.656646 253.582708 541.763441 94.222891 4.350261 2.265549 38.496758 17.846957 13.483641 53.526080 0.788736 464.134340 298.376139 3.746581 10.359267 9.604694 0.568812 0.964335 25.185093 36.962024 559.504812 912.711026 0.995672 176.833954 0.398383 2.829830 8.695938 12.357524 93.299366 0.264706 7.730018 34.596702 6.527362 8.032964 49.967046 
36.024936 128.718814 1.786049 8.194809 621.177272 0.263905 21.096214 1.529073 2120.387829 6.990194 17.981645 12.524029 33.227537 0.334507 115.878283 2.037393 5.326657 1.463539 5.565625 4.558824 7.422285 1.441583 0.625948 1053.584137 9.210971 75.599319 108.417719 522.553954 44.666222 6.598765 6.858166 4.076118 
7.859235 129.913062 319.390084 15.644711 114.758386 0.362859 1.823158 6.041168 331.612831 204.566974 8.148121 4.869761 7.166565 0.297779 122.714384 3.112717 1.297042 1264.889870 237.798509 365.318369 9.765630 1.312956 0.651342 3.459265 3.271565 418.685777 268.537445 14.757605 3.131714 7.925499 6.452108 2.906734 
16.694927 31.323470 17.719047 22.133424 416.383764 0.485938 9.840873 276.551634 18.071979 97.883213 8.199330 14.096969 2.600836 0.163963 8.300188 0.724324 2.253048 3.191945 50.430132 0.541337 6.028622 3.462637 0.733564 11.183440 603.635430 0.619630 28.428521 5.408786 35.184852 
10.419084 51.616027 427.899404 2.202708 480.834928 0.141596 1.272658 224.793859 22.883569 95.781072 8.899287 14.343535 2.396189 0.141884 11.595235 0.235067 2.037323 3.355034 0.637367 0.670351 67.195171 20.187858 661.771666 5.178188 7.433986 297.880981 5.078274 79.000435 0.802018 5.883570 26.296350 9.218803 
