-3.453848 -5.724446 -13.181824 -6.606947 -10.419633 -7.159985 -5.902889 -3.654531 -11.598763 -9.491968 -8.001228 -12.750589 -6.924444 -10.449833 -7.944594 -1.895306 -15.121983 -4.409378 -6.072379 -11.951740 -3.830845 -10.517962 -6.387204 -9.211200 -12.897771 -4.098431 -9.455319 -5.757437 -7.411115 -4.978128 -4.391339 -7.705029 -5.377645 -4.421034 -9.862012 -14.164413 -12.666141 -13.145463 -10.710341 -7.411323 -10.232006 -12.643012 -10.685416 -2.331204 -10.903575 -8.030289 -2.924470 -12.575161 -5.582193 -4.612697 -12.090042 -5.719472 -11.345734 -1.577725 -4.969104 -7.662625 -2.434667 
-3.207154 -11.855485 -21.863139 -2.954956 -3.565481 -8.891568 -5.902889 -3.654531 -11.781678 -8.642903 -3.749079 -12.791610 -6.924444 -10.685416 -10.448972 -11.634290 -8.836388 -11.902540 -6.072379 -10.986259 -2.153163 -8.980640 -10.872649 -1.137883 -2.256074 -10.207394 -9.701455 -10.402826 -15.753879 -4.978128 -8.241699 -7.705029 -3.698950 -4.223132 -5.860330 -5.480594 -6.351115 -8.115890 
-3.381648 -4.179165 -21.863139 -9.642729 -3.647732 -12.579004 -5.902889 -3.654531 -4.011340 -8.775200 -12.993574 -4.901561 -6.924444 -9.870077 -7.387246 -7.821439 -9.362028 -7.152446 -6.072379 -11.076181 -13.004376 -7.934197 -10.990732 -10.818420 -1.479942 -9.542308 -10.091018 -11.446127 -3.014410 -4.978128 -7.947767 -7.705029 -4.868746 -3.618878 -6.203047 -7.336418 -4.904354 -10.891737 -10.500821 -1.443337 -5.447182 -7.603834 -12.659269 -6.191795 -10.619684 -11.414846 -12.997836 -11.288484 
-3.310593 -4.774343 -8.658930 -11.172448 -14.073921 -7.452687 -5.902889 -3.465153 -12.018457 -8.775200 -13.991782 -14.074639 -6.924444 -9.870077 -12.870270 -11.459239 -2.320273 -7.152446 -6.072379 -11.076181 -11.895717 -8.289405 -9.858138 -9.828063 -1.731025 -8.980914 -5.888722 -6.496204 -3.650736 -4.978128 -9.597307 -7.705029 -6.337731 -7.426987 -5.254056 -22.531448 -4.904354 -9.286068 -5.470189 -10.650096 -8.642240 -4.681911 -6.430375 -11.836272 -8.061161 -11.839083 -12.198702 -22.144597 
-9.406644 -5.014635 -10.956083 -11.172448 -13.487551 -2.082889 -5.902889 -3.377685 -6.334392 -8.775200 -3.425405 -11.642757 -6.924444 -9.060997 -9.942715 -9.752820 -4.507633 -7.765129 -6.133744 -11.076181 -4.550788 -8.289405 -4.807571 -8.689076 -8.283339 -5.899462 -6.962632 -7.217687 -10.031530 -4.877968 -9.558302 -7.705029 -22.064231 -12.418200 -6.105613 -3.802048 -4.904354 -2.864628 -6.637120 -12.115167 -5.667140 -11.538902 -6.931827 -11.836272 -8.676085 -3.381114 -4.944832 -3.243172 -10.768054 -6.248736 -8.289647 -14.841386 -14.944783 -14.992469 -14.671273 -15.055683 -8.218772 -5.714641 
-3.803663 -4.438083 -10.240022 -11.877687 -10.989762 -2.082889 -5.902889 -3.377685 -10.803498 -8.775200 -8.816059 -13.949344 -6.665069 -1.845916 -5.374786 -9.522863 -8.738921 -10.694016 -6.133744 -11.076181 -7.349434 -8.289405 -4.994789 -11.343733 -6.239494 -7.474650 -2.568388 -12.498844 -14.372610 -4.877968 -9.558302 -7.705029 -21.986697 -5.422142 -5.846431 -6.947269 -4.904354 -2.962377 -9.426504 -11.264077 -5.751215 -12.344520 -2.681099 -13.048848 -10.903295 -7.285111 -5.157403 -7.722374 -1.752770 -7.004027 -2.346563 -11.206221 -14.161784 -8.879493 -6.540761 -5.052172 -11.829388 -5.373193 -12.265783 -3.836864 
-13.008224 -4.099375 -9.686317 -10.523297 -10.043568 -1.702185 -6.089785 -3.334596 -10.393695 -8.775200 -5.679310 -5.701077 -6.665069 -13.426039 -6.044228 -10.091972 -8.769094 -11.028345 -3.885897 -12.128260 -3.271316 -9.692066 -8.349781 -14.414606 -4.478491 -7.372454 -4.350946 -13.425762 -10.073876 -4.877968 -8.822048 -5.178114 -21.998890 -6.726537 -11.218761 -4.796756 -4.904354 -7.506242 -2.653888 -6.866829 -4.817692 -5.575036 -11.961877 -5.198990 -11.919985 -13.173473 -7.708448 -12.183931 -10.000395 -2.278980 -7.877310 -9.345642 -6.569241 -12.557459 -9.866526 -11.099499 -6.605120 -5.495898 -4.013251 -13.359363 -4.764491 -2.057930 -5.462854 -5.018260 -10.118303 
-3.487980 -3.782635 -5.143951 -11.792439 -6.515834 -10.873175 -6.163618 -3.334596 -11.931573 -8.487648 -5.679310 -9.107376 -6.665069 -12.319595 -2.800210 -8.857137 -8.769094 -10.004056 -11.938447 -4.959434 -3.845334 -9.340564 -11.943750 -11.856185 -5.748154 -9.283098 -3.511020 -2.605038 -2.623560 -4.877968 -9.483726 -9.862065 -5.427442 -13.993404 -12.194110 -3.324721 -3.890794 -7.701869 -4.647102 -6.685203 -16.502600 -4.712616 -9.819202 -10.561720 -5.734103 -5.761460 -6.824465 -10.035768 -2.870726 -3.739207 -13.050652 -1.487518 -6.569241 -10.080277 -4.590085 -8.661561 -4.242124 -6.025031 -12.177734 -1.972070 -4.219361 -4.799509 -10.545975 
-8.710629 -3.797788 -2.030802 -11.046631 -13.070388 -1.384601 -6.419646 -3.334596 -3.743367 -4.340956 -5.679310 -9.472458 -6.665069 -20.881274 -9.522493 -9.808843 -10.355752 -22.508904 -5.043262 -4.611969 -7.401631 -10.674482 -11.872879 -7.617425 -10.272174 -9.283098 -2.494676 -1.750422 -3.148659 -3.923583 -8.934517 -11.125258 -5.237692 -7.598372 -13.181338 -9.240425 -3.890794 -5.844270 -9.501479 -11.275075 -10.106126 -11.396753 -6.036122 -10.561720 -7.138009 -10.027589 -1.178347 -8.228095 -4.458888 -18.781827 -12.591301 -3.276767 -5.642805 
-5.339549 -6.011086 -17.367891 -7.031656 -11.552160 -12.713409 -6.375865 -3.629345 -10.138312 -4.110023 -5.679310 -11.311198 -6.665069 -11.667853 -10.709558 -9.335101 -4.884686 -4.037083 -7.138605 -12.409816 -7.720520 -1.796236 -10.324772 -11.553123 -15.054328 -9.283098 -2.796456 -2.058598 -2.674821 -3.923583 -9.433089 -9.556670 -9.396268 -11.322943 -13.358528 -11.291281 -3.890794 -2.621240 -7.014278 -8.923062 -10.106126 -3.588020 -14.276735 -4.692315 -5.068087 -12.802783 -8.404367 -20.258747 -8.813077 -15.360388 -9.769413 -11.908370 -11.450469 -4.509557 -8.961956 
-11.165368 -7.904488 -10.517335 -5.448678 -5.643139 -12.713409 -6.257297 -3.649069 -9.966722 -4.110023 -5.679310 -9.211599 -6.665069 -9.107679 -12.197217 -9.459938 -14.276735 -8.523990 -3.865996 -1.460198 -6.819376 -9.926133 -4.038978 -12.463705 -14.143754 -9.436310 -2.796456 -3.112984 -14.923644 -3.872621 -10.175128 -9.556670 -7.848791 -5.487022 -13.791089 -3.054962 -3.890794 -5.562420 -6.735261 -10.698053 -11.313012 -5.208723 
-9.635876 -7.783376 -11.000002 -4.440545 -11.960724 -11.411330 -5.908210 -4.572349 -11.499618 -3.858330 -5.679310 -9.334097 -7.096718 -8.350056 -12.197217 -9.867027 -14.276735 -2.294152 -3.865996 -14.536744 -2.683030 -5.696509 -12.556421 -2.072060 -4.834910 -5.601379 -2.796456 -11.443520 -2.171162 -5.716587 -14.164320 -12.641968 -9.094537 -13.195006 -13.791089 -3.128234 -3.890794 -6.108072 -7.594990 -9.543562 -10.394531 -3.987142 -9.942642 -4.633416 -14.303379 -12.344524 -5.706040 -6.240172 -3.816045 
-6.435285 -7.565984 -4.234364 -7.975976 -12.016501 -7.595300 -5.908210 -4.572349 -9.935203 -3.858330 -5.679310 -7.961796 -7.096718 -8.350056 -7.529182 -8.570500 -14.276735 -12.566481 -3.865996 -5.960502 -2.559356 -2.869300 -5.900470 -5.310571 -4.012009 -14.327274 -2.796456 -13.681079 -14.829625 -1.743385 -11.578858 -12.510263 -8.775387 -13.195006 -9.642973 -5.993529 -3.890794 -6.108072 -7.594990 -9.866881 -4.050533 -8.050064 -12.802654 -9.704205 -8.327207 -9.962282 -2.723580 -6.448921 -1.719146 
-11.104058 -10.754411 -3.972743 -6.556292 -10.149470 -5.345491 -5.140150 -3.844297 -8.285321 -8.474387 -6.396410 -2.415265 -7.096718 -9.020240 -5.339026 -7.899840 -6.726312 -3.473975 -3.726867 -6.828263 -2.496396 -2.573829 -6.014738 -5.310571 -4.437425 -12.608300 -9.328967 -2.741930 -15.019883 -12.578576 -8.191949 -10.111548 -9.556270 -10.943703 -1.639988 -10.215689 -3.890794 -6.849505 -7.139926 -7.579422 -11.976991 -14.454601 -10.975230 -11.506607 -8.226558 -4.058318 -2.723580 -12.248986 -3.929776 -13.209122 -16.098733 -5.164826 -6.458834 -5.704470 
-10.668976 -4.311601 -3.329589 -7.833043 -15.100416 -14.502913 -2.175896 -3.844297 -8.016365 -15.133050 -6.396410 -1.535801 -7.096718 -8.456105 -8.576376 -7.899840 -8.152974 -5.408723 -3.863763 -4.646324 -3.577507 -2.918175 -3.442477 -5.109558 -7.992778 -10.846077 -9.328967 -8.559220 -7.851271 -5.658997 -9.198368 -10.485897 -8.880644 -7.089827 -3.966420 -8.040582 -3.890794 -12.500356 -12.126514 -4.912410 -12.393881 -11.863206 -8.634842 -10.147280 -11.680056 -14.178968 -2.314925 -10.232336 -12.224600 -6.002480 -17.960341 -3.304416 -10.840308 -9.860780 -7.595562 -4.950911 -14.123278 -21.346879 -4.559261 -4.139199 
-9.533006 -3.161134 -9.924242 -8.065119 -9.600013 -2.972341 -9.198417 -3.844297 -8.750232 -13.910056 -6.396410 -2.166707 -7.096718 -3.109881 -13.217414 -9.191338 -7.594978 -5.260842 -3.863763 -2.860272 -1.726806 -3.964668 -10.908285 -5.741896 -8.526810 -10.089243 -11.854003 -7.225958 -4.706294 -0.965650 -9.198368 -11.516247 -4.538669 -7.025519 -14.078713 -1.347491 -3.890794 -2.967959 -7.428215 -2.616960 -7.565008 -5.936189 -12.344746 -7.876798 -9.261422 -10.291717 -3.560025 -10.184376 -8.065162 -10.120649 -4.427494 -3.725478 -13.654689 -5.462782 -10.351832 -5.774922 -4.184234 -10.399090 -7.027968 
-11.533582 -8.374616 -2.416449 -3.666101 -8.628333 -2.623940 -9.777895 -3.844297 -9.335757 -8.358277 -6.396410 -2.166707 -7.096718 -7.139888 -5.741863 -10.122326 -2.889628 -5.255791 -11.090692 -9.990448 -8.617552 -3.897947 -4.607675 -4.239957 -8.538702 -8.450837 -19.871735 -3.465670 -2.334744 -3.682712 -9.198368 -10.415801 -3.650011 -7.304071 -6.184694 -4.599408 -4.290083 -10.214119 -9.269965 -14.191701 -5.773674 -8.574865 -5.688264 -3.936376 -10.213023 
-5.426837 -12.421932 -2.666690 -5.796039 -12.927320 -10.334790 -8.089210 -3.844297 -8.583363 -8.579310 -6.133919 -2.481960 -7.096718 -9.371074 -3.376704 -7.424972 -5.007704 -5.265949 -12.125197 -10.242853 -8.789214 -3.897947 -9.779856 -12.484438 -9.945696 -8.436720 -8.127397 -10.077469 -7.076743 -13.883225 -9.170424 -11.327001 -5.766995 -7.304071 -6.292705 -14.408982 -4.078953 -4.113779 -5.491346 
-8.967985 -14.981738 -2.666690 -4.590539 -11.792809 -7.951603 -4.221833 -3.754200 -11.495988 -4.058999 -8.704315 -2.303281 -7.096718 -12.031457 -3.807233 -8.937162 -4.350341 -5.158044 -11.424089 -9.382584 -8.789214 -3.897947 -6.938398 -10.200807 -11.139897 -7.611101 -3.988832 -8.472189 -5.168773 -8.268648 -8.848489 -4.449159 -8.576160 -14.263430 -4.128761 -12.584472 -9.059074 -4.706224 
-18.043127 -14.685949 -2.666690 -10.685440 -4.290256 -7.951603 -4.949066 -3.754200 -10.461805 -11.364075 -10.734614 -1.751874 -7.096718 -12.471443 -10.737811 -8.854675 -11.393630 -10.186133 -4.113587 -9.464607 -9.251860 -3.897947 -4.737091 -9.470582 -14.303068 -7.611101 -5.326094 -4.706224 -4.792361 -12.542229 -8.815384 -4.449159 -8.915893 -7.792417 -15.113780 -7.906218 -3.593450 -6.823988 -2.301103 
-17.084500 -3.471755 -3.094550 -10.045630 -6.630479 -8.425352 -3.868369 -3.754200 -9.542406 -3.432577 -9.974600 -2.996529 -13.059718 -12.038624 -5.096801 -8.977491 -14.283193 -7.643469 -2.413024 -9.464607 -9.251860 -3.897947 -6.835245 -10.691569 -14.135967 -8.549255 -2.047910 -4.706224 -4.364017 -5.270864 -9.417655 -5.217421 -8.915893 -12.853132 -10.820337 -14.856293 -2.829942 -6.796626 -6.606120 -11.505970 -10.624201 
-5.078272 -4.082082 -4.147291 -10.215997 -6.917689 -7.900812 -3.868369 -3.754200 -10.115223 -4.342751 -10.178840 -2.718935 -14.943467 -12.014649 -2.234995 -6.998637 -14.790695 -5.334548 -10.438844 -11.460619 -9.011350 -3.897947 -9.554397 -12.099984 -22.560958 -8.714197 -4.301225 -4.766789 -4.146363 -6.130419 -8.302019 -5.217421 -8.915893 -11.476020 -1.765492 -9.291536 -19.863721 -9.276286 -4.485572 -8.946766 -9.173422 -14.792739 -8.355771 -7.371994 -5.821597 -8.604802 -12.908858 -20.930004 -7.302528 
-12.027234 -4.906809 -11.732557 -10.215997 -6.962595 -18.192079 -3.281382 -3.754200 -10.715944 -3.383083 -3.941643 -20.052028 -5.075302 -12.014649 -1.550115 -10.016711 -4.042689 -5.633877 -4.929667 -7.174888 -10.122339 -4.165892 -4.423091 -10.690964 -9.282906 -8.383029 -10.274227 -3.907611 -4.177718 -8.604802 -5.325425 -5.217421 -3.620657 -3.815556 -7.543548 -5.059924 -3.252541 -12.138600 -7.826893 -4.195588 -9.233906 -9.049980 -9.652553 -4.701993 -6.207885 -4.876734 -4.673636 
-12.804988 -11.001220 -8.619577 -10.215997 -6.962595 -6.822344 -14.389827 -3.970386 -12.840475 -2.844857 -4.608691 -8.721446 -6.221053 -3.665587 -8.394724 -10.016711 -19.160241 -1.549978 -4.929667 -5.740903 -8.386545 -4.165892 -14.257815 -12.581429 -9.458341 -8.383029 -11.311729 -3.907611 -4.177718 -8.248489 -14.923612 -5.217421 -6.758181 -12.033900 -3.169288 -11.857379 -3.585443 -7.562630 
-11.079121 -11.686427 -5.403428 -10.215997 -7.048642 -8.905779 -11.228571 -3.970386 -10.906894 -3.327567 -3.957752 -8.262043 -7.259858 -11.291478 -6.452589 -5.217421 -19.160241 -1.896882 -4.929667 -6.744959 -9.154872 -4.165892 -13.100774 -15.477430 -8.779422 -8.275224 -10.534015 -3.907611 -4.177718 -9.912440 -13.409268 -4.029215 -5.334956 -12.504636 -11.379994 -6.961500 -2.757533 
-5.633363 -11.423546 -8.207044 -7.284219 -10.352143 -8.804507 -7.539012 -3.462686 -9.809665 -3.354477 -3.480658 -7.915533 -7.259858 -14.142493 -7.504812 -5.217421 -7.612655 -11.172467 -4.745425 -18.352452 -8.134288 -4.165892 -8.245225 -12.385923 -9.094881 -2.709801 -3.820792 -3.907611 -4.177718 -9.912440 -1.654894 -10.377201 -13.378374 -3.826762 -11.625672 -6.545600 -5.901055 -5.927788 -5.173936 -12.531814 -12.731017 -7.209992 -12.668396 -9.437219 -19.347119 -11.030240 -7.537760 -14.987841 
-7.039420 -10.532385 -3.612141 -10.501017 -12.914021 -7.997808 -8.005549 -3.521209 -5.405610 -3.049623 -3.411615 -6.344336 -10.590242 -19.633997 -5.886751 -7.411013 -7.285611 -11.138546 -4.745425 -18.206883 -8.469500 -4.165892 -15.188649 -11.071986 -9.094881 -2.692441 -6.906243 -4.143713 -4.177718 -9.912440 -12.697050 -11.318645 -9.175426 -3.402523 -10.917158 -9.202253 -8.617608 -8.979658 -14.843337 -7.533656 -3.847866 -4.882080 -8.066233 -4.852998 -9.433256 -3.696859 -5.172447 -11.255475 -9.035050 -6.736275 -6.607652 -2.766538 -7.888299 
-8.828557 -11.683779 -3.612141 -8.915540 -10.059127 -3.911538 -7.955080 -3.521209 -5.405610 -7.978043 -11.820709 -6.185892 -9.750798 -6.036635 -6.152804 -4.378875 -7.363620 -11.906105 -3.935753 -12.253887 -10.220153 -4.165892 -7.241441 -12.776658 -7.986308 -7.271412 -7.106066 -5.541934 -8.159830 -7.899999 -2.327481 -9.366964 -10.739154 -8.494180 -10.392762 -8.517892 -14.320582 -8.237744 -6.328174 -5.028602 -7.497074 -5.137687 -10.742260 
-3.997844 -10.394403 -3.525169 -2.070135 -4.825176 -7.845511 -8.259441 -4.710057 -4.128714 -3.763669 -10.669572 -8.691865 -9.573400 -4.089081 -6.888471 -12.924176 -10.889116 -8.018491 -3.935753 -13.058804 -10.013424 -4.165892 -6.962288 -7.547569 -9.854504 -6.694580 -7.408734 -5.541934 -5.956482 -7.769095 -10.143791 -15.154400 -12.556374 -6.210869 -6.749418 -3.071853 -10.247718 -6.903622 -9.299385 -7.322064 -11.431791 
-11.656095 -7.936772 -4.362936 -8.873593 -9.633571 -7.951395 -12.032642 -4.710057 -10.676762 -7.431743 -11.043285 -13.405076 -8.843140 -1.549540 -11.216879 -13.700102 -6.463622 -2.917820 -3.935753 -11.999223 -9.016200 -4.165892 -6.967803 -9.185148 -7.108207 -5.651231 -7.408734 -4.717073 -7.042040 -8.025353 -11.560244 -15.047826 -10.522745 -8.882389 -11.931947 -6.481053 -9.529534 
-12.077747 -9.263549 -9.550845 -4.249668 -3.214934 -8.571929 -4.128970 -4.710057 -11.158505 -10.860463 -10.090700 -9.293900 -11.254186 -1.549540 -5.387981 -11.184926 -6.982193 -6.436152 -3.935753 -12.995666 -9.016200 -4.165892 -6.267627 -6.190060 -3.458123 -13.985119 -5.747127 -5.663626 -12.026938 -11.679918 -6.837502 -9.877002 -8.652685 -3.613869 -10.827519 
-10.350413 -8.422224 -9.430780 -5.663626 -3.214934 -8.949090 -3.544993 -4.710057 -12.308503 -9.337594 -12.004346 -5.943685 -8.841436 -1.991288 -12.089730 -5.781005 -8.025178 -20.607139 -3.935753 -7.630217 -9.385825 -4.165892 -1.969502 -4.913683 -1.765974 -9.544448 -5.840188 -13.944721 -4.489559 -14.847417 -6.095070 -14.100502 -3.492652 -12.251794 -7.693753 -4.787892 -13.571807 -2.490417 
-10.350413 -8.642397 -9.663908 -5.663626 -5.351077 -9.233331 -12.275073 -4.580949 -7.403556 -9.783917 -9.908931 -6.421536 -9.065180 -4.495154 -21.524088 -3.370652 -10.373737 -20.607139 -3.935753 -7.843740 -9.897677 -4.165892 -7.164719 -5.702639 -2.204160 -11.991815 -11.429421 -8.063789 -10.481269 -10.576395 -4.687277 -4.415705 -12.713245 -9.260304 -3.235887 -14.325123 -5.320536 -7.704481 -5.880343 -11.480563 -8.262189 -8.508065 
-11.140421 -7.623182 -9.466048 -4.744902 -13.538097 -8.576278 -6.287228 -4.580949 -5.809913 -9.112446 -9.612660 -9.259284 -2.333226 -7.916509 -4.465765 -11.969704 -4.876047 -11.659492 -3.935753 -7.528754 -9.897677 -4.165892 -6.714806 -3.735745 -2.038953 -4.071924 -2.383166 -8.506139 -10.964105 -11.223481 -3.916889 -3.031830 -12.577339 -8.648665 -17.367255 -7.624815 -6.296943 -9.422037 -9.095760 -17.872918 -12.380563 -15.506442 -11.985203 -10.281514 -11.628751 -14.191720 -2.229318 -14.374246 -2.843955 
-12.260266 -8.080683 -8.712726 -4.926778 -2.690707 -7.841123 -5.607393 -4.580949 -6.933416 -15.174903 -8.786214 -4.177583 -9.090824 -9.734526 -6.917164 -12.739166 -6.627156 -3.199355 -3.935753 -8.170566 -8.704779 -4.165892 -3.059091 -6.924228 -2.007545 -7.257784 -4.452383 -9.895173 -6.209100 -15.125292 -4.264954 -0.847696 -6.309164 -8.643700 -3.813848 -7.315856 -11.520539 -4.199580 -3.613286 -4.871940 -14.355982 -6.738160 
-13.921655 -8.080683 -7.971047 -4.437933 -8.514456 -8.047713 -1.381576 -4.580949 -6.933416 -5.890914 -9.582594 -11.981414 -8.386295 -6.680895 -6.358601 -8.092108 -11.697360 -5.866385 -3.935753 -7.009479 -8.545500 -4.165892 -12.291023 -6.924228 -2.255438 -12.163217 -4.452383 -9.895173 -4.550227 -19.047196 -3.693779 -1.668684 -14.838313 -12.614221 -12.488923 -12.827735 -1.821347 -5.020698 -2.445841 -4.535320 -4.431330 -6.202606 
-13.235505 -8.080683 -4.646495 -4.942246 -3.718417 -8.487171 -1.797254 -4.580949 -6.933416 -10.890370 -10.480732 -5.791303 -8.386295 -14.072593 -4.606552 -2.258474 -10.122469 -6.051957 -6.596249 -7.025173 -8.331847 -4.165892 -10.378850 -4.597573 -9.955246 -10.598428 -4.201348 -8.831005 -7.316244 -17.791551 -6.301920 -7.125742 -2.498993 -4.201853 -12.949037 -5.848301 -3.412107 -9.916571 -13.531268 -3.625615 -7.288006 
-7.821939 -7.837436 -3.728903 -4.942246 -4.818437 -7.775466 -1.797254 -4.580949 -10.709681 -13.381855 -10.480732 -7.959096 -12.977839 -10.774476 -4.593816 -10.786634 -9.331030 -6.295110 -7.923826 -12.662173 -7.790811 -4.165892 -10.378850 -6.928652 -13.826005 -11.835545 -4.201348 -9.375907 -1.310469 -17.434825 -4.268839 -3.703175 -9.370109 -5.854783 -11.899988 -4.641071 -6.910105 -12.610950 -22.927694 -4.649664 -13.440186 -8.459653 -10.500272 -11.317174 -4.090044 -5.559564 -7.577598 -9.995322 -6.369504 -7.467261 
-8.371243 -7.837436 -3.788025 -6.562534 -7.646816 -11.686566 -9.935665 -4.580949 -6.966799 -9.163497 -9.980856 -3.868635 -11.927324 -9.828247 -5.153457 -7.133676 -6.684705 -5.638249 -13.913981 -11.024542 -8.212722 -4.165892 -7.440257 -1.897448 -6.906097 -5.187852 -3.964966 -9.375907 -6.126509 -11.043574 -8.305870 -1.934568 -9.309894 -6.839384 -11.899988 -5.774832 -6.933417 -14.894157 -10.059705 -4.649664 -14.446487 -12.390971 -18.005559 -11.479215 -3.160628 -3.859654 -11.021941 -6.259384 -6.285704 -12.151343 -3.292189 -22.379080 -7.826899 
-11.087282 -8.134324 -4.255943 -11.749232 -7.556611 -4.373282 -7.663521 -4.580949 -3.645004 -14.531810 -2.849126 -5.464915 -12.927620 -9.828247 -3.954863 -13.244156 -6.732620 -5.661334 -12.153606 -4.486181 -7.295242 -4.165892 -6.103930 -1.897448 -8.626982 -5.216368 -3.964966 -9.375907 -6.813032 -7.222015 -12.474782 -12.495327 -9.662553 -12.484982 -13.276297 -5.617739 -10.098143 -10.755435 -13.551703 -6.649669 -1.641839 -4.832579 -21.676822 -12.166588 -10.123613 -5.965854 -8.350245 -6.317784 -8.690396 -6.991888 -3.984596 -8.042359 
-3.220835 -7.736531 -3.857008 -9.387911 -6.703261 -11.878793 -6.775003 -4.580949 -3.708944 -14.839421 -12.240910 -13.171571 -11.622339 -9.828247 -5.842077 -5.584296 -6.732620 -10.745564 -6.377244 -13.390035 -6.176909 -4.165892 -6.005720 -7.835966 -10.123853 -5.518530 -3.964966 -8.150576 -21.676822 -6.689033 -12.792904 -2.344338 
-10.592917 -3.859694 -5.431137 -7.130231 -8.398092 -11.073062 -6.775003 -4.580949 -6.811247 -3.743924 -4.437033 -1.456522 -7.349853 -1.857547 -9.403116 -5.926056 -6.775804 -12.851415 -7.617578 -2.103075 -6.038039 -4.165892 -11.282040 -12.014802 -9.971272 -6.061243 -3.964966 -8.191016 -19.851626 -3.249061 -14.223788 -6.976560 -3.345260 -15.061852 -2.955911 -6.385945 -4.132519 -14.310532 -7.791467 
-10.214830 -6.668113 -5.022420 -7.130231 -8.398092 -12.665425 -6.775003 -4.580949 -6.599999 -2.984987 -4.282215 -3.855760 -2.838814 -3.249694 -5.444062 -5.926056 -6.775804 -9.868499 -11.973567 -2.707833 -6.051407 -4.165892 -11.032713 -3.087663 -9.369082 -6.302333 -3.964966 -8.191016 -18.975112 -12.995202 -6.079613 -3.169168 -4.130378 -4.418790 -6.916192 -1.960225 -6.205605 -11.966827 -6.756897 -5.594932 -12.380536 -2.530546 -7.538353 -11.202066 -8.799215 -4.572046 
-13.452083 -4.488552 -3.918609 -7.449032 -8.013195 -12.344965 -6.775003 -4.596815 -6.599999 -3.619866 -13.803937 -6.109101 -4.812864 -10.353625 -11.079612 -12.673053 -6.775804 -7.963144 -1.968108 -1.695419 -6.051407 -4.165892 -0.773653 -2.826683 -9.090638 -6.103744 -3.964966 -9.816225 -8.552059 -10.856044 -13.460602 -6.090498 -5.315246 -3.960376 -8.715005 -7.593076 -3.605445 
-11.881729 -7.724003 -1.665229 -7.907451 -8.013195 -13.282031 -6.775003 -4.596815 -6.620445 -3.619866 -8.933054 -10.895512 -11.408743 -5.617157 -12.170557 -9.916043 -6.775804 -13.135294 -1.984634 -8.199340 -5.859979 -4.165892 -3.841923 -12.562761 -9.449809 -6.274849 -3.964966 -7.833572 -12.812519 -6.103138 -6.528818 -4.262694 -13.107170 -7.490573 -11.143674 -10.498282 -5.744744 -4.554250 -11.385743 -5.293984 
-9.546731 -4.092932 -2.169103 -8.896538 -7.097025 -9.019418 -6.866682 -4.596815 -6.620445 -4.088990 -8.711899 -8.162627 -11.228012 -2.493680 -11.888668 -8.663792 -6.775804 -12.362682 -13.384305 -6.533182 -5.859979 -4.165892 -9.273760 -4.838102 -6.091090 -5.844625 -3.964966 -8.291375 -6.306323 -6.043570 -5.121048 -7.112558 -12.283803 -4.097013 -4.048609 -6.161546 -8.316710 -8.590313 -12.860297 -1.629721 -13.669418 -11.605037 -5.889598 -7.005613 -7.686459 -11.419341 -6.388133 -6.308794 
-10.440434 -11.153479 -2.169103 -5.901990 -7.800209 -6.715027 -6.583782 -4.402525 -6.620445 -4.074490 -11.817728 -7.826614 -10.826543 -6.116522 -9.110810 -10.178546 -6.775804 -14.435732 -8.233822 -11.807926 -6.027285 -4.165892 -8.493713 -4.340173 -11.624746 -5.844625 -3.964966 -3.130525 -3.651748 -12.478187 -7.509999 -7.186953 -11.800439 -4.797872 -3.048542 -8.583573 -5.654627 -7.304741 -14.646154 -11.107905 -10.844587 -5.143838 -4.358438 -8.821981 -7.793386 -12.949884 -14.400032 -5.764981 -4.612507 -10.453938 -6.408082 -6.074548 -13.051963 -7.576776 -6.222917 -7.099176 -12.006010 
-9.539841 -12.614019 -7.149197 -10.608431 -21.416730 -4.044152 -4.496658 -4.860930 -6.620445 -4.480797 -7.914478 -4.156882 -11.005809 -11.537356 -5.902996 -7.158593 -6.775804 -3.665551 -7.911793 -10.720534 -6.745283 -4.165892 -2.480978 -2.418052 -7.980081 -10.022394 -3.964966 -3.384500 -6.404523 -9.866562 -7.509999 -9.712045 -3.698323 -3.158249 -1.235000 -8.583573 -5.970840 -2.259981 -14.128508 -6.911763 -12.605112 -15.397647 -13.329015 -1.399853 -3.668082 -5.569478 -9.639474 
-9.883028 -11.342055 -7.200183 -11.306985 -6.019635 -13.422830 -5.177934 -4.860930 -6.620445 -8.013490 -4.767341 -6.791451 -11.787274 -5.574295 -8.583573 -4.458219 -8.042633 -14.319169 -4.218224 -10.402273 -6.911618 -4.165892 -4.716465 -2.497168 -4.982912 -7.918287 -4.261475 -11.710656 -5.705414 -2.178670 
-10.627859 -14.901824 -7.155218 -6.535109 -5.420868 -12.960558 -12.516508 -4.860930 -6.374344 -7.467371 -5.836705 -7.453220 -13.580703 -2.821660 -8.950978 -12.386425 -7.411780 -5.112889 -14.922398 -10.973391 -8.140101 -4.165892 -2.735801 -3.134212 -5.339986 -5.449785 -4.261475 -10.094800 -4.306840 -3.693287 -3.756428 -9.437108 -7.659971 -6.424133 -12.116633 -9.023530 -5.014648 -13.111179 
-6.424133 -4.701581 -7.155218 -7.622303 -12.941257 -12.311857 -9.419332 -4.860930 -6.374344 -9.482448 -6.126338 -7.453220 -3.149276 -11.559088 -9.134852 -12.001330 -7.185371 -8.070207 -9.744547 -11.003373 -8.140101 -4.165892 -3.739887 -1.983756 -4.246463 -4.414499 -4.261475 -3.331056 -12.669154 -2.815751 -9.276940 -8.741025 -7.634777 -14.889762 -6.148543 -14.158447 -8.130912 -7.570720 -8.837694 
-6.424133 -3.092675 -6.606789 -8.858331 -13.025209 -12.657254 -8.983663 -4.860930 -6.771834 -10.194769 -4.286570 -9.276940 -1.256015 -6.456299 -9.134852 -8.298466 -7.241596 -5.059390 -10.125935 -8.440518 -9.253846 -4.165892 -3.625201 -6.558234 -12.895746 -3.521107 -4.261475 -2.210021 -13.411295 -14.173884 -4.735997 -13.977903 -4.876067 -5.824062 -3.767235 -9.944175 
-8.844115 -8.072296 -5.570831 -20.830753 -10.353478 -5.338065 -6.500451 -4.860930 -6.546781 -10.194769 -7.959736 -7.898377 -2.671781 -13.526476 -9.134852 -5.425185 -7.324313 -12.489772 -11.274982 -7.818432 -9.719950 -4.165892 -3.013282 -9.108509 -13.811744 -2.460234 -4.164649 -8.609003 -2.430280 -4.847771 -4.395021 -4.494257 -4.422588 -4.134957 -11.398958 -9.672790 -5.417764 -4.596652 -8.923593 -10.515224 -4.600097 
-10.530504 -9.407982 -6.697603 -21.773812 -2.796199 -1.601291 -8.940487 -4.605179 -6.879020 -9.125285 -11.751870 -9.020068 -4.917553 -4.323411 -9.134852 -3.470431 -7.788038 -6.337886 -10.161490 -22.112046 -7.040649 -4.165892 -8.909440 -4.344993 -3.273282 -5.904695 -4.164649 -7.755451 -21.830055 -14.213396 -4.767348 -5.856193 -4.841510 -13.403673 -12.924625 -6.560708 -9.437608 -9.387346 -9.382931 -14.990251 
-10.685102 -11.796046 -12.932884 -2.673482 -2.458830 -5.901439 -9.818367 -6.632089 -6.879020 -8.329606 -12.808932 -2.937983 -4.917553 -3.660811 -8.905404 -5.948279 -7.788038 -20.265557 -9.935294 -9.382931 -7.040649 -4.165892 -8.665165 -21.954821 -2.677725 -14.743653 -4.164649 -6.762600 -4.601722 -5.621259 -4.488427 -5.643634 -4.999195 -5.976443 -5.841306 -2.115297 -14.245266 -1.291536 -5.743951 -12.494489 -8.231277 -9.159987 -11.273853 -6.064040 -1.090873 -5.954127 -5.079805 -5.379704 -5.891097 -21.051235 -7.750352 -1.431779 
-4.927998 -22.102886 -4.248980 -5.138162 -2.700055 -5.525344 -10.653417 -12.776875 -6.879020 -8.329606 -9.181791 -4.461441 -6.761750 -3.306560 -12.438080 -4.168639 -7.934551 -20.173284 -8.873674 -9.514426 -7.296292 -4.165892 -6.889617 -21.554515 -14.760948 -4.846352 -4.164649 -8.393467 -8.724286 -1.569912 -4.482574 -8.220215 -12.386074 -6.887164 -5.905007 -1.897927 -10.265410 -22.635008 -8.438529 -11.305806 -8.500097 -8.544852 -3.930087 -4.953563 -8.854551 -12.835942 -14.588459 -15.208457 -13.171277 -9.982967 -10.821868 -8.357478 -12.062486 
-13.839603 -2.638755 -14.496578 -12.039830 -2.562261 -5.629088 -10.633151 -8.518857 -6.945249 -6.069437 -14.748734 -5.905007 -6.761750 -3.306560 -4.446419 -3.506359 -7.934551 -18.101978 -10.251489 -4.089539 -7.517522 -4.165892 -9.276613 -8.603476 -11.811874 -9.955292 -4.164649 -9.895930 -8.724286 -11.313853 -6.112425 -8.220215 -8.861843 -11.068597 -8.231892 
-12.181964 -19.737716 -8.589694 -3.193003 -2.769861 -8.403880 -9.122161 -4.795457 -6.945249 -8.696954 -6.528678 -5.905007 -5.396770 -9.043933 -11.785330 -7.691957 -6.703742 -17.390529 -9.584678 -4.049086 -7.836983 -4.165892 -8.275806 -9.414894 -11.762278 -10.897411 -4.164649 -10.187825 -1.199073 -10.214961 -14.548536 -3.771563 -12.549319 -10.364622 -7.541717 -7.533467 -5.254548 -5.784839 -20.715080 -7.833239 
-8.805948 -7.664772 -17.151954 -13.866606 -3.532970 -8.403880 -10.082269 -8.420765 -6.945249 -11.381213 -9.844160 -5.905007 -6.222833 -7.307647 -2.852113 -11.884222 -8.940085 -3.634771 -7.562209 -3.805791 -7.836983 -4.165892 -7.466626 -8.874517 -9.777533 -10.348374 -4.164649 -5.365140 -7.774208 -7.258557 -8.474078 -9.509628 -6.552036 -4.070753 -9.279388 -9.017135 -5.704688 -3.804555 
-12.328987 -9.448526 -15.368056 -8.795426 -10.152062 -8.403880 -20.861232 -12.091365 -6.945249 -5.681183 -9.985257 -5.580860 -5.504825 -3.833261 -2.641996 -14.253665 -4.996005 -8.074062 -8.117178 -4.377583 -8.224067 -4.165892 -3.853098 -8.874517 -11.377801 -10.348374 -4.164649 -10.188759 -12.447010 -9.482523 -5.707297 -12.380540 -8.279849 -5.346602 -7.833232 -7.476613 -10.453982 -13.620558 -12.764112 -7.167964 -3.039358 -10.605975 -15.803612 -13.407973 -10.123405 -3.448666 -6.656388 
-8.862928 -5.745990 -13.397096 -9.147773 -8.783151 -8.403880 -10.444968 -12.450903 -6.945249 -6.308906 -9.579454 -5.580860 -5.426051 -4.376688 -1.756618 -8.759320 -7.151001 -2.668650 -8.117178 -4.650386 -8.224067 -4.165892 -4.216649 -8.874517 -16.312075 -8.218283 -4.164649 -8.946397 -12.621058 -5.331523 -8.154900 -10.908602 -9.202938 -1.496981 -5.677273 -2.499954 -10.060290 -2.593423 -5.971817 -10.178575 -12.544118 -7.430687 -10.163324 -7.938896 -5.985708 -14.475130 -13.162632 -2.920163 -9.150242 
-6.030979 -10.163324 -3.662340 -1.552248 -11.460697 -13.289665 -8.386874 -6.782562 -6.541643 -5.073163 -9.579454 -4.965221 -12.340659 -10.683025 -9.419168 -3.340989 -9.068135 -10.330996 -8.255872 -3.884967 -8.224067 -4.165892 -3.909140 -8.874517 -5.762548 -17.557886 -4.164649 -5.812512 -8.685095 -5.448132 -6.117413 -10.065343 -4.887822 -8.276991 -9.985010 -14.447524 -14.561984 -10.794672 -14.352147 
-3.602222 -11.440333 -13.450048 -2.668477 -3.308332 -9.727518 -18.850871 -15.019271 -6.541643 -4.894740 -9.378174 -4.965221 -6.396824 -8.496745 -12.071494 -4.827810 -8.470243 -14.356251 -9.226292 -5.513627 -8.224067 -4.165892 -3.649216 -8.874517 -6.866705 -10.578709 -4.164649 -5.648374 -6.866053 -5.448132 -6.117413 -7.947016 -8.368808 -9.847927 -3.467952 -7.804130 -9.369546 -14.931002 -4.281828 
-3.443556 -11.584767 -7.250909 -7.228067 -7.489389 -2.412513 -14.598465 -6.072701 -8.226491 -5.714700 -5.913415 -4.965221 -8.348003 -9.517145 -11.491580 -12.326694 -3.746080 -9.731565 -8.903150 -5.597066 -8.578551 -4.165892 -4.237230 -8.781619 -7.301827 -11.801151 -4.164649 -7.354002 -14.594957 -5.448132 -6.117413 -11.396224 -10.030438 -8.764255 -1.593943 -7.887799 -8.985168 -2.924951 -9.496147 -8.881116 -6.695915 -5.501093 -11.637961 -4.167479 -22.812095 -8.948163 -13.347810 -10.999706 -11.459765 -12.002373 -6.636973 -6.115898 -3.316709 
-9.976417 -11.584767 -7.297441 -5.382054 -3.648409 -2.284011 -17.670741 -2.743131 -8.948163 -6.028064 -4.909459 -7.984047 -9.349928 -8.363394 -12.271653 -15.083390 -3.483213 -9.668853 -8.903150 -5.729905 -8.578551 -4.165892 -4.237230 -8.781619 -6.222184 -5.869846 -4.164649 -7.354002 -5.635356 -5.448132 -6.470546 -6.339843 -12.770058 -8.764255 -10.156260 -4.442224 -5.116314 -12.306659 -12.246081 -3.660477 -10.360502 -6.111885 -21.669242 -14.642394 -12.598968 -6.514492 -9.537462 
-6.406669 -10.315558 -11.378677 -14.569463 -11.990910 -14.326008 -13.871403 -4.623031 -11.668069 -13.289512 -8.642198 -10.380675 -10.422772 -8.482929 -3.639342 -9.741631 -2.210406 -9.069752 -8.903150 -6.633270 -8.637442 -4.165892 -4.237230 -8.781619 -6.222184 -5.355253 -4.164649 -7.354002 -5.635356 -8.619804 -6.470546 -1.519906 -4.563367 -8.519144 -7.090776 -4.442224 -1.096571 -6.420185 -7.187454 -2.363074 -11.333737 -10.222869 -13.901960 -10.857557 -10.744280 -14.171375 
-3.792530 -11.575315 -20.646153 -1.927423 -8.575016 -9.557298 -4.667439 -4.623031 -5.033488 -7.942437 -7.017107 -12.469326 -14.189845 -10.024237 -6.632322 -9.433308 -12.740799 -5.705354 -8.903150 -8.456128 -8.705417 -4.165892 -4.237230 -8.898534 -7.270964 -1.049206 -4.164649 -6.065798 -12.301730 -11.216101 -6.470546 -2.476688 -4.626529 -8.519144 -5.247774 -4.442224 -5.886488 -3.386789 -9.101022 -9.393674 -13.717303 -9.573526 -4.380498 -2.561476 -9.990599 -10.901276 -10.133485 
-6.620226 -12.069448 -20.410406 -8.196391 -9.768850 -8.261357 -6.441695 -4.623031 -8.973415 -5.978254 -9.064776 -4.273359 -12.471331 -11.127858 -8.200554 -9.064216 -4.123733 -14.047162 -8.742227 -9.545070 -8.705417 -3.973843 -4.237230 -9.576489 -1.292047 -8.826108 -3.953663 -3.474258 -8.738455 -11.793925 -6.503526 -5.010818 -12.982046 -9.230711 -14.838764 -4.442224 -5.556300 -2.967164 -8.231880 -12.854321 -7.696219 -7.594260 -3.584197 -6.983160 -4.093518 -14.709685 -6.184571 -4.106555 
-8.646474 -12.395698 -5.605915 -11.381694 -9.230711 -4.442224 -8.883866 -4.081389 -6.212276 -6.142756 -5.000623 -11.195339 -7.950805 -12.719853 -2.185436 -9.122483 -22.680392 -14.006753 -8.742227 -11.860968 -8.705417 -3.973843 -4.237230 -5.585768 -9.761169 -8.165645 -3.866350 -5.086540 -8.314909 -5.500271 -5.493418 -10.708692 -4.941949 
-5.372486 -12.781594 -4.646282 -7.629528 -9.230711 -4.170517 -10.058245 -11.352659 -11.565660 -12.873475 -15.027131 -6.498218 -6.344107 -9.759537 -2.092157 -9.380608 -22.680392 -11.928258 -6.531632 -5.165087 -8.497177 -3.973843 -4.237230 -4.936245 -9.761169 -7.160121 -13.055682 -10.600961 -10.979777 -6.510438 -8.757395 -12.504316 
-5.018438 -11.144681 -7.986482 -6.318925 -8.453056 -3.678674 -1.333244 -6.662224 -7.920693 -11.809018 -6.634627 -9.693429 -6.344107 -4.794189 -2.413565 -9.525946 -20.424417 -4.270626 -6.904033 -15.159054 -3.790209 -3.973843 -4.237230 -9.183445 -5.337245 -3.603989 -7.348497 -10.573993 -10.138037 -6.567416 -4.852534 -4.140622 -3.247331 -11.196580 -3.842091 
-10.074941 -9.785152 -7.706013 -9.047190 -6.090176 -4.259828 -4.736367 -5.474752 -8.456648 -12.146455 -5.921535 -9.920586 -6.344107 -5.817671 -2.428949 -10.769337 -6.567416 -9.491054 -7.485618 -11.906519 -4.108870 -3.973843 -4.237230 -9.356692 -13.139241 -2.857147 -12.219890 -5.786463 -11.704195 -13.291607 -14.378580 
-10.686590 -9.712561 -7.790184 -8.314966 -7.062945 -6.548651 -8.999025 -4.540690 -8.456648 -6.153573 -5.641377 -8.849421 -6.768830 -14.124378 -2.708647 -9.653046 -5.096664 -4.229678 -7.212907 -12.748397 -3.095942 -3.973843 -4.237230 -11.829006 -4.689625 -10.453958 -13.360189 -1.581995 -11.780552 -15.398178 -13.236149 -7.196214 -3.458879 -1.995749 
-3.946760 -10.995743 -7.769835 -9.555580 -11.974577 -9.192993 -7.985093 -4.540690 -8.456648 -11.349335 -12.027796 -5.795173 -7.023188 -5.724155 -8.198251 -3.700816 -5.096664 -4.957500 -7.088668 -14.956777 -2.652557 -3.973843 -4.237230 -12.359157 -3.603047 -9.940543 -11.197670 -11.174014 -4.821408 -11.775314 -12.719904 
-2.379473 -10.169134 -8.145128 -9.446899 -3.791740 -9.972316 -4.794158 -4.540690 -9.037736 -7.636645 -9.841405 -6.466625 -7.249691 -7.496010 -11.684726 -6.573411 -5.333436 -5.731669 -7.036718 -11.668360 -4.751434 -4.049583 -4.237230 -10.398280 -3.598432 -6.590202 -3.416006 -9.805974 -15.203938 -15.337366 
-14.651175 -10.149380 -8.727389 -9.494234 -3.346632 -9.813502 -10.020569 -4.540690 -9.037736 -3.133191 -9.841405 -5.032630 -5.974447 -6.762583 -3.418156 -7.340052 -5.510034 -14.383783 -12.193457 -11.946581 -14.888783 -4.049583 -4.237230 -11.935671 -3.598432 -5.719234 -3.729981 -13.959436 -13.266772 -9.272833 -5.968325 -5.995525 -10.692524 -11.517690 -9.284383 -14.265683 -4.841492 -4.803761 -11.334907 -9.698622 -11.872669 -3.139396 -11.147886 -10.948913 
-6.496199 -9.899416 -9.375234 -3.855640 -5.201947 -9.818037 -12.598492 -3.567787 -8.806802 -3.195821 -10.140232 -13.072689 -7.758316 -4.922804 -12.696979 -4.195654 -5.223468 -5.830958 -12.898533 -9.794074 -8.245027 -4.049583 -4.237230 -10.480274 -5.389046 -9.437675 -5.972067 -4.376672 -11.657808 -14.573660 -14.295868 -3.840575 -9.575660 -3.663989 -3.750490 -7.623738 -4.857822 -15.525417 -3.313476 -14.007577 -2.151885 -5.304769 -14.200918 -5.399903 -13.513154 -9.914351 
-12.230834 -9.899416 -9.375234 -4.559024 -3.247167 -10.137179 -4.864466 -3.567787 -8.806802 -6.018615 -8.389721 -11.085110 -7.060885 -6.466356 -5.540264 -7.769055 -5.223468 -10.323525 -14.040467 -10.310411 -7.859078 -4.049583 -4.061280 -9.590595 -2.891299 -8.912537 -5.305843 -3.690753 -10.263162 -11.602118 -10.956265 -2.528110 -11.214892 -4.665246 -3.698576 -3.634003 
-13.316902 -5.513380 -10.323962 -3.776929 -4.300611 -9.308389 -6.488566 -9.717244 -5.821074 -10.207450 -7.770476 -11.164066 -5.848080 -5.239581 -11.259752 -4.540980 -5.276904 -10.739771 -5.056086 -8.223294 -8.370207 -4.049583 -4.061280 -13.344586 -3.707218 -6.475141 -1.790570 -3.036506 -10.690049 -5.488220 -6.770200 -11.367314 -11.850881 
-13.203641 -6.938899 -9.967949 -3.956090 -4.512734 -7.662148 -4.186585 -9.537145 -5.136671 -12.478685 -9.988318 -5.982918 -6.442326 -4.834871 -11.382792 -8.223440 -13.516629 -10.703604 -5.802407 -8.035377 -3.753878 -4.049583 -4.061280 -3.923341 -7.320224 -6.475141 -4.833743 -7.056942 -8.529854 -1.702511 -11.910304 -6.797000 -13.974462 -4.813391 -10.211542 -14.198130 -3.894366 
-13.083576 -4.469268 -9.967949 -3.956090 -5.013760 -2.837154 -11.680942 -9.568545 -7.663785 -11.627982 -9.165955 -5.584733 -3.518907 -4.417772 -3.955211 -9.367239 -8.257105 -10.703604 -12.023381 -8.035377 -9.977770 -4.049583 -4.061280 -4.451782 -4.490416 -6.211174 -7.598355 -7.038461 -3.739757 -2.042911 -2.246793 -7.469842 -6.042471 
-10.911289 -10.372943 -9.967949 -3.956090 -5.666612 -5.659720 -1.955422 -9.816593 -9.890891 -11.889049 -8.848014 -5.686386 -6.783997 -4.255333 -10.799280 -8.019133 -6.837827 -10.571578 -3.995285 -8.035377 -6.081301 -4.049583 -4.061280 -5.896055 -6.594339 -6.807862 -3.540627 -6.979387 -5.382159 -11.669563 -5.443517 -3.024975 -6.490634 -4.895806 -6.345034 
-11.190675 -11.805093 -9.017899 -5.513252 -12.155043 -3.368886 -3.945079 -10.286384 -1.276933 -10.193116 -8.957818 -5.686386 -9.008548 -12.516819 -10.783434 -11.452488 -12.046504 -8.351244 -3.958264 -14.333260 -9.343737 -4.049583 -4.061280 -6.310162 -6.594339 -9.015474 -7.878732 -4.637304 -3.876870 -12.676780 -3.854257 
-11.393908 -6.240113 -9.817244 -9.200290 -13.169689 -2.779802 -13.966784 -9.304079 -2.733319 -10.785898 -8.352255 -5.686386 -8.239882 -5.050291 -13.596222 -11.075161 -10.809987 -10.728847 -3.889649 -8.370468 -2.291326 -4.049583 -4.061280 -12.238159 -5.164979 -9.416375 -9.130055 -12.421922 -3.707345 -5.888636 -2.049623 -5.108536 -4.234043 -3.909465 -5.095101 -4.428893 -11.914303 -10.237652 -2.248410 -2.337905 -8.578308 -3.728242 -6.453742 -4.973685 -12.049861 -13.302610 -9.104745 -9.768393 
-11.514340 -6.413543 -10.146684 -8.942683 -6.832817 -8.691491 -4.925034 -10.327223 -10.214672 -11.625277 -9.009715 -6.021506 -12.734869 -12.755667 -1.588903 -7.911952 -13.180277 -10.728847 -9.157493 -3.969306 -6.231907 -4.049583 -4.061280 -4.278976 -5.164979 -8.867858 -7.195651 -9.339209 -3.640022 -8.116210 -6.894315 -5.263234 -10.931602 -4.117469 -3.331198 -8.763729 -5.171394 -8.350760 -3.662204 
-10.479622 -6.413543 -11.126435 -3.083011 -9.636902 -9.593648 -8.337286 -11.863861 -10.113426 -12.407276 -9.130380 -6.021506 -21.709461 -4.034153 -2.032052 -11.766469 -10.897931 -14.780281 -11.804707 -5.864367 -11.977845 -4.049583 -4.061280 -13.395217 -13.431403 -10.317478 -7.195651 -5.753018 -3.955824 -6.085896 -8.176277 -8.214729 
-10.479622 -8.078357 -9.861800 -4.051256 -9.185822 -4.416961 -9.563604 -8.176277 -9.542586 -10.117466 -8.690237 -5.705175 -21.860214 -7.106728 -13.220319 -9.143540 -10.748145 -3.410168 -7.640859 -5.709951 -9.940629 -4.049583 -4.061280 -4.051643 -11.121730 -10.357035 -7.195651 -4.932210 -3.282343 -7.381060 -8.690025 -3.991776 -5.903560 -9.780466 -6.087080 -0.864967 -13.900563 -1.436476 -11.098095 -6.044303 -6.019221 -4.831602 
-3.667869 -8.216911 -10.594375 -6.905031 -3.006905 -12.679256 -8.423053 -7.253791 -9.033013 -8.073363 -15.017590 -5.705175 -5.536571 -10.389245 -8.976749 -9.690546 -4.763529 -4.312604 -7.671348 -8.083432 -6.925950 -4.049583 -4.061280 -4.051643 -12.195047 -6.499990 -8.138587 -11.606558 -5.826658 -11.329345 -4.461783 -1.998098 -3.753917 -6.368627 -6.168665 -4.528754 -2.783139 -4.277629 -15.216242 -11.086767 -4.662509 -8.512008 -16.517759 -13.437402 -8.107741 -2.574444 -14.316489 -9.867394 -3.172563 -6.620527 -9.222629 -4.765263 -5.673136 -13.171152 -9.203249 
-13.429168 -5.372864 -11.446235 -11.626289 -5.221090 -5.942330 -11.186199 -7.253791 -12.429337 -8.064513 -5.966525 -6.383294 -3.174562 -5.726146 -8.862833 -10.486830 -6.955383 -10.788256 -10.239114 -7.358792 -7.521475 -4.049583 -4.061280 -2.859976 -11.283282 -4.956896 -7.863910 -7.445009 -4.372479 -3.983199 -4.710743 -6.059225 -2.654713 -5.022188 -10.132498 -4.142042 -8.123606 -6.441948 -8.563351 -8.684188 -13.053177 -8.727352 -4.332805 -13.437402 -9.538146 -5.869371 -20.574817 -11.156818 -6.260730 -10.801949 -3.669294 -5.240894 -10.022359 -12.644640 -6.542341 -4.755971 
-3.021243 -12.492480 -10.237996 -9.753506 -7.042707 -7.948508 -9.228504 -4.757609 -6.824006 -8.237734 -3.986158 -6.383294 -7.133875 -12.888353 -8.922350 -7.230440 -2.754145 -10.014618 -11.963742 -13.769447 -7.239924 -4.049583 -4.061280 -2.679909 -12.560656 -5.450515 -7.514471 -4.259875 -7.983464 -13.749691 -4.289840 -5.883889 -2.260418 -5.022188 -10.329310 -8.284309 -7.837531 -10.648535 -4.801556 -7.569864 -5.807405 -10.195307 -7.585929 -15.999826 -4.887609 
-4.400756 -13.547885 -10.237996 -9.753506 -7.134299 -8.912627 -15.197551 -5.137540 -8.689423 -11.523456 -10.465558 -6.383294 -7.143230 -9.017853 -8.922350 -13.860153 -15.070076 -10.503299 -5.269096 -2.522041 -7.239924 -4.049583 -4.061280 -2.998393 -11.628189 -0.889630 -8.378953 -9.601890 -2.940265 -10.775209 -4.289840 -4.405346 -2.214642 -8.769780 -10.148119 -4.292872 -7.187664 -11.157714 -13.929277 -7.792868 -9.448326 -11.277921 -11.039165 
-3.810441 -6.766420 -10.315522 -9.716421 -6.308276 -8.912627 -14.829938 -19.258791 -5.896361 -7.919399 -22.297226 -6.383294 -12.098270 -6.288226 -8.922350 -2.043058 -10.909091 -11.305421 -14.354195 -8.011223 -7.304648 -4.049583 -4.061280 -2.998393 -10.017755 -10.241567 -8.378953 -9.601890 -5.815238 -10.895589 -4.289840 -7.296089 -11.118357 -9.511466 -10.148119 -15.013799 -6.281637 -5.518419 -3.835079 -6.231194 -9.891233 -22.834143 -10.781598 -5.960061 -4.163962 -3.689969 -4.178895 -3.745335 -22.886036 -5.682644 -11.935432 -6.605614 -5.027577 -10.294950 -3.899062 -4.804883 -6.879385 -11.025492 -11.396626 -4.632017 -15.711244 -11.470593 -3.077027 -3.079190 -11.292861 -11.840409 -10.246680 
-3.268505 -5.903279 -9.931056 -5.319944 -8.780825 -13.638583 -19.984828 -6.659275 -7.299509 -10.662689 -7.735323 -5.792275 -14.710852 -10.760698 -7.796326 -1.960326 -12.436370 -7.563967 -12.974495 -3.238112 -9.630675 -4.049583 -4.061280 -3.295298 -12.742373 -12.011823 -8.378953 -9.466270 -5.402591 -9.330623 -3.960982 -11.789701 -4.890454 -11.884644 -10.148119 -8.937117 -6.281637 -11.826654 -7.900531 -12.495562 -9.130248 -22.834143 -6.190540 -2.639837 -11.530895 -5.338798 -4.131313 -4.056519 -5.843955 -7.377286 -5.090698 -14.817160 -11.915688 -6.603022 
-4.811223 -9.944790 -9.931056 -5.319944 -11.680251 -8.310911 -21.670893 -7.281053 -5.885836 -7.925150 -6.165341 -5.792275 -3.770514 -10.257151 -7.796326 -8.683265 -6.180958 -4.542339 -2.402294 -2.947728 -8.598761 -4.049583 -4.061280 -2.772802 -12.033217 -9.675277 -8.030062 -10.453376 -6.380780 -7.770624 -4.946905 -11.213841 -22.837542 -12.375395 -10.477700 -7.279109 -6.592040 -3.591229 -6.306850 -9.247699 -10.190561 -4.941924 -1.837964 -3.795492 -3.186317 
-3.221521 -2.741708 -9.012717 -10.451166 -14.207267 -12.593008 -6.859646 -6.902574 -9.541394 -9.188992 -9.392657 -5.636891 -5.298240 -3.067180 -10.467417 -6.908687 -2.744463 -5.177799 -7.757167 -8.097995 -12.898467 -4.049583 -4.061280 -2.542217 -5.220592 -2.965813 -19.520871 -12.060054 -4.605154 -7.770624 -4.946905 -5.501862 -10.569781 -11.475047 -10.270523 -14.971156 -3.399567 
-4.380558 -8.572164 -8.777121 -13.807677 -11.113921 -13.478415 -3.865258 -6.902574 -13.419623 -3.433763 -8.930863 -5.636891 -5.936152 -3.832470 -12.809332 -5.155419 -12.259144 -5.524580 -9.029336 -11.254746 -14.181535 -4.049583 -4.061280 -3.758285 -6.822322 -9.655949 -8.347411 -11.034988 -6.745076 -15.089421 -4.454388 -4.469166 -9.378734 -3.646909 -9.732927 -3.551822 -3.216047 -4.171301 -5.802462 -16.699295 -2.863981 -17.015907 -11.829738 -10.482846 -10.564826 -10.726440 -6.093596 -5.013793 
-14.523203 -5.868172 -8.777121 -6.570944 -11.803046 -11.677730 -5.610012 -6.057991 -10.512357 -3.814260 -8.439195 -5.636891 -6.264484 -6.149696 -14.005705 -7.679304 -12.603743 -6.055971 -12.093683 -11.233390 -14.181535 -4.049583 -4.061280 -9.750365 -11.854624 -12.998695 -6.683848 -11.034988 -7.700956 -8.102232 -4.662841 -7.610286 -5.937284 -8.576742 -8.248098 -4.955980 -10.966488 
-1.567552 -10.379753 -9.384540 -8.875942 -11.369523 -9.118466 -4.961213 -6.057991 -3.755096 -7.590773 -5.041181 -6.335882 -6.264484 -5.602912 -9.775153 -7.679304 -11.863312 -7.138058 -8.523122 -11.589082 -17.975454 -4.049583 -4.061280 -12.153106 -5.266577 -5.053579 -6.765259 -10.687426 -5.884624 -9.699780 -4.662841 -4.557721 -5.230984 -8.977203 -11.648878 -10.030511 -4.093967 
-11.633180 -7.379553 -10.041929 -10.968301 -5.364966 -3.651422 -11.451972 -6.410222 -3.755096 -9.049261 -12.756630 -5.823367 -6.325217 -8.977203 -11.375695 -9.795459 -5.587452 -8.215118 -8.887938 -12.297269 -17.817369 -4.049583 -4.061280 -12.064344 -11.223817 -5.303690 -6.765259 -13.064921 -4.244473 -14.118696 -4.876804 -3.047299 -10.762041 -4.623033 -4.019125 -3.954792 -4.176384 -2.636566 -9.618878 -5.116372 -5.375486 -6.977262 -12.277201 -13.887600 -5.135896 -11.656026 -9.550301 -4.082562 -3.434635 -9.088357 
-11.464953 -6.946587 -11.134156 -10.902507 -5.534527 -2.167527 -9.211970 -6.410222 -3.961726 -9.160267 -10.468798 -5.823367 -10.616777 -8.143652 -8.897033 -11.765825 -7.621114 -9.772980 -8.397896 -11.074643 -16.234186 -4.049583 -4.061280 -13.093525 -9.353684 -6.600208 -6.765259 -4.653033 -10.050784 -2.447849 -4.467084 -6.964709 -8.276640 -11.927138 -4.376456 -11.891283 -11.984314 -3.855483 -9.618878 -3.652808 -11.147365 -5.415806 -2.219605 -11.763141 -6.212993 -2.575883 -9.010940 -14.109287 -5.494839 
-10.822593 -8.551712 -10.317875 -5.218063 -2.901818 -10.143382 -3.282652 -6.410222 -3.961726 -2.050340 -10.895166 -5.823367 -12.112512 -8.143652 -11.274143 -10.406982 -7.257625 -10.814511 -6.262506 -8.343860 -16.234186 -4.049583 -4.061280 -8.621697 -6.077706 -5.620526 -10.573887 -2.576498 -11.094028 -10.821380 -5.835478 -12.528729 -7.238082 -10.134889 -3.682757 -8.163461 -3.569148 -1.730278 -10.188468 -1.886121 -11.503093 -4.733945 -12.661850 -12.270148 -9.685796 -9.218931 -11.196007 -4.221262 -1.867019 -9.267026 -11.724628 -11.701861 -7.861734 -9.077334 -10.515492 -5.548808 -6.464280 -9.020833 -8.895206 -12.874176 
-2.215021 -9.574717 -11.851568 -14.487814 -5.702208 -4.997795 -6.372149 -6.410222 -10.999416 -11.589776 -11.366254 -5.823367 -11.222094 -8.143652 -11.036571 -15.314761 -1.262377 -9.530006 -11.476550 -5.632926 -4.589978 -4.049583 -4.061280 -12.287620 -12.543302 -8.670434 -9.344078 -4.027136 -4.590505 -6.771579 -12.969450 -7.123431 -4.405709 -13.805345 -10.305346 -10.674857 -11.842937 -7.875354 -4.482514 -2.714732 -9.634700 -8.726020 -3.829162 -9.669869 -3.367843 -11.925081 -5.761916 -6.185679 -11.321201 -9.267026 -8.223621 -12.656873 -9.494985 -8.514356 -4.590972 -5.781517 -7.005521 -2.463321 -5.772171 -6.923190 
-2.035658 -10.539132 -9.910237 -21.622377 -4.798991 -10.608459 -6.638012 -7.567822 -9.201910 -7.084581 -21.811156 -6.756783 -11.563298 -8.604026 -8.386138 -11.192993 -2.566781 -10.852476 -5.000427 -8.700266 -12.489544 -4.049583 -4.061280 -4.951873 -11.556968 -11.676481 -10.983428 -3.500022 -9.110097 -6.771579 -13.475801 -3.558060 -14.107270 -9.233801 -12.805092 -10.010855 -3.759313 -9.524150 -11.827845 -3.132116 -6.073333 -2.593638 -14.634650 -9.537797 -11.439182 -11.925081 -4.465889 -11.097867 -5.836411 -3.229650 -13.244888 -8.011510 -7.859534 -10.937203 -3.309197 
-6.610383 -13.167544 -10.611083 -11.328578 -4.167658 -11.178723 -1.465713 -6.651061 -6.047824 -12.149544 -2.810246 -6.756783 -10.556380 -8.604026 -9.344003 -9.729992 -10.040759 -9.736134 -5.208727 -8.700266 -3.344636 -4.049583 -4.061280 -4.902466 -4.477952 -5.649049 -8.200173 -3.500022 -4.613375 -7.053984 -11.052622 -9.402871 -11.708670 -13.796840 -4.322115 -8.206481 -4.984941 -10.176590 -10.920644 -9.634038 -7.839794 -15.650612 -8.478351 -6.548752 -6.525216 
-9.681717 -10.624703 -10.364376 -7.923146 -11.938259 -12.282788 -9.618506 -10.717156 -9.439171 -12.309801 -2.352952 -5.129208 -10.641177 -10.358402 -9.344003 -22.874545 -9.832690 -9.430486 -4.868172 -3.553356 -3.443383 -4.049583 -4.061280 -7.337581 -15.258345 -5.859161 -8.534620 -3.874902 -3.737873 -7.179003 -11.423905 -8.984464 -11.708670 -4.985388 -8.482947 -7.780507 -9.269233 -10.014417 -9.019558 -9.082765 -21.895011 -13.246226 -8.986485 -5.902574 -12.070841 -5.997958 -8.824315 -8.380066 -12.506169 -12.142788 -5.363185 -2.656900 -3.744295 -11.537915 -11.030833 -2.687795 
-4.132197 -12.840323 -9.662265 -10.247749 -2.210049 -2.388458 -9.769218 -12.684055 -4.866806 -10.322059 -12.642598 -5.644124 -12.130216 -7.431729 -7.594175 -10.511796 -9.364088 -8.518841 -4.617829 -4.541350 -2.368586 -4.049583 -4.061280 -5.603497 -13.049678 -7.189281 -7.384550 -14.430585 -2.404029 -1.686620 -12.396344 -8.984464 -6.405243 -4.436991 -8.682820 -11.455354 -5.646050 -11.778457 -6.346853 -8.321420 -12.014942 -9.361367 -11.558104 -5.827149 -12.371090 -5.363185 -10.875133 -4.905923 -6.050099 -12.188394 -22.436709 
-8.280640 -10.401831 -10.441518 -5.432736 -3.805713 -4.539689 -3.616877 -10.330664 -10.731246 -21.634503 -9.400416 -6.621110 -11.776507 -6.906262 -7.013130 -3.707453 -5.375768 -15.367725 -5.553597 -8.421276 -12.767492 -4.049583 -4.061280 -12.469763 -10.310525 -15.851038 -10.480364 -14.430585 -3.383128 -3.175640 -7.851681 -8.984464 -5.813965 -5.807152 -4.198940 -12.979385 -4.805673 -9.017055 -9.304379 -9.134289 -13.005804 -9.361367 -11.526320 -7.305297 -20.936227 -4.721215 -13.477509 -14.742492 -11.108614 -6.787985 -4.565446 
-8.577590 -5.671881 -10.441518 -5.889899 -3.805713 -0.737486 -9.672792 -8.274665 -11.054905 -10.077695 -8.459155 -6.111705 -14.579514 -11.523737 -7.992871 -3.707453 -7.170977 -7.088039 -8.656176 -13.180658 -11.571143 -4.049583 -4.061280 -12.238163 -11.467225 -15.115951 -5.726840 -4.410033 -3.278085 -2.953519 -9.261136 -8.984464 -5.035478 -4.235460 -4.817957 -10.520407 -2.183033 -8.959709 -12.272128 -9.134289 -7.226733 -9.361367 -9.088993 -6.146659 -11.134418 -9.219925 -9.091174 -12.311694 -10.853360 -13.260556 -12.215709 
-11.116843 -6.142407 -10.441518 -4.538764 -3.805713 -4.716965 -8.681606 -4.585145 -10.466253 -8.407366 -12.501903 -6.111705 -14.425918 -9.452067 -7.992871 -12.394631 -6.066986 -7.435392 -9.137387 -1.844477 -4.195694 -4.049583 -4.061280 -12.358157 -5.994201 -15.115951 -14.403802 -4.904781 -14.867673 -1.724225 -9.762451 -7.989695 -13.111587 -4.178412 -6.760593 -11.474764 -6.971303 -4.767505 -8.842432 -9.134289 -4.362145 -9.361367 -3.885867 -8.167625 -11.134418 -4.584051 -3.475208 -12.205821 -6.990380 -14.632927 -4.256064 -4.429329 
-5.958480 -10.204741 -10.441518 -3.999159 -3.805713 -13.484010 -4.766998 -10.778579 -10.897515 -10.891591 -7.034490 -6.727527 -5.853615 -5.304701 -8.222950 -14.597973 -6.874887 -6.751816 -8.187579 -12.260507 -12.517416 -4.049583 -4.061280 -11.537458 -2.278206 -3.624592 -2.118282 -8.678887 -8.738006 -10.803152 -10.812169 -8.416333 -12.472356 -3.946486 -7.274217 -14.879434 -12.237444 -6.115970 -5.770048 -6.196951 -7.436464 -9.361367 -9.639134 -8.371517 -11.241820 -5.244350 -3.880981 -3.718310 -8.178610 -7.181009 -12.107451 -8.385236 -3.328243 -6.544010 
-4.886324 -11.863411 -10.441518 -2.567188 -3.976801 -19.107516 -4.766998 -6.748912 -10.897515 -5.762234 -7.435670 -2.748421 -14.742391 -13.183006 -11.370635 -7.469699 -5.544380 -6.751816 -12.451508 -5.121096 -10.065795 -4.049583 -4.061280 -11.990309 -6.352109 -11.710948 -7.197091 -9.376048 -8.738006 -10.576370 -9.737764 -8.655892 -12.701670 -1.900355 -4.608007 -7.069436 -4.866954 -12.451291 -5.770048 -5.829688 -7.436464 -9.503453 -9.423466 -21.841500 -5.099290 -5.444527 -10.668813 -6.297740 -11.724303 -7.181009 -13.833750 -9.883130 -5.332504 -4.803367 -7.375485 -7.914833 -8.075723 -5.320177 -5.260992 -5.513386 -2.152066 -10.151981 
-4.058147 -5.643263 -10.063533 -2.085631 -3.976801 -11.995093 -4.766998 -4.177876 -12.009720 -6.567061 -3.716021 -13.847470 -9.491973 -12.639175 -11.430117 -14.333822 -9.652882 -6.885870 -3.953586 -6.198634 -5.112838 -4.049583 -4.061280 -12.672025 -14.861871 -8.886171 -3.599250 -12.773782 -8.738006 -9.567695 -10.415133 -8.998501 -14.380650 -7.586445 -22.408500 -5.598594 -4.802359 -6.668522 -5.690487 -4.338991 -7.436464 -9.577830 -7.140975 -6.149139 -9.825968 -5.444527 -5.239266 -6.204720 -12.363653 -6.748897 -12.350558 -11.817155 -3.944530 -6.123129 -5.568004 -5.365507 -5.422151 -21.004112 -12.610272 -15.394361 -11.901545 -8.755741 
-13.576561 -4.123938 -10.063533 -7.060219 -3.741804 -7.799321 -2.284979 -5.665529 -10.491262 -6.204720 -3.527872 -14.172640 -10.161564 -11.617963 -1.710331 -9.577830 -4.209220 -7.111254 -10.868294 -9.177453 -5.146746 -4.049583 -4.061280 -11.383328 -11.470498 -10.158594 -7.230170 -5.239574 -9.313650 -8.924317 -22.327257 -9.203342 -14.909955 -9.675928 -20.814596 -4.115813 -2.514819 -5.944057 -5.690487 -7.348162 -7.436464 -12.114619 
-7.625250 -5.499903 -9.389644 -6.105577 -3.678674 -6.732904 -12.529153 -7.323122 -3.516191 -11.722258 -9.522357 -6.584888 -5.601892 -10.868972 -10.996684 -5.881337 -4.798266 -7.111254 -4.431089 -20.963747 -4.234049 -4.049583 -4.061280 -10.898060 -5.809116 -11.119274 -6.330388 -2.810492 -8.099321 -10.424813 -10.556818 -5.519053 -4.336513 -10.058660 -1.895243 -15.114631 -7.379944 -7.735050 -7.746410 -6.960257 -6.128764 -3.001280 -4.936777 -11.604935 -3.620522 -5.959081 -5.297260 
-5.714070 -6.206645 -8.955044 -10.232628 -4.263878 -10.326877 -8.798661 -8.431504 -4.270837 -7.159863 -9.522357 -12.124305 -9.177400 -5.403163 -5.545542 -1.870969 -6.909783 -7.531548 -8.777197 -13.938253 -2.704094 -4.049583 -4.061280 -10.119002 -8.619099 -11.119274 -9.863346 -8.515352 -8.952972 -7.871797 -22.668311 -10.188886 -5.882403 -9.551930 -5.482250 -3.899166 -20.109768 -12.148942 -6.485753 -10.671086 
-7.505616 -6.846567 -9.096884 -13.123727 -4.263878 -8.276498 -6.625211 -3.878561 -10.009227 -10.165286 -7.283255 -9.270415 -9.177400 -3.979676 -5.535200 -2.353944 -13.177930 -9.439625 -8.957081 -6.343938 -6.051005 -4.049583 -4.061280 -10.999264 -10.834586 -12.010443 -10.819775 -8.676209 -9.454262 -4.223288 -8.763460 -9.273159 -4.026890 -9.518527 -6.099705 -7.354879 -9.462173 -10.240379 
-6.961956 -6.003207 -8.941991 -13.123727 -4.263878 -7.563668 -14.209937 -5.429059 -10.964135 -6.801841 -9.081976 -6.160021 -5.244916 -4.052520 -5.911830 -10.643850 -10.315150 -10.035071 -8.957081 -8.857921 -6.507774 -4.049583 -4.061280 -11.012036 -9.272076 -11.306208 -5.736534 -5.777822 -11.701988 -11.523635 -5.650667 -11.416897 -6.543428 -5.610203 -10.086217 -3.990809 -8.723313 -9.278788 -4.860394 -13.323931 -5.939292 -10.123826 -4.739209 -7.175997 -4.273136 -8.690042 -11.442122 -1.054204 
-12.015603 -6.824625 -8.939688 -12.717951 -4.346777 -8.577789 -9.905427 -9.781656 -10.588078 -5.244683 -10.039798 -6.754410 -5.437803 -5.978718 -4.846547 -6.474694 -7.024127 -7.356663 -9.065993 -8.857921 -6.371983 -4.049583 -4.061280 -11.213430 -8.338481 -11.306208 -6.826018 -6.724264 -6.346304 -9.005882 -9.257934 -6.181695 -12.169917 -4.283655 -10.674373 -10.695364 -8.030325 -9.848453 -11.462773 -11.436033 
-9.087084 -6.878306 -8.939688 -10.098055 -3.840234 -9.997197 -9.690473 -7.932592 -6.869611 -10.941833 -11.560658 -9.095676 -6.099546 -7.675903 -4.773108 -21.901783 -7.179809 -2.482080 -9.065993 -8.381024 -5.295152 -4.049583 -4.061280 -12.247686 -3.160513 -11.627601 -4.625772 -6.025023 -12.869704 -7.848897 -13.003308 -7.989427 -9.203570 -8.186757 
-9.988716 -6.878306 -9.041406 -10.269862 -3.670619 -4.969412 -9.104054 -4.864464 -7.012437 -2.446708 -8.351951 -10.614011 -7.266531 -2.394182 -3.189615 -22.828451 -7.063797 -11.118150 -8.692123 -8.229871 -7.741492 -4.049583 -4.061280 -9.844044 -5.929116 -4.912473 -5.287470 -13.561356 -2.651367 -1.512350 -3.901750 -7.494621 -6.187244 -5.438990 
-9.988716 -6.878306 -9.370416 -10.245906 -4.423684 -8.610070 -5.674367 -6.499968 -11.877063 -4.269979 -15.503937 -10.385439 -6.930883 -3.208852 -10.835593 -21.029664 -2.941399 -11.410291 -8.692123 -9.577843 -4.210237 -4.049583 -4.061280 -6.634937 -6.196476 -11.034145 -9.767985 -11.995859 -5.619539 -15.633435 -10.500807 -7.610094 -8.404010 -6.534666 -7.820768 
-4.387696 -6.878306 -9.123662 -11.752700 -8.751854 -8.041939 -6.881605 -11.000968 -10.585225 -6.542376 -4.681859 -11.858818 -7.811860 -2.921938 -4.009089 -16.153060 -7.783195 -6.148362 -8.692123 -7.929047 -8.770418 -4.049583 -4.061280 -9.363607 -4.719041 -8.986694 -7.330727 -4.492277 -5.248822 -11.836279 -9.927611 -5.919657 -7.185969 -12.534295 -9.513353 -4.009299 -5.256400 -2.714201 -6.617246 -5.967012 -9.411776 -7.409235 -11.872881 -3.623883 -7.811657 -4.745277 -7.119560 -3.365509 
-9.757132 -6.878306 -9.123662 -12.058328 -7.153081 -4.935134 -5.872245 -13.759500 -10.423024 -6.542376 -7.296922 -11.408210 -11.532007 -14.837584 -8.695169 -16.153060 -9.034423 -5.041451 -8.692123 -9.564403 -10.193621 -4.049583 -4.061280 -7.491818 -11.187819 -9.638728 -1.675288 -3.977976 -11.316973 -10.938653 -9.927611 -4.896866 -7.485746 -1.613905 -4.973175 -8.752130 -6.283585 -9.925912 -3.587937 -9.017110 -4.330616 -8.964393 -1.927912 -3.503979 -4.176352 -10.720675 -8.780369 -12.607552 -15.116653 
-4.330991 -6.275993 -9.123662 -18.621217 -4.872551 -6.927427 -6.375344 -14.410000 -8.589498 -11.027567 -10.957001 -12.243247 -5.291851 -7.731681 -4.352282 -4.348753 -7.282503 -4.768144 -8.692123 -9.564403 -8.302110 -4.049583 -4.061280 -10.513906 -11.209005 -4.511249 -5.673764 -14.696800 -12.115814 -6.055177 -9.927611 -10.533961 -6.394975 -2.295872 -5.304949 -11.841881 
-12.317085 -6.275993 -9.123662 -18.467132 -14.037020 -11.562911 -2.079433 -5.309095 -8.340212 -10.531241 -6.573667 -1.140908 -12.997256 -7.093510 -4.313864 -7.847622 -8.860229 -8.302554 -7.952980 -9.628508 -11.763576 -4.049583 -4.061280 -13.940619 -10.497827 -11.254296 -7.620374 -8.923090 -8.056724 -5.068899 -9.409734 -10.533961 -6.133188 -13.510284 -15.302495 -8.796459 -6.439681 -5.674455 -3.782260 -3.527071 -14.006198 -6.804829 -12.677462 
-12.455395 -6.647406 -9.438614 -19.498935 -13.600547 -8.682249 -10.335100 -8.786316 -13.418315 -6.252067 -8.643407 -11.248985 -10.246076 -7.904727 -4.313864 -4.498570 -6.296300 -7.873094 -8.387625 -9.444019 -4.891531 -4.049583 -4.061280 -14.308815 -9.974335 -3.894465 -5.164821 -5.403818 -10.861219 -4.498041 -5.686701 -9.768917 -8.240157 -6.672351 -11.718291 -10.670498 -12.895892 -10.385648 -11.799260 -4.480775 -12.222859 -2.837664 -5.127841 -13.597639 
-11.823235 -6.647406 -10.040033 -5.916016 -12.945078 -11.555192 -9.649395 -9.736944 -4.206207 -8.088050 -9.022943 -5.843026 -11.009127 -9.115309 -4.325564 -10.861149 -5.896759 -4.323819 -5.557847 -9.198639 -4.891531 -4.049583 -4.498613 -12.949055 -11.914305 -1.920613 -4.564524 -5.823610 -8.952855 -4.895309 -9.053902 -9.907976 -16.694684 -6.680375 -12.419871 -7.248530 -5.876851 -7.720467 -8.960930 -6.909700 -10.844955 -10.204354 -6.067272 -5.413893 -7.169277 
-5.634459 -6.647406 -10.040033 -6.573303 -4.763385 -9.439882 -11.403985 -8.960258 -5.154386 -5.475914 -8.050077 -8.471852 -12.272374 -10.596990 -3.743658 -11.192332 -5.491156 -4.000754 -10.928889 -10.789035 -3.018672 -4.049583 -4.498613 -12.235636 -8.396325 -13.028547 -5.800568 -6.898957 -8.553278 -9.870643 -9.710290 -9.655357 -16.694684 -4.169996 -10.137901 -9.003170 -9.715201 -9.413635 -5.507143 -3.032263 -4.924553 -19.398795 -4.112091 -9.390166 -6.010951 -10.325112 -2.680728 -8.085996 -6.914705 -7.385552 -6.387745 -9.827448 -9.696011 -13.097113 -3.835333 -5.675573 -19.404520 -7.100916 
-8.911373 -6.375188 -5.082724 -7.455672 -9.690275 -6.585081 -11.161527 -8.670628 -4.686493 -4.304616 -8.079872 -6.505786 -11.328982 -10.596990 -3.743658 -10.539596 -12.947922 -12.774504 -7.421303 -6.089431 -8.047894 -4.049583 -4.498613 -10.525201 -9.170855 -15.003749 -5.361166 -5.816759 -7.914563 -7.048533 -4.931119 -11.520857 -16.694684 -14.587622 -5.878581 -5.687323 -13.576985 -7.518756 -9.844360 -2.894888 -10.127876 -4.992971 -4.334086 -5.627282 -9.525243 -7.157929 -4.639492 -11.717256 -11.420840 -2.434838 -6.138849 -3.744929 -11.590372 -4.953491 -18.189497 -5.549428 
-10.418497 -7.074028 -5.106417 -7.455672 -18.052285 -11.227626 -10.911249 -9.158490 -7.514730 -5.038406 -8.715082 -6.348480 -3.049435 -10.596990 -5.344625 -22.877945 -8.905793 -4.026396 -9.518548 -6.219531 -2.785207 -4.049583 -4.498613 -6.940449 -22.562569 -8.151414 -3.744929 -5.230944 -7.125442 -7.447738 -4.271061 -10.676279 -13.545803 -11.660532 -8.693761 -5.517974 -7.661183 -14.963496 -8.314232 -10.003571 -8.806306 -6.516240 -11.316400 -5.557796 -5.196447 -12.982699 -7.658660 -9.593973 -6.342927 -9.278623 -9.828704 
-9.788303 -6.730806 -5.939564 -7.709168 -10.804695 -9.393655 -3.615722 -9.755860 -9.541475 -9.597759 -7.961876 -4.001743 -20.159731 -10.596990 -11.064671 -4.289556 -8.275340 -4.026396 -9.296840 -3.229497 -1.068418 -4.049583 -4.498613 -7.931033 -7.369756 -9.166473 -2.977829 -12.218728 -2.278392 -5.680739 -3.484057 -2.968080 -14.563305 -6.843332 -9.085558 -9.593973 -13.015119 -5.741008 -6.801078 -6.076801 -8.620858 -4.899190 -12.003370 -4.333139 -12.549970 -7.837938 -8.170686 -2.586899 -10.221858 -6.902803 -12.859354 
-11.798257 -6.733869 -13.337051 -6.205615 -10.956721 -9.393655 -10.251840 -7.887719 -7.939269 -10.922922 -8.327839 -3.050933 -13.698640 -9.010374 -12.172814 -8.726836 -6.087717 -4.689465 -7.553661 -5.000649 -12.442392 -4.049583 -4.498613 -16.537313 -1.938326 -5.858792 -2.977829 -2.969513 -8.969035 -11.936918 -8.433207 -3.886533 -14.563305 -3.252341 -11.521796 -8.790195 -9.977123 -5.508412 -6.340349 -11.380068 -7.450116 -10.749817 -9.069771 -6.667437 
-7.080756 -6.733869 -4.891611 -6.537123 -13.328045 -9.393655 -5.743709 -9.245519 -7.740832 -11.405384 -8.006114 -4.242732 -10.319105 -9.167255 -7.821206 -7.533790 -8.400363 -6.318303 -8.157691 -7.151453 -12.554170 -4.049583 -4.498613 -7.682357 -3.945463 -14.720948 -3.289331 -4.127941 -8.340394 -12.230885 -14.390167 -7.251979 -14.687492 -10.415751 -7.450116 -8.790195 -3.969468 -1.541973 -9.655244 -12.018369 -7.323654 -5.148738 -6.246908 -3.731287 -10.974602 -14.560222 -4.917444 
-13.632940 -14.062389 -10.869181 -6.899299 -9.981416 -9.393655 -4.110711 -3.181669 -7.569570 -8.446665 -8.006114 -5.667219 -8.790195 -9.167255 -7.003538 -6.582122 -5.951789 -6.318303 -8.356794 -7.450116 -10.905461 -4.049583 -4.498613 -6.930913 -4.615060 -14.043798 -9.480876 -3.944134 -9.352861 -11.322147 -4.692114 -6.965464 -15.731947 -11.264177 -8.580935 -9.246199 
-9.679703 -13.154559 -12.365873 -6.427809 -9.009683 -9.393655 -7.720445 -14.250042 -6.694951 -6.305433 -8.673366 -20.995260 -9.413117 -9.351845 -7.457638 -7.043139 -8.715017 -9.640375 -11.245788 -8.970255 -8.191642 -4.049583 -4.498613 -9.345280 -6.249342 -12.253604 -6.238204 -4.361908 -10.689051 -11.098848 -7.934074 -6.965464 -11.961720 -3.055081 -10.100118 -14.584626 -8.805995 
-5.818746 -5.834505 -6.572850 -5.846499 -12.072003 -5.686582 -10.352279 -7.847225 -11.077019 -5.364044 -8.673366 -20.617517 -8.684945 -9.351845 -8.389378 -8.790030 -8.715017 -8.072487 -5.950664 -7.129166 -14.387834 -4.049583 -4.498613 -11.005642 -2.459436 -8.789728 -6.160305 -4.361908 -8.706913 -11.636254 -4.565345 -6.898886 -8.544469 -8.080862 -8.998649 -2.614506 -10.323243 -7.547155 -8.361133 -13.960605 -15.037603 -2.873910 -6.479473 -7.954382 -9.406844 -14.774897 -13.242382 -13.293288 -7.472561 -8.599041 -2.589540 -13.531152 -5.678345 -5.361310 -11.411669 
-6.392873 -6.479403 -22.734024 -5.931011 -10.738698 -4.330221 -10.444759 -9.406844 -5.077433 -8.474876 -8.673366 -20.174918 -10.024820 -9.351845 -8.377189 -9.461138 -8.715017 -6.207992 -3.248301 -12.773196 -8.658677 -4.049583 -4.498613 -11.194271 -2.623842 -8.584647 -5.409619 -3.975626 -11.371702 -4.906964 -4.211898 -6.898886 -13.218766 -15.364781 -14.027960 -6.016800 -8.755656 
-22.745522 -5.723319 -10.634827 -2.190015 -9.896488 -4.271123 -9.341749 -6.241415 -8.000418 -8.172072 -8.673366 -16.747829 -3.452044 -9.351845 -6.771982 -8.375629 -8.230145 -3.704417 -7.098958 -6.244623 -7.242670 -4.049583 -4.498613 -13.981593 -3.187242 -5.329931 -9.268752 -3.975626 -6.576537 -21.650556 -3.680606 -7.215502 -3.359489 -4.923114 -8.944831 -13.167997 -5.173413 -8.156033 -6.304441 -9.535980 -2.353477 -11.349203 -4.745174 -14.842396 -1.282686 -9.232910 -7.534748 -8.355577 -6.060903 -9.879040 -3.695183 -10.406623 -8.321586 -4.975877 
-8.816088 -5.723319 -5.352401 -3.510224 -10.474239 -13.827355 -4.115477 -6.369427 -7.711907 -11.245718 -8.187580 -17.728354 -3.874912 -9.351845 -8.245208 -9.764411 -9.025777 -4.298101 -8.767675 -13.960471 -9.687631 -4.049583 -4.498613 -11.462969 -7.112931 -6.562514 -12.573617 -4.602742 -7.684041 -13.561645 -4.640709 -12.705089 -4.687748 -4.087391 -8.712370 -8.542594 -9.600386 -11.864277 -7.534748 -1.282686 -22.407093 -8.859756 -4.814435 -9.045848 -7.781839 -13.306703 -6.896650 -7.224043 -4.738539 
-3.911322 -7.144676 -14.484049 -3.472094 -5.116651 -9.687356 -7.963330 -7.870853 -11.120657 -11.419330 -8.187580 -16.316358 -5.092286 -10.027882 -7.950251 -7.392271 -9.025777 -12.307580 -9.254490 -9.543647 -12.827421 -4.049583 -4.498613 -10.136899 -6.647552 -6.948408 -4.441824 -4.602742 -11.742693 -8.962467 -4.935847 -13.606943 -9.527166 -9.351934 -5.732842 -8.710502 -11.400347 -14.930049 -5.560177 -1.282686 -11.758895 -14.605229 -6.783391 -10.142795 -5.310016 -5.589208 -8.912264 -9.006514 -13.999418 -12.943879 -12.356073 -5.105152 
-4.838582 -7.144676 -7.885207 -6.519909 -4.040939 -7.171965 -4.461897 -8.863461 -12.780782 -10.185968 -8.187580 -6.222951 -4.638917 -5.603584 -6.425964 -11.503715 -9.529452 -9.558245 -12.395393 -12.773691 -9.233504 -4.049583 -4.498613 -9.692537 -10.324324 -7.132908 -4.543160 -4.602742 -12.092526 -14.401155 -4.601818 -9.078255 -7.155590 -2.005415 -8.482190 -8.250381 -4.445308 -7.803720 -8.877129 -15.984270 -4.522547 -5.336061 -8.827092 -10.468732 -7.039321 -9.240816 -6.882089 -14.560074 
-4.593989 -7.421022 -6.667720 -3.345990 -2.479196 -5.139019 -10.821035 -8.034965 -6.503048 -5.841425 -8.474453 -9.133227 -10.648356 -8.628852 -5.083393 -10.622286 -4.550082 -21.661105 -11.626123 -11.630884 -5.124029 -4.049583 -4.498613 -5.607893 -10.324324 -7.132908 -3.696827 -3.732754 -7.992730 -4.443543 -7.066674 -7.543660 -4.894755 -5.612345 -9.785120 -8.270013 -8.461301 -9.608571 -11.196211 -15.415273 -10.264759 -6.666387 -12.327817 -12.291058 -10.115211 -10.183765 -11.617951 -6.138515 
-14.027657 -14.330960 -7.428417 -9.547185 -1.670537 -10.254995 -5.195086 -8.139024 -4.539232 -7.719517 -8.474453 -8.162963 -14.050333 -2.925252 -7.196026 -11.366691 -5.782604 -11.314633 -8.409275 -11.146909 -11.226611 -4.049583 -4.498613 -10.975905 -5.431460 -7.132908 -16.636927 -3.732754 -12.421393 -8.814820 -8.036369 -5.578564 -5.896580 -12.719878 -11.642465 -8.649435 -4.316323 -20.653445 -3.574672 -2.875368 -7.210877 -3.881221 -2.371521 
-9.513322 -8.360363 -7.428417 -9.575977 -1.670537 -10.892948 -9.694436 -8.278249 -14.120499 -8.506399 -8.474453 -9.019684 -8.142684 -3.485542 -3.686616 -11.891169 -5.068334 -5.083711 -8.366208 -8.272318 -8.400126 -4.049583 -4.498613 -6.532991 -9.506565 -7.132908 -6.453478 -3.929165 -11.528158 -12.925240 -10.146193 -9.832366 -12.843962 -12.345939 -11.656311 -7.854700 -3.889604 -7.500730 -14.286928 -5.205647 -5.794047 -3.701653 -12.676248 -10.104003 -0.791840 -1.001207 -1.867020 
-7.058030 -8.360363 -5.086958 -10.324658 -1.914689 -8.019362 -11.002978 -8.261180 -7.064779 -7.758350 -7.441117 -9.019684 -14.716383 -3.010667 -4.462983 -6.962274 -9.981520 -10.551571 -7.405764 -5.395909 -10.984267 -4.049583 -4.498613 -7.867162 -12.250949 -7.132908 -4.644738 -4.602206 -11.162177 -9.007612 -7.011290 -6.820669 -15.229699 -5.641371 -10.318010 -11.069345 -2.305421 -10.925084 -11.893450 -5.810295 -12.063056 -3.992706 -5.558197 -3.073870 -8.279834 -2.887816 -10.900596 -6.332773 -13.233858 -4.633422 -4.839402 -12.256336 -4.690194 -10.711210 
-6.909882 -8.360363 -5.030153 -13.533549 -1.914689 -14.985529 -10.826041 -8.261180 -6.819431 -4.800097 -7.441117 -8.650606 -3.334040 -14.461617 -7.429948 -5.244101 -9.177433 -10.334974 -8.305659 -4.730984 -13.061634 -4.049583 -4.498613 -9.346709 -8.792020 -7.132908 -4.420721 -3.770163 -11.660990 -10.670762 -5.367438 -6.820669 -13.649630 -13.724357 -11.364359 -11.343330 -10.669178 -11.474085 -4.616548 -18.110123 -10.874267 -2.943948 -11.210802 -12.499815 -11.109954 -3.991310 -5.611537 -2.393297 -10.524609 -11.099848 -3.670210 -4.582644 -6.255617 -14.759701 -14.026969 -6.413021 -11.931423 -5.588590 -5.767667 -3.311280 -4.961750 
-11.139290 -8.903513 -10.270995 -11.353020 -11.282844 -15.188849 -10.826041 -4.757976 -2.471503 -5.286652 -7.406388 -8.871219 -9.656066 -3.743195 -4.771862 -2.178503 -7.234200 -7.249345 -5.449956 -8.749347 -7.873985 -4.049583 -4.498613 -10.530960 -8.646951 -6.593721 -14.695957 -3.910741 -11.660990 -13.376527 -3.829513 -6.820669 -8.870399 -9.169338 -8.596363 -11.074872 -10.648800 -10.287969 -6.045450 -13.163727 -3.427562 -7.970755 -1.527523 -3.596632 -6.190150 -10.347138 -8.415919 -7.156748 -4.252473 -7.309608 -22.952972 
-13.018456 -8.903513 -10.229756 -6.769024 -11.823438 -5.157127 -7.281345 -10.374371 -2.489194 -13.990905 -8.797077 -8.871219 -11.133004 -8.383532 -4.218463 -2.629617 -7.030848 -14.783112 -8.318675 -10.578434 -7.632122 -4.049583 -4.498613 -9.784381 -3.775774 -6.593721 -7.684747 -3.995323 -11.549641 -5.954638 -3.921323 -6.515261 -9.649055 -8.950235 -5.463465 -8.514143 -9.645921 -14.897591 -4.510675 -5.810718 -9.769190 -14.857291 -12.253586 -10.826143 
-8.635317 -7.340219 -10.422751 -9.284842 -7.517594 -6.340163 -8.020725 -9.228885 -3.455291 -11.702115 -2.761038 -12.298900 -9.615304 -12.499661 -4.811811 -2.629617 -8.756048 -12.038768 -8.133690 -5.572667 -6.219440 -4.049583 -4.498613 -8.186657 -6.439506 -6.479134 -11.381897 -3.995323 -11.647445 -6.905508 -4.820179 -5.888023 -11.237348 -5.430949 -11.888128 -5.212125 -8.658275 -6.086113 -4.892925 -5.926123 -9.265484 -7.710658 -11.073854 -5.825333 -6.385066 -4.284932 -4.488531 -13.778820 -13.317310 -10.560881 -7.866128 
-8.635317 -5.611031 -10.422751 -10.212475 -9.183963 -14.137038 -3.529709 -6.891403 -5.180353 -5.952176 -7.024701 -7.306094 -10.589344 -7.011127 -8.710291 -12.493165 -8.756048 -11.794454 -8.524553 -6.258866 -9.017672 -4.049583 -4.498613 -8.355063 -6.188316 -9.384652 -8.283817 -4.019739 -10.304239 -6.905508 -8.345247 -12.196808 -3.673186 -14.283682 -11.024355 -7.970286 -14.044174 -7.496638 -5.048882 -4.150042 -10.903837 -10.669890 -8.847461 -3.538682 -7.121473 -10.346609 
-8.635317 -8.644991 -8.883824 -10.212475 -5.315282 -8.647106 -1.848163 -9.280726 -21.588654 -2.824949 -10.339245 -3.694517 -5.903613 -6.995990 -9.689949 -11.269602 -8.562858 -2.485836 -6.525251 -3.326092 -7.672952 -4.049583 -4.498613 -11.384414 -5.126941 -1.215325 -5.746596 -3.021589 -4.448145 -11.747451 -9.838032 -12.196808 -2.268706 -16.885874 -11.044119 -14.837617 -11.424703 -6.318315 -4.890105 -4.150042 -12.489246 -7.640619 -5.231782 -6.525111 -12.444000 -6.061952 -4.069232 -6.314747 -10.279100 -7.980067 
-8.885892 -7.043182 -8.511920 -8.887397 -3.751138 -10.982002 -15.238297 -10.956438 -6.439167 -3.963192 -3.937225 -6.380149 -9.210137 -7.309034 -9.689949 -11.306308 -8.562858 -5.404981 -8.494613 -3.931072 -6.995226 -4.049583 -4.498613 -6.397714 -7.934320 -2.995799 -8.969212 -12.674481 -4.342350 -14.054590 -10.163764 -13.591062 -4.430846 -15.784828 -11.410215 -6.456845 -5.468941 -5.167690 -5.255131 -6.923821 -6.734806 -7.721492 -4.292676 -14.076092 -1.368908 -8.442734 -11.978935 -3.933072 -4.937013 -8.985864 -11.288282 -4.101766 -11.243039 -2.845077 -6.704599 -1.160043 
-9.596496 -3.843182 -8.215035 -9.426405 -13.755612 -6.112427 -5.987845 -3.829845 -11.175651 -5.090837 -11.387498 -6.380149 -4.140658 -7.309034 -5.375255 -5.577900 -8.562858 -1.307952 -8.238222 -4.577052 -6.943248 -4.049583 -4.498613 -6.817858 -8.635430 -10.971713 -5.150774 -6.296133 -12.712855 -5.571333 -10.409968 -5.501997 -4.940564 -16.520725 -10.063888 -5.464117 -10.388832 -12.598860 -7.567765 -6.957064 -4.773052 -8.359605 -4.097971 -7.115081 -5.779322 -4.700025 -9.750313 
-9.293812 -2.306518 -6.807332 -9.426405 -4.951668 -10.703426 -11.817301 -11.074973 -11.726762 -4.097971 -13.433058 -6.515118 -5.593628 -7.661675 -10.733410 -11.841405 -8.792487 -4.381709 -2.751758 -3.980584 -12.798532 -4.049583 -4.498613 -5.679464 -6.313158 -5.442135 -8.345820 -10.573056 -7.788801 -4.179139 -10.885851 -4.566703 -9.343398 -16.520725 -5.309764 -1.630043 -10.388832 -3.783310 -11.566052 -6.678594 -15.031591 -11.737495 -4.787637 -8.263643 -12.830093 -8.046615 -17.978195 -17.812024 -8.457069 -6.735179 -12.613273 -8.759265 -14.731258 -9.643979 -5.280509 -12.123156 
-8.172328 -7.977214 -3.249235 -10.707613 -5.254334 -1.267817 -8.165568 -2.721725 -11.726762 -3.603160 -11.039786 -6.016985 -10.163671 -8.862203 -9.265183 -11.841405 -6.842334 -15.163146 -9.542886 -10.552707 -11.698984 -4.049583 -4.498613 -5.338085 -10.154363 -4.847471 -4.064808 -7.773939 -8.767379 -3.095965 -7.171747 -5.185796 -8.983344 -9.698121 -8.893733 -10.134674 -10.734239 -4.685951 -8.274325 -6.678594 -11.561256 -9.943570 -1.836511 -3.173388 -19.394075 -14.887521 -7.812317 
-5.508701 -4.601694 -14.363415 -9.638894 -10.692513 -2.512495 -5.649992 -1.870555 -10.875046 -11.762085 -11.310761 -6.016985 -12.506589 -7.973868 -6.711889 -6.414553 -19.264005 -12.467110 -6.851818 -9.549122 -11.850236 -4.049583 -4.498613 -9.297203 -1.530724 -7.038774 -3.787481 -9.007811 -9.399193 -13.152413 -7.171747 -5.399304 -6.984954 -7.306960 -7.111105 -6.678594 -8.482567 -10.070216 -6.917853 -3.820804 -9.775509 -7.812286 -10.596525 -7.238123 -5.372489 -8.636643 -3.184936 -10.240731 -4.410427 -7.284746 -22.533580 -3.323046 -9.429781 -12.690192 -5.661219 -20.186397 -8.822730 -5.683518 
-11.959625 -6.948945 -8.584674 -9.638894 -3.606407 -2.495003 -19.579421 -1.870555 -10.830016 -9.907705 -4.313197 -6.454672 -6.587029 -5.817684 -7.656828 -8.267660 -5.829628 -8.128752 -8.668856 -13.151699 -12.985007 -4.049583 -4.498613 -8.087545 -2.430641 -12.222743 -3.787481 -14.507279 -10.498850 -4.102961 -7.171747 -5.792379 -5.795990 -6.997579 -9.376803 -6.678594 -6.908091 -9.373037 -7.443892 -10.179652 -11.677369 -6.555864 -11.017607 -3.431342 -6.115263 -3.657440 -6.644398 -7.843350 -10.601808 -12.883267 -9.954713 -8.567028 -20.562502 -13.052029 -12.008344 -8.152556 
-7.875850 -4.439219 -8.534339 -9.638894 -10.652531 -2.201939 -19.579421 -3.566592 -10.033051 -14.456674 -7.316673 -6.454672 -5.725937 -9.952195 -13.120915 -8.275024 -4.331183 -9.139434 -8.668856 -3.617969 -13.035222 -4.049583 -4.498613 -6.137462 -9.186212 -7.120218 -4.282399 -4.771281 -10.762564 -4.419369 -12.304163 -6.333664 -6.176276 -11.307942 -6.677050 -6.674371 -6.416694 -8.882244 -3.885658 -10.622107 -7.491744 -11.491018 -9.011872 -11.103222 -4.634571 -5.635233 -9.376576 -8.590740 -6.916258 -5.178731 -6.344169 -9.576118 -8.165456 -8.751353 -7.739353 -8.727731 
-12.581833 -6.670285 -5.856982 -9.623135 -9.970913 -2.356405 -19.247933 -3.566592 -11.200915 -21.015898 -8.100928 -6.454672 -4.375205 -9.614225 -7.869842 -8.504058 -8.354404 -7.240196 -14.254541 -3.101291 -10.629080 -4.049583 -4.498613 -4.470881 -8.590646 -6.744055 -3.524922 -9.240921 -4.368812 -8.622826 -9.600180 -6.012619 -12.119727 -11.771532 -4.573760 -6.674371 -5.888957 -13.284933 -6.661467 -9.919671 -9.066288 -12.834035 -4.524630 -12.219673 -4.936983 -6.868759 -8.233095 -9.037933 -7.932187 -3.364709 -7.379694 -9.755596 -3.981863 -9.503645 -11.346333 -6.336914 -9.936720 -4.358048 -6.518556 -12.546861 -3.339640 -7.678474 
-9.605537 -13.548457 -9.137588 -10.012381 -12.150635 -2.546943 -13.735089 -1.397033 -10.692692 -4.804902 -8.141233 -6.917456 -3.864075 -9.573185 -4.496205 -7.708015 -10.873724 -4.285108 -9.388146 -9.927096 -4.668099 -4.049583 -4.498613 -4.730081 -8.590646 -8.852070 -3.524922 -12.187163 -4.069893 -10.099857 -22.367636 -11.922467 -4.243706 -14.104407 -16.482847 -6.674371 -3.413527 -11.340138 -15.119399 -11.966384 -13.352905 -8.272279 -3.746309 -11.382327 -4.690961 -8.774274 -10.755443 -14.312312 -6.200495 -6.951523 -2.388821 -7.493990 -5.386964 -6.007055 
-8.706643 -12.412445 -11.777710 -10.860619 -10.010453 -8.824095 -10.057990 -3.157503 -12.179972 -7.768156 -9.707237 -6.688696 -2.717255 -9.573185 -10.609961 -7.708015 -8.013345 -7.332660 -8.320430 -2.432277 -11.668146 -4.049583 -4.498613 -4.063563 -10.565292 -6.643310 -4.085437 -11.649672 -8.151653 -5.189973 -10.302097 -11.506063 -6.543011 -3.580939 -17.095436 -10.026680 -3.976103 -15.004987 -8.048213 -14.960391 -3.524038 -12.164380 -5.779476 -11.896303 -8.765493 -7.981183 -6.475404 -12.043719 
-2.833774 -10.249956 -9.469376 -9.773716 -9.533413 -7.688459 -10.253936 -3.157503 -12.615151 -11.919807 -14.521889 -6.688696 -3.439574 -8.993105 -6.200348 -7.708015 -4.013785 -7.122687 -4.608166 -3.210324 -11.668146 -4.049583 -4.446400 -6.764104 -4.625179 -7.838879 -3.618569 -11.649672 -5.766393 -10.496514 -5.403606 -11.813067 -13.860212 -5.282649 -20.317238 -9.970119 -6.137165 -10.554778 -6.409247 -8.980137 -3.315630 -7.802988 -11.180725 -8.385999 -9.692873 -5.475816 -5.404861 -8.120063 
-12.216057 -12.648783 -8.766554 -9.468164 -9.039832 -8.714126 -10.904874 -3.157503 -8.684894 -9.322274 -6.641829 -6.688696 -6.367340 -13.157254 -10.268068 -7.756076 -7.616028 -6.663872 -8.481590 -2.112935 -11.201238 -4.049583 -4.446400 -11.705413 -6.011601 -6.413879 -3.720714 -11.537352 -2.323900 -6.763385 -5.403606 -10.375853 -3.765130 -4.848974 -20.317238 -8.646115 -12.360781 -12.941013 -5.532353 -1.207417 -3.315630 -10.198564 -3.660399 -4.886720 -7.731802 -9.565593 -8.236593 -11.381201 -4.832198 -6.080659 
-4.411276 -8.859818 -2.337337 -9.131921 -9.980192 -4.539724 -3.039382 -1.443951 -8.684894 -10.588508 -14.541767 -6.688696 -5.889107 -11.167727 -3.789355 -5.593246 -13.769893 -7.092929 -12.331517 -2.619367 -10.880966 -4.049583 -4.446400 -3.924964 -14.741242 -7.824264 -9.280101 -6.784031 -5.797874 -5.035867 -5.403606 -9.697133 -12.811192 -11.687222 -7.136280 -11.527394 -9.473096 -5.863033 -7.496214 -12.753427 -4.067256 -8.905206 -3.866223 -10.339834 -7.731802 -12.724911 -6.701651 -12.558552 -15.854699 -8.633552 -12.423605 -12.801179 -1.968718 -6.367914 -5.265486 -13.876859 
-9.648545 -4.211540 -6.753590 -15.180669 -7.082596 -10.436146 -13.795637 -2.487418 -8.067402 -6.492941 -7.771631 -6.243413 -10.893912 -9.371352 -5.539830 -6.208677 -10.508170 -7.510455 -7.084319 -2.619367 -10.861584 -4.049583 -4.446400 -4.737247 -2.118731 -8.718675 -7.341871 -8.037272 -2.471627 -6.090507 -8.848146 -10.867126 -12.560424 -10.883590 -9.521175 -9.158905 -9.617565 -11.422644 -14.244675 -11.772957 -5.486326 -5.739156 -16.978630 -10.026134 -8.571108 -9.613960 -4.557097 -12.558552 -5.805823 -9.131613 -8.792204 -7.628009 -2.914587 -3.685846 -13.970068 -19.254936 -8.990679 -10.649815 
-13.261057 -7.705927 -7.168280 -18.885358 -3.825407 -8.706365 -12.980415 -13.208789 -7.626787 -9.131613 -14.257435 -6.647049 -5.571690 -9.907089 -12.856383 -4.733561 -11.119234 -7.510455 -10.246572 -2.619367 -10.876243 -4.049583 -4.446400 -4.324536 -4.663041 -8.203359 -15.202368 -3.742597 -5.620387 -3.685846 -8.842981 -5.625863 -7.556513 -5.132439 -5.701265 -2.774877 -9.617565 -10.777760 -8.102359 -8.792204 -3.806865 -5.782715 -7.633060 -11.276571 -3.250060 -18.518055 -7.673111 -6.096234 -4.649781 -4.391373 
-1.750123 -10.372519 -7.758656 -5.902821 -8.252203 -3.442338 -12.624832 -3.768785 -9.156818 -9.111733 -9.608225 -6.446873 -14.463939 -9.431658 -12.856383 -5.877010 -11.533801 -7.722987 -11.513390 -2.619367 -11.892463 -4.049583 -10.057481 -21.929487 -10.415762 -7.437425 -11.119652 -5.216283 -9.734308 -3.685846 -8.842981 -5.158629 -2.934607 -4.415803 -9.198697 -3.422524 -9.939335 -4.818358 -22.608414 -7.142240 -2.668693 -2.369822 -9.390682 -5.966005 -4.848893 
-10.682586 -10.265604 -10.856120 -5.129195 -8.252203 -4.699525 -5.528266 -10.230383 -8.761563 -9.732216 -12.423706 -6.891896 -7.508944 -9.479784 -8.206536 -5.589134 -9.635650 -7.722987 -11.851430 -14.871433 -10.312478 -4.049583 -14.821088 -5.762610 -9.024358 -7.335830 -6.606887 -1.922372 -7.722430 -3.685846 -8.842981 -5.924146 -11.933424 -4.415803 -2.687935 -2.668693 -8.853087 -10.259802 -10.645738 -3.867371 -13.010353 -14.455256 -1.999253 -5.216800 -4.462764 -5.640360 -3.442816 -5.761578 -10.319934 -3.756727 -4.538007 
-5.500281 -5.887526 -9.779954 -10.393064 -7.226241 -9.917866 -11.204439 -5.217308 -3.634819 -9.526779 -12.635924 -6.891896 -3.674350 -9.479784 -10.414862 -5.290063 -5.753389 -7.722987 -10.180724 -13.073210 -5.565647 -4.049583 -11.224019 -9.179740 -4.423449 -9.379006 -2.812354 -3.234059 -12.957620 -3.685846 -8.842981 -15.050510 -10.793571 -4.415803 -14.958736 -2.668693 -9.392538 -10.950317 -11.277148 -12.195670 -11.172033 -7.363323 -7.062397 -14.373855 -4.581463 -5.266466 -8.540010 -3.585112 -13.696490 -8.103323 -1.755014 -14.217985 -14.143097 -15.074609 -4.761240 
-13.392638 -8.466989 -4.620551 -10.469274 -7.976458 -3.553503 -3.580807 -7.628440 -2.199935 -2.325319 -7.068160 -6.891896 -5.200496 -10.390377 -7.286740 -13.413979 -4.451412 -7.722987 -10.933663 -2.292317 -2.969694 -4.049583 -6.965069 -4.177162 -4.593347 -9.379006 -14.883099 -3.016246 -13.564234 -10.594433 -8.842981 -15.904905 -10.737095 -4.415803 -8.922458 -5.382117 -9.392538 -2.764929 -12.147671 -9.614506 -5.796005 -3.343616 -9.368477 -11.195123 -4.669489 -12.208583 -5.420821 -5.695613 -3.510090 -8.112227 -7.911038 -8.257184 -2.144888 -19.632903 -6.690918 -11.322480 -9.563529 -12.701034 -4.247491 -8.120301 -6.182889 
-2.297861 -18.850625 -4.620551 -12.521306 -6.809285 -4.785504 -8.173550 -8.309652 -9.326673 -9.733667 -12.254544 -6.891896 -6.614010 -2.588220 -7.326809 -4.756728 -9.537805 -7.261855 -9.929923 -2.312281 -9.047909 -4.049583 -6.453122 -6.203850 -5.086030 -9.224512 -3.280451 -3.322535 -7.279101 -4.819472 -8.230528 -3.315212 -8.257184 -4.415803 -4.551951 -7.956429 -5.828714 -3.233280 -7.413602 -22.830526 -13.387258 -14.478037 -8.410985 -12.125313 -9.498800 
-2.373843 -19.695413 -4.271279 -8.991783 -11.281597 -6.561654 -9.615175 -11.645420 -9.213472 -11.413420 -11.628678 -6.891896 -8.815132 -8.982775 -12.292518 -2.805817 -22.831827 -4.257896 -9.737520 -8.437093 -9.373892 -4.049583 -5.172534 -6.539539 -15.246114 -10.166255 -3.772186 -3.561898 -2.309002 -9.002121 -8.230528 -4.804866 -8.257184 -4.415803 -8.606359 -9.403051 -10.560821 -2.790043 -8.974508 -5.675926 -2.451610 -9.265404 -11.195112 
-2.568932 -19.818590 -3.597888 -11.704133 -9.553965 -8.122942 -8.835495 -10.108221 -8.179981 -8.185315 -10.038032 -7.246576 -11.380531 -12.102290 -4.647082 -4.415803 -9.148761 -6.222249 -9.994933 -5.328769 -9.754869 -4.049583 -11.554874 -6.691624 -9.552804 -1.184328 -4.906899 -3.561898 -13.005105 -12.230000 -8.230528 -8.139774 -2.790043 -8.987691 -10.980957 -1.705608 -9.475208 -4.193982 -14.262045 -5.164555 -5.387105 -8.921007 
-22.265691 -19.818590 -8.101258 -4.010993 -8.364238 -7.380986 -8.568773 -3.272845 -7.360758 -5.131668 -14.050742 -7.246576 -8.269066 -9.692856 -11.694234 -4.415803 -10.326238 -9.639533 -10.557773 -13.104714 -11.147286 -4.049583 -11.554874 -6.691624 -8.908755 -6.908788 -9.205603 -3.561898 -12.491739 -9.889915 -7.961371 -11.447378 -6.324871 -11.616369 -5.324207 -3.348964 -5.342945 -7.698851 -9.938663 -11.949792 -5.166819 -6.926024 -10.481163 -11.796842 -8.301576 -6.144475 -4.442385 -11.359728 -9.062453 -1.866145 -6.038015 -13.627670 -5.095462 -3.691585 -3.725690 -11.448269 -7.109691 -10.655503 -9.240176 
-6.495726 -6.631721 -2.131693 -5.337983 -7.392820 -5.217870 -8.891505 -4.510703 -9.004034 -6.962110 -7.362597 -11.644755 -8.269066 -4.187813 -1.162526 -4.415803 -9.182672 -9.187304 -9.950808 -2.585776 -9.043946 -4.049583 -11.554874 -6.691624 -5.202365 -19.943586 -10.140284 -4.445974 -11.840136 -9.889915 -9.137216 -3.952787 -13.899627 -5.535820 -5.970360 -9.673627 -5.540880 -4.872492 -10.613918 -4.988274 -8.047165 -5.469708 -12.561907 -9.478916 -3.144788 -6.221255 -10.836634 -4.430346 -6.054376 -0.959058 
-14.277415 -3.334899 -9.574698 -9.694668 -7.392820 -6.015845 -9.106649 -14.790795 -4.832313 -7.121139 -11.348815 -12.503357 -8.269066 -6.790115 -1.060876 -4.415803 -5.021063 -6.180541 -6.679939 -12.250648 -2.275587 -4.049583 -6.987957 -4.486555 -4.874007 -2.813029 -8.383702 -4.445974 -7.480348 -8.504597 -8.752757 -4.815674 -3.792951 -12.672456 -2.282778 -8.239363 -6.002267 -5.165822 -12.039954 -1.217041 -9.495686 -7.433442 
-11.359623 -7.520208 -9.574698 -10.609198 -6.657984 -3.528646 -8.723420 -10.421070 -6.001236 -7.121139 -10.023820 -13.658408 -8.269066 -11.188741 -5.154727 -4.415803 -8.299113 -8.848478 -13.760748 -13.201839 -10.936935 -4.049583 -2.566598 -8.761560 -4.068071 -1.986459 -9.870127 -3.628693 -6.761625 -8.504597 -8.752757 -7.951982 -4.567382 -4.594437 -5.972051 -7.366375 -7.507195 -13.236794 -8.192430 -14.661758 
-10.333656 -3.833089 -8.419749 -8.342387 -7.146436 -7.763277 -1.233899 -3.994610 -6.026966 -7.121139 -9.896839 -8.134318 -8.548520 -10.867078 -6.745562 -4.415803 -9.436297 -2.708903 -12.824135 -3.363577 -12.223395 -4.049583 -2.566598 -7.754222 -4.165316 -1.949868 -8.787229 -4.569201 -11.399854 -8.496767 -8.443651 -4.341550 -9.076346 -12.007790 -6.030191 -13.543677 -3.947255 -4.191227 -3.544343 
-11.660855 -8.684124 -3.115007 -12.517943 -11.914704 -5.003784 -6.650765 -12.298535 -6.198692 -6.798197 -7.881825 -12.127126 -8.548520 -10.867078 -7.373252 -4.415803 -10.199967 -4.164511 -13.227922 -8.432618 -11.501815 -4.049583 -6.092944 -15.171517 -4.628360 -6.287168 -7.603440 -4.569201 -4.196311 -8.370222 -8.593773 -13.006872 -2.447632 -2.813055 -7.610387 -13.198456 -11.382224 -7.982551 
-11.520436 -9.508098 -6.517816 -8.167363 -4.735736 -4.969404 -6.733877 -9.266178 -7.481907 -6.798197 -3.447157 -2.490772 -3.543217 -9.806956 -7.146405 -4.415803 -15.060825 -6.990214 -13.205622 -8.916712 -14.505330 -4.049583 -13.782001 -12.585406 -9.085786 -6.287168 -4.192487 -4.569201 -4.506860 -8.370222 -8.593773 -11.820073 -9.903078 -7.161140 -8.477295 -12.553099 -11.049697 -2.990849 -13.000074 -9.736870 -4.827512 -11.959004 -14.224227 
-11.969840 -9.832788 -10.651981 -6.467188 -9.848663 -3.113620 -13.565139 -8.715139 -7.703165 -7.169888 -3.658711 -2.305483 -4.227907 -8.683958 -6.101861 -4.415803 -3.663095 -8.431750 -12.688177 -8.916712 -9.004034 -4.049583 -3.956142 -5.664634 -11.814506 -6.287168 -8.730740 -4.556188 -4.506860 -5.847176 -8.428831 -7.249410 -8.727339 -5.853925 -8.977871 -12.110426 -14.941658 -3.698066 -13.679454 
-7.549378 -8.104870 -4.053534 -5.143495 -11.693138 -3.288952 -11.933553 -7.972611 -12.042330 -7.696203 -9.253771 -1.690751 -6.804437 -7.260082 -8.503638 -4.415803 -11.536767 -8.431750 -11.011472 -9.557022 -5.468040 -4.049583 -9.309419 -6.372505 -7.697877 -6.110740 -8.726113 -4.556188 -14.248099 -8.730050 -4.626526 -5.567877 -10.569830 -13.001612 -11.331737 -14.234587 -1.357638 
-11.447750 -10.276258 -4.053534 -5.739930 -11.693138 -7.990386 -13.888399 -10.121687 -10.083353 -7.696203 -8.635523 -1.690751 -10.321858 -7.808316 -4.357576 -4.478796 -3.618067 -8.431750 -9.244655 -9.557022 -15.162267 -4.049583 -9.722025 -6.704775 -7.266680 -5.970279 -8.726113 -4.556188 -2.950591 -8.730050 -10.616058 -5.963863 -4.942324 -8.277259 -9.441155 
-12.398179 -4.281212 -10.191286 -5.739930 -10.112977 -7.756727 -5.694743 -10.111573 -10.122350 -7.298109 -2.794627 -2.288958 -10.021744 -6.754310 -6.921362 -4.478796 -7.174903 -8.208038 -3.232688 -9.557022 -12.196229 -4.049583 -6.135945 -9.971808 -8.734187 -7.825261 -9.804088 -4.105264 -5.366971 -8.127109 -14.786260 -12.760821 
-12.453104 -7.471357 -7.524363 -5.739930 -15.112763 -6.720513 -4.307940 -9.826068 -8.451316 -6.809102 -10.315808 -2.603922 -6.737123 -6.964654 -13.364248 -4.248095 -3.180944 -8.208038 -4.323233 -8.586217 -8.774216 -4.049583 -4.876830 -11.539898 -8.544603 -8.193677 -10.051219 -3.535003 -4.333214 -9.664433 -8.461973 -9.067445 -7.891373 -8.565945 -2.917455 -11.130635 -19.361380 -5.699303 -9.390741 
-6.873038 -8.685500 -6.073108 -9.820210 -4.266770 -4.061985 -2.552106 -2.652488 -2.736092 -6.895212 -5.971043 -5.256601 -4.291251 -8.711779 -2.542166 -4.412580 -8.767697 -7.840755 -11.938629 -8.586217 -10.208236 -4.049583 -7.020810 -9.732011 -8.427606 -7.757063 -4.714945 -3.535003 -5.866036 -9.664433 -10.202916 -11.973328 -6.076973 -10.711163 -12.503338 -12.282791 -19.781803 -6.645477 -11.558151 -8.960040 
-9.782196 -8.148558 -6.666732 -7.365444 -1.034378 -9.197509 -5.168260 -3.459194 -6.856693 -6.794321 -6.552259 -16.924129 -10.964466 -3.419623 -2.551938 -4.412580 -5.998449 -8.478843 -10.412090 -8.586217 -4.633824 -4.049583 -9.112596 -14.599266 -8.427606 -9.716408 -12.080522 -4.040141 -5.419013 -8.772937 -14.548048 -4.717770 -5.822658 -12.818741 -5.285237 
-9.832138 -8.393878 -6.666732 -7.513425 -10.907819 -7.533053 -5.168260 -8.592452 -12.278615 -6.640172 -11.626966 -17.090347 -7.369373 -5.717290 -6.059335 -4.412580 -11.873596 -6.388841 -8.566571 -8.586217 -11.767263 -4.049583 -1.719577 -14.538556 -8.427606 -9.087896 -3.604843 -3.589000 -11.201070 -12.176290 -12.215126 
-12.165464 -7.321832 -6.443711 -7.513425 -12.287663 -8.246101 -9.192613 -8.970425 -9.779266 -6.640172 -9.431124 -19.315495 -6.179567 -3.966596 -12.054439 -4.412580 -7.556141 -5.761207 -10.717432 -8.480222 -11.944960 -4.049583 -3.789437 -5.119985 -8.427606 -7.399893 -4.769735 -4.105186 -11.567963 -3.520377 -4.072132 -8.984718 -4.120971 -10.442259 -14.185034 -10.026067 
-11.245820 -4.990670 -6.086227 -4.581922 -11.610151 -9.483899 -8.074968 -6.198553 -6.004798 -6.640172 -10.366492 -4.186106 -2.665800 -22.601725 -12.504069 -4.412580 -4.612651 -9.283666 -9.054147 -8.601917 -7.681009 -4.049583 -14.472029 -5.394475 -8.427606 -9.428598 -5.206334 -4.047165 -11.475037 -7.577324 -11.723069 -9.846550 -9.134969 -7.146928 -12.160617 -8.120771 -10.628501 
-10.095195 -6.200668 -6.086227 -5.364142 -12.193904 -4.295131 -6.646028 -5.891758 -5.378399 -6.640172 -11.515906 -3.062587 -2.474827 -21.301282 -11.360029 -4.412580 -4.175030 -13.542848 -9.054147 -8.601917 -8.559331 -4.049583 -12.214584 -13.337091 -8.427606 -9.090682 -4.856850 -3.802658 -1.043867 -4.149952 -11.723069 -9.846550 -9.086773 -6.989271 -1.743327 -4.678394 -12.596085 -3.326795 -13.513420 -6.022077 -3.420288 -2.487530 -10.531298 -4.304857 -4.471179 -9.667012 -9.012556 -1.574366 -5.352131 -11.783888 -9.243399 -6.452578 -10.881766 -5.944043 -6.463309 
-7.051781 -6.477927 -6.086227 -11.042028 -8.608013 -9.511530 -8.066590 -10.881766 -11.158508 -6.640172 -7.892665 -8.633011 -2.806355 -20.549193 -6.087505 -4.412580 -4.859625 -3.875173 -9.031958 -8.601917 -11.715680 -4.049583 -3.635698 -6.430639 -8.427606 -8.681228 -5.055435 -9.891351 -5.869010 -12.033261 -11.397023 -4.102428 -12.658697 -4.674976 -5.390353 -5.159510 -8.059477 -9.164406 -14.913522 -5.018634 -5.834346 -4.874253 -3.635877 -7.721706 -13.726013 -5.615701 -9.811001 -13.712328 -5.742725 -13.367277 
-7.548363 -13.000329 -6.086227 -3.381337 -4.111852 -12.309781 -11.294029 -5.748057 -11.831298 -7.475021 -14.693757 -5.322501 -7.888192 -20.549193 -6.404125 -4.412580 -2.666705 -2.374352 -8.732110 -8.601917 -5.201549 -4.049583 -3.681324 -9.304230 -8.144187 -8.249467 -1.565379 -5.525159 -13.257510 -11.142153 -12.771988 -4.471692 -6.947941 -7.622506 -6.366766 -7.332218 -9.045513 -13.169644 -6.335641 -7.209880 -4.658516 -9.733519 -22.028268 -7.721706 -14.354799 -12.689469 -14.064800 -3.673860 -9.469200 -15.268764 -10.030885 -11.951880 -3.309403 
-11.388920 -20.570755 -1.957622 -6.781833 -3.672952 -2.467832 -3.587960 -5.410850 -11.388064 -7.475021 -5.161367 -13.190652 -8.715940 -14.129981 -10.304258 -4.412580 -2.283661 -6.042152 -8.962872 -8.601917 -11.386456 -4.049583 -9.537391 -7.213246 -8.164689 -8.991932 -12.526325 -8.740564 -4.178831 -10.448923 -6.242356 -3.563391 -4.330813 -2.458591 -4.921467 -8.812767 -8.799176 -6.576869 -9.195753 -9.625052 -5.999892 -9.733519 -21.164565 -7.721706 -9.305391 -13.335962 -7.601916 -7.867190 -14.639508 -12.038897 -7.298648 -9.603108 
-7.310486 -21.422822 -9.784011 -6.352993 -5.555687 -7.948848 -9.088309 -10.826497 -11.388064 -7.475021 -4.717910 -5.217345 -5.902254 -4.329744 -9.357380 -4.547594 -5.606478 -3.916490 -8.041036 -9.011687 -7.033095 -4.049583 -10.394466 -9.512868 -14.507300 -7.912324 -12.490757 -8.660963 -4.856696 -4.206209 -2.042376 -3.563391 -9.720915 -3.169709 -5.068818 -4.607980 -7.412274 -2.428765 -11.369449 -13.374903 -2.739075 -8.332523 -14.368644 -7.721706 -7.558876 -10.671171 -5.174264 -4.734561 -14.828028 -6.221596 -8.718547 -3.792452 -12.539733 -12.442525 -3.873514 -8.922294 -2.924746 -12.842338 
-7.637852 -13.828339 -8.982636 -7.074273 -8.581651 -11.943537 -8.863078 -9.814341 -9.761719 -6.729621 -9.316546 -15.534407 -4.556382 -5.177036 -10.971368 -4.547594 -9.451173 -8.689651 -8.041036 -9.011687 -13.683229 -4.049583 -8.495218 -9.758537 -4.708364 -9.401932 -10.319384 -8.481646 -4.457666 -9.396068 -3.643693 -3.578640 -9.503395 -7.721706 -11.128962 -5.371849 -2.942820 
-6.757894 -14.880857 -5.823261 -11.369373 -8.581651 -7.322956 -6.602848 -4.990649 -12.018559 -6.590570 -8.221564 -11.205084 -7.372893 -4.795193 -5.891211 -4.547594 -4.536884 -3.154752 -8.041036 -9.011687 -6.824868 -4.049583 -2.171584 -7.761623 -5.802769 -9.338364 -16.589278 -8.823537 -10.934348 -9.128567 -6.938680 -3.614556 -9.419982 -8.473048 -11.213363 -7.273117 -3.478209 -8.985977 -6.926310 -6.321471 -11.313024 -5.188778 -5.631384 -10.606907 -22.728923 
-4.725085 -15.170953 -12.553736 -1.401939 -7.198069 -8.933969 -14.405074 -2.817603 -12.088469 -6.797063 -7.887584 -9.337583 -6.634766 -6.275266 -5.891211 -4.547594 -7.026365 -4.095055 -7.792742 -9.056460 -2.616437 -4.049583 -9.860533 -6.666953 -6.284527 -10.689085 -12.708325 -8.216755 -13.025112 -10.394580 -2.828092 -7.872625 -8.877719 -7.682573 -8.401767 -5.758540 -10.353333 -2.738991 -3.644246 -7.067830 -3.371600 -7.802661 -6.615441 -3.546396 -4.523054 -10.077512 -8.227632 -3.934153 -6.696439 -10.857847 
-6.834829 -5.175797 -5.666066 -6.714022 -7.550992 -10.919819 -12.107464 -19.249399 -12.611244 -6.738525 -15.167632 -8.689450 -6.037497 -4.677365 -5.891211 -4.547594 -5.537310 -11.742731 -7.685854 -4.978382 -3.773105 -4.049583 -5.076769 -8.935962 -4.243613 -12.656593 -12.708325 -14.343216 -14.383228 -4.306757 -4.483001 -4.348048 -8.877719 -8.488810 -7.550115 -8.460780 -10.879625 -2.600099 -6.834011 -7.674829 -10.009389 -5.679999 -1.986634 -2.657849 -9.768342 -14.550325 -14.019222 -15.211631 -3.126584 
-6.663452 -9.503423 -10.012599 -12.832906 -7.741606 -3.004895 -8.386469 -22.176363 -11.683629 -6.494379 -3.549577 -5.643340 -5.009405 -4.749336 -5.891211 -4.547594 -2.632487 -4.822363 -7.685854 -14.831666 -7.677470 -4.116931 -10.193955 -7.500073 -14.035681 -12.656593 -8.796562 -6.778828 -11.985117 -3.581514 -3.115782 -15.305832 -8.701632 -7.774499 -15.199443 -8.645874 -5.044383 -5.059626 -11.047259 -5.911405 -9.225179 
