-48.757090 -69.790315 -57.799200 -65.371404 -48.902726 -56.138911 -63.342443 -35.960017 -52.395158 -50.096007 -57.293723 -53.830783 -67.515040 -69.591411 -71.613150 -48.354685 -61.158872 -56.369530 -56.044916 -53.342932 -69.230573 -51.935766 -64.857773 -60.830294 -55.834360 -67.159288 -70.412704 -65.685956 -72.433533 -55.812523 -59.451953 -66.068458 -54.630042 -46.995050 -41.386273 -72.171736 -68.551278 -56.687680 -50.838446 -56.450251 -55.476607 -65.394690 -57.315289 -55.728446 -63.211466 -51.540780 -62.044785 -49.359845 -69.113723 -71.410438 -70.171014 -52.654589 
-39.152114 -56.930148 -57.395115 -50.270247 -56.593693 -62.402069 -60.123837 -67.126058 -52.577148 -51.390826 -66.717129 -57.630088 -48.046249 -63.547619 -71.673365 -67.407846 -60.414932 -56.123911 -57.004073 -52.956091 -57.773073 -69.367792 -56.331756 -46.175339 -62.358595 -39.137941 -48.239177 -58.228757 -72.343759 -54.885473 -69.959315 -62.663965 -54.982114 -52.749018 -59.278248 -64.639302 -71.256435 -54.179818 -59.874267 -56.065554 -55.052042 -49.138187 -55.379268 -53.048553 -63.489119 -50.295231 -64.675746 -59.774716 
-39.198537 -69.551660 -57.673202 -63.332101 -64.512552 -63.489719 -50.018748 -68.528213 -52.316332 -54.296228 -48.956743 -61.487102 -61.615526 -55.900837 -54.108757 -53.924267 -69.090627 -56.123911 -61.161785 -53.645521 -69.525966 -47.440875 -40.788229 -64.148108 -60.128928 -51.273153 -54.538248 -67.888821 -63.533045 -72.436500 -57.018683 -67.680718 -55.569503 -59.917928 -69.118863 -55.452621 -60.311215 -52.519927 -48.536811 -48.502438 -48.199774 -41.542659 -70.094444 -54.921434 -56.158667 -65.100394 -52.999886 
-46.372800 -61.008086 -57.521152 -63.172861 -70.229398 -69.013281 -56.505272 -65.787309 -52.390526 -54.893425 -49.178364 -41.800170 -65.774942 -62.269738 -54.600159 -50.686189 -65.387543 -56.123911 -49.357274 -55.313794 -69.660626 -65.232971 -62.468841 -56.456004 -59.530198 -57.729870 -54.423790 -64.503365 -74.652114 -48.705866 -55.987638 -67.759453 -55.516429 -73.875737 -52.503182 -64.862653 -48.838833 -56.100575 -50.012348 -49.536233 -55.492207 -59.912771 
-54.846365 -49.630019 -57.344047 -61.467998 -53.375220 -61.130877 -40.543530 -51.743344 -67.417504 -52.697686 -48.863716 -41.952782 -56.149446 -63.281996 -60.604101 -66.601136 -65.134028 -56.116597 -50.829141 -71.055529 -64.616092 -54.949832 -55.070404 -67.652813 -67.315942 -57.906818 -55.163617 -68.208113 -56.107759 -65.588343 -68.868339 -57.007523 -55.545733 -65.660853 
-61.484503 -49.492152 -57.357467 -56.298622 -66.715606 -54.819378 -58.346551 -71.917744 -62.412580 -65.256918 -48.111247 -47.245572 -56.818530 -64.050521 -60.704345 -55.699137 -66.363482 -55.935059 -57.342103 -60.296177 -52.681265 -55.424508 -53.695252 -58.555602 -59.445779 -63.125777 -66.718002 -60.409338 
-46.436223 -49.339429 -56.766269 -56.278965 -65.060097 -54.995020 -58.059193 -53.923046 -59.379711 -65.018207 -47.800111 -69.372653 -54.253782 -57.301533 -71.837058 -54.251350 -47.727851 -55.720560 -46.568114 -63.118745 -52.838185 -54.215677 -58.245631 -63.462023 -57.044034 -64.136099 -74.319888 
-44.308040 -63.702209 -59.410797 -55.949400 -62.233425 -54.920755 -62.617964 -50.968986 -45.887093 -59.407111 -48.139242 -56.919347 -54.047062 -57.106742 -48.787297 -58.259349 -58.562165 -55.587729 -47.482013 -38.060404 -52.693996 -54.243550 -51.597995 -56.383398 -60.234382 -70.575606 -57.969262 -57.080906 -52.484714 -54.418972 -50.939154 -60.225446 -59.872844 -63.429323 -59.464631 -59.631534 -57.129951 -47.335267 -62.896072 -57.455661 -69.986471 -59.919335 -43.332182 -42.204569 -69.866010 -62.009314 -58.470041 
-50.843286 -70.792857 -63.167185 -56.027372 -65.982536 -54.755501 -61.389307 -59.780962 -57.177973 -59.805419 -48.216613 -56.793548 -65.150975 -62.818192 -48.972197 -74.955737 -66.258329 -55.587729 -47.324068 -48.556242 -52.420448 -54.405317 -63.400006 -54.302423 -45.735751 -60.678388 -62.291683 -50.783361 -46.496417 -64.251034 -65.497254 -55.522135 -66.250657 -74.933474 -58.032912 -49.208912 -48.166192 -57.115430 
-51.550165 -64.561157 -60.696061 -56.242267 -65.391306 -54.740783 -58.026955 -66.055337 -67.127047 -49.401716 -57.351467 -69.738246 -46.491039 -46.945795 -53.174069 -58.689049 -71.120219 -55.812924 -46.956419 -58.511801 -52.677399 -54.229848 -61.490331 -61.091167 -68.355400 -57.332966 -54.506294 -49.947644 -59.887622 -66.131436 -75.704229 -72.360314 -47.387801 -65.691799 -59.427633 -50.728587 
-51.385063 -59.970930 -39.636596 -56.590640 -52.645966 -54.550416 -51.951688 -66.550474 -55.993050 -67.472769 -58.017058 -63.263520 -62.346430 -68.986514 -61.630304 -61.821273 -67.559753 -55.865663 -60.909285 -50.520332 -52.823957 -53.411031 -61.306117 -64.085598 -58.229004 -60.242906 -54.715638 -50.394021 -67.023209 -47.941234 -62.544663 -54.695923 -53.600529 -55.482196 -67.087183 -50.645075 -73.898779 -58.834705 -62.914688 -61.604149 -47.267868 -68.019151 
-68.106242 -68.425421 -39.263951 -52.015592 -59.190698 -54.369848 -51.759336 -61.856775 -56.719597 -48.243288 -57.688177 -65.102336 -54.921169 -66.325862 -69.018625 -67.810447 -66.195759 -55.977262 -49.783926 -66.422967 -52.860487 -53.431824 -52.966328 -65.000684 -53.574817 -59.253970 -52.982700 -62.763641 -58.140707 -45.875711 -69.033138 -47.861988 -61.712105 -64.070543 -49.790984 -54.425942 -63.661180 -62.778531 -66.741598 -72.484904 -68.127018 -47.452430 -56.276639 -67.067381 -67.710377 -64.479127 -58.821945 -58.663770 -59.930251 -60.675945 -67.532927 -60.493774 -48.205370 -66.153834 -69.210388 
-55.103565 -61.469973 -38.475950 -53.471561 -53.212721 -69.646088 -69.285053 -69.657457 -56.957039 -70.361649 -57.783967 -64.134077 -69.219718 -47.183435 -72.831518 -51.918068 -64.243279 -55.857864 -63.724215 -62.483317 -52.860487 -53.682005 -48.457793 -46.772762 -59.586928 -57.567254 -51.643105 -67.411744 -59.789458 -52.535704 -66.505421 -49.893241 -63.482764 -67.561535 -49.351684 -60.372320 -58.773544 
-55.343520 -68.847365 -39.005493 -55.311023 -71.130416 -57.353266 -67.776418 -57.168379 -55.780708 -39.139883 -73.745929 -64.174902 -39.866808 -57.398434 -61.776011 -57.834448 -74.498011 -55.808645 -55.226156 -61.831070 -52.951987 -55.022929 -59.415621 -47.981357 -51.502349 -74.508661 -59.754181 -40.518048 -62.362213 -52.856651 -52.498245 -62.017243 -59.531139 -65.028387 -47.744338 -71.031260 -73.019634 -66.594445 -50.638187 -53.328318 -68.986171 -71.239555 -62.302693 
-53.724712 -71.544384 -39.500961 -54.842057 -74.023051 -74.262235 -66.799682 -52.635785 -56.445486 -70.020159 -71.881385 -49.545622 -51.385540 -57.061372 -59.277391 -58.306795 -66.052193 -55.176485 -58.299123 -53.710698 -52.966572 -53.997537 -68.103323 -70.426067 -59.619664 -63.217089 -56.938807 -46.528845 -61.956122 -51.376843 -60.744816 -54.094016 -64.908456 -71.321505 -65.562386 -68.601706 -59.877407 -59.963462 -68.139458 -69.886958 
-59.821450 -68.732563 -40.525668 -53.646746 -65.019415 -51.767445 -52.927270 -60.524465 -56.706109 -59.952166 -63.030456 -48.030228 -52.586644 -57.002057 -73.850803 -58.549107 -44.743144 -55.444122 -65.694914 -58.304543 -52.542573 -56.983755 -62.499073 -50.916649 -63.637754 -52.982989 -57.092675 -47.005270 -54.355424 -51.850454 -43.033129 -62.695573 -57.700185 -53.580806 -63.337426 -71.347460 -67.647082 -42.370489 
-59.557184 -59.279699 -48.271603 -53.460122 -70.795041 -47.988861 -51.950924 -53.228735 -63.812456 -47.481376 -66.636974 -56.292000 -68.092386 -60.371758 -52.628358 -57.872126 -58.042779 -68.637775 -56.467140 -52.884765 -52.728536 -58.804029 -63.172567 -55.522990 -58.667734 -58.311623 -60.276081 
-52.789958 -56.828081 -49.685770 -50.765157 -61.665130 -46.748835 -64.058297 -54.443535 -55.625813 -50.957741 -66.060522 -66.386360 -66.052256 -61.276292 -52.763807 -57.671588 -53.878571 -52.943565 -56.467140 -58.687342 -53.574798 -69.546815 -63.918218 -60.090417 -58.412948 -61.207875 -69.381395 -65.545540 -60.060059 -54.397533 -69.697807 -51.560027 -58.960170 -66.254027 -73.889231 
-49.326779 -54.988139 -49.806271 -68.613854 -54.303777 -47.343452 -64.716044 -52.898122 -56.138059 -49.724218 -66.726907 -60.074251 -68.333008 -56.866854 -52.422343 -57.917000 -61.669250 -58.153040 -56.467140 -46.139104 -53.529689 -69.556552 -51.688722 -64.352157 -61.518830 -63.732358 -60.962201 -63.403750 -59.812440 -53.479035 -54.672204 -50.313874 -53.144645 -63.458443 -61.013055 -66.384193 -53.403575 -60.528437 -68.192433 -49.319814 -59.725583 -63.807299 
-49.992207 -59.095436 -49.164302 -75.360766 -54.312920 -46.963547 -66.626508 -53.331579 -56.138059 -66.722578 -69.146027 -63.291343 -57.860047 -47.350500 -64.869902 -57.675564 -54.354477 -50.383138 -56.423188 -46.063046 -53.529689 -72.787130 -49.937714 -52.654876 -54.989416 -65.919805 -68.975459 -63.946130 -51.382219 -70.273919 -53.620927 -64.085980 -58.034955 -61.094239 -67.374398 -55.732361 -55.106918 -53.028574 -57.797170 -70.959308 
-51.104071 -48.278890 -48.840171 -68.507586 -53.757090 -65.806087 -62.577085 -55.075244 -56.193251 -60.187867 -67.247792 -50.757729 -68.558324 -67.163948 -65.999762 -57.710714 -53.953154 -47.410407 -56.423188 -46.120563 -52.701361 -59.889735 -49.860961 -52.913940 -55.115378 -57.601035 -69.027158 -60.493236 -69.042548 -53.125210 -56.736585 -58.863104 -62.161502 -50.111216 -61.153480 -65.098088 -52.865098 
-69.615540 -42.350527 -50.669260 -49.390086 -53.520874 -69.926864 -46.691021 -47.970191 -64.213516 -51.618965 -67.495494 -53.952311 -58.459516 -50.358067 -51.615353 -57.788819 -70.910141 -54.741767 -56.423188 -62.122685 -46.447037 -63.528569 -52.776008 -52.957702 -53.648367 -72.006447 -55.792750 -63.037214 -47.345785 -50.634541 
-54.199796 -52.950627 -63.193378 -50.261644 -53.976385 -49.221868 -46.642485 -62.324915 -63.772290 -56.653677 -65.764972 -54.085375 -61.926987 -57.951836 -69.392027 -57.775735 -57.121393 -53.764020 -56.513804 -51.142380 -54.227956 -58.681421 -36.117561 -57.501240 -69.319713 -63.724193 -65.404397 -61.519771 
-54.537406 -64.585213 -63.804577 -68.177495 -54.151770 -49.211350 -46.543319 -66.960590 -50.251786 -54.117348 -68.575664 -53.998854 -46.949597 -75.158485 -48.295804 -58.070614 -62.234511 -50.871722 -56.409570 -50.899931 -59.090978 -65.493340 -58.457813 -62.816013 -67.610964 -53.064142 -50.997402 -37.308429 -58.888732 -54.030520 -53.457191 -70.573609 -56.701881 -64.438336 -56.698132 -55.470697 -61.095091 -54.369276 -69.286519 
-54.617643 -65.698686 -68.784075 -58.979595 -72.147735 -47.569585 -53.627869 -54.397781 -35.368300 -54.241646 -68.259823 -71.418266 -51.582969 -70.829008 -62.793968 -58.020035 -65.418313 -64.270954 -56.418447 -53.330622 -54.361095 -54.323740 -57.013205 -64.127569 -65.059654 -62.383730 -49.481409 -45.879759 -62.662212 -67.096633 -67.387844 -51.838033 -69.254446 
-54.658320 -56.132369 -62.179274 -50.395196 -51.036849 -73.498981 -57.847493 -54.172481 -36.127896 -57.523283 -51.931537 -69.141576 -48.690828 -67.000954 -62.414642 -58.020035 -46.837287 -50.573768 -56.418447 -68.970046 -54.841321 -54.992547 -65.466549 -54.613431 -60.353065 -62.395217 -65.708012 -58.139802 -49.998307 -62.068948 -61.352165 -62.652658 -52.645905 -52.958363 -69.011126 -60.706571 
-54.063810 -59.413451 -52.629294 -64.940263 -64.514121 -61.933773 -59.997287 -72.270227 -36.649977 -64.469836 -64.064814 -62.625323 -48.553676 -58.478338 -67.227426 -57.815185 -61.634317 -52.253311 -56.547431 -59.381044 -59.966353 -54.792089 -54.390798 -49.231242 -60.123197 -62.737562 -54.725891 -65.110355 -50.565055 -61.349571 -68.504461 -56.718047 -40.868318 -54.462750 -64.933509 -52.608395 -62.961574 
-54.056711 -60.218405 -52.265090 -49.973724 -45.771793 -63.025328 -66.409921 -59.487152 -37.931536 -63.854009 -58.735311 -55.120837 -62.233741 -47.818374 -64.484380 -57.509774 -42.845174 -66.095465 -56.570740 -54.327603 -60.472745 -64.029211 -54.356322 -67.044797 -39.314261 -48.813946 -63.015977 -57.954211 
-54.188669 -60.361263 -51.848016 -48.272127 -45.590154 -66.626506 -61.055509 -57.913580 -36.341501 -60.931886 -60.505759 -55.751809 -62.829348 -46.438884 -63.388618 -57.416644 -65.670191 -63.848397 -56.570740 -54.137461 -57.543553 -59.998143 -54.334222 -52.986953 -63.422965 -66.204179 -63.233949 -69.900953 -58.830641 -66.370691 -63.174560 -53.777294 -72.337382 -46.138862 -61.272268 -58.270677 -68.596978 
-54.173395 -62.314204 -47.862846 -64.914156 -46.593308 -69.036396 -51.966880 -58.906992 -57.579512 -41.325430 -61.732617 -55.043065 -70.014626 -54.589654 -59.777666 -57.785797 -61.695812 -62.264111 -56.545875 -54.175726 -71.032450 -51.621285 -54.336037 -58.689314 -60.549091 -67.911641 -66.521151 -67.428299 -67.169237 -57.324390 -58.017914 -57.344767 
-54.280093 -47.982493 -47.648672 -68.479837 -47.359795 -60.478220 -47.829544 -57.840162 -68.596165 -41.331243 -68.269679 -55.223286 -64.996921 -53.511011 -70.070052 -57.951938 -64.599868 -63.637305 -56.545875 -54.594475 -66.187600 -47.389961 -54.373475 -45.578104 -45.860625 -67.533122 -56.657273 -58.424463 -51.766698 -62.636710 -47.408043 -64.461099 -60.839290 -66.949426 -55.962421 -64.135430 -55.187041 -57.368500 -69.178846 -55.217716 -62.699388 
-53.942589 -48.038351 -54.609009 -55.513560 -57.537131 -54.287758 -62.432442 -59.016114 -65.363374 -61.978975 -67.548683 -46.550991 -40.246500 -75.180933 -48.239424 -58.022326 -61.174901 -47.558729 -56.545875 -49.191092 -58.639125 -60.867326 -66.747835 -70.918232 -46.238086 -67.571727 -65.840474 -60.190245 -52.431293 -68.086298 -63.277951 -68.641608 
-54.117152 -68.925712 -54.490314 -54.104937 -56.991226 -54.291274 -40.009571 -60.128972 -72.190793 -53.739082 -62.838533 -52.305226 -46.719785 -64.664749 -48.364535 -57.469414 -50.272068 -66.535642 -56.374228 -57.046440 -62.961521 -54.104753 -68.476970 -52.012921 -58.527418 -65.338447 -64.835093 
-54.301395 -58.385537 -54.220669 -54.905264 -57.829232 -54.605555 -52.711493 -63.567667 -60.469420 -57.808781 -59.695540 -53.351680 -46.590221 -55.321103 -49.966361 -58.195153 -53.319711 -67.846066 -55.757119 -57.666593 -55.604095 -71.802565 -49.274648 -67.693495 -65.163830 -70.436826 -70.551989 -55.089513 -60.959519 -48.961137 -71.058700 -67.958836 -51.157196 -69.004998 
-54.571669 -55.357636 -54.959549 -54.329920 -64.832909 -54.579830 -64.972426 -65.446023 -52.086248 -71.302897 -57.418670 -37.121351 -46.333895 -38.742041 -58.443021 -58.219464 -54.282513 -58.606676 -55.499834 -67.812388 -56.836001 -67.167010 -52.436502 -49.858013 -66.123026 
-53.521620 -67.319943 -57.440974 -54.011612 -66.631228 -53.921000 -63.363827 -57.871221 -50.536580 -64.853136 -55.956375 -53.315793 -45.844028 -69.222802 -54.250729 -58.575611 -55.259211 -55.482689 -55.007700 -68.299857 -71.980344 -59.362477 -54.878267 -47.929380 -69.605962 -50.006606 -59.450773 -50.207450 -67.676916 
-54.301349 -54.577173 -59.774301 -54.493321 -63.903098 -53.979291 -35.862332 -57.324968 -49.182990 -62.991537 -59.146815 -65.505397 -46.115312 -58.942015 -67.205653 -58.759689 -53.831616 -54.925625 -54.722164 -62.533624 -50.822851 -61.798464 -52.676251 -47.666884 -47.013455 -50.846222 -52.508733 -48.714951 -75.032588 -53.936563 -65.225348 -58.172205 -49.627661 -66.540109 -62.771974 
-54.371453 -54.212682 -47.191314 -54.336054 -63.642129 -54.499327 -68.829398 -55.093321 -57.874550 -57.709288 -60.419186 -53.311859 -64.053642 -56.459198 -60.201641 -59.243525 -65.154862 -48.465291 -59.812564 -43.277559 -53.047041 -67.714338 -66.115072 -54.455060 -55.398874 -68.976345 -60.444482 -50.665508 -61.367003 -53.601580 -70.468103 -54.039432 -60.343040 -50.898479 -57.962264 -58.276051 -63.986521 -71.790685 -51.248801 -47.002130 -67.870512 -72.893089 -67.237290 -67.520008 -53.562373 -63.669523 -58.434427 -57.613302 -69.469149 
-54.589698 -57.989601 -54.177913 -54.649161 -65.323760 -54.722362 -71.578941 -56.932306 -57.525075 -54.742895 -63.090343 -60.758707 -67.325650 -61.293789 -67.565417 -58.628770 -51.951980 -63.105427 -48.483498 -46.676143 -50.661289 -58.718601 -50.093292 -54.532393 -53.879896 -36.298657 -68.005655 -53.321307 -49.874114 -58.703086 -40.277981 -72.657421 -68.035869 -58.541340 
-55.337468 -52.595536 -59.965717 -48.863457 -62.809106 -55.656359 -61.617067 -56.710880 -57.213926 -43.957166 -63.141202 -60.448370 -57.540351 -64.182556 -44.436698 -59.117379 -53.544293 -58.739109 -53.418806 -56.723234 -49.598173 -55.350921 -65.763248 -54.262871 -53.937269 -63.387035 -61.888725 -50.425780 -68.716070 -54.456259 -65.994121 -71.049939 -66.474700 
-54.808185 -56.575377 -61.798993 -51.849482 -64.240726 -55.195598 -69.111080 -56.390568 -61.001046 -50.593913 -62.914273 -52.870352 -59.254350 -49.895937 -74.131337 -61.503962 -52.329065 -58.322720 -55.495503 -54.605875 -54.161411 -62.942061 -65.748216 -54.701827 -53.880896 -46.806936 -65.924150 -38.723913 -70.498161 -51.492184 -71.998790 -68.347821 -61.820091 
-55.347611 -56.220745 -64.305723 -51.659682 -59.118599 -55.114110 -65.929933 -62.867471 -48.086312 -41.401171 -53.906757 -55.547276 -60.276711 -51.170010 -70.002937 -46.967578 -60.762354 -52.429243 -54.547012 -55.091697 -52.413604 -56.313307 -64.422226 -54.604058 -53.734476 -58.298398 -45.738535 -51.444451 -46.446513 -58.392725 -60.410629 -62.388231 -58.697208 -65.651666 -45.929887 -61.541755 -65.489562 -67.338113 -68.311081 -63.408537 -65.901898 -54.011529 
-53.818711 -56.260333 -45.575185 -51.182220 -56.228167 -55.455754 -63.544826 -61.610054 -65.398956 -59.082924 -55.542971 -56.103702 -69.094207 -46.552756 -46.988537 -69.974112 -52.871651 -59.061416 -55.706475 -56.155453 -67.770779 -68.525603 -63.634257 -64.772434 -52.299645 -56.847538 -63.864755 -52.857089 -62.462512 -71.236536 -55.302519 -58.145499 -44.050569 
-63.844422 -56.371169 -66.118832 -59.408334 -55.414331 -55.748798 -47.110984 -67.711668 -58.574881 -56.740449 -60.297639 -60.502346 -57.864673 -58.706372 -70.132410 -57.634151 -50.291861 -53.796329 -54.485168 -53.903401 -59.895395 -61.701534 -65.582460 -63.673662 -56.307834 -63.396104 -50.991357 -52.937342 -48.542742 -66.399957 -55.286574 -51.970244 -43.495097 -58.060631 -55.880623 -53.728685 -46.589682 -50.629630 -66.502549 -61.902557 -58.479820 -59.289935 -70.822711 
-52.591798 -56.394991 -55.202824 -54.961549 -54.059745 -55.296646 -72.058111 -59.481847 -69.718542 -58.594342 -57.776725 -54.067329 -50.033532 -57.043337 -44.169389 -61.012491 -51.736447 -54.590291 -54.928635 -64.756972 -62.401323 -53.612296 -63.261538 -60.023605 -52.954767 -64.854865 -55.664929 -57.895272 -57.594988 -60.566525 -72.893125 -58.065513 -72.179882 -40.291609 -61.502270 -46.872284 
-54.711790 -56.476853 -55.232386 -55.114301 -51.656450 -55.166263 -73.458464 -56.049764 -51.062122 -60.132344 -57.424887 -63.820396 -61.331120 -56.082592 -67.337336 -42.637572 -62.521549 -53.314925 -51.354823 -63.199490 -53.784918 -65.312068 -60.580000 -67.364850 -61.936253 -46.747997 -54.626387 -46.303878 -59.722030 -49.356203 -51.918104 -68.424775 -61.233057 -49.239633 -67.128435 -38.474219 -64.968128 -67.598586 -60.907268 -50.200266 
-54.629951 -56.608515 -55.935956 -51.939385 -69.714363 -54.909156 -54.120899 -52.066743 -59.491483 -50.560037 -57.600735 -39.254347 -68.987723 -57.787221 -46.433243 -64.802256 -40.136973 -54.041284 -51.952758 -46.825513 -50.644660 -53.931483 -72.736919 -61.649827 -67.689736 -58.531262 -52.861786 -66.622282 -53.379511 -66.632491 -59.318587 -73.288671 -50.487785 -56.388430 -56.960873 -61.417755 -58.090074 -60.180143 -61.473909 -55.583021 -39.060866 -69.440817 -50.884719 -50.814062 
-55.286428 -57.009323 -61.691074 -72.291135 -56.554936 -55.009718 -55.268217 -69.389407 -62.122023 -60.023139 -58.333015 -39.215156 -49.518325 -65.757729 -55.713788 -65.100860 -60.241363 -59.439031 -58.987896 -66.997896 -51.744911 -39.652009 -52.638244 -48.741325 -52.344452 -64.380274 -44.485760 -68.959991 -53.130256 -75.946638 -60.394477 -56.306800 -56.360386 -54.974478 -50.849815 -53.804036 -59.213700 -46.500025 -48.073290 -68.024436 -53.411437 -63.712624 -62.234189 -60.333923 -37.235120 -54.206826 
-53.770893 -55.717163 -64.121463 -53.487571 -53.642355 -63.863761 -54.142499 -60.961294 -61.743621 -56.894939 -58.595624 -39.147165 -53.031600 -54.496348 -40.663233 -41.059839 -56.141315 -72.911348 -61.752441 -55.635775 -50.675296 -54.577980 -42.430258 -49.842465 -65.319328 -63.418507 -53.761930 -74.857671 -68.836623 -58.232651 -53.349518 -46.513219 -46.021674 -67.389333 
-53.911703 -56.652926 -54.710245 -66.667098 -54.748249 -57.418498 -54.960738 -54.322009 -36.739138 -53.809267 -58.104022 -55.555310 -53.295767 -54.891724 -57.840024 -50.876320 -68.985221 -70.384348 -55.851504 -55.951522 -46.467387 -72.031263 -57.459475 -64.363317 -60.696282 -57.331707 -54.143019 -67.953516 -47.870446 -52.767503 -71.150588 -71.914557 
-54.553148 -56.384191 -62.129529 -67.754777 -54.760626 -57.640116 -55.321374 -54.828534 -38.706414 -55.886298 -58.158115 -63.275701 -53.470125 -73.832564 -66.139758 -52.408305 -61.680482 -67.031194 -53.870857 -54.956289 -45.851024 -61.745531 -69.381887 -57.420655 -46.063492 -64.689129 -70.166511 -62.101208 -68.056986 
-61.570246 -56.489802 -44.401569 -63.382782 -56.684038 -63.545128 -55.607113 -54.233931 -37.885159 -55.068347 -73.432147 -59.761633 -53.886179 -54.127502 -51.759006 -51.814542 -64.412416 -65.046397 -53.320290 -60.307256 -46.010136 -57.460560 -57.750970 -62.073505 -54.886431 -57.966248 -53.808176 -68.829053 -61.414541 -65.326017 -47.921604 -67.707809 -60.440292 -57.220795 -55.202344 -50.320000 
-62.467959 -56.544103 -55.301210 -51.218999 -63.343709 -51.190551 -54.439833 -53.574009 -66.518276 -40.244626 -57.375624 -66.497182 -53.963401 -56.256367 -46.266547 -51.578384 -38.238585 -69.420753 -54.540933 -66.341329 -53.101884 -64.122339 -57.319414 -65.218322 -69.683416 -74.197271 -53.895822 -63.753549 -60.812511 -51.536960 -67.929612 -55.350806 -69.125155 -57.725992 -57.059835 -40.977488 -59.120684 -65.162356 -52.390841 -54.848170 -62.021634 -67.667735 -66.738963 
-45.807190 -56.286026 -55.209659 -51.182952 -52.534098 -57.795823 -53.102604 -55.101070 -61.932736 -58.620674 -70.874037 -68.189354 -53.988319 -70.142182 -36.303719 -53.142274 -58.726802 -52.728098 -54.538237 -48.072165 -60.965329 -67.013145 -57.706044 -68.045083 -55.068615 -52.276939 -54.011038 -53.160746 -66.903894 -68.513377 -63.083913 -68.980013 -67.549657 -60.453831 -60.133827 -58.284999 -65.796705 
-58.384468 -55.800827 -55.800326 -73.112597 -49.369404 -67.020613 -61.561043 -54.729353 -61.345957 -64.778035 -58.028388 -74.641777 -53.862273 -60.992391 -37.886493 -52.435332 -63.448808 -70.395625 -53.703080 -65.828036 -52.592252 -52.847982 -57.695470 -40.630182 -69.096090 -66.282287 -53.873065 -50.759931 -54.609071 -66.439339 -54.819437 -56.317330 -56.973470 -64.225021 -57.694978 -63.413796 -54.657970 -41.311312 -62.424439 -68.395186 -62.104974 -72.485549 -54.315150 -61.796826 -53.083889 -71.960931 
-52.636378 -56.405717 -62.048087 -59.256078 -55.425811 -56.288534 -55.937581 -54.028164 -59.286165 -53.298345 -66.896582 -66.766303 -54.164591 -55.116150 -36.233754 -52.488097 -67.217613 -53.272977 -53.771113 -62.376307 -68.369763 -57.310578 -63.447502 -56.642890 -65.738143 -50.654846 -53.683174 -65.753523 -60.111543 -63.130388 -71.296003 -72.293633 -68.200324 -59.258190 -45.980076 
-67.088855 -55.460074 -66.187489 -68.126801 -71.061405 -56.044982 -64.933472 -51.037788 -72.802716 -66.020759 -39.692350 -57.676544 -53.941374 -60.237491 -36.359660 -51.689725 -66.923986 -53.702465 -60.835762 -53.823472 -46.494197 -57.915012 -65.998307 -51.781345 -66.532793 -48.992211 -54.051264 -53.572757 -57.102333 -69.898265 -60.227883 -60.022166 -69.511636 -60.260239 -37.622891 -61.327336 -56.604244 -62.036830 -59.619951 -53.335594 -66.089978 -55.646755 -55.469342 -55.033458 -62.306528 -57.254732 -71.464070 
-39.921048 -64.405325 -53.245068 -60.863172 -60.945336 -53.993265 -55.984672 -64.539030 -57.781024 -72.427365 -63.762451 -55.203232 -54.055329 -61.248915 -67.520996 -51.038362 -61.137006 -51.293259 -47.778576 -55.507310 -45.648695 -48.349204 -55.866949 -53.959137 -54.598772 -50.294373 -53.594205 
-66.520810 -51.795001 -52.691005 -57.542776 -50.324056 -64.356399 -55.881985 -60.031845 -58.466586 -58.515722 -66.799330 -54.611688 -54.175746 -64.266079 -50.754957 -51.911052 -56.999314 -52.803970 -54.954346 -53.977061 -46.556328 -57.573108 -59.559037 -53.867450 -53.877775 -52.667117 -61.548151 -69.379990 -67.859114 -60.599950 -63.206209 -60.319257 -68.739870 -60.613042 -36.050175 -58.000656 
-63.489520 -62.010148 -64.761218 -53.523391 -50.381587 -68.168280 -48.875177 -53.827797 -58.494844 -65.962695 -52.948128 -54.522929 -54.682263 -54.092706 -50.156328 -56.079339 -55.540050 -39.392839 -56.264321 -55.038866 -64.564160 -69.202065 -38.376504 -53.389028 -53.944212 -73.031278 -61.552253 -53.982443 -66.976806 -68.944708 -58.194434 -72.478113 -54.265253 
-62.317695 -57.042955 -60.244607 -71.026688 -49.565862 -39.177356 -39.252022 -65.292756 -58.160499 -54.802454 -51.426947 -55.513155 -54.757817 -53.739174 -67.206007 -68.085230 -63.691164 -60.774458 -61.361607 -55.097723 -54.314254 -61.097504 -59.697896 -62.150398 -51.333503 -49.402566 -56.750711 -66.141735 -53.860641 -65.725307 -39.497685 -59.950053 -68.794869 -50.787476 -59.119811 -53.729823 -48.661232 -59.466273 
-50.493494 -57.091540 -67.617303 -47.130099 -49.803294 -38.834755 -68.799168 -56.391757 -58.279220 -55.956025 -39.490602 -55.664761 -54.757817 -54.383025 -64.943495 -67.727743 -51.024801 -40.881209 -64.465391 -54.992394 -53.509278 -55.759543 -62.607297 -53.932789 -66.948483 -47.968773 -63.324801 -69.598498 -38.763257 -49.379775 -46.616888 -56.237280 -52.585755 -66.275010 -65.873500 -49.903301 -70.516582 
-61.749445 -62.241456 -41.605923 -47.321251 -49.677244 -58.167992 -64.526615 -60.380440 -63.807055 -55.956025 -64.134019 -55.770990 -54.606976 -54.110364 -69.597236 -63.144502 -48.924509 -70.487405 -49.490500 -54.992394 -71.937994 -57.120771 -51.930103 -53.957596 -48.914264 -67.813018 -58.784204 -60.699030 -40.823369 -65.920254 -51.847016 -56.237280 -72.455891 -50.179381 -53.499161 -58.012336 -48.057577 -58.610072 -74.209520 -63.372784 -60.893952 
-57.294136 -48.278490 -56.183274 -57.773769 -62.133609 -57.283321 -63.921501 -50.518225 -60.097756 -52.107857 -66.918415 -56.132452 -54.606976 -53.828324 -60.530754 -58.387939 -61.998649 -60.737466 -57.940951 -54.986641 -61.214459 -63.569241 -53.441329 -54.321223 -69.843225 -68.240799 -50.838711 -46.957837 -46.358837 -67.380547 -58.768237 -56.860575 -69.007560 -47.318072 -55.199494 -59.957756 -49.844110 -46.834151 -66.713758 -70.605854 
-58.214111 -47.981221 -56.802770 -72.428100 -47.558100 -57.297732 -68.052790 -57.882732 -55.261889 -38.489087 -48.613754 -55.206249 -54.876998 -54.605960 -66.118678 -57.547937 -67.398740 -57.173736 -58.011682 -55.064730 -54.034332 -51.770536 -64.472791 -47.360685 -63.406172 -55.033969 -68.549028 -60.547039 -45.457821 -65.815430 -64.795530 -75.228973 -58.825699 -60.319410 -57.314952 
-58.161397 -62.951269 -47.834414 -70.077981 -63.220027 -50.331677 -54.500661 -62.952224 -46.606280 -54.936623 -61.513849 -55.483457 -54.911997 -54.332281 -66.583018 -59.110130 -59.784545 -59.998041 -52.483326 -55.400102 -56.506701 -39.236317 -62.605569 -66.354891 -68.426980 -44.910947 -53.934334 -49.035941 -62.616568 -58.489848 -43.371355 -62.306625 -62.689831 -47.343933 -55.408598 -48.819869 -62.940274 -49.393682 -67.890257 -52.719042 -69.644778 
-56.305676 -49.190538 -51.139798 -56.548182 -63.504400 -50.730545 -60.060403 -46.996297 -60.333944 -55.198781 -58.368613 -55.914032 -54.911997 -54.611783 -66.327996 -60.005686 -58.438102 -53.080410 -68.705099 -72.310218 -56.330734 -39.175510 -60.729498 -64.358522 -42.407411 -59.486517 -55.710416 -51.905354 -51.222167 -63.236454 -52.650799 -46.011590 -68.057764 -65.593629 -49.276540 -55.275601 -63.724178 -50.578862 
-57.624167 -53.903114 -50.923390 -56.919895 -63.539754 -55.608383 -50.443056 -63.494545 -46.142870 -55.568370 -63.499683 -56.440597 -54.854063 -54.653597 -48.813076 -68.375409 -37.259834 -67.282985 -67.146822 -50.985930 -56.144582 -70.278994 -64.008960 -57.374526 -62.340963 -59.774575 -53.183102 -51.029911 -68.789913 -52.259869 -65.523383 -67.516110 -40.369343 -46.206153 -47.847108 -64.910757 -55.767956 -59.098536 -66.568045 -69.300577 -48.578817 -69.179436 -59.942885 -45.781468 -54.702288 -47.233344 -73.263626 -54.568694 -47.700894 
-57.975223 -53.529385 -51.020489 -59.702416 -68.891615 -54.627077 -43.614959 -56.006363 -50.474119 -52.155776 -54.826454 -55.918136 -54.809185 -61.527006 -61.830498 -54.938979 -73.349458 -55.462516 -66.656747 -64.337318 -56.489290 -50.031660 -53.723154 -64.632747 -60.966998 -56.826066 -54.443032 -50.019165 -54.547662 -47.829463 -58.349584 -39.348820 -58.682628 -60.444690 -51.662733 -59.889365 -55.774455 -60.235610 -61.711713 -46.725331 -37.557413 -64.354021 -64.429312 -67.151820 -53.854152 -71.483395 -70.278971 -71.941785 -56.166204 -58.768796 
-58.337625 -56.041279 -64.830235 -60.258356 -56.758516 -54.173673 -66.415299 -65.084458 -56.607723 -63.489111 -69.312946 -66.489389 -56.374690 -54.265414 -62.307669 -54.419916 -56.786128 -71.987546 -68.392167 -41.682394 -56.129328 -62.434281 -63.122730 -53.977137 -62.192943 -61.123856 -63.451387 -56.396577 -62.690599 -49.598484 -61.679558 -61.509660 -68.186060 -74.118948 -54.144353 -61.357468 -67.783874 -51.617388 -52.583797 -65.521053 -39.864347 -69.972620 -61.260184 -40.740982 -70.808739 -69.700020 -70.002353 -60.053052 -54.807988 -50.340123 -53.313412 -60.461437 -71.704425 -46.263771 -59.213147 -58.519927 -74.470271 -47.616055 -63.002539 -62.307189 
-58.165077 -70.665680 -62.072816 -40.365667 -56.612898 -53.839431 -73.139160 -59.526752 -69.636923 -69.452962 -61.045009 -73.352358 -56.432982 -61.357578 -54.077378 -54.363202 -47.428542 -63.651141 -67.918899 -66.162579 -56.258720 -60.038950 -58.294662 -54.534680 -58.016660 -51.235609 -63.985503 -58.058667 -61.470815 -60.454102 -58.994204 -57.833672 -52.537064 -56.981225 -53.786640 -50.553609 -56.173026 -61.501936 -39.891956 -53.541588 -41.102404 -64.328939 -62.345164 -74.537528 
-58.141398 -62.862591 -62.418714 -64.741859 -61.997836 -56.148187 -47.310223 -53.568033 -73.647389 -47.648227 -54.523782 -72.834987 -54.848415 -49.171913 -67.860542 -53.759322 -50.795948 -72.999884 -68.458323 -63.135889 -56.280095 -64.837968 -51.013902 -54.368092 -38.531336 -51.654670 -68.754665 -61.653549 -39.822912 -68.432996 -64.408597 -62.438434 -68.839065 -62.359255 -66.406722 -56.959720 -51.758927 -51.375626 -64.068729 -62.436025 -68.389578 
-58.318492 -56.685977 -61.150942 -54.703131 -58.395186 -60.465580 -48.140257 -53.587113 -61.844948 -51.593280 -54.365842 -67.118592 -55.444729 -66.428156 -62.250775 -53.768886 -36.325693 -53.058206 -55.880272 -59.212882 -67.479875 -67.588234 -51.538206 -54.654144 -36.561897 -57.205213 -58.028755 -57.711008 -48.567902 -73.342012 -58.617946 -68.299771 -66.094185 -49.581395 -57.908064 -66.173539 -63.584628 -54.096171 -65.368958 
-58.618782 -56.975831 -51.371280 -54.522137 -59.853605 -52.008565 -46.407885 -54.466327 -69.843114 -49.791662 -54.118070 -36.489863 -55.337971 -62.029502 -60.715583 -54.090104 -69.941890 -56.278299 -73.873003 -61.892323 -59.239181 -57.195252 -57.623078 -54.390221 -62.443995 -67.909460 -48.148844 -69.548457 -49.629499 -67.028478 -61.465561 -40.170225 -54.534799 -66.886927 -64.584973 
-58.909989 -59.590424 -52.167423 -46.348684 -39.617525 -59.271726 -56.149700 -54.326189 -70.962172 -70.916052 -55.053273 -36.344449 -55.019993 -63.312256 -62.283393 -54.717059 -64.234647 -74.337493 -58.715934 -48.843458 -61.890706 -55.741525 -69.963759 -54.641575 -50.817277 -48.914177 -75.299855 -66.409920 -60.346071 -69.258535 -56.876474 
-67.483917 -39.698899 -50.404675 -65.859308 -60.502568 -56.420885 -55.579406 -54.111352 -55.661963 -54.756609 -54.868482 -36.951421 -55.918721 -72.012550 -62.191923 -48.460373 -55.136497 -72.870506 -59.340771 -59.938949 -59.198162 -61.194905 -49.574239 -54.607115 -40.246829 -50.400971 -51.621827 -52.246778 -41.488188 
-54.071369 -62.696966 -51.704559 -63.316901 -71.213538 -57.062127 -57.407328 -53.279583 -56.200818 -68.962696 -54.691810 -50.086566 -64.239679 -63.194498 -54.716697 -65.202525 -55.567608 -58.754857 -64.956329 -48.534520 -48.955540 -37.992726 -62.600508 -50.906926 -59.515649 -54.642130 -62.080959 -65.863378 -45.677054 -68.258289 -68.175669 
-53.889901 -70.502557 -53.068454 -63.388439 -53.208775 -68.182081 -57.549953 -64.568223 -63.108570 -67.515203 -54.653514 -69.597029 -51.816744 -55.847512 -53.741700 -49.646847 -48.454555 -57.805682 -72.605165 -61.244512 -66.910014 -39.197960 -61.042974 -64.885035 -61.008445 -55.812501 -56.648144 -46.618702 -64.183286 -48.553467 -47.397456 -73.168223 -52.797523 -49.049102 -57.436285 -62.293789 -50.549078 -62.772671 
-54.077309 -59.352476 -55.004639 -55.789291 -53.390042 -64.972244 -56.284248 -57.334597 -52.893414 -51.567187 -54.241380 -69.137837 -65.368862 -42.992723 -54.282627 -50.250681 -61.705134 -57.986874 -57.592332 -47.181862 -38.535975 -75.172502 -39.218534 
-54.077309 -58.290773 -71.440535 -54.497583 -53.011720 -63.289422 -55.925109 -72.902842 -64.769557 -70.987089 -61.924999 -70.328740 -52.941577 -62.044834 -53.034646 -49.239306 -35.986746 -55.652145 -57.352327 -46.265642 -55.408361 -57.800729 -62.790056 -75.678867 -56.360230 -54.244560 -69.095880 -72.896856 -59.567468 -56.247277 -60.423692 -54.544310 -67.071086 -68.506766 
-53.864809 -53.654557 -58.349606 -39.479710 -53.499926 -63.057260 -46.630141 -66.182858 -55.202098 -55.025509 -54.528128 -72.263856 -52.941577 -67.460069 -57.070857 -49.347422 -37.926260 -68.346041 -41.160640 -47.053961 -59.662239 -69.107941 -55.377487 -65.379889 -54.993956 -65.238918 -67.904488 -55.252714 -61.659110 -60.300099 
-53.979967 -53.872044 -58.217337 -51.161738 -53.668523 -56.149253 -46.359244 -45.185551 -35.905898 -55.067717 -67.100075 -54.674364 -52.728343 -57.360230 -61.660069 -51.239850 -64.551418 -61.616258 -69.309480 -54.073778 -65.246607 -41.711733 -68.843961 -39.790703 -62.509687 -71.842820 -60.435886 -59.206537 -69.646242 -61.787232 -70.761170 -57.731657 -62.170798 -60.615708 
-53.986284 -54.234758 -73.150422 -68.727267 -53.759046 -55.949184 -48.746467 -46.606971 -37.566911 -54.423175 -57.953703 -54.994174 -53.025452 -56.763938 -66.215826 -68.522472 -62.784950 -63.359801 -47.879580 -73.325969 -62.425246 -53.803488 -54.091223 -42.659604 -66.912770 -68.917546 -64.447261 -51.050142 
-54.445366 -54.457781 -42.990895 -52.118883 -53.617215 -55.358009 -70.766701 -68.871309 -39.221986 -54.730673 -58.445622 -55.184912 -52.905074 -56.290009 -66.463413 -67.952006 -62.865983 -47.666462 -52.177328 -61.848626 -72.280817 -63.690534 -75.170766 -63.704350 -69.403192 -44.895853 -64.251524 -53.044640 -67.142015 -46.170030 -39.195458 -68.465318 -71.859367 -64.786798 -66.862816 -46.094499 -62.278928 -61.453605 -62.175041 
-54.445942 -54.877644 -71.582134 -50.109949 -54.059684 -55.155848 -46.070137 -67.826076 -39.637244 -55.364515 -58.266523 -55.087196 -69.617216 -66.653076 -67.539365 -62.529246 -60.148889 -70.567137 -67.662644 -61.350210 -56.088611 -67.151524 -65.174450 -51.995141 -52.785981 -39.421217 -47.415568 -59.230175 -52.549793 
-54.440343 -54.216053 -56.749071 -58.708502 -53.569554 -57.964540 -46.180675 -57.372120 -39.415180 -55.208159 -58.920164 -55.515383 -52.749040 -63.658824 -66.462926 -60.881300 -55.219214 -66.534513 -60.071453 -61.221650 -54.919043 -62.842420 -58.263374 -53.926756 -57.063056 -58.212089 -61.352233 -58.228554 
-54.179660 -54.450844 -55.236629 -57.455500 -59.097215 -59.395491 -69.078873 -65.795395 -38.750295 -55.155603 -46.119219 -55.171688 -51.119035 -58.734637 -53.598559 -55.456130 -61.201710 -54.356473 -72.384353 -53.849641 -54.568296 -62.152396 -66.383597 -62.889974 -55.170993 -46.475257 -62.560749 -70.920942 -62.392101 -57.987851 
-54.376833 -53.242844 -55.089168 -57.594980 -68.806492 -64.992932 -53.967380 -54.183965 -38.549006 -55.155603 -46.215430 -54.561780 -51.436052 -59.059324 -53.956837 -47.551240 -67.613905 -59.462554 -64.505588 -58.815601 -60.980737 -71.229231 -57.154081 -56.335137 -70.048905 -67.856336 -54.846611 -69.408654 -53.938435 -53.779168 -62.576157 -70.533652 -50.128150 -40.340328 -62.469984 -68.359742 -48.826508 
-54.376833 -59.062492 -55.495228 -58.193301 -38.249566 -63.506468 -54.051484 -66.021082 -50.746272 -55.155603 -46.174017 -57.865805 -54.434084 -53.082938 -53.958833 -68.974243 -48.511728 -52.892594 -54.256977 -59.071486 -47.733220 -61.595229 -58.482144 -58.366439 -61.529192 -68.874689 -62.192393 -70.369275 -52.778653 -35.111164 -57.592632 
-54.376833 -66.571476 -55.605738 -58.283337 -39.761727 -61.542672 -54.040345 -69.027428 -50.420948 -55.281519 -65.967537 -46.806811 -61.443589 -51.861678 -53.945722 -63.117891 -67.177922 -53.893788 -67.684294 -59.706398 -46.840203 -63.313614 -58.366619 -61.071868 -68.094144 -65.507293 -60.723333 -63.062698 
-54.395034 -69.235541 -55.630119 -58.615270 -37.617366 -62.539780 -54.419323 -61.143114 -50.263662 -55.209474 -64.225179 -65.003349 -62.651075 -50.555797 -53.912316 -52.423318 -58.178261 -59.759145 -65.845119 -67.046993 -49.230635 -61.306625 -58.473517 -61.588244 -54.547879 -52.845335 -61.829722 -47.159502 -64.193644 -65.934406 -66.526698 -61.381763 -69.341221 -74.060031 
-54.555447 -55.343405 -55.595201 -54.645596 -65.793982 -39.120816 -63.188402 -38.035244 -69.689971 -55.319019 -46.800634 -39.436168 -49.643258 -55.364846 -53.025552 -47.952821 -48.781942 -71.240517 -58.690393 -64.913233 -66.034447 -57.096209 -58.473517 -63.915868 -49.660989 -54.788378 -47.052255 -57.693993 -53.958139 -61.151353 -67.926030 -70.939226 -47.480031 -48.971963 
-54.753823 -65.758465 -75.114654 -46.142510 -61.367077 -39.005576 -65.350909 -50.061279 -54.018621 -55.229918 -66.069959 -49.478390 -49.028873 -54.736547 -53.462849 -35.961173 -61.741921 -63.002853 -54.968981 -48.623978 -56.516145 -54.387595 -58.183388 -65.551880 -58.388211 -54.907599 -73.094601 -48.958000 -54.102278 -60.681059 -55.083581 -42.491725 -55.613957 -61.310734 -43.210941 
-54.812084 -54.690490 -63.930168 -48.095980 -53.950222 -58.917194 -58.749357 -63.755985 -63.415975 -69.217305 -52.391681 -49.822106 -52.220228 -63.070334 -53.322197 -56.671683 -61.362806 -61.542271 -55.676189 -59.494604 -48.472218 -48.923556 -58.307960 -54.599729 -55.156021 -47.957990 -57.526868 -38.644910 -48.234828 -60.620177 -59.641496 -60.112411 -53.698248 -72.762234 -62.623278 -50.575229 -56.054846 -57.205549 -62.105996 -60.525787 -66.029898 -62.629296 -67.297607 -60.095663 
-74.763821 -54.690490 -50.594598 -46.439928 -62.156866 -59.840275 -68.328849 -39.263522 -71.905924 -53.669265 -54.505598 -49.773072 -75.491361 -47.667270 -68.314386 -72.703761 -72.986068 -56.247473 -55.676189 -60.437146 -72.411103 -48.128102 -58.307960 -54.806751 -60.398370 -47.342818 -67.398567 -62.782078 -53.962641 -73.187809 -47.970730 -58.569858 -53.320182 -55.906082 -65.510220 -56.476138 -64.834327 -66.351314 -65.117985 -71.136899 -56.289290 -69.395196 -69.180636 
-63.684629 -53.756434 -63.083155 -52.985478 -48.675222 -69.054690 -64.058439 -39.217162 -47.963608 -65.339843 -54.181307 -51.073826 -45.999243 -56.890710 -66.078162 -62.171665 -67.762420 -57.072974 -55.676189 -61.665669 -66.658957 -53.173036 -58.202481 -54.864351 -49.614273 -55.166260 -70.490949 -62.290590 -42.568934 -53.689649 -71.172603 -71.879161 -48.686311 -63.514251 -69.121266 -50.537104 -69.279608 -66.451923 -67.587941 -63.174067 -56.145147 -63.177202 
-48.892948 -54.040580 -62.954674 -51.916357 -69.331412 -51.935203 -64.115207 -39.383778 -47.673053 -57.891988 -54.108597 -46.657560 -53.968482 -63.842544 -66.273181 -67.999504 -64.776632 -57.499524 -55.826571 -59.834850 -73.027963 -67.306438 -58.301078 -60.995273 -53.515897 -59.142097 -48.866206 -50.520031 -56.518535 -53.771258 -59.016094 -67.030719 -53.894353 -49.586043 -62.734223 -70.619719 -71.576703 -52.361347 -69.600948 -62.464238 
-50.992918 -54.040580 -63.491897 -62.889225 -59.268166 -61.490095 -60.981031 -39.235278 -47.580091 -60.868049 -54.129111 -73.357869 -54.152733 -42.218483 -46.640639 -65.586829 -50.358802 -56.483660 -55.464554 -67.634714 -58.550355 -75.354996 -64.455804 -62.837258 -54.123770 -50.224278 -51.808460 -66.628164 -63.079454 -54.385661 -59.741419 -49.993403 -59.178500 -50.128155 -48.564039 -58.322347 -62.019040 -51.667592 -67.124730 -54.280122 -47.592926 -65.723818 -75.577045 -68.396440 
-50.553374 -54.239219 -49.720365 -39.362735 -60.177219 -68.545372 -58.791135 -38.285183 -62.605435 -50.951564 -54.293935 -61.919061 -53.690888 -63.692403 -63.821406 -54.793473 -48.155800 -67.823501 -55.384775 -46.709601 -63.066022 -59.705801 -58.464627 -64.377832 -53.690555 -71.199167 -72.610936 -48.284693 -57.585899 -54.785389 -50.701504 -51.926063 -55.776990 -51.008768 -59.934722 -60.771386 -58.732519 -61.733020 -52.780142 -64.441664 -53.894028 
-49.751952 -54.016163 -58.070829 -71.749676 -43.966700 -61.985155 -58.559062 -63.688133 -62.866823 -42.800864 -54.088801 -57.232010 -54.767048 -46.962851 -56.586427 -52.710241 -68.733260 -53.453949 -55.131888 -47.600277 -62.919244 -64.287731 -62.109475 -64.254081 -55.278186 -56.635934 -56.797425 -60.223609 -63.236910 -53.977276 -50.316637 -53.131748 -69.354743 -53.127560 -62.140760 -57.715365 -66.481946 -50.123892 -51.225198 -65.278836 -60.620807 -53.245084 -52.105814 -46.759013 -56.091082 -48.423357 -59.430999 
-62.156262 -54.606870 -51.620920 -70.621024 -45.920295 -62.758327 -59.078613 -42.931775 -65.270760 -41.993771 -54.690463 -51.290557 -54.322529 -60.706591 -61.432864 -48.502807 -63.768771 -54.520560 -54.820291 -46.728234 -62.482243 -73.852931 -47.174963 -61.077219 -58.382604 -56.824714 -66.487686 -59.687589 -64.244026 -54.884274 -49.870961 -61.789351 -57.210223 -64.194169 -65.962247 -53.492158 -52.150103 -59.408258 -53.215686 -67.180125 -61.843391 
-50.659080 -53.859066 -69.240685 -74.469044 -69.917128 -51.259783 -57.312852 -65.724032 -65.593667 -68.205708 -53.976988 -65.661558 -54.398445 -42.292624 -65.698998 -54.070974 -63.369975 -57.453528 -54.897164 -68.596228 -53.914160 -42.534562 -48.818233 -60.277982 -58.379728 -52.624643 -51.623922 -62.917296 -60.775591 -54.208855 -47.346581 -48.312097 -46.641255 -62.024732 -55.172771 -66.486112 -57.957514 -51.466064 -52.922411 -53.432446 -60.376410 -61.418316 -58.526017 -72.654891 -46.565373 -49.528151 -65.678801 
-60.784858 -53.975585 -72.911825 -52.657377 -52.914754 -51.952733 -40.019203 -57.084609 -49.806045 -61.992747 -54.089075 -65.888906 -52.352942 -52.724322 -72.352739 -55.707250 -52.699965 -62.070475 -56.177717 -51.328756 -61.639535 -72.073454 -48.408972 -69.356742 -57.972693 -62.960728 -64.916992 -67.381145 -70.302759 -53.912714 -62.356526 -47.959602 -52.840326 
-58.923718 -54.540901 -69.110921 -53.513063 -59.335032 -51.921585 -37.156614 -46.101290 -56.598726 -50.145514 -54.089075 -66.582047 -62.441271 -61.756525 -54.569590 -54.998989 -58.141722 -58.275412 -56.608439 -51.583345 -60.583513 -68.736260 -41.242448 -62.273317 -57.572663 -63.115149 -62.919060 -54.607610 -73.785973 -63.750255 -49.228598 -57.809901 -69.459024 
-67.787871 -54.140143 -59.185897 -53.857605 -51.518208 -57.175690 -57.695048 -59.076901 -58.186561 -60.228158 -54.287377 -68.984495 -62.829634 -63.063064 -53.964532 -55.273835 -50.141906 -69.476083 -56.709673 -53.247444 -71.948639 -40.245901 -58.399482 -47.017528 -57.597664 -63.131345 -67.025773 -63.087989 -49.695549 -55.303732 -68.712547 -36.697406 -60.621801 -65.465780 -50.003869 -53.833033 -46.985034 -58.477732 -56.921156 -61.556627 -40.771600 -52.514826 -69.910125 -58.342507 -64.943641 -52.201765 -58.078938 -67.194803 
-54.177598 -54.177001 -60.773020 -54.105682 -40.573417 -48.151441 -73.794088 -63.112951 -62.787206 -75.476199 -53.911831 -52.362666 -64.902815 -58.262023 -71.157145 -54.620937 -74.761794 -58.448574 -64.032485 -60.925998 -71.257742 -67.768186 -54.035103 -45.840566 -57.543764 -62.947399 -65.256550 -60.364098 -73.079902 -54.812068 -50.291045 -62.033912 -39.862894 -56.286774 -50.860625 -47.383810 -46.881046 -55.985501 -67.912671 -63.668740 -61.869682 -53.582023 -51.879103 -51.082377 -71.250712 -67.203100 -69.137458 -58.831392 
-47.856702 -53.925070 -55.580340 -45.870869 -41.759786 -51.592258 -54.086730 -65.983532 -63.116048 -66.477146 -53.938966 -62.282753 -50.304357 -56.803699 -56.403537 -55.522999 -52.545075 -54.604377 -53.897390 -65.400629 -68.073221 -69.551909 -54.915091 -45.625146 -57.062534 -54.704987 -48.940561 -52.587358 -48.263869 -65.220288 -64.081261 -62.778787 -63.446018 -71.191086 -62.075550 
-67.677609 -53.935611 -51.426377 -67.615319 -41.299070 -47.207479 -53.720116 -49.145621 -47.288971 -54.313394 -54.097125 -56.206629 -50.693027 -63.841690 -68.537778 -52.874082 -58.818786 -54.831639 -52.392239 -65.866549 -48.804317 -58.345212 -54.204713 -48.595978 -53.219199 -48.901142 -69.585801 -70.454483 -63.992085 -63.213276 -56.287687 -50.447084 -57.208236 -52.004941 -69.405624 
-51.074028 -64.087726 -67.265994 -51.633485 -65.831578 -64.020651 -53.501247 -48.496630 -53.225502 -53.194037 -53.906699 -65.688820 -54.008366 -49.595946 -61.261448 -65.159358 -59.548632 -56.360809 -46.624133 -56.956702 -72.701708 -57.682848 -54.190436 -53.239323 -66.639221 -51.156506 -61.665564 -56.282752 -63.361320 -62.133224 -45.862699 -57.749987 -47.549474 -67.274211 -39.011853 
-49.607081 -52.891587 -66.352549 -46.095860 -66.530504 -65.325085 -53.405940 -51.161429 -49.983664 -53.266195 -53.830228 -52.717731 -53.204389 -63.615873 -56.994831 -56.680735 -48.643970 -56.360809 -44.910817 -60.151366 -39.903361 -57.703110 -55.056508 -73.777429 -63.094811 -69.659308 -51.096969 -65.925083 -68.179120 -64.727726 -67.439723 -47.282169 -61.115743 -71.496751 -58.280468 
-65.518672 -55.165132 -59.171037 -68.572064 -68.245813 -38.427607 -59.119619 -47.284608 -51.678839 -64.249381 -63.912695 -54.014519 -53.394128 -56.993234 -61.047194 -69.167740 -43.000560 -56.338684 -44.371096 -51.835086 -50.297337 -57.496058 -54.899694 -55.647612 -56.285731 -59.243356 -54.947034 -59.781731 -68.701506 -64.715070 -60.983652 -65.577603 -56.015594 -68.306126 -65.469553 -56.088013 -57.512702 
-75.129540 -53.844179 -58.141285 -73.568603 -47.595966 -59.853215 -56.815179 -48.049305 -59.924510 -59.283262 -62.602718 -54.014519 -53.695565 -63.604377 -61.506976 -58.646776 -50.649094 -56.397048 -51.690274 -55.172815 -39.376937 -57.925833 -54.373965 -66.661145 -52.433799 -73.639193 -54.665467 -61.638482 -53.200200 -46.135997 -39.282251 -73.870202 -53.382876 -50.157622 -65.847879 -60.192645 -63.879464 -59.238414 -62.214438 -73.019269 -60.873452 -51.841357 -58.853508 -55.362307 -57.325136 
-45.848456 -54.471152 -54.107317 -55.855112 -63.215514 -67.989508 -54.539921 -67.121990 -71.526446 -54.029604 -53.618535 -54.284328 -60.268477 -67.154527 -62.489394 -50.800017 -68.302153 -56.305446 -51.830527 -53.367013 -38.263116 -58.261779 -75.178887 
-45.191705 -54.595157 -61.075507 -54.680210 -74.609092 -65.554074 -36.182837 -57.673071 -62.375349 -53.452292 -53.879190 -54.293856 -52.474687 -63.163785 -60.735766 -48.591645 -64.237371 -56.371680 -51.713517 -47.096866 -66.664413 -58.282623 -55.790354 -57.855704 -66.168082 -59.411414 -60.330226 -70.544790 -59.358476 
-61.617007 -54.264754 -65.016594 -49.067723 -55.666016 -55.515733 -35.584217 -59.843476 -61.180626 -53.169214 -53.994168 -54.551837 -73.210977 -57.142846 -61.160114 -64.823614 -66.936394 -56.371680 -51.425277 -48.169618 -57.184358 -58.366926 -45.982177 -51.300818 -56.532958 -67.111102 -69.985676 -65.027523 -47.911063 -61.398666 -69.586635 -69.124569 -64.606615 -56.714767 -46.627806 -52.992218 -66.549955 -67.315204 -57.836541 
-53.360242 -54.061392 -62.783810 -69.547490 -54.338914 -62.827951 -38.122215 -64.176671 -54.641014 -56.802473 -54.926486 -54.809831 -47.896608 -62.583476 -51.494521 -54.173806 -55.336698 -56.180065 -56.546641 -48.656069 -68.861650 -58.441608 -46.103711 -50.005154 
-63.924822 -54.061392 -45.617804 -50.018904 -55.218685 -60.467254 -36.387026 -56.460166 -53.520176 -49.189276 -54.451267 -54.742936 -72.343023 -58.669453 -48.507067 -47.858782 -64.382999 -56.150382 -63.154681 -58.251193 -61.759493 -69.483936 -63.577217 -48.814236 -49.157323 
-60.055564 -53.606893 -50.385509 -54.117222 -53.949841 -72.258406 -38.960341 -57.327068 -46.989080 -50.509480 -54.801017 -54.839254 -55.243643 -58.266809 -48.038841 -62.164082 -46.336041 -56.394953 -63.256256 -65.281506 -68.705837 -48.659201 -58.543011 -45.777319 -58.539507 -61.386432 -63.607959 -58.743208 -60.804621 -55.573056 -57.075523 -46.795299 -63.454631 -53.659414 -47.912441 -62.431133 -65.199734 -56.410699 -65.043398 -68.513545 -39.510671 
-64.687023 -54.432471 -49.640177 -66.675272 -54.436984 -65.620401 -73.207153 -62.188000 -56.825518 -61.211175 -55.082079 -53.989186 -53.890554 -58.517531 -61.310368 -52.306166 -35.617723 -56.377712 -70.345343 -46.716948 -64.624012 -64.117229 -61.746101 -54.414000 -67.922728 -71.529113 -55.171997 -56.289167 -47.408600 -55.422967 -74.046661 -47.676451 -61.290324 -59.364074 -66.793027 -59.815118 -64.497791 
-45.842335 -54.341569 -54.453879 -72.559795 -58.275614 -47.651063 -54.713230 -66.059844 -56.476777 -42.007322 -55.106761 -51.669714 -61.159985 -58.517531 -66.538987 -50.286751 -35.492905 -56.377712 -68.609876 -49.948521 -64.479332 -64.269979 -61.887719 -60.634352 -64.681264 -53.935776 -55.141808 -53.864286 -48.265855 -51.390112 -46.843323 -46.740277 -54.949325 -64.282299 
-65.645480 -54.153046 -74.481741 -72.425776 -62.700209 -69.363338 -67.606872 -48.440644 -59.319326 -60.964238 -54.863115 -57.646130 -55.452367 -58.627322 -58.108471 -54.136961 -57.572387 -56.351944 -49.789244 -38.095480 -46.089537 -60.017890 -55.588161 -51.602863 -62.904199 -47.446513 -55.087177 -60.002244 -59.075933 -65.957512 -66.425212 -57.541058 -63.255435 -47.622839 -50.590803 -48.739707 -60.870894 
-71.170144 -54.347582 -55.778890 -50.972042 -47.212105 -65.896597 -66.685653 -48.912250 -58.511614 -65.188955 -55.024137 -63.083952 -54.623295 -58.430089 -64.954709 -57.872244 -47.457841 -56.266602 -58.812508 -63.748605 -68.054033 -49.192145 -70.215437 -54.523256 -50.227509 -63.240478 -55.002445 -61.474671 -47.472023 -59.713647 -68.569502 -61.887433 -67.552878 -55.780924 -38.751337 -57.607192 -57.776128 -63.047855 -63.028964 
-54.736779 -54.254068 -54.696337 -66.772291 -57.395702 -61.062007 -48.117190 -48.553266 -62.949144 -55.055692 -55.118461 -50.920182 -47.113798 -58.506205 -38.632795 -55.389326 -47.180438 -55.880765 -70.734417 -64.769388 -54.152115 -49.536318 -45.966913 -62.010922 -60.718325 -62.508259 -65.506996 -62.215958 
-55.277862 -38.458420 -50.711893 -59.039850 -71.324120 -37.413410 -53.840369 -48.523093 -59.149082 -54.967154 -54.977407 -65.064975 -56.946003 -58.285636 -42.075447 -58.081341 -66.727630 -55.883792 -55.457115 -46.039425 -47.937292 -50.948410 -66.116012 -64.586513 -54.625479 -47.022614 -55.476788 -64.656556 -61.559486 -38.474122 
-54.939233 -47.293314 -48.468907 -58.463572 -71.251954 -63.547416 -57.734176 -58.948587 -39.552947 -54.950320 -54.902459 -71.133672 -69.710853 -66.485288 -41.683025 -55.605490 -66.752759 -56.024574 -64.477627 -62.342820 -55.098060 -49.647837 -62.455449 -47.066386 -54.514360 -66.564507 -48.362539 -63.574714 -67.421669 -54.407814 -56.903663 -57.088862 -75.607357 -60.690406 -62.780967 -40.577544 -71.179306 -68.010720 
-55.221163 -61.297694 -58.682192 -62.683018 -65.188799 -46.346609 -39.879993 -68.740667 -62.604679 -55.020190 -54.319021 -55.436422 -51.964356 -50.116569 -45.174179 -55.411702 -57.362797 -56.097760 -57.759475 -70.651935 -58.789697 -61.351540 -67.202461 -66.839902 -54.375574 -49.462965 -69.023342 -48.513573 -57.935973 -68.657971 
-54.498487 -53.537405 -58.710295 -53.493672 -52.733049 -62.566527 -62.133477 -61.456258 -67.630226 -54.957148 -54.709848 -64.861448 -52.604589 -52.922122 -58.064718 -48.658481 -47.820511 -55.711573 -66.452227 -50.563534 -58.850835 -35.696089 -51.831632 -63.923984 -56.550513 -69.111369 -56.309766 -67.434459 -68.716393 -67.282419 -40.087106 -57.918426 -48.594457 -67.875308 -64.116559 -67.948547 -62.151902 -59.877462 -61.282665 
-54.464492 -69.873876 -58.596121 -53.042668 -55.940634 -65.029875 -54.722380 -61.948708 -66.575411 -54.836240 -54.949561 -69.209940 -58.785794 -51.804621 -57.771484 -58.657122 -64.863797 -55.560810 -64.883485 -49.264860 -56.429437 -59.474836 -52.735513 -53.355296 -53.618088 -57.894652 -56.541832 -39.012879 -38.425839 -55.186820 -58.572531 -47.619523 -63.113575 -63.820308 -71.879833 
-49.252988 -57.643686 -56.964081 -54.175491 -46.326560 -63.154809 -74.239256 -69.474688 -69.094657 -54.974275 -55.024485 -62.171103 -58.787616 -51.375472 -68.964204 -46.522102 -64.700512 -55.646604 -52.918781 -39.273900 -51.632870 -73.283628 -56.371704 -62.728065 -57.499785 -59.223549 -57.245568 -57.692589 -65.808850 -71.647328 -46.857936 -62.526428 -62.311842 -59.825056 -40.483270 -63.109018 -60.631234 
-68.641424 -69.630316 -55.526186 -55.405671 -70.881446 -63.584651 -69.325828 -54.876340 -68.440075 -54.829609 -54.750415 -60.754767 -58.423869 -57.003814 -65.106213 -47.053178 -63.457132 -55.646604 -54.881539 -49.662301 -61.295910 -61.473792 -55.917447 -41.207100 -62.270462 -50.258741 -53.599365 -57.071262 -59.526769 -54.236012 
-39.195986 -56.140004 -60.007046 -64.790308 -66.786572 -61.171572 -65.065679 -70.663121 -53.274539 -54.781698 -54.640813 -58.289864 -49.746017 -63.636615 -68.990311 -50.460753 -47.274161 -56.144497 -55.089929 -63.681688 -54.524487 -58.838508 -55.211559 -71.392890 -63.470161 -43.484995 -37.769156 -54.005038 -63.654374 
-35.211133 -56.437246 -66.096649 -69.426985 -68.822797 -59.723467 -66.532578 -68.148402 -61.825125 -54.628310 -54.528849 -57.928127 -49.792137 -67.601831 -58.934744 -63.230823 -59.029327 -56.218564 -54.670358 -61.071412 -54.298341 -48.273768 -46.871432 -69.717819 -50.600921 -52.142436 -46.504896 -49.413078 -64.203853 -61.793916 -48.231777 -59.172391 
-65.360092 -53.720574 -54.798235 -53.977768 -59.401447 -63.558604 -70.753692 -55.239224 -52.573683 -54.628310 -39.814842 -57.666170 -49.159554 -46.466015 -62.470648 -49.370022 -63.773399 -56.541219 -54.612955 -63.364276 -67.056748 -62.341384 -64.464051 -62.207489 -54.214364 -71.338110 -58.867620 -71.375090 -59.567322 -60.305630 -66.036053 -74.026626 -71.148117 
-71.327192 -52.033307 -53.873847 -54.260349 -43.177359 -53.038171 -69.021532 -55.283132 -53.002543 -54.700173 -67.045354 -57.625586 -68.680143 -47.317995 -60.597976 -50.319898 -68.452754 -55.623084 -54.618316 -54.209898 -56.169195 -49.181205 -66.808928 -53.546787 -53.802078 -44.467718 -63.066384 -65.999899 -65.919699 -52.509041 -57.650285 -56.581357 -42.995836 
-61.982563 -56.199122 -54.953899 -53.316068 -45.865950 -66.310390 -49.777919 -52.557623 -52.602174 -54.564265 -54.733112 -64.631594 -64.286502 -61.260472 -58.416806 -59.011839 -60.631117 -55.900071 -54.410764 -54.660864 -58.349076 -48.146976 -59.303402 -55.701335 -57.096344 -57.941079 -56.682659 -48.071426 -62.896828 -55.741116 -67.950672 -64.274300 -54.134060 -66.141539 -58.075096 -54.412243 -68.285692 -69.078994 -38.761859 -61.886430 -67.296203 -57.494846 -57.184338 -56.874085 -72.431611 -47.815266 -75.452903 -47.643593 -47.261831 -64.519294 -39.990134 -61.310724 -69.984194 -61.393372 -63.330002 -64.623259 
-71.349961 -56.280830 -53.791883 -52.904001 -54.056652 -58.947416 -68.862701 -47.577475 -51.916684 -54.147308 -54.197608 -51.567658 -65.308603 -61.671111 -62.775912 -66.680073 -73.236544 -56.269500 -59.765033 -49.074467 -65.140127 -41.090458 -54.353503 -55.340293 -64.954878 -49.254985 -63.537337 -46.663899 -60.330836 -55.909686 -57.282266 -56.980317 -60.969436 -74.496275 -55.788636 -55.327859 -57.906176 -38.773940 -49.988533 
-57.815194 -67.364351 -56.239314 -53.555118 -54.069500 -54.301687 -67.834674 -58.850444 -53.685990 -54.386898 -56.849359 -46.754163 -59.048481 -40.814513 -48.454016 -52.416653 -64.677031 -55.677316 -53.299075 -62.711417 -54.618280 -72.936180 -54.246330 -54.209899 -66.738332 -48.507732 -68.426177 -67.758791 -71.357520 -70.535721 -41.638655 -51.246104 -46.406254 -69.837789 -62.415768 -54.241101 -54.598346 -69.389017 -66.075906 -48.457306 
-55.438764 -67.811069 -54.716720 -53.409204 -64.326160 -57.586596 -55.689428 -36.548542 -44.823171 -54.655377 -48.226959 -46.298739 -60.535972 -40.074658 -47.910040 -46.756606 -52.790166 -54.998577 -63.534344 -64.929060 -55.179738 -59.140995 -67.897028 -55.216986 -72.244952 -48.857162 -62.981132 -64.828821 
-56.025859 -46.708523 -54.215011 -37.289881 -71.681534 -62.788577 -38.077444 -61.170124 -46.458287 -54.257451 -67.076601 -48.019226 -55.177433 -60.233406 -48.089131 -40.925147 -52.157974 -56.062582 -50.349496 -58.302093 -54.129368 -57.922179 -67.149393 -53.027811 -68.161790 -49.421411 -62.542044 -53.848173 -66.268763 -58.910300 -53.400023 -51.955790 -52.056600 
-55.807885 -72.461409 -54.270567 -37.207464 -65.312756 -59.791904 -50.527123 -46.879158 -69.701951 -54.463667 -67.230088 -69.978194 -54.145395 -62.769992 -66.859573 -59.928592 -52.245564 -55.933783 -48.442980 -53.985202 -54.033839 -74.543000 -61.685758 -51.384708 -50.085490 -50.097963 -60.826476 -53.321887 -70.842668 -46.660475 -69.166451 -43.102884 -57.377443 -52.976026 -46.515130 -52.493534 -63.575430 -61.608892 -53.547572 -49.586928 -53.398377 -73.334646 -56.777863 -52.817692 -63.404363 
-56.213910 -71.322057 -54.685164 -51.716317 -36.158816 -63.106766 -58.597643 -46.086944 -52.982490 -54.828352 -65.917659 -61.754730 -54.617890 -55.044986 -52.723006 -66.808336 -53.747236 -56.709548 -63.551180 -67.030856 -54.926699 -64.910746 -53.358608 -48.815084 -67.811536 -62.525818 -50.303123 -57.832349 -46.069160 -65.913586 -69.925185 -65.823213 -57.363084 -69.816872 -61.016888 -63.111268 -69.397019 -57.733280 
-55.732865 -63.051751 -67.177969 -53.002378 -46.831983 -62.552659 -63.116859 -54.853936 -60.385134 -55.309480 -64.404641 -62.843550 -54.261399 -55.044986 -64.554061 -61.709337 -53.974173 -56.709548 -62.035391 -66.057843 -54.832649 -54.062552 -53.622059 -71.518111 -44.702673 -60.462437 -60.423570 -67.130512 -54.165143 -51.834393 -69.789325 -47.097184 -57.363084 -52.818328 -47.239093 -59.217512 -39.274535 -59.418134 -66.450591 -51.830074 -63.460031 
-61.387752 -64.525173 -61.217449 -56.288338 -54.010493 -58.511373 -59.426601 -55.218072 -52.760057 -55.070920 -58.102634 -62.906770 -66.179170 -56.247391 -58.959645 -69.378872 -61.797038 -56.541689 -63.865176 -66.962763 -53.903487 -51.134334 -56.728907 -67.379642 -46.373821 -57.293063 -55.244299 -60.149248 -56.348170 -69.076291 -52.353999 -46.913075 -57.507293 -54.585857 -60.547748 -75.283730 -38.791246 -73.971257 -66.037444 -64.885239 -60.354964 -67.401140 -52.178355 -49.109383 -59.436900 -52.659718 -53.498364 -60.005476 -63.631553 -51.795095 -61.508206 -58.767751 -58.684330 -64.967358 -62.130088 
-52.405835 -63.416196 -62.882620 -59.385035 -53.580252 -64.170434 -38.435135 -55.036170 -58.435833 -55.513459 -55.130454 -62.770759 -59.589770 -51.399424 -63.989760 -61.288431 -47.907140 -53.109467 -50.723225 -56.806108 -53.857006 -67.781466 -67.269173 -71.378610 -45.981488 -57.452609 -56.135821 -56.203958 -60.164061 -67.738331 -59.952470 -47.548636 -58.022253 -55.031791 -60.372259 -68.696663 -37.850091 -58.374099 -63.986521 -64.366564 -53.699147 -56.036732 -67.680023 -59.623977 -58.027454 -62.287355 -64.190477 
-53.469150 -62.450049 -52.284812 -51.789698 -54.134887 -52.535340 -39.334924 -54.617349 -54.131242 -55.377092 -55.196377 -62.668853 -61.082178 -57.894126 -48.031103 -62.715784 -62.033096 -57.099647 -50.324536 -56.531438 -54.793668 -57.370793 -49.592984 -38.612667 -46.803510 -50.289023 -63.922066 -56.917329 -48.263115 -70.603929 -71.787732 -57.687889 -59.373006 -55.105629 -64.909914 -64.870653 -66.255439 -69.390986 -53.500079 -55.388600 
-61.020872 -46.732474 -66.224810 -52.678408 -54.296011 -61.528392 -57.586163 -60.417336 -51.971265 -54.443121 -56.770707 -70.108605 -49.008696 -61.675270 -61.505958 -59.785319 -72.565765 -58.265537 -55.745137 -56.750237 -54.972159 -57.006985 -64.801200 -39.213301 -62.076226 -49.814711 -54.381531 -69.741736 -70.760639 -58.994341 -49.996408 -47.728779 -60.053518 -56.157498 -62.547589 -64.885742 -53.737427 -58.373452 -68.456491 -60.278440 -74.907867 
-68.938083 -46.323335 -64.338064 -59.012716 -54.164603 -61.095162 -63.008614 -46.835695 -51.368045 -54.275482 -49.660127 -61.452928 -56.742158 -49.213948 -58.911962 -57.689424 -50.865158 -57.869178 -56.754010 -56.583615 -54.032192 -57.148838 -68.980558 -47.903359 -59.637062 -57.462506 -54.531154 -68.197321 -53.724340 -49.399772 -49.090324 -53.302644 -70.366247 -55.817811 -61.932355 -58.467975 -67.400814 -55.575659 -48.197663 -62.924943 -70.947624 -59.323515 
-56.103074 -71.936084 -62.639439 -46.987229 -53.730129 -59.981641 -52.073755 -52.256573 -53.705404 -53.928587 -46.596123 -49.693338 -62.499930 -63.694566 -63.782855 -55.867228 -69.335492 -58.172752 -53.615450 -56.015661 -54.380376 -56.098890 -54.918801 -51.441242 
-57.091161 -59.881427 -62.028501 -61.040671 -46.719444 -53.702574 -60.878766 -66.498458 -53.698062 -53.903425 -47.809028 -50.940936 -39.353504 -55.111813 -57.580707 -56.367018 -46.216660 -57.537205 -54.103550 -56.254415 -58.668903 -56.738562 -65.752507 -48.541481 -52.031169 -54.615969 -39.891873 -58.420674 
-57.905049 -71.568542 -65.720744 -61.980550 -48.828630 -54.138660 -69.060909 -61.647319 -54.302697 -53.855843 -61.908231 -64.075695 -53.217460 -55.792065 -63.447145 -56.497931 -46.162355 -68.594077 -53.997041 -58.861672 -75.590170 -54.986612 -54.456096 -46.977388 -51.819927 -60.178199 -36.607792 -50.432100 -48.965088 -60.937212 -59.647700 -61.204631 -62.658804 
-56.783812 -75.692024 -46.040343 -60.853237 -48.250508 -60.214081 -45.876673 -59.646605 -54.573210 -54.278013 -59.028283 -47.250290 -68.088242 -56.481863 -54.172220 -56.567173 -47.082669 -57.296715 -53.837852 -39.202482 -53.451088 -60.066240 -52.229199 -67.358712 -55.472718 -63.605243 -64.010995 -61.063623 -65.700975 -64.168046 -67.479782 -66.433812 -57.645870 -73.840213 -50.926711 -60.301445 -59.905945 -65.100449 -70.745971 -48.906812 -39.231375 -48.536882 -65.770496 -66.636581 
-68.088739 -54.233023 -51.287490 -60.903782 -50.698644 -47.978848 -58.234235 -48.345364 -54.410832 -53.873979 -59.301534 -61.925883 -71.765252 -61.797028 -50.929102 -55.654722 -57.593237 -60.512489 -53.914734 -59.206907 -53.389895 -71.093080 -50.671182 -58.300112 -66.741509 -35.678328 -57.886055 -65.935522 -46.290420 -54.335057 -42.345053 -56.085700 -46.140916 -48.852359 -66.700113 -57.182391 -69.399610 -46.305828 -64.826608 -70.612974 -46.586030 
-46.226651 -53.714468 -40.832520 -62.722617 -48.447238 -58.021286 -63.290078 -56.294137 -54.942491 -53.873979 -60.773656 -59.258411 -47.539719 -72.124686 -51.068824 -56.104370 -57.327688 -59.254232 -53.867329 -54.016054 -68.926086 -51.307386 -56.608591 -57.048053 -55.492883 -63.480355 -51.558226 -59.378372 -72.387355 -50.637961 -68.702808 -69.205121 -75.800505 -60.365378 -61.474965 -42.188323 -69.337560 
-60.517137 -53.158271 -56.610348 -68.241071 -64.198858 -68.012046 -70.696398 -66.887297 -54.080418 -53.872439 -56.378667 -69.890158 -58.256965 -45.455692 -48.750117 -55.460610 -57.211626 -55.995267 -53.867329 -54.000565 -65.622640 -66.391989 -40.180671 -56.845352 -64.752217 -64.808530 -52.510809 -58.453588 -52.500139 -71.342539 -61.356445 -64.158018 -69.259515 
-53.742569 -54.428740 -56.657915 -41.662664 -48.019246 -70.485864 -55.852215 -54.028784 -75.371237 -53.887631 -56.313997 -65.126639 -62.224430 -43.690591 -62.542123 -62.757186 -57.616625 -58.974248 -73.176800 -54.275168 -53.647344 -39.476090 -65.307577 -63.837589 -51.688208 -69.756204 -63.524985 -51.991722 -63.114465 -62.447857 
-53.893466 -54.551507 -56.505429 -42.984103 -49.278572 -51.732159 -56.015964 -54.142414 -69.956718 -53.659379 -54.016762 -60.517464 -60.040132 -39.277934 -64.102034 -53.090860 -57.616625 -56.367052 -71.087815 -59.102510 -68.775772 -58.065917 -68.723159 -73.737409 -68.318545 -65.748500 -58.517334 -59.301477 
-68.785344 -66.142154 -56.589022 -56.587251 -68.871007 -50.843845 -54.753143 -66.259270 -48.097828 -53.972547 -53.992606 -64.852442 -56.271170 -47.118076 -59.317436 -56.208016 -57.871359 -37.427806 -52.962982 -67.496157 -46.669946 -53.364805 -56.229561 -53.790981 -51.948397 -63.904129 -70.883819 
-49.443522 -66.831546 -56.598341 -55.845713 -57.778810 -52.561069 -55.407749 -65.432302 -50.007206 -68.053553 -53.860196 -66.876623 -55.353870 -61.217636 -55.172411 -51.033573 -57.578181 -35.366429 -56.511117 -65.417694 -46.842325 -50.484524 -56.133517 -55.155728 -52.731596 -69.520694 -56.602485 -50.726748 -50.158818 -47.978761 -71.922342 -69.590541 -51.928472 -52.251102 
-68.845686 -65.593341 -56.598341 -55.881759 -36.548960 -53.147312 -54.208559 -64.835154 -61.477994 -68.562599 -52.436415 -53.826057 -55.200595 -56.456473 -52.694465 -49.351747 -57.672893 -50.888516 -45.455905 -64.623309 -58.461272 -55.079815 -60.861669 -55.332735 -41.350235 -47.678685 -56.343061 
-61.462907 -71.116192 -56.397512 -47.812228 -52.766590 -52.292301 -52.784441 -63.862701 -61.670451 -59.374722 -51.371661 -64.246127 -55.446855 -55.511751 -65.674667 -58.996206 -57.625991 -49.982398 -48.580291 -64.374073 -59.968420 -39.205410 -61.214270 -57.936796 -68.746051 -47.829263 -63.949110 -72.209322 -66.370266 -54.909114 -51.205126 -47.204223 -60.345077 -63.406735 -52.141497 -74.708692 -62.966098 -59.382770 -57.659001 -62.864535 -59.355380 -62.516641 -56.792247 -56.718986 
-60.062637 -47.860284 -55.995004 -46.806118 -53.024938 -53.748736 -53.211599 -65.780965 -61.347042 -52.978795 -63.414352 -61.571864 -56.581164 -75.119358 -57.740572 -72.127833 -57.895395 -68.510449 -66.764176 -61.556838 -57.621287 -39.293838 -51.196300 -61.231336 -46.954260 -48.071971 -68.268703 -68.020739 -56.742033 -54.741495 -62.924633 -66.187359 -48.337568 -56.270629 -55.462344 -68.999184 -68.681344 -54.706480 
-64.322510 -72.454515 -55.995004 -43.704860 -52.258743 -54.108707 -52.748872 -50.968483 -56.275422 -72.425591 -58.691404 -36.073346 -56.303277 -62.367687 -52.121599 -59.181196 -58.149483 -60.696868 -65.228994 -63.085753 -58.497386 -39.647763 -58.122559 -61.281643 -63.516693 -48.393236 -50.959687 -58.317180 -56.633358 -53.365115 -48.835642 -62.665492 -64.350345 -59.411634 -39.623550 
-69.502636 -53.317561 -56.220722 -46.773912 -52.411114 -53.498182 -52.447701 -66.896417 -64.701374 -53.332046 -52.165017 -38.875482 -56.142643 -62.185378 -51.715917 -58.326320 -57.897061 -48.198077 -63.869009 -64.790294 -72.033832 -66.067172 -69.883408 -48.489701 -50.684389 -66.400384 -60.442334 -39.127120 -56.326027 -53.712258 -48.582423 -63.242917 -53.686229 -53.642239 -39.982183 -50.121617 -69.200664 -54.204185 -70.506030 -55.597492 -51.513653 -59.947586 -49.014927 -65.116847 -66.029620 
-72.170837 -51.665543 -56.220722 -46.204763 -52.117261 -36.468632 -52.797514 -68.164304 -59.762677 -61.716613 -52.711162 -52.940264 -55.805681 -52.816895 -42.472526 -48.264721 -58.231377 -59.694732 -47.745220 -53.947953 -70.358300 -48.210625 -68.623301 -64.118699 -50.769796 -56.005300 -59.091974 -49.169531 -56.276607 -48.605116 -49.661992 -53.071602 -65.302995 -48.788259 -58.934629 -60.740645 -71.796460 -66.764639 -50.374523 -54.835063 -67.641750 -58.820511 -66.517224 
-53.048919 -60.694321 -55.922145 -47.318267 -53.774555 -56.230741 -54.671327 -65.266590 -50.771067 -54.528660 -48.961274 -49.095582 -54.900377 -60.736371 -63.797450 -60.863292 -57.986740 -50.543026 -60.593913 -54.720352 -50.112564 -66.061998 -57.264607 -53.523785 -66.153392 -61.165810 -47.247211 -62.552342 -50.885136 -64.983557 -67.126010 -58.285021 -61.881168 -61.821011 -58.669608 -62.983340 -57.846840 -64.769283 
-55.762970 -67.629990 -55.566479 -45.894497 -52.229182 -57.134051 -53.448631 -61.871493 -55.845625 -54.975011 -50.169463 -50.281608 -54.759793 -69.727202 -66.714566 -57.481736 -57.663466 -51.202912 -61.297048 -54.893001 -57.975808 -73.139970 -51.077977 -62.232848 -60.069349 -45.467058 -51.324725 -45.673660 -67.909401 -64.954620 -59.329271 -67.217073 -74.328772 -64.440672 -69.135688 -46.405868 -63.132155 -58.993735 -65.214394 -68.310629 -59.182039 -66.134395 -75.590389 -57.628482 -61.618932 -57.024575 -59.015687 -57.637054 -59.140033 -55.165537 -62.530801 -72.681499 -61.661624 -56.296171 
-58.440534 -71.559192 -55.335388 -64.982194 -51.187824 -60.078367 -54.508511 -57.905793 -62.395369 -64.031618 -62.112995 -54.124026 -54.772235 -48.180929 -52.376951 -52.118780 -57.771267 -65.531779 -55.164042 -54.840000 -57.515659 -60.597816 -60.920952 -51.199706 -62.969978 -61.033749 -38.758643 -71.021940 -64.053036 -65.741613 -61.817440 -48.202738 -47.299617 -67.721282 -52.305273 -47.646273 -68.696357 -57.095661 -73.043064 -57.439523 
-62.410571 -63.320471 -55.471538 -68.919345 -62.858498 -62.311114 -54.686808 -72.142649 -67.423785 -56.139979 -53.700744 -58.375949 -55.177583 -46.430492 -49.380284 -51.634368 -40.183181 -62.871106 -54.643654 -54.283393 -56.467584 -48.814883 -56.799618 -51.046837 -53.643824 -61.205355 -46.924321 -54.266237 -62.170890 -48.923061 -61.633599 -62.389072 -61.480319 -52.362376 -41.618303 -61.928691 -63.593233 -57.750911 -51.382433 -61.439222 -68.287165 -52.558723 -63.251951 -61.507882 -46.460017 -61.128756 -60.084348 
-53.682759 -47.037543 -55.471538 -61.284870 -63.302339 -62.744021 -54.467283 -51.457767 -65.940808 -37.464203 -66.869525 -58.216632 -54.768110 -58.746060 -72.948494 -47.338048 -53.314907 -71.814838 -54.454797 -54.886831 -56.055807 -56.487713 -56.469377 -48.248251 -52.651314 -43.363088 -57.698133 -72.428765 -51.726420 -52.672083 -61.891437 -56.856187 -61.207922 -66.905907 
-55.158427 -50.085652 -55.329083 -57.071833 -67.024196 -72.332941 -54.690396 -66.899454 -49.551599 -36.935107 -65.500955 -58.120082 -54.612615 -57.954111 -62.470542 -70.827138 -54.167862 -49.598039 -54.620954 -54.783219 -60.289717 -52.670961 -65.344135 -64.307893 -68.648006 -43.155409 -49.189477 -72.634613 -66.396897 -66.920407 -50.455034 -67.502448 -66.798947 -75.790383 -61.065576 
-55.246895 -70.833585 -55.328286 -57.809768 -48.907691 -69.264858 -54.398218 -50.170570 -63.622790 -62.463700 -60.558776 -58.566777 -54.336502 -58.826266 -65.657939 -37.659746 -62.416256 -61.566002 -54.664649 -54.946307 -62.332620 -73.128114 -48.056320 -56.595802 -67.232482 -53.374540 -48.887592 -61.418339 -68.016965 -56.689379 -48.771938 -49.122588 -64.835955 -43.925587 -61.444352 -54.357780 -56.766512 -55.310271 -58.344950 -71.174522 -56.699551 
-69.139484 -47.320075 -55.298533 -59.837839 -55.894384 -59.242079 -54.025195 -66.125668 -63.220741 -61.762385 -74.540904 -57.893698 -53.902809 -38.337453 -55.520652 -56.724254 -49.412882 -60.381928 -54.465321 -55.072448 -63.939642 -55.071405 -47.264768 -61.382851 -64.128258 -69.381192 -49.673622 -51.935338 -55.519909 -61.698820 -52.790185 -55.274431 -59.664252 -51.522360 -47.156948 -60.132344 -72.825008 -50.705653 -64.439049 -61.364959 -57.527290 -66.119173 -58.019718 
-57.542006 -68.613310 -54.954353 -73.221376 -57.307414 -64.004785 -54.080131 -63.237591 -48.005809 -51.058334 -53.000896 -58.913099 -53.766118 -59.444509 -63.443231 -58.553731 -51.655393 -54.379655 -54.266830 -53.964061 -49.708847 -53.621147 -62.215888 -58.978652 -59.790456 -62.899303 -48.164108 -68.246653 -65.227717 -56.611296 -60.755943 -55.292343 -50.636618 -51.173886 -54.300861 -48.151356 -43.748449 -55.630873 -60.113207 -56.707929 -35.539202 -62.037350 -55.621962 -69.218928 -56.205749 
-48.802992 -72.316025 -55.667251 -37.816359 -60.356231 -47.142633 -53.675528 -71.985149 -65.534934 -51.088620 -58.077265 -58.066452 -53.766118 -61.727177 -65.319187 -68.663389 -71.570895 -65.107161 -54.672051 -54.121351 -55.393426 -58.047659 -59.134104 -54.167412 -56.070374 -62.337175 -47.794657 -57.351345 -54.986796 -67.658226 -59.801223 -63.608711 -47.358672 -57.378919 -65.255594 -62.396793 
-64.121846 -43.353519 -57.042673 -38.394392 -63.690222 -63.190253 -53.734115 -51.309376 -56.937653 -48.769859 -53.752984 -48.495190 -53.766118 -65.315875 -60.000395 -55.401928 -58.372445 -54.537554 -54.435061 -54.321522 -46.558187 -42.392944 -51.657033 -47.593690 -66.912853 -57.968760 -67.668965 -56.295438 -66.231929 -55.544918 
-54.017984 -55.063674 -55.415933 -51.883684 -62.830300 -63.968868 -53.538165 -42.321806 -37.508304 -73.728772 -48.722548 -50.780827 -47.426764 -58.914392 -68.474626 -55.485358 -67.896078 -55.425257 -52.471730 -53.604796 -65.957690 -59.800634 
-53.911093 -55.233932 -53.152021 -72.978903 -67.519997 -54.904044 -63.524254 -72.918121 -36.294939 -53.488676 -65.602345 -51.503951 -75.458906 -58.415490 -52.041337 -55.733225 -64.420080 -53.401149 -46.502718 -49.738864 -70.253831 
-53.540960 -54.387973 -72.257986 -66.314593 -60.857634 -54.402280 -68.546705 -69.224211 -35.285495 -53.596193 -69.277645 -72.957869 -71.954900 -58.507685 -51.953200 -56.425613 -48.829903 -53.403410 -55.003586 -59.588456 -60.913612 -65.032996 -46.417323 -67.993968 -56.767108 -52.878428 -65.275472 -52.477592 -56.280457 -60.667301 
-53.569614 -54.630245 -47.319236 -69.270063 -62.192693 -55.513965 -54.772466 -70.375180 -37.246024 -54.234650 -57.696229 -64.616784 -54.451484 -58.712243 -51.861204 -56.116506 -48.055238 -54.104977 -41.295801 -61.069924 -69.343976 -63.889782 -71.619061 -41.491203 -56.579440 -47.041128 -67.127562 -71.626554 -53.094468 -70.136027 
-54.430022 -54.946067 -57.016802 -68.582146 -52.184081 -65.447390 -67.723196 -64.777345 -72.488697 -53.487158 -37.480863 -67.328396 -62.840862 -62.108139 -54.171957 -55.541564 -49.630244 -52.429594 -54.269403 -59.801526 -64.480276 -62.333784 -63.539348 -58.546442 -65.189786 -46.734164 -46.714484 -72.856205 -51.649574 -75.456576 -53.237637 -75.174505 -73.160288 -53.225558 -46.577030 -66.705286 -65.868436 -73.071435 -54.290099 -43.114960 -48.880489 -59.448458 -59.818707 -60.741409 -66.338709 
-54.430022 -54.724274 -58.697682 -46.071103 -67.735768 -49.324905 -60.088918 -64.421784 -55.391636 -54.337841 -60.971983 -57.669190 -38.416618 -65.719667 -52.451418 -56.326812 -54.149320 -47.321884 -53.231565 -55.338903 -60.726217 -65.886222 -54.317160 -58.235507 -50.174702 -57.345561 -59.650350 -61.149379 -74.544823 -69.792696 -65.090874 
-53.987483 -47.183439 -62.016109 -54.217170 -53.354197 -48.181099 -72.619156 -55.272396 -56.968830 -53.751990 -54.437240 -56.099868 -61.737136 -55.261047 -46.807561 -56.398694 -66.931099 -46.022986 -71.377998 -62.736362 -56.802514 -72.881608 -51.988044 -57.660936 -66.968113 -66.325011 -55.662121 -45.482593 -70.346399 -66.334287 -56.632944 -58.368436 -70.290471 -67.952756 -53.336653 -59.505437 -67.331570 
-53.988582 -64.355442 -54.227671 -50.232418 -54.388424 -53.391965 -52.017792 -62.570869 -58.030298 -54.605287 -54.136413 -57.990082 -52.350902 -55.214052 -68.106179 -56.743559 -50.486273 -46.397867 -57.447783 -56.029708 -66.545679 -48.377613 -54.241862 -58.229982 -57.299213 -60.436815 -67.957014 -54.985037 -47.333141 -53.388169 -53.650489 -50.078794 -57.856949 -58.891158 
-51.337699 -61.641882 -64.250940 -55.506949 -65.121517 -53.758931 -58.389806 -63.994389 -69.501595 -54.574204 -54.056433 -59.744297 -58.278628 -55.136266 -60.326109 -56.714796 -50.959343 -47.045347 -52.055428 -55.146576 -52.937896 -48.954182 -50.572377 -57.783512 -51.702564 -57.456335 -69.213797 -63.526882 -58.134144 -60.748346 -53.291861 -66.570530 -67.253811 -64.565338 -39.083841 -53.854290 -59.076545 -59.615118 -72.262770 -53.556201 -70.574049 -65.403277 -59.505594 -44.408038 -64.298645 -55.285186 -67.229044 -69.358082 -57.398681 -60.397337 -41.989747 -47.727049 -73.345293 
-61.193694 -61.745588 -63.414996 -61.726775 -55.580454 -53.788280 -56.272183 -46.952812 -62.507388 -54.510821 -57.774141 -60.993686 -46.282707 -55.038200 -68.495564 -56.535698 -54.454153 -44.205573 -59.359360 -55.763314 -51.235865 -70.128931 -55.356946 -58.336047 -52.638080 -56.691185 -63.697303 -55.685263 -63.689343 -61.792367 -53.495544 -67.933896 -62.376803 -47.965578 -74.157885 -53.352169 -48.877699 -55.086408 -51.717618 -52.790551 -66.280348 -47.724969 -66.632285 -70.826930 -62.825339 
-46.483688 -60.682021 -65.448878 -67.807710 -59.705792 -62.742961 -52.631058 -62.022897 -48.060159 -54.690510 -59.538433 -54.143554 -56.234791 -55.603693 -64.367218 -55.952359 -54.921337 -42.181504 -59.759711 -55.214550 -52.009334 -70.316218 -65.622003 -58.058111 -52.720135 -56.488668 -69.371977 -66.670471 -59.786459 -61.693590 -54.253176 -56.383193 -48.214099 -48.329749 -65.278117 -53.707965 -48.419659 -55.311764 -50.378490 -49.839357 -61.175809 -54.051218 -58.029798 -57.244259 -53.088706 -55.035033 -53.035247 -58.605733 -69.938895 -51.950391 -68.330053 -47.095308 
-55.349869 -57.528855 -50.707794 -47.722270 -57.289954 -69.104426 -65.095050 -54.852646 -50.832793 -55.043259 -36.855547 -65.041728 -53.354835 -50.336027 -55.147899 -53.845699 -55.857062 -54.890988 -71.954509 -55.408072 -50.655533 -71.634978 -61.299648 -57.784102 -52.292720 -57.063065 -64.493961 -66.291259 -59.179403 -62.597794 -52.173969 -49.179417 
-67.978193 -71.597790 -55.763043 -60.051974 -52.909993 -64.137237 -51.026978 -53.885600 -48.859048 -53.888342 -37.098582 -61.453126 -67.011895 -59.760361 -55.683406 -54.557427 -55.272121 -63.775625 -54.774018 -54.817450 -51.204632 -69.150026 -66.065291 -57.534436 -59.023703 -69.720486 -61.977934 -45.517257 -52.410428 -59.426077 -68.015205 -63.393975 -60.782805 -63.506418 -48.630310 -55.968108 -58.442981 -66.729058 -39.596835 -72.361676 -69.566298 
-54.487364 -51.795331 -66.738803 -59.887900 -50.870362 -68.887405 -52.041616 -65.516975 -59.008167 -53.945735 -36.806118 -61.563079 -40.673971 -58.700446 -58.465291 -54.514875 -54.881264 -71.676105 -54.173538 -54.024555 -51.586676 -61.995136 -64.433084 -58.906864 -70.888886 -48.249960 -60.928396 -67.881715 -50.829942 -57.015382 -68.323506 -59.313851 -74.885796 -47.893239 -72.882125 -61.250557 -65.502249 -55.147011 -61.898015 -54.824087 -59.394714 -60.542052 -60.134294 
-54.729220 -45.753142 -53.823962 -66.875621 -56.198563 -69.933709 -52.885775 -64.398810 -53.441516 -53.987120 -36.800705 -52.278244 -52.867724 -58.433948 -58.712703 -54.490351 -55.718769 -53.625563 -57.413409 -54.024555 -49.622056 -61.310509 -49.522028 -58.486932 -54.545170 -46.789666 -72.079774 -60.166911 -68.198198 -39.702569 -63.375348 
-60.637588 -65.567633 -54.466686 -59.702173 -54.750772 -69.078599 -71.374116 -65.099175 -72.707655 -61.814301 -35.892367 -47.723187 -61.665945 -57.735475 -58.165932 -54.176561 -55.520026 -53.117262 -62.677970 -53.482981 -40.137459 -69.474095 -49.915934 -59.419906 -54.434136 -41.302894 -66.246151 -54.509343 -54.459854 -73.507777 -66.294955 -75.230004 -60.491357 -58.441777 -61.007722 -50.834270 -54.465587 
-54.580606 -52.440749 -54.018199 -53.856119 -52.915262 -69.686761 -70.872069 -66.743020 -54.608571 -50.845249 -62.542369 -46.790286 -48.993288 -58.488149 -59.427776 -61.532478 -55.223837 -59.724289 -56.583018 -52.725273 -54.457132 -66.902621 -50.415762 -60.314788 -65.079804 -56.905019 -62.151079 -61.886601 -56.289506 -65.004524 -68.752081 -57.437548 -56.246597 -60.931202 -67.979209 -57.611762 -57.178720 -69.333574 
-55.288416 -53.189024 -54.786564 -49.882858 -59.822627 -56.505256 -38.984080 -65.137746 -55.367258 -53.960922 -55.639805 -55.733168 -41.838725 -60.849038 -58.892599 -55.918989 -56.011064 -66.672438 -65.526115 -52.940794 -52.106797 -66.079698 -59.471894 -62.222740 
-55.145657 -53.675798 -54.423203 -64.120620 -67.288092 -53.370386 -38.374467 -64.767270 -54.962249 -54.961157 -55.446525 -56.728395 -45.699721 -51.667010 -58.306871 -56.856509 -65.628149 -63.854974 -47.312035 -69.308560 -50.869143 -66.397427 -70.316089 -55.200154 -52.899929 -56.974852 -59.616768 -59.225682 -56.997807 -68.951712 
-55.255608 -45.802784 -54.604873 -57.101718 -57.994812 -58.261948 -65.033168 -65.826824 -51.615144 -55.130933 -71.994602 -55.074590 -55.306674 -61.091348 -57.747646 -56.693163 -65.540050 -62.098669 -39.169218 -52.530045 -50.547334 -65.371191 -55.223780 -57.355667 -53.265585 -62.021650 -54.645372 -39.310601 -56.075091 -53.831105 -74.744397 -67.085144 -70.849513 -65.635017 -67.304594 -60.535512 -54.967045 -71.824582 -67.776988 -61.295569 -39.975282 -66.310517 -60.293013 -72.992812 -38.987371 -57.956382 
-37.656901 -57.801697 -55.667323 -55.953224 -56.161807 -53.764526 -54.618140 -60.333088 -64.141218 -53.945858 -62.189400 -46.714284 -56.545446 -58.596404 -57.142702 -57.118718 -52.860860 -68.802475 -63.364082 -57.475793 -51.828964 -64.953037 -56.005756 -66.280037 -72.817670 -59.100044 -53.991772 -63.088967 -36.634441 -55.001255 -66.519448 -67.224082 -57.504318 -55.041038 -53.006670 -58.894627 -62.719244 -53.330095 -61.933626 -48.665944 
-38.480613 -57.756925 -39.403706 -66.598714 -54.871111 -53.293602 -57.384322 -67.282112 -65.391976 -54.014365 -50.854321 -55.753082 -73.431701 -54.691819 -38.226644 -57.005703 -57.188329 -54.557601 -65.750846 -57.044029 -51.533258 -63.208895 -56.077710 -37.366549 -55.901663 -60.451984 -54.100497 -66.650502 -58.880291 -61.525435 -61.443059 -63.514769 
-41.205240 -57.132222 -60.105932 -59.452872 -54.807054 -53.569229 -69.324711 -66.717077 -63.343654 -38.829906 -68.890193 -63.310506 -61.457495 -54.513485 -67.456279 -58.456430 -56.570789 -72.376576 -68.272157 -72.587094 -52.081650 -63.605181 -55.792222 -54.168852 -56.270034 -54.286126 -54.113396 -60.164135 -56.227495 -55.679704 -67.795907 -56.707390 
-53.807944 -56.964977 -42.539247 -63.412480 -54.436504 -53.645332 -65.246311 -54.521777 -57.128960 -41.715524 -54.649505 -52.018759 -56.174612 -54.437834 -54.433341 -64.744307 -56.446767 -63.004037 -69.077823 -56.132057 -51.931583 -59.924726 -55.111594 -63.797267 -59.182946 -66.376662 -72.112133 -59.363791 -41.395461 
-65.896873 -72.282876 -57.612995 -54.767413 -53.392725 -52.553129 -63.995442 -54.813849 -66.684840 -42.149932 -54.551268 -49.530984 -63.188717 -54.403301 -63.124997 -41.058928 -55.568374 -55.166246 -58.143846 -55.547962 -60.386341 -53.346755 -59.191982 -72.764092 -55.463923 -55.885762 -66.247504 -39.272134 -53.538928 -61.331411 -68.915386 -65.702991 
