1.252020 0.930958 1.203553 1.136072 1.134167 0.938935 1.211689 1.140620 1.199886 1.118889 1.022624 1.072405 0.956220 0.851851 1.203876 0.914414 0.824103 1.093722 1.227321 1.184506 0.994714 1.042264 1.196432 1.251360 0.870183 1.015390 0.810001 1.093075 0.953101 0.861607 0.931269 0.925327 1.081177 1.050000 0.960032 0.961426 0.842801 1.108029 0.886206 1.073493 0.914744 1.179667 0.835880 1.185062 1.240664 0.944401 0.971770 0.799785 0.835118 0.975923 1.127634 1.011833 1.228008 1.101322 1.031346 0.908605 0.894525 
1.189588 0.832903 0.948059 1.228811 1.097456 1.006514 1.210045 1.100792 1.217777 1.116463 1.021995 1.106366 0.955913 0.796298 0.901715 1.088101 0.953188 1.217847 1.162803 1.171299 0.868965 1.203011 0.888000 0.806532 0.869768 0.902265 0.804293 1.145286 0.966408 0.830733 1.069708 0.930376 1.067877 1.049259 1.056613 0.973313 0.908596 1.061137 
1.253847 1.032817 0.955857 0.828682 0.866062 0.865707 1.255784 1.188722 1.157471 1.089382 1.189477 0.979204 0.959443 0.849873 1.066022 1.057474 0.977231 0.891166 1.224292 1.224587 0.852532 1.237224 0.871837 1.101460 0.911580 1.117788 1.068367 0.818181 0.920321 0.830075 0.962300 0.927364 1.084247 1.049259 1.086042 1.005538 1.090636 0.806226 1.120631 0.899374 1.227599 0.985052 1.212584 1.186628 1.093825 1.114287 0.832896 1.193861 
1.252299 1.028479 1.017193 0.813513 1.138182 1.034429 1.256888 1.222719 0.975934 1.194998 1.209777 0.833529 0.978253 0.920697 0.887623 0.809486 1.059837 0.892045 1.198778 1.193595 0.981600 1.223816 1.105726 1.020884 0.901878 1.097610 1.016366 0.935695 1.005254 0.847693 1.091592 0.886430 1.104222 1.057231 1.050366 0.980915 1.110219 0.808017 0.872932 0.896860 1.079472 1.070528 1.197644 1.174279 0.950364 0.842069 0.944847 0.970470 
0.853750 1.022346 1.160491 0.794817 1.242334 0.869427 1.249366 1.247750 1.049542 1.191617 0.956023 1.059743 0.962293 0.814001 0.894190 0.809486 0.973559 0.836602 1.131157 1.177615 1.081661 1.255106 0.905433 1.014413 0.878857 0.871977 1.126251 0.848050 0.919475 0.855209 1.065822 0.936126 0.952888 0.960220 1.046514 0.988440 1.149878 0.968917 0.989255 0.825078 1.062983 0.853046 0.869772 1.212239 0.855743 1.092498 1.124022 1.211921 0.880946 1.148408 0.992500 1.039924 0.867612 1.080655 1.218836 1.090063 1.000908 1.164803 
1.156548 1.042160 0.853495 0.805953 1.015387 0.912618 1.255548 1.237317 0.903946 1.132356 0.987159 0.936359 0.972298 0.887023 1.235801 0.803390 0.960617 1.004106 1.256465 1.218157 0.974125 1.239493 0.975768 1.253947 1.015294 0.856768 1.008200 0.896479 0.892831 0.833495 1.079357 0.936126 0.941971 1.086136 1.063998 1.040405 1.115945 1.212190 1.229756 0.907802 1.216590 1.053592 0.895546 1.122051 0.914521 0.958026 1.051809 1.072398 1.087568 0.864584 1.080232 1.039414 1.082233 0.926234 0.912595 0.869606 1.100478 1.067841 0.892393 1.024862 
1.129345 1.031460 0.962793 0.813511 0.801290 0.899437 1.204744 1.221089 1.117029 1.142130 1.168346 0.837870 0.946396 0.989559 0.874813 0.797106 0.945270 0.831151 1.240077 1.226690 0.895996 1.103382 1.113009 1.027139 0.950699 0.915529 0.956128 1.129515 0.890353 0.839339 0.999064 1.145116 0.951891 1.136403 0.806490 0.978895 1.112566 0.877999 0.838046 1.066686 0.897310 1.058958 1.098413 0.813020 0.803425 0.932950 1.171166 1.059562 1.159140 0.946259 0.973600 1.018953 1.254416 1.118724 0.846729 1.253123 1.107299 1.170471 1.094208 1.108787 0.960036 1.211078 1.198327 1.067694 0.826362 
1.068786 1.033050 1.166017 0.799588 0.835293 0.983664 1.252134 1.237979 1.016962 1.211282 1.194055 0.860295 0.974876 0.983019 1.224258 0.797045 0.910610 0.886882 0.893548 1.065523 0.859793 1.045303 1.205425 1.097442 0.831601 0.911658 1.222913 0.854764 1.117824 0.892003 1.091930 0.859141 1.060730 0.978509 1.119777 1.102930 1.079748 1.020581 1.022323 0.966844 0.987809 0.812840 0.872516 1.048141 0.983322 1.141122 0.970146 0.888513 0.954892 0.972927 1.258246 0.886039 1.247429 1.252720 1.233907 1.253123 1.016775 1.234382 1.022094 0.840510 1.033978 1.201297 0.858886 
1.072408 1.112402 0.868011 0.809880 1.031095 0.910262 1.244191 1.241091 0.796989 1.029361 1.196942 0.829842 1.008047 0.914557 0.982497 0.797045 1.053818 1.080320 1.096772 1.185878 0.904491 1.081759 1.225185 1.233144 0.906601 0.843256 1.233615 0.912674 0.979032 0.853958 1.093323 1.083619 1.067764 1.137894 1.156402 1.173825 1.137667 1.035994 1.199318 0.911846 0.885788 0.880686 1.247429 1.083167 0.843328 0.835955 0.869142 0.909151 0.847017 0.977271 1.104617 0.965837 1.194006 
0.994383 1.210813 1.031072 0.913537 1.063671 1.219927 1.244191 1.241091 1.256151 1.029361 1.128046 1.005340 0.989615 1.054725 0.814976 0.795047 1.246112 1.054423 0.834569 0.815537 0.943787 1.050060 1.045255 0.846361 1.031374 0.935877 1.248964 0.895357 0.940010 0.867226 1.105726 1.215891 0.900226 1.183786 0.886906 1.155882 1.089357 1.111492 1.243445 0.818913 0.885788 0.837174 0.947571 1.130119 1.238025 0.935020 0.903032 1.009361 1.175775 1.009658 1.160528 1.106176 0.860467 0.829184 1.135228 
0.951518 1.185125 0.891326 0.992370 1.006286 1.231152 1.233975 1.241091 1.049514 1.010200 1.199771 0.849110 0.957612 1.189149 0.799758 0.796080 0.940665 1.183863 0.868920 0.849165 0.871323 0.985887 1.044928 0.865992 1.241918 0.940646 1.215191 1.010683 0.849947 1.099704 1.072747 1.226526 0.896448 1.161510 1.126470 1.018221 1.052705 1.030961 1.202382 1.108497 0.873875 0.873559 
1.001930 0.907432 0.878677 1.086620 0.838499 0.978441 1.242213 1.179872 1.156835 1.010200 1.231233 0.867913 0.950599 1.187152 0.799758 0.803036 0.946365 1.193264 0.833032 0.864769 0.859935 1.141028 1.182569 1.114620 0.956213 0.943132 1.252894 1.022987 1.199083 0.945071 1.060396 1.060471 0.923905 0.959060 1.137223 1.007273 1.071259 1.062873 1.219820 1.257607 0.931145 1.003987 1.149701 0.963445 1.226330 1.222063 1.096734 1.119409 1.007508 
0.855748 0.902374 1.176118 1.016434 1.044462 1.054501 1.236405 1.241286 1.224992 0.998558 1.229481 0.921229 0.962150 1.145856 0.810559 0.797776 0.949422 0.996072 0.874187 1.071870 0.885662 1.235562 0.970527 1.086897 1.013535 1.137396 1.188619 0.802324 1.060370 0.967786 0.826760 0.799703 0.947473 1.217684 0.867460 1.041255 1.078857 1.062873 1.216503 1.079441 1.053199 1.256180 1.115379 1.248382 0.999100 1.115609 1.258128 1.099059 0.940178 
1.167230 0.846859 1.038899 0.878575 0.966121 0.871279 1.227078 1.242149 1.242101 0.924279 1.258077 0.896399 1.002529 1.220699 1.087659 0.797776 0.895880 1.048407 0.868989 1.027486 0.897047 0.912567 0.924768 1.082384 1.053831 0.893069 0.878050 0.997953 1.213534 0.954336 1.073353 0.796656 0.915567 1.229319 0.798233 1.078740 1.126936 1.065938 0.884099 1.187767 0.868268 0.884995 1.112537 1.211114 1.022662 1.107901 1.237249 1.043502 0.880597 0.987675 0.977329 1.143561 0.995547 1.054172 
1.101803 0.868422 1.041656 1.204929 1.165600 1.112100 1.042122 1.241297 1.122859 0.936071 1.169405 0.866215 0.963770 1.194812 0.897487 0.797776 0.805451 1.236565 0.840338 0.905889 0.863094 0.939193 1.165865 1.072941 1.025179 1.012344 0.911137 1.226531 1.171651 1.078630 0.879749 0.796656 1.022315 1.101845 1.102279 1.248171 1.136414 1.129147 1.180028 0.970274 1.016257 1.037248 1.101473 1.226935 1.001969 0.836492 1.254355 0.923477 0.881875 0.797604 0.976771 1.063110 1.186429 1.248049 1.014601 1.081000 0.970164 0.971814 0.997623 1.081290 
1.101803 1.069709 0.824261 0.879714 1.203798 0.947203 1.008395 1.240953 1.154773 1.154690 1.191962 0.860238 0.961068 0.995472 1.016786 0.797776 0.966724 1.234921 0.872030 0.888305 0.934438 0.836256 1.010833 1.089268 0.928960 0.945919 1.049064 1.243949 1.223371 1.236514 0.849876 0.836995 0.902406 1.114873 0.945595 1.152528 1.121662 0.853443 1.056777 0.956450 1.132996 0.990870 0.942739 1.256514 1.212826 1.227734 1.235590 0.921948 0.858757 1.121977 0.847772 1.012519 0.897238 1.239557 1.228423 0.962905 1.109833 1.117431 0.982227 
1.120450 0.986920 1.238465 1.158284 0.996495 1.047232 1.249261 1.252211 0.881364 1.054743 1.165663 0.877189 0.959268 0.980186 1.251753 0.952263 1.053355 1.250525 1.112024 1.043000 0.798061 0.832969 1.004105 1.066404 0.929259 1.125354 0.968349 1.077962 0.853229 1.167779 0.900256 0.825916 1.214185 1.036912 0.985677 0.811202 1.085272 1.030878 1.071523 0.968346 0.897920 0.844368 1.025085 1.120104 1.239583 
1.234398 1.091806 1.238465 1.222258 0.870504 0.984942 1.208099 1.252211 0.856028 1.029709 1.226503 0.883962 0.949611 1.041976 1.025624 1.152209 1.003114 1.254462 1.198438 1.226595 0.798061 0.870966 0.917101 0.979345 0.921677 1.139600 0.963587 0.933057 1.032933 1.139631 0.811248 0.829099 1.251860 1.067558 0.880477 1.017705 1.084816 1.070026 0.900543 
0.979071 0.979617 1.226538 1.063502 1.073648 0.876680 1.095625 1.236791 0.871088 0.825033 1.031363 0.899917 0.985620 0.803209 1.044060 0.936160 0.986564 1.239448 1.211130 1.184805 0.801598 0.877792 0.914405 0.949357 1.031242 1.173115 1.228634 0.895568 1.098550 1.206873 1.083184 1.135947 1.202538 0.915517 0.846626 1.226416 1.081214 1.252090 
0.965857 1.176084 1.196607 1.036297 1.023257 0.847876 1.180524 1.244998 0.891634 0.970490 1.105192 0.902537 0.954583 0.821353 0.829177 0.944426 0.978935 1.046253 1.032167 1.218829 0.806422 0.873587 0.936527 0.823203 1.048693 1.115589 1.078110 1.255014 1.091100 1.134994 1.101156 1.108410 1.237854 0.874293 0.877585 1.028533 1.087323 1.036899 1.080387 
0.963656 1.020074 1.204201 1.095788 0.950417 0.987592 1.126172 1.257488 0.903848 1.172944 0.874516 1.030466 1.165611 0.796661 1.062642 0.912218 1.013722 1.032142 0.879829 0.921348 0.796181 0.835788 0.876742 1.092723 1.035357 1.175632 0.910012 1.235537 1.058543 1.162248 1.061181 1.210041 1.243802 1.173587 0.986457 1.201849 1.247907 0.925703 0.949050 1.179159 1.214584 
1.022533 1.029852 0.863327 0.924128 0.935463 0.855400 1.085230 1.240688 0.861254 1.161767 1.112465 1.052219 0.935080 0.795911 0.894182 1.198439 0.804997 0.925258 0.917478 1.256971 0.796181 0.886420 1.080346 1.050923 1.023737 1.175632 1.066532 1.212270 1.057929 0.830455 1.039411 1.146756 1.214299 0.861523 1.200817 0.984011 0.929174 1.060777 0.968548 0.972372 0.857714 0.888105 1.023033 0.997864 0.863207 0.878385 0.809387 1.073325 1.235025 
0.919026 0.836518 1.115845 1.037290 0.977626 0.971719 1.074294 1.249845 0.897676 1.209108 0.804444 0.918444 1.008655 0.840276 0.870993 1.094462 0.913155 1.097076 1.110507 0.881057 0.801960 0.841948 1.221279 1.043709 0.844669 1.198169 1.205558 1.229568 1.082310 0.913963 1.025705 1.244268 0.863556 1.024369 1.210716 0.902569 1.204018 1.195663 0.905355 1.063536 1.242844 1.077391 1.214313 1.111952 1.193678 0.929281 0.968945 
1.202694 0.963326 1.069847 1.069970 0.984034 0.963883 1.176393 1.251676 0.839244 1.119823 1.007065 1.254676 1.005671 1.065889 1.114848 1.079921 0.960626 0.912848 1.102052 0.904171 0.801960 0.834704 0.963304 0.884011 0.891629 1.173443 0.820628 1.229568 1.090030 0.933567 1.090910 1.241138 1.099424 1.033537 1.106152 1.200831 1.009283 0.877215 
1.181698 0.837579 1.074809 1.056040 0.961769 1.007162 1.244079 1.239361 1.241097 1.061174 1.035748 1.254676 0.971591 0.859028 0.904223 1.215166 0.998681 0.889198 1.100486 1.006164 0.811796 0.869513 1.231275 1.246171 0.838627 1.194635 0.912438 1.258276 1.075612 0.933752 0.896760 1.089396 1.079830 0.920588 0.934328 1.021806 0.950230 
0.865106 0.847786 0.808368 0.909694 1.233051 0.968187 1.185006 1.256219 0.971188 1.062288 1.089478 1.238300 0.966670 0.881522 0.886309 1.243700 1.014094 1.208089 1.115789 0.966439 1.210061 0.855824 0.898482 1.244477 0.888367 0.905648 1.097194 1.231884 1.081025 0.954985 0.951612 1.052972 0.979523 1.083000 1.237182 1.124840 0.991113 1.091592 1.242345 0.839299 1.191458 0.988926 1.101648 0.933709 1.141897 0.976965 1.079304 1.175572 
0.894946 0.887981 1.110981 0.980598 1.062143 1.056299 1.189274 1.252030 1.184595 1.069837 1.105629 1.248101 0.935710 0.978256 0.805591 0.948632 1.019621 1.194885 1.137125 0.991251 1.218835 0.852906 1.209389 1.228885 0.902675 0.888357 0.978351 1.252561 1.093558 0.939899 0.822481 0.973977 0.910961 1.010891 1.010054 1.102654 0.876500 1.115777 1.030434 0.980207 1.124772 0.916202 0.990137 0.873887 0.997372 1.036663 1.036555 1.169446 0.807837 1.062387 0.960258 1.014059 0.863343 
1.155124 0.807311 1.090983 1.005791 0.882631 1.226044 1.251646 1.239234 1.172380 1.028118 1.231964 1.248101 1.049505 1.038210 0.913585 0.949776 0.920984 1.229604 1.117022 1.149625 0.795213 0.842649 0.951330 0.893838 0.857567 1.062238 0.957318 1.256123 1.193843 0.940688 0.914745 0.931069 0.996391 1.008797 0.979489 0.938588 1.074600 1.164124 1.098297 1.062239 1.025594 0.944946 0.839894 
1.106297 0.874039 0.900006 0.905935 0.809032 0.857897 1.150451 1.239234 1.010928 0.983332 1.216445 0.951591 0.898063 0.940629 1.012814 1.110248 0.817800 0.926672 1.059674 1.165828 0.794364 0.811388 0.921692 1.232152 0.901759 1.046745 0.939463 1.236785 1.166294 1.036099 0.949649 0.816452 0.828069 1.030416 1.198210 1.095976 1.111196 1.030506 0.982899 1.106241 1.071341 
0.796233 1.188287 1.114767 1.109766 0.996935 0.919859 0.998015 1.229132 0.900770 1.077305 1.156824 0.813844 1.052631 0.899929 0.871766 0.886807 0.899799 1.000552 1.059674 1.182297 0.795793 0.797402 0.938661 1.253407 0.997283 1.070174 0.988622 1.240909 0.807285 1.152414 0.947867 1.256047 0.909541 0.941445 0.856099 0.819635 0.838735 
0.798026 1.166511 0.888664 1.166541 0.990688 0.932065 0.874632 1.203093 0.890863 0.849239 1.190275 1.115129 0.997620 0.899834 1.052961 0.971308 0.932599 0.950394 1.088367 1.186745 0.796753 0.831214 0.936263 1.217639 1.027656 1.077549 0.961851 1.239068 1.163343 1.231168 0.843963 0.900137 1.054471 1.053748 0.826685 
0.823706 1.158729 0.877876 1.239187 1.016508 0.843931 1.046521 1.214880 1.141722 1.118535 1.243678 1.088154 1.024954 0.867128 0.910570 1.234201 0.938930 0.928956 1.113461 1.234543 0.796753 0.840488 1.157451 1.057100 0.858292 1.031881 0.971597 1.175047 1.032047 0.957558 1.166802 0.878085 0.855953 0.922443 0.841521 1.072620 1.118662 1.154373 
0.796237 1.199959 0.872646 1.249372 1.125220 1.071013 1.087526 1.211569 0.978917 1.042530 1.125407 1.043855 1.110927 1.135029 0.963785 1.026478 1.166933 0.968812 1.085097 1.237726 0.796753 0.830974 0.952544 0.859207 0.893798 1.220980 1.098399 0.946664 1.236959 0.928116 1.076556 0.916115 1.197772 0.867665 0.990298 0.892072 0.981557 0.964088 1.132702 0.884336 1.075783 1.093672 
0.802822 1.196120 0.879657 1.250853 0.946532 0.992934 0.972338 1.210227 0.906273 1.108593 1.095892 1.157312 1.076105 1.102184 1.140088 0.919887 0.812316 0.868404 1.115679 1.231763 0.799458 0.869006 0.973443 1.078230 0.918236 0.966825 1.025458 0.981238 1.221944 0.896240 1.093793 1.130837 1.215811 1.065515 0.960538 1.020386 1.055026 0.993224 0.973351 0.807915 0.847287 0.909394 0.928132 0.799379 1.177381 0.796008 0.974000 0.902303 1.023584 
0.821746 1.196120 0.978168 1.250853 0.895791 0.992988 0.929588 1.227978 0.952577 0.815993 0.908706 1.015156 0.909432 1.063572 1.143941 1.192013 0.805149 0.939594 1.112187 1.216342 0.794571 0.824294 1.092407 0.873109 0.870383 0.918573 1.128957 0.936941 1.085278 0.985872 1.085023 1.255234 0.949306 1.040303 0.911159 1.016346 1.154750 1.027407 0.927812 1.174445 0.921352 1.204407 
1.084679 1.193899 0.895530 1.240031 1.021721 0.990669 0.897108 1.251873 0.962583 0.999006 0.898793 0.961991 1.233391 1.090462 1.016486 1.185661 1.254985 1.052826 1.102790 1.244162 0.794571 0.804797 0.898921 0.866586 0.804456 0.804242 1.159337 0.947071 1.028197 0.938802 1.076358 1.134699 1.207944 0.923552 1.088971 1.029375 1.130414 1.024821 1.044566 1.039438 1.134953 0.973369 
0.902469 1.179172 1.180058 1.239919 0.894650 0.996325 0.892726 1.251873 0.966766 0.826895 0.875584 0.904433 1.228811 0.863338 1.057919 1.061388 1.186233 1.048997 0.930667 1.251249 0.794584 0.837037 0.874565 1.172721 1.202408 0.805750 1.142472 0.924258 0.965900 0.951891 1.076263 0.863603 1.023796 1.000642 1.210132 0.871173 1.015939 1.075529 1.196913 0.879753 1.054677 
0.968021 1.143676 1.026200 1.225604 1.154265 0.993327 0.854295 1.233095 1.045740 1.001952 0.882937 0.941733 1.052021 1.078794 1.053762 0.850628 1.231957 1.070640 0.972141 1.157218 0.797229 0.827377 0.862640 1.247034 1.239968 1.099069 1.119401 0.883337 1.048737 0.959720 1.162308 0.947564 1.227645 0.956611 1.150368 0.928083 0.952527 0.944631 1.116513 1.057262 1.073049 1.004377 0.917856 0.821443 1.249651 0.822286 1.013449 1.193404 0.918376 1.249127 
1.114688 1.164268 1.011099 1.017278 1.059712 0.846207 0.932420 1.222794 0.922183 1.243231 0.874610 1.213405 1.245453 1.068264 1.097329 1.107177 1.243774 0.830810 0.968069 1.183048 0.797229 0.802764 0.948163 0.938251 0.862336 1.236267 1.089639 0.900213 1.185591 1.094437 0.825344 0.815263 1.216137 0.959527 1.191944 1.184654 0.936473 0.978600 0.854966 1.021426 1.179531 0.938182 0.968730 0.794687 1.210230 1.160025 1.212361 1.088095 0.914814 1.135846 1.240391 1.034785 1.223934 
0.837598 1.169586 1.016119 0.801504 1.075426 0.987728 0.850017 1.205346 1.146863 1.235228 0.816377 1.152417 0.822943 1.114972 1.134643 0.980319 1.255562 0.858804 1.176731 1.070021 0.797229 0.882806 0.942380 0.921449 0.877269 1.221456 1.095573 0.968641 1.066175 1.150033 0.869736 0.918537 1.240653 1.224076 1.179529 1.136582 1.007645 0.963852 0.892760 0.834418 1.043045 1.022756 0.960276 0.850171 0.874494 0.996163 1.235884 0.928694 1.000345 1.017283 0.949383 0.952882 
1.016065 1.173889 1.085195 0.949623 1.014171 1.159778 0.919224 1.236669 0.965469 1.251182 0.834213 0.880369 0.836223 1.108971 1.161407 1.059227 1.244453 0.869263 0.972680 0.882447 0.806625 0.828026 0.871536 0.962921 0.864991 1.248491 1.100019 1.208701 0.957169 0.993498 0.831448 0.903586 
0.848642 1.053102 0.997646 0.905739 1.182800 1.197129 0.893989 1.249269 1.053561 1.086564 1.201752 0.931004 0.919871 0.994977 1.090979 1.076549 1.244453 0.936627 0.987794 0.893521 0.809241 0.868003 0.894739 0.806948 1.054171 1.254029 1.124711 1.258561 0.974476 1.185929 1.077129 1.090669 1.119940 0.802628 0.961479 0.975885 0.817052 1.147908 0.977917 
0.864813 1.157618 1.163495 0.964332 1.136916 1.252007 0.927890 1.244041 0.994922 1.024345 1.138804 1.058173 1.093044 0.898246 1.213170 1.059818 1.227723 1.044156 0.844119 1.027175 0.795592 0.877357 0.901446 1.161572 1.039799 1.254029 1.138943 1.243926 0.983957 0.957374 0.946617 0.969117 0.868980 1.064038 1.253516 0.977116 1.147067 0.859677 1.087304 1.110966 1.208814 0.898074 1.017056 1.085664 1.014508 1.177676 
0.962651 0.980873 1.205780 0.919722 1.198690 1.224838 0.981928 1.245853 0.978953 1.043070 0.856406 1.033331 1.025931 1.096643 0.863385 0.879398 1.245482 1.040099 0.917723 0.977420 0.795592 0.836097 0.932778 1.070031 1.052064 1.258528 1.131468 1.229277 0.884588 1.134568 1.025232 1.087948 1.118140 1.235198 1.016523 1.245270 0.909308 
1.048382 1.106586 0.896155 0.921222 1.158387 1.173142 0.934992 1.239201 0.944160 1.069176 1.102224 1.225854 0.841227 1.001763 1.126771 0.881944 1.230494 0.992761 0.797090 0.982343 0.795592 0.840354 1.216252 0.979189 1.074490 1.240795 1.109770 1.243347 0.833243 1.192397 1.108055 1.104477 0.865146 0.807628 0.959831 0.944855 0.814909 1.182717 0.855464 1.135492 
0.894309 0.920469 0.923466 0.938712 1.237104 1.053963 0.900093 1.243220 0.967698 1.052604 1.244716 1.012804 0.816703 0.994282 1.066323 0.879464 1.257532 0.945433 1.067051 0.996465 0.794806 0.858649 1.076627 1.038359 1.071206 1.240795 1.076064 1.194451 0.876574 1.232935 1.190713 0.984422 1.188321 1.127323 0.898887 1.046818 0.967638 1.006753 0.814271 1.115905 1.134970 0.884468 0.798493 1.212195 1.024933 0.903383 0.993123 1.129201 
1.021633 1.086451 0.895655 0.972863 0.805045 1.106587 0.921684 1.255159 0.979015 1.035755 1.045849 1.187689 0.844963 0.834268 0.955389 0.839600 1.236700 0.961212 1.155419 0.966625 0.794806 0.861385 1.051577 1.078343 0.948484 1.252503 1.098251 1.173212 1.225756 0.992097 0.920865 0.889668 1.188321 1.149105 0.945956 0.882613 1.123399 1.017555 1.123297 1.221211 1.090548 1.048917 0.897009 1.131184 1.235963 1.149593 1.187815 1.104414 0.875504 0.855662 1.052834 1.143644 0.940597 1.102671 0.994577 0.851575 1.125853 
1.096446 0.922381 0.972796 0.984450 0.941482 1.061689 0.960719 1.221585 0.936349 0.986865 1.212518 1.159003 0.847337 1.244213 0.841251 1.068088 1.256307 1.083666 1.184052 0.845752 0.794806 0.811297 1.008473 0.871571 1.146912 1.251688 1.093942 1.144040 1.143776 0.907279 0.896272 0.940993 1.024263 0.919207 0.818961 0.904724 0.873917 1.130061 1.213753 1.220190 1.177893 0.943163 1.221115 0.950485 1.072352 0.863937 0.824871 
1.056236 1.171911 1.242368 0.859472 1.049359 1.136256 1.182677 1.198377 0.927274 0.950465 1.037649 1.091584 0.814903 1.009311 0.900447 1.111589 1.218599 1.068921 1.011565 0.842495 0.803670 0.808622 1.025905 0.859123 1.172742 0.913546 1.076121 0.920874 1.034334 1.089538 
1.116638 0.798280 1.162928 0.867096 1.060161 1.240609 0.972814 1.210764 0.923921 1.213635 1.046362 1.092167 1.070722 1.060813 0.858651 0.898864 1.248832 0.969241 1.156405 0.835245 0.800966 0.848132 1.011636 0.866741 1.110535 1.104883 1.083695 0.842572 1.162647 1.157142 0.912133 0.983341 0.983099 0.931536 1.175236 1.098103 0.882271 1.184700 
0.924955 0.958437 1.181517 0.851484 1.169767 1.182495 1.039339 1.204022 0.930586 0.831863 1.019883 1.113854 0.852291 0.898959 0.902710 1.114205 1.256281 1.139378 0.806609 0.816824 0.795209 0.812456 0.986050 0.852439 1.032603 1.043578 1.081990 0.978768 1.135282 0.956533 0.886821 1.080548 0.850222 1.198070 1.185454 1.113781 0.955295 1.002200 0.968543 
0.916082 0.854574 1.207196 0.948529 1.212899 1.225115 1.052532 1.198309 0.930889 0.814678 1.023419 0.844552 0.849907 0.933491 0.954942 1.172615 1.215507 1.034659 0.872824 1.206567 0.796878 0.842031 0.998447 1.223465 0.907239 0.824999 1.081990 1.230397 1.145514 1.106089 1.134409 0.949914 0.945526 1.145462 0.932771 1.038189 
0.958153 0.956284 1.214915 0.946309 1.217849 1.143077 1.236805 1.202967 0.930878 0.814197 0.845811 1.178646 0.794947 1.238508 0.877688 1.116158 1.257609 1.133024 0.892064 1.181698 0.795291 0.822269 1.001471 1.215264 1.159583 0.850486 1.087910 1.031410 1.031204 0.878914 1.226323 0.962682 1.072729 1.019990 0.822957 1.027125 1.109915 1.164191 1.030712 1.021971 1.090904 
0.812254 0.983532 1.246745 0.927877 0.857221 0.858260 1.184924 0.976797 0.940802 1.190891 1.233727 1.172463 1.152071 1.233538 0.898523 1.064579 1.250372 0.961292 0.904939 1.241833 0.795291 0.828770 1.101590 0.994292 1.042932 0.796819 1.065003 0.902925 1.001427 1.050928 1.149205 1.022143 1.049825 1.017374 0.875487 1.228537 0.867342 1.003343 0.886457 0.947736 
0.805803 1.000406 1.038401 0.940114 0.837708 1.098190 1.240688 1.183648 0.953057 1.183544 0.835413 1.213625 1.124354 1.233257 0.923165 1.023770 1.247202 0.945911 0.886832 0.857441 0.795491 0.854269 1.043859 1.091457 1.062478 1.085305 1.066555 0.906205 1.034400 1.088681 1.151619 0.892627 1.060556 1.024538 1.031946 1.232608 1.061609 0.923838 1.140749 1.180886 1.056141 1.057395 0.947734 0.843421 0.908428 0.963167 0.933736 1.097223 1.240926 0.887202 0.959163 1.257489 
1.148547 1.005059 1.041923 0.861918 0.882381 1.054917 1.190067 0.889975 0.932793 1.205021 0.930404 0.963566 1.206385 1.251364 1.167099 0.976709 1.242466 0.949267 1.063027 0.838327 0.795491 0.799379 0.837217 0.984916 1.195125 1.010614 1.043531 0.920049 0.931505 0.908982 1.127247 0.920619 1.003013 1.124264 1.230966 1.226397 0.910822 0.905077 1.134355 1.167712 1.059014 1.024421 1.033218 1.108934 0.868514 0.854865 0.906625 1.039303 0.911592 1.176506 1.083854 1.142414 0.870943 
1.153251 0.941570 1.103542 0.953927 0.856055 1.096694 1.173623 0.982058 0.933018 1.014588 0.977793 1.186305 1.209582 1.247592 1.062806 0.981127 1.228525 0.930152 0.860210 1.187472 0.795491 0.814618 1.043437 1.198138 0.796795 0.879671 1.043531 1.019033 0.916431 0.969228 1.110198 0.859171 1.172909 0.974982 0.934348 
1.139087 0.921816 1.199459 0.946719 0.881001 0.926419 1.048699 1.061128 0.942344 0.947623 1.046924 1.187313 1.178919 0.806435 1.193369 0.996403 0.862075 0.949835 0.901745 1.231112 0.797481 0.839462 1.073265 1.161088 1.212515 0.819092 1.045504 0.859365 0.795344 0.977994 1.224507 0.795821 0.883677 1.113989 0.991204 1.255211 1.126605 1.190244 0.928136 1.105710 
0.819837 1.096200 0.951500 1.188542 0.910760 0.985273 1.088105 0.933248 0.982629 1.009237 0.939420 1.212312 1.249785 1.218935 0.800546 1.241599 1.015231 1.127472 1.252678 1.247176 0.805957 0.819214 0.914906 1.166631 1.118306 0.800097 1.065491 1.074908 0.859070 1.022051 1.033647 0.891779 0.821946 1.036852 1.122828 1.140992 1.103583 0.939290 
1.026013 0.907800 1.016777 0.898455 1.152215 0.947202 0.951235 1.081853 0.982963 1.019521 0.898771 1.233813 1.250149 1.206957 0.926064 1.092931 1.119241 1.005934 1.258590 0.863206 0.799736 0.849361 1.254525 1.229353 0.995344 0.815472 1.097746 1.108458 1.213285 1.070610 1.111579 0.910060 0.964333 1.048092 1.118216 1.226448 1.054182 1.185485 1.196678 0.916340 0.967652 0.958365 0.862466 1.093430 1.157040 0.836745 1.022668 
1.036566 1.211705 0.972169 1.095552 1.112444 0.938589 0.816669 0.815229 0.998645 1.087289 0.887532 1.204165 1.221526 1.114432 0.903129 1.143819 0.886015 0.985285 1.258590 1.208282 0.799525 0.824503 1.245059 1.229353 1.223899 0.835836 1.126742 1.084319 1.160762 1.081141 1.079389 0.926750 0.997275 1.067176 1.008323 0.926846 0.893407 1.052631 1.081302 0.929462 0.993528 0.952352 0.819025 0.991068 0.998707 0.996514 0.991794 0.908900 1.133295 
1.017498 0.799787 0.874539 0.912298 0.870985 0.872273 0.929781 1.002401 0.991281 1.150537 0.902698 1.249157 1.074553 0.987905 0.822389 1.080166 1.092663 1.198685 1.255120 0.860184 0.795226 0.850545 1.251626 1.224461 0.892752 0.957111 1.060722 1.054387 0.970172 1.074572 1.253709 1.224624 1.016418 1.142424 1.096468 0.957768 0.901331 0.865227 1.196406 
1.169687 0.805080 0.954133 0.892718 1.044403 0.801825 0.974446 1.239746 0.968842 1.153647 0.907881 1.205199 1.229680 1.220615 1.136431 1.004042 1.148528 0.835510 1.247294 0.991693 0.795226 0.827263 1.244977 1.200367 1.201115 1.122067 1.059703 1.071907 0.952717 1.072165 1.258808 0.997881 1.004342 0.853334 1.067231 0.993162 1.086571 0.919663 1.078603 
1.065993 0.808483 0.981134 0.855709 1.027871 0.891615 0.984093 1.147277 0.941349 0.819136 1.164546 1.213973 0.908653 1.169642 1.198776 0.878862 0.894398 1.031402 1.245870 1.017802 0.795226 0.807067 1.238782 1.172723 1.072924 0.944034 1.089955 0.928117 1.074141 1.054050 1.258808 1.045555 0.879462 0.870343 0.979391 0.902714 1.099783 1.081102 1.165908 1.091190 0.975908 0.994287 1.144237 1.038201 0.908099 0.876049 1.142407 1.203497 0.899424 0.863392 1.182829 0.942116 1.012227 
0.998034 0.809335 0.900614 1.104744 1.076014 0.891615 0.986713 1.028281 0.884788 0.862574 1.039088 1.244686 1.010600 1.177321 1.172887 0.876972 0.850176 1.074755 1.245870 0.826445 0.795226 0.831038 1.243769 1.172723 1.086044 1.171674 1.110966 0.952983 0.858643 1.080024 1.243637 0.942965 0.800091 0.944135 0.869641 1.256415 1.004490 0.959273 1.209003 0.859342 0.986725 1.120938 1.039093 1.023981 0.912462 0.982330 0.949144 
0.958316 0.816173 1.030112 0.993982 1.204565 1.030852 0.965847 1.070639 1.006101 0.843442 1.019061 0.884304 0.918858 1.231723 1.155006 0.919910 0.888327 1.001692 1.229669 1.049168 0.797936 0.850017 1.238635 1.158342 1.086044 1.016251 1.108371 1.010323 0.822621 0.998907 1.254606 1.080360 1.096149 0.971407 1.082121 1.217197 1.181837 1.138680 0.948475 0.914744 1.164493 1.084092 0.925898 1.038401 0.998756 1.077600 
1.015488 0.811905 0.990905 0.957647 0.955064 0.807949 1.069742 1.058923 1.055775 0.858144 1.014798 0.863345 0.815398 0.972204 1.180145 0.880987 1.229959 1.244822 1.252887 0.878428 0.799046 0.855322 1.253305 1.213512 1.107519 1.015197 1.121676 1.001784 1.237686 0.928896 1.230954 0.807247 1.086881 0.930075 1.202232 1.167207 1.091091 0.897120 1.087073 1.066868 1.168390 1.202275 1.053667 0.821132 1.180056 0.924438 1.079849 
1.117952 0.818039 0.939567 1.110092 0.985025 0.950262 1.095899 1.027139 0.993844 0.960735 0.871110 1.020025 1.105075 1.256987 1.243378 0.861267 1.138042 1.151620 1.247330 1.124245 0.799802 0.835346 1.234636 0.848526 0.796176 1.124059 0.980951 0.879483 0.984913 0.887415 1.215404 1.058875 0.907221 0.921544 0.911081 1.109110 0.991757 1.192884 1.139343 1.089867 1.183443 1.083643 0.962915 0.915394 1.093230 1.222943 1.022536 1.181001 
0.954421 0.818874 0.914764 1.102783 0.934728 1.053083 1.109051 1.123322 1.087392 0.975902 0.967639 1.219306 0.828933 1.256987 0.856837 0.887621 0.940384 1.187815 1.248186 0.935153 0.799802 0.837115 1.200345 0.954229 0.886360 1.173956 1.050531 0.797215 1.077866 1.250921 0.976463 0.824815 1.043781 
1.187977 0.816430 0.851895 1.191057 0.960810 1.033748 1.029243 1.182434 0.839750 1.252312 0.898297 1.072759 0.966449 0.942077 0.873222 0.884961 0.962578 1.105624 1.226645 1.015909 0.806351 0.865224 1.235051 0.843885 0.902909 1.019198 1.152007 1.154681 1.235796 1.255800 1.032866 1.043870 
1.000008 0.795745 0.794561 1.228977 0.885477 1.131331 1.068456 1.053819 1.076596 1.212102 0.837756 1.091003 0.966736 0.975315 0.904439 0.866471 0.959417 0.900740 1.249262 1.115479 0.965071 0.814367 1.250562 0.901494 1.178200 1.183172 0.990372 1.213208 1.116182 1.225460 1.082585 1.100587 1.108670 1.223739 1.028647 
0.914300 0.822122 0.794561 1.160799 1.195649 1.101242 0.992446 1.081914 0.933635 0.979187 0.872876 1.117359 0.950322 1.167360 0.868693 0.821805 1.252569 1.009419 1.237315 1.029095 1.045319 0.869557 1.235742 1.037318 1.047082 1.091676 1.163271 1.197206 1.214110 0.917085 0.984738 
1.080308 0.871491 0.795991 1.189845 1.148108 0.997305 0.895374 1.071109 0.945775 1.226370 0.879796 1.054487 0.935685 1.219015 0.882967 0.896926 1.253431 1.096204 1.244330 1.191658 1.043347 0.867409 1.236777 0.955846 1.005885 0.808891 1.198441 1.053051 1.236135 0.906046 0.847752 0.929095 1.034216 1.151749 
1.090297 0.867201 0.798806 0.979129 0.842930 1.168678 1.024683 1.100517 0.923483 0.896950 1.139565 0.824793 0.977767 1.098826 1.003598 0.957341 1.251616 0.995062 1.244330 0.823000 1.077536 0.858442 1.235158 1.201624 1.124985 0.835960 1.232419 1.229618 1.114926 0.973371 1.135941 
1.072539 0.841915 0.801538 0.958476 1.001449 1.128994 0.926011 1.049463 0.916362 0.848295 0.981672 0.879976 0.946644 0.819201 0.905764 0.980194 1.245061 0.968291 1.225943 1.186242 0.983614 0.890517 1.250760 1.212691 1.097466 1.232918 1.003005 0.826085 0.937063 1.055328 
1.014259 0.840328 0.801681 0.975972 1.199450 1.207024 1.180229 1.060194 0.931208 1.020036 0.974502 0.902623 0.956163 1.081457 0.913350 0.950750 1.253766 1.036137 1.188847 1.142655 1.193764 0.828008 1.246310 1.188680 1.110280 1.250932 1.026879 0.845111 1.143151 1.073685 1.057958 0.995960 0.896537 1.250163 1.210903 1.209419 1.200686 1.006493 0.983582 1.122675 1.049083 1.225957 1.181501 0.891362 
0.867820 0.868029 0.795036 1.066745 1.099045 1.188960 0.872608 1.048786 0.957853 0.858232 1.007943 0.909143 0.945966 1.089256 0.810478 1.099676 1.246727 1.017422 1.150587 1.088803 0.983582 0.849272 1.230101 1.196149 1.020969 1.244042 0.905813 1.086388 0.855719 1.094023 1.083103 1.002040 0.887194 0.996177 1.000165 1.155190 0.854125 0.863947 0.900567 0.926758 0.991845 1.023834 0.947528 1.191132 1.053364 1.252676 
1.106434 0.851217 0.796329 1.096544 1.088711 1.196973 1.158790 1.019534 0.911545 0.900396 1.026914 1.151625 0.949358 1.079030 1.057138 1.234337 1.247499 1.205328 1.088609 1.035260 0.958732 0.892472 1.249993 1.201153 1.030170 1.042788 0.968660 0.816268 1.129248 1.153945 0.819591 0.887004 0.867678 1.214098 0.950509 1.180359 
0.815767 0.829456 0.801153 1.043690 1.033556 1.121730 0.915632 0.879445 1.030861 0.895597 1.102362 1.194779 0.962670 1.066380 0.828398 1.025149 1.251228 1.207503 0.937671 0.888532 0.972074 0.812998 1.209786 0.909800 0.895562 1.219577 1.200956 0.864300 1.135984 1.171941 1.126396 0.948823 1.116935 
0.902756 0.827823 0.797575 1.111849 0.956650 1.093327 0.996272 0.882413 1.054431 1.154696 0.950797 1.254845 0.868428 0.996951 0.795691 0.970714 0.860935 1.191156 1.074518 0.882893 1.179385 0.831109 1.218586 1.068472 1.078753 1.210511 0.805391 0.969057 0.929593 0.880349 1.128573 0.864143 0.837888 1.165038 1.083072 0.874424 1.194910 
0.858823 0.849603 0.800462 1.073499 1.032384 1.216063 0.951693 0.838446 0.959446 1.204284 1.110842 1.228609 0.833348 1.063104 1.122455 0.971859 1.066962 1.227862 1.052318 0.944056 0.884253 0.862763 1.223363 1.079549 1.072707 1.253202 1.167618 0.954954 0.984212 0.920164 1.035048 0.922492 1.226969 
1.188709 0.907531 0.800462 1.094254 0.942963 1.123478 0.858744 0.848124 0.943033 1.221427 1.127829 1.252351 0.860749 1.043092 1.019426 0.984544 0.923459 1.181548 1.026741 0.974944 0.995934 0.834330 1.252944 1.099033 1.068932 1.200862 1.036798 0.963849 1.002153 0.875870 1.177857 0.916191 1.094828 0.960312 1.255624 
1.209711 0.924287 0.794610 1.160560 0.794371 0.867381 1.122856 0.875882 0.854044 1.242058 1.129168 1.232374 0.869815 0.899669 1.001492 0.953670 1.238178 1.247952 1.075308 0.802736 0.805919 0.835065 1.255422 0.956644 1.054200 1.243866 0.927877 1.079563 1.050807 0.986146 1.172492 
0.815416 0.957307 0.794610 1.225407 1.055870 0.916906 1.242026 0.889848 1.089565 1.027726 1.121337 1.256317 0.904127 1.071302 1.199165 1.066021 0.825620 1.163154 1.039334 0.981713 1.138282 0.843068 1.255422 0.960678 1.066401 1.219862 0.913497 1.052028 1.097632 1.159215 1.252879 1.229223 1.247408 1.081817 1.078824 1.172739 0.870587 0.889103 1.043326 1.220787 0.928560 1.051201 1.038384 1.056930 1.195462 1.030519 0.959839 0.924397 
0.800704 0.956970 0.794610 1.162067 0.887991 1.181130 1.182293 0.869814 0.906155 0.965634 1.079947 1.202399 0.879384 1.223492 1.076858 1.216123 0.930222 1.183822 0.808387 1.009705 1.202525 0.877249 1.255422 1.012579 1.068800 1.236459 0.863228 0.995271 1.061733 0.971227 1.231116 1.068250 0.930941 0.931846 1.042896 1.256370 0.855031 0.818088 0.908297 
0.820909 0.941775 0.794610 0.867065 0.880597 0.975212 1.232634 1.178155 0.869808 1.133602 1.074528 1.183603 0.945497 0.984273 0.930221 1.154550 1.159265 0.904214 1.163296 1.041566 1.205526 0.812787 1.194605 0.870790 0.854990 1.034951 0.910955 1.044088 1.102597 1.117837 1.209731 1.074836 
0.842290 0.959800 0.797020 0.871217 0.878657 1.173550 1.203110 1.175847 0.913805 1.097266 1.074743 1.168678 0.936345 1.025245 0.806812 0.902174 1.201367 1.218939 0.841441 1.101219 1.238976 0.823951 1.229866 1.085821 1.187078 0.952055 0.885405 1.037544 1.032426 0.825203 0.968798 0.854640 1.031703 0.911199 0.805368 1.093311 1.141650 1.020668 1.176685 0.890462 1.103057 1.116950 
1.041474 1.144217 0.797020 1.210644 0.853090 1.040734 1.167798 1.170814 0.860864 0.847079 0.931334 1.209346 1.241277 1.051489 1.066382 0.945016 1.011948 1.206397 0.834878 1.081034 0.930440 0.816612 1.229866 1.021796 1.151144 1.118275 0.916318 1.092901 1.058068 0.816360 1.182698 1.065049 0.975346 0.934291 0.825509 0.977949 0.896336 0.945052 1.069405 1.242242 1.019905 0.799878 1.179945 0.943229 0.980840 1.241999 1.016706 0.852518 0.883011 1.019241 1.070014 1.208250 0.801126 0.948946 1.119271 
1.011076 1.123962 0.800261 1.184899 1.042226 1.114176 1.147751 1.148267 0.992923 0.913042 0.974696 1.213210 0.937313 0.932746 1.099786 1.128487 1.208933 0.829092 1.202428 1.057531 0.901404 0.841517 1.201965 1.004866 1.127819 0.895984 0.929508 1.093961 1.190689 1.022032 1.072292 1.041022 0.868860 0.993633 0.880138 0.863160 1.046438 0.950982 1.218040 1.224893 0.948444 1.127443 0.853624 0.923042 0.832754 1.208969 0.830607 1.008122 1.090874 0.999275 1.255938 1.029784 1.175396 1.137821 1.006108 1.154549 
0.958147 0.878254 0.796588 1.197392 1.254513 0.870753 1.030850 0.978123 0.868817 1.006792 1.190432 1.241889 0.995716 0.880674 1.148334 0.921114 0.978758 0.816192 0.878813 1.089015 0.934333 0.802019 1.197950 0.965626 1.165192 0.845283 0.902474 1.162682 0.846003 1.257167 1.073264 1.058810 0.860079 0.993512 0.901883 0.953398 1.050631 1.244080 1.086710 1.156294 1.158401 1.245674 0.897058 0.962780 0.956824 
1.208548 1.073417 0.796588 1.200707 1.222830 1.032655 0.928224 1.124627 0.891449 1.085902 1.055010 1.220927 1.011055 1.011724 1.117121 0.987458 0.863493 0.797228 1.171444 1.029311 0.960566 0.904209 1.235033 0.946456 1.161929 0.821061 0.924300 1.085315 1.049990 1.030785 1.099510 1.061453 0.897638 1.143521 0.866004 1.002491 1.057475 0.800628 1.104594 0.926212 0.848246 0.870954 0.966102 
1.135423 1.243597 0.796588 1.104332 1.214904 1.052092 0.963178 1.125883 0.907933 1.011087 1.177180 1.257545 0.957956 1.164346 1.141238 0.876636 0.894059 0.804363 0.963980 1.007127 0.955450 0.860105 1.240027 0.981888 1.240490 0.990019 0.931783 1.224683 0.880579 1.230365 1.077106 1.024455 0.900460 1.123530 0.868474 1.036362 1.073030 0.831674 0.928208 0.843459 1.171894 0.846509 1.101844 1.123330 1.172624 1.062170 1.112710 0.976003 1.090758 1.145073 1.244483 1.174810 0.999371 0.885663 1.038737 0.977642 0.915363 1.223027 1.125000 1.158103 0.988487 0.993213 0.901204 0.950860 0.794475 1.149956 1.087461 
0.897241 1.040570 0.796588 1.158375 1.247628 1.256504 0.974510 1.003144 1.096588 0.890452 1.011627 1.257679 1.208878 1.238476 1.176759 0.929367 1.115882 0.920673 0.929167 1.054389 0.994852 0.860105 1.240027 0.912631 1.256201 0.892563 0.966983 1.241034 0.899979 0.961530 1.114804 0.889037 1.164158 0.917161 0.868871 1.189476 1.097026 1.005921 1.010179 0.930105 1.087726 0.998434 0.851980 1.207659 0.899397 1.226530 1.176716 1.027478 1.066070 0.844414 1.103828 1.035803 0.854314 0.927137 
1.030022 0.850457 0.796588 1.171863 0.864735 1.006360 1.022885 0.982668 1.207486 0.828031 1.055980 1.236434 0.979966 1.248025 1.214207 0.962978 1.137186 0.815713 0.841225 1.050099 0.935504 0.887592 1.251677 0.934712 1.228649 0.799787 0.961313 1.235122 0.859457 1.034199 1.123816 0.900002 0.796664 1.208068 0.831594 0.947662 1.097026 1.103777 1.101499 1.065734 1.057522 1.042755 0.923361 1.204426 0.856018 
1.044617 0.981101 0.797375 1.181334 0.868509 1.229252 0.835523 0.986730 1.189503 0.994185 1.135215 1.237067 1.248473 0.956986 0.898792 0.866224 1.094220 1.066779 0.884155 0.974827 0.862673 0.874629 1.253392 0.868649 1.051093 0.912643 0.980121 1.214961 0.918899 1.016942 1.131030 0.899955 0.825317 1.154359 0.849260 0.797496 0.865916 
1.049562 0.943540 0.797375 0.930360 0.867832 1.189801 1.188857 0.970000 1.111077 0.996322 1.111640 1.239846 1.235736 1.073960 0.869060 0.925685 1.028250 1.095390 0.892981 0.800889 0.963650 0.856526 1.256252 0.987698 0.837171 0.999532 1.086242 1.226310 0.857175 0.991798 1.086975 0.909672 1.001451 0.912237 0.901120 1.022327 1.079708 1.107427 1.055102 1.076578 0.997257 0.826089 1.082508 0.873462 0.819162 1.055699 1.101363 1.237944 
1.127524 1.083851 0.797427 0.945501 0.924651 1.179763 1.003366 0.959063 1.090941 0.987303 0.926567 1.238622 1.209721 1.077158 0.841109 0.963864 1.066454 0.820842 1.210717 0.814228 0.969457 0.844461 1.256252 0.978074 0.995729 0.985095 1.018172 1.181343 1.151029 0.901557 1.052501 0.911750 0.812441 1.191029 1.161928 0.906259 1.059174 
1.055621 1.190379 0.797427 1.044383 1.245759 0.957254 0.980505 0.968061 1.036784 0.866809 1.185075 1.248677 1.232991 1.062508 0.897629 0.934933 1.239165 1.090869 0.997305 0.797965 0.944817 0.865964 1.257531 1.105077 0.877357 0.847991 0.937685 1.208816 1.053685 0.861029 1.131608 1.191104 1.159934 1.190807 1.019605 0.949898 0.915241 
1.237663 1.063825 0.795402 1.034336 0.917682 1.179376 1.205706 0.988352 1.052146 1.092338 0.812572 1.239795 1.237104 1.182177 0.949096 0.884894 0.879967 1.218334 0.986828 0.797411 0.978124 0.889997 1.219966 1.021397 0.962382 0.983207 0.928446 1.231184 1.067318 1.100028 1.047463 0.875261 1.142970 1.134234 0.841537 0.945842 1.014195 0.861167 0.912873 0.894168 0.987948 0.812269 0.866060 0.858159 0.933389 1.070955 1.103165 1.159263 0.873765 1.074255 
0.931238 1.107488 0.804720 0.821760 1.008720 1.096839 0.900218 0.960164 1.041923 0.981044 0.826156 1.211373 0.820870 1.141535 1.043442 0.903012 0.819021 1.135874 1.221669 0.913495 0.934936 0.833602 1.216382 1.002797 1.031699 1.009237 0.936894 1.152099 0.829005 1.233817 1.203450 1.202367 0.935636 0.923632 0.795034 1.116613 0.928224 0.947602 0.889266 0.887997 1.113869 1.071259 1.232641 1.126973 0.869530 0.845979 1.101847 1.074862 1.115974 
1.094500 1.250617 0.804720 0.918316 1.008132 0.928835 1.022702 0.960164 1.039209 0.995082 0.916049 1.247776 0.800061 1.152908 1.167589 1.159824 0.896831 1.202166 1.235057 0.988747 0.963147 0.826053 1.256441 0.938281 1.228984 1.048629 1.055377 0.900962 1.005196 1.051489 0.850602 0.970391 1.005625 0.919377 0.873794 1.058305 0.836313 0.913571 0.876458 0.874683 1.226375 1.247829 1.123236 0.855676 0.817227 1.077554 1.102022 1.142707 1.062290 0.902264 0.977609 1.139203 1.039068 0.866012 0.939532 1.082433 1.024942 0.830437 1.120844 1.121466 
0.917126 1.013014 0.808735 1.198123 0.936368 1.226597 0.994695 0.929943 1.173258 1.093685 0.901905 1.241334 0.798981 1.209604 1.048960 0.997711 1.252633 1.207764 1.191811 0.943046 0.988088 0.820392 1.244919 1.210445 0.945783 0.815296 0.879252 1.075746 1.023129 0.971448 1.171921 0.821301 1.031214 0.959859 0.872018 1.048914 1.181347 1.042444 1.018864 0.906202 1.142705 0.921202 1.235088 0.854220 0.852953 1.194215 1.056255 1.007174 0.995353 0.878701 0.918816 0.861301 1.234342 1.211051 1.215620 1.099185 1.049398 1.019645 0.955256 0.883358 
1.085268 1.105710 0.811256 0.874605 1.031482 1.094219 0.989044 0.958120 1.225017 0.824254 0.904061 1.211681 0.801229 1.218994 1.258609 1.010016 0.860034 1.256558 0.928666 0.895555 1.112089 0.835003 1.220769 0.902184 0.961327 0.896674 0.851043 1.089993 0.915895 0.877067 0.888029 0.866228 1.093558 0.837783 0.876252 1.051660 1.204533 1.080418 0.888847 0.870343 1.016889 1.113601 0.970125 0.893862 1.173054 1.198304 1.060279 0.956138 1.075423 0.922594 0.887777 1.152473 0.902272 0.884831 1.134552 
0.947565 1.212918 0.797077 1.100574 1.016283 1.168591 0.851379 0.964557 0.887180 0.833909 0.864063 1.235142 0.798674 1.191604 1.228632 1.106572 0.891302 1.183052 1.036480 0.921962 1.070717 0.888657 1.232586 0.847835 1.089327 0.853030 1.159307 1.108987 1.092511 0.944391 0.901632 0.855680 0.958359 0.890248 1.169668 1.054970 1.095451 1.073938 1.106348 0.903930 0.976362 1.240942 1.032894 0.976286 1.001550 
1.082637 0.886429 0.796182 0.993806 0.885823 0.828012 1.019237 0.867638 1.216512 0.879165 0.880831 1.242762 0.811024 0.817713 1.255477 0.810442 0.885216 1.238680 1.077928 1.000098 1.067472 0.879896 1.232586 1.112578 1.090228 0.883321 0.910501 1.061739 0.944092 0.942128 1.246090 0.931166 0.957673 1.070518 1.025604 1.092398 1.026820 1.069625 0.896696 1.161769 0.910859 1.019539 0.860231 1.019760 1.203426 0.982271 1.242029 0.972433 0.858597 1.124070 0.818215 0.850541 1.132139 0.824241 0.847484 0.861470 
1.027701 1.173078 0.796182 1.028405 1.058118 1.017511 1.097118 1.099434 1.178903 0.917506 0.845382 1.229639 0.811024 0.955165 1.214406 0.878847 0.889940 1.142723 1.028715 1.199888 1.204271 0.853987 1.232586 1.043880 0.859363 0.900346 1.069131 0.940488 0.998456 0.870024 1.245679 0.935172 1.090109 1.076849 0.997877 1.059603 1.234763 1.099689 1.086012 1.148469 1.220597 1.079886 1.240610 1.072459 0.804713 0.804321 0.927976 1.033216 1.084287 1.161064 1.041711 
1.001373 0.932221 0.803278 0.889192 1.076627 1.029731 0.803618 0.925719 1.216341 1.216293 1.170207 1.251379 0.801027 0.952815 1.245646 1.017245 1.025779 1.175244 1.022170 0.889788 1.243788 0.848509 1.215258 0.987666 0.877700 0.884913 1.138937 0.940635 1.031252 0.891870 0.975045 0.882214 0.884223 1.060728 0.801829 1.059603 1.134063 0.807103 0.995502 1.147304 0.845738 0.853254 0.884363 0.878265 1.217996 0.859088 1.004181 1.016897 0.976916 0.910073 1.238898 
1.038861 1.048603 0.795213 0.798132 1.074060 1.212068 0.836451 0.821357 1.165760 1.249737 1.004299 1.251379 1.050048 0.796594 1.231759 0.994903 1.054028 0.954621 0.969686 1.086262 1.156933 0.807789 1.195642 0.915865 0.822093 0.913286 1.218460 0.945729 1.012973 0.877098 1.187281 0.903806 0.937590 1.059028 1.179716 1.059625 1.024047 0.891689 0.824047 1.170743 0.860051 0.864240 1.087642 0.895427 0.907498 0.981225 1.005819 1.088668 0.839298 1.107058 0.853786 
1.003257 1.015971 0.795213 1.000487 1.082136 0.987124 1.104880 0.807516 1.243347 0.952356 0.800214 1.212164 1.231718 0.889124 1.238268 0.845591 0.943174 0.965492 1.100765 1.007122 1.247856 0.794664 1.249297 0.801823 0.990991 0.952632 0.828575 1.025897 1.215314 0.855026 1.244350 0.920108 1.194616 0.852826 0.927583 1.071417 0.957511 1.106687 0.989709 1.164707 0.797064 0.845129 1.038747 0.978948 0.862528 1.009565 1.172374 0.798967 0.889811 1.017032 0.831977 1.024961 
1.153710 1.042961 0.795213 1.028402 1.082554 0.801647 0.999707 1.017532 1.193074 0.996953 0.872214 1.157755 0.832077 1.051831 1.258875 1.158111 1.143826 0.955678 1.067320 1.003581 1.011407 0.863346 1.230379 0.795272 0.998050 0.999795 0.910096 1.016272 1.185839 0.903971 1.248605 0.913431 1.135768 0.839966 0.926308 0.881384 0.868756 0.927887 1.232375 1.226813 1.072896 0.842590 1.173852 0.941173 0.915036 1.054345 1.041668 1.059638 1.028012 1.053731 0.990280 0.981115 0.883508 0.953116 
1.161546 0.815478 0.802634 1.028402 1.029536 0.971063 0.853058 1.113026 1.181657 0.972949 1.198158 1.155252 0.951527 1.057774 1.221097 0.896169 1.041863 0.957794 0.824799 1.011742 0.911149 0.798557 1.229919 0.816570 1.124866 1.136287 0.832396 0.861407 1.227835 0.895046 1.209975 0.894619 1.187801 1.041006 0.824180 0.957421 1.064271 1.157965 1.244391 0.965492 1.072896 0.886185 0.946826 1.190906 1.238876 1.094990 0.848936 1.245604 0.940708 1.041531 0.980311 1.092118 1.067269 0.862102 0.991912 1.193003 1.037659 1.249690 1.048139 0.967275 1.125703 0.875483 
1.163364 1.000522 0.794480 1.028402 1.110179 0.932689 0.850016 0.957158 1.229711 1.187580 1.096120 1.101347 0.944029 1.018589 1.101012 1.005971 0.830603 0.965927 1.115466 0.988612 0.990443 0.841470 1.219564 0.816570 1.110031 1.225427 1.088494 0.915280 1.143445 1.193422 1.075061 0.946056 1.119855 1.101877 1.124698 1.025887 1.226737 1.064673 1.206040 0.824601 1.085573 0.874815 0.860380 0.855388 0.940843 1.093309 0.910037 1.249126 0.797625 1.119290 0.952885 0.907995 1.053339 1.003915 1.103118 0.946082 1.231900 0.878376 0.912914 0.998503 1.036752 1.132807 
0.969245 1.190450 0.794480 0.949549 1.064281 0.924114 0.858470 0.891472 1.047862 1.219114 0.814074 1.207054 0.889868 1.051421 0.954155 0.859773 1.034545 0.903147 0.994094 0.816837 0.988476 0.830027 1.204028 0.804411 1.030737 1.226345 1.046215 1.000569 1.145555 0.986676 1.228110 1.046076 0.870220 0.818501 0.933354 0.876809 1.004700 1.027370 1.198896 0.952244 1.058873 1.128313 
1.186292 1.232439 0.794480 1.102411 1.044078 0.893806 1.086373 0.871253 1.099443 0.894252 1.080995 1.094088 0.898209 1.196915 1.154306 1.021486 1.035349 0.943449 1.015059 0.948759 0.952195 0.871287 1.210127 0.811607 0.954848 1.159269 0.872179 0.810339 1.136477 1.006172 0.880731 1.179530 0.929056 0.916555 0.850908 1.244291 1.256313 1.007226 1.222147 0.890815 0.879015 1.093984 1.046607 0.832606 0.920026 1.160715 0.874537 
0.998990 1.215896 0.794480 1.210797 1.034064 1.141532 0.913842 0.898654 0.931163 0.981584 1.112059 1.005581 1.238054 1.084759 1.042282 0.908186 0.941769 0.852617 0.925520 0.825068 1.237261 0.830212 1.245317 0.819605 0.901047 1.203456 0.885054 1.230037 1.035270 1.033880 1.190793 1.011761 1.132470 0.898506 0.903013 0.941394 0.966980 0.832875 0.932068 1.017762 
0.948302 1.193555 0.794480 1.216335 1.039900 1.230993 1.007051 1.139910 1.112062 1.043261 0.939807 0.971188 1.224733 1.231807 1.078299 0.855264 1.190705 0.890391 0.906523 1.219222 0.868394 0.815851 1.233282 0.796597 0.884660 1.247647 0.903226 1.212048 1.073740 1.048647 1.184340 0.839954 0.947162 0.799363 1.053016 1.211130 0.812295 0.872848 
0.934348 1.203562 0.794480 1.203969 1.035022 0.950269 0.885816 1.006140 0.815129 0.981624 0.978638 0.796502 1.119022 1.205003 1.066092 0.952850 1.228078 0.890185 0.941408 1.169486 0.888433 0.816106 1.228504 0.816605 1.009752 1.248436 0.811352 1.258339 0.930577 0.817238 1.205844 0.859209 1.094460 1.186293 1.035654 0.921423 0.955879 1.081043 1.054316 1.149107 1.003977 0.897421 1.066488 0.872606 1.088909 1.075742 1.055792 0.847633 
1.043968 1.240325 0.804873 1.042650 1.068393 1.063441 0.872834 0.886823 0.813228 0.899244 0.966523 1.022101 1.112031 1.173481 1.048057 0.894022 1.078715 0.949278 0.897575 1.121230 0.921918 0.837698 1.258036 1.215953 0.984631 1.214301 0.952237 1.249205 1.257710 1.058592 1.045707 0.948457 1.245323 1.216423 1.009715 0.845867 0.995851 1.061326 1.150535 1.187673 
1.075383 1.242651 0.804873 0.837606 1.072999 1.063441 0.889613 0.895715 0.961801 1.091937 1.182003 0.934166 0.859055 1.039836 0.836381 0.967422 1.020615 0.951082 0.920848 1.226105 1.075299 0.834719 1.255993 1.067561 0.874288 1.235295 1.187300 1.240401 0.988099 1.021680 0.917437 1.243877 0.861892 1.230654 
1.253586 1.247501 0.798770 0.817796 1.047252 0.983599 1.089591 1.068905 0.960151 0.872146 1.224226 1.084574 0.801250 0.910011 0.874458 0.928725 1.033357 0.949963 0.969625 1.245673 0.992505 0.838157 1.229192 0.919247 1.039581 1.182119 1.130562 1.183428 0.887986 1.201987 1.022653 1.252084 1.039634 1.033478 
1.253466 1.255703 0.801005 0.839827 1.058039 1.220475 0.795737 1.111018 1.225539 0.976621 0.828489 1.051682 0.874785 0.892726 0.915579 0.943687 1.033631 1.036316 0.940218 1.039658 1.050867 0.863903 1.224631 0.871828 1.091879 1.194722 1.215990 1.199514 0.950722 1.157663 1.103192 1.241783 0.921988 0.954753 1.024041 
0.918857 1.228037 0.801005 0.804345 0.918022 1.181081 1.100188 1.198014 0.901189 0.954304 1.020644 1.224475 0.869894 0.864863 1.048931 0.981223 1.024523 1.100676 0.923059 1.249188 1.119908 0.841083 1.249058 0.863300 1.003282 1.110542 1.068749 1.087847 0.891591 1.095980 0.864441 1.101481 0.983421 1.179402 1.100070 1.167494 0.848721 0.914186 0.844689 1.040338 1.083228 0.996152 0.803170 1.112834 0.915949 0.965739 1.168184 1.011490 
1.102182 1.225706 0.798363 0.829833 1.011175 0.997152 1.038101 1.229704 0.902837 0.932591 1.102246 1.196248 1.240333 0.832045 1.152946 0.981223 0.985530 0.886614 0.932913 1.243760 0.985564 0.822893 1.218044 1.080641 0.856859 1.003200 1.054778 1.047045 1.043844 1.050755 0.865321 1.025584 1.225691 0.912677 1.105497 0.930325 0.974764 1.179823 0.886189 1.208778 1.047720 1.150171 0.952782 0.864355 0.942263 0.808747 1.130658 1.004248 1.113088 
1.037145 1.244336 0.798363 0.970308 0.846342 1.066278 1.162699 0.849325 1.165809 1.044407 1.248118 1.198557 1.184760 0.948059 1.066334 0.900462 0.912568 1.000632 0.927421 1.252566 1.182975 0.841047 1.218044 0.875128 0.877578 0.876824 1.017953 0.870025 1.079695 1.075841 0.901365 0.802864 1.067107 1.076834 1.053001 1.076975 
1.229697 1.247969 0.797099 0.966016 1.164073 1.181854 1.016804 1.031145 1.256120 1.079352 1.058476 0.893525 0.910584 0.965030 1.069308 1.041547 0.881019 1.151303 0.868396 1.245830 1.247632 0.871666 1.242841 0.935354 0.914397 1.093727 0.935118 1.204681 0.830896 1.182444 0.909499 0.811576 0.904119 0.842204 1.042233 1.190339 1.049551 1.077071 0.875211 1.175047 1.082507 1.201387 1.208502 
1.159360 1.236900 0.800292 0.965553 0.801576 1.086955 1.059726 1.141417 1.053755 1.237037 0.943348 1.019168 0.961973 0.978510 1.048769 1.246885 0.884964 0.853717 0.982260 1.215097 1.002671 0.839103 1.246754 0.977488 0.874842 0.901356 0.840245 1.083300 1.177570 1.115764 0.868790 0.818580 1.098390 0.978043 0.991832 1.052893 1.111252 0.936582 1.099160 1.036030 0.814234 0.935266 0.948458 1.169275 
0.974889 1.237608 0.797495 0.961301 0.820110 1.188286 1.086894 1.180640 1.231497 1.204869 0.945986 1.208679 0.814515 0.914764 1.061202 1.224952 1.035592 1.122288 1.191788 1.215195 1.000223 0.858788 1.256480 1.169582 0.887179 0.885612 0.976570 1.083300 1.258278 1.072629 1.234090 0.874344 0.962954 0.923884 0.832151 1.161244 1.085465 1.011949 0.953782 0.916413 1.184028 0.864051 0.921693 0.926324 1.013296 
1.208983 1.237608 0.797495 0.966269 1.022633 0.842460 0.846454 1.171654 1.223861 1.080147 0.952887 0.883312 0.809193 0.940581 1.054807 1.201494 1.038867 0.813910 1.219069 1.127981 0.968813 0.867719 1.256480 1.202165 1.018236 0.951166 1.069945 0.878233 1.223971 1.035289 0.856614 0.877228 0.953864 0.857475 0.834102 1.103995 0.806757 1.048842 1.040236 0.880430 1.137281 1.024837 1.176055 0.896052 0.846192 1.174662 1.118313 0.855242 0.968135 0.795813 1.027190 1.081695 0.853531 0.972126 0.829012 0.897572 1.008571 0.916971 
0.956247 1.251383 0.882591 0.966913 0.973483 0.939181 0.815143 1.189465 1.077310 1.068742 0.893801 0.898865 0.934409 0.800983 1.006084 1.246687 0.850254 1.205780 0.856630 1.218029 0.911887 0.840138 1.237429 1.238256 1.046002 0.920002 0.991810 0.957557 1.223971 1.231737 1.122686 0.945584 0.933082 1.146407 1.046581 1.084681 0.866046 1.056614 1.083116 1.030912 1.051749 0.999131 1.012168 1.028342 0.855421 0.890147 0.952950 0.810257 1.091651 1.028668 0.969573 1.053475 0.808004 0.947403 1.013936 1.106395 
1.026146 1.247365 0.861954 0.947059 0.887566 1.232783 0.826297 1.147423 1.146838 0.929761 0.909957 0.850782 1.022911 0.799291 0.892287 0.976655 0.995719 1.045582 1.092485 1.208886 0.819729 0.829145 1.237429 0.813234 1.037886 1.023004 1.184169 1.001996 1.209886 1.120185 1.158637 0.874538 0.945117 1.099571 0.984001 1.012380 1.245354 0.976995 0.998177 0.966894 1.025712 0.939029 1.179104 1.052753 1.132478 1.127704 1.010017 0.826446 0.954617 0.970050 1.045910 
1.141649 1.216189 1.217343 0.987835 1.067083 1.246353 1.030628 1.015360 0.811682 1.039757 0.871361 0.862893 1.230178 0.799291 0.884867 0.901859 1.052096 1.049157 0.950427 1.193223 1.224175 0.838986 1.239117 0.896718 1.017070 1.252216 1.139300 1.019238 0.902058 1.008628 1.245548 1.041054 0.942747 0.912476 1.050204 0.849247 1.111365 0.888196 1.000503 0.823156 1.214554 0.948878 1.161973 1.068880 0.993740 0.971272 0.848457 1.027704 1.154449 1.164055 0.905697 
1.193896 1.225072 0.948653 0.990999 1.207741 1.253917 1.012681 0.955242 1.243454 1.057350 0.912616 1.039552 1.237964 0.799291 0.975829 0.972567 1.131416 1.023039 0.811842 1.104997 0.861676 0.862840 1.239117 1.156395 0.795773 1.006746 1.214127 0.996886 0.970429 0.797177 1.002565 1.015887 0.987101 0.885490 0.917492 0.865855 1.053737 1.147916 1.100189 0.974017 1.215748 0.921726 0.997757 1.083602 
0.963097 1.215447 1.069218 0.956375 0.850330 1.239353 1.199502 0.888535 1.205013 0.819061 0.930233 0.914548 0.992094 0.797713 1.076798 1.058415 1.099285 1.004386 0.915498 1.142307 1.241846 0.811987 1.252357 1.157462 1.106453 1.084167 1.143198 1.069221 1.054990 0.797177 0.852683 1.249466 0.954866 1.192767 1.188484 0.890039 0.924073 0.897571 0.876461 1.113293 1.177603 1.034789 1.087741 1.033628 1.164119 0.877458 1.093078 
1.095903 0.846870 1.079023 0.984422 1.123975 1.254192 1.138268 0.885854 1.169561 0.856349 0.910311 0.969264 0.882902 0.798855 1.094785 1.186994 0.826700 0.999010 1.036960 1.174670 1.126197 0.853969 1.205797 1.033640 1.031506 0.995885 1.021604 1.063643 0.803305 0.826959 1.096824 1.253116 0.969316 1.122990 0.835486 0.928671 
0.912110 1.251787 0.905114 0.975973 1.083368 1.257075 0.814873 0.880288 1.075765 1.140493 0.931273 0.944238 0.881871 0.797232 1.107818 0.922764 1.156367 0.989214 1.203119 0.993172 0.903073 0.862176 1.224871 1.215084 1.011421 0.932636 1.151308 1.082560 1.010021 0.839390 1.229795 1.244435 0.876445 0.915638 0.916580 1.139602 0.998180 
0.800052 1.195912 1.076680 0.968420 0.927332 0.857609 0.913949 1.000188 1.197636 1.058673 0.937373 0.969322 0.877130 0.794837 1.095916 0.946810 1.216124 0.989997 1.190424 1.033503 0.952101 0.896142 1.250614 1.008411 0.919709 0.831245 1.129335 1.082560 0.897917 0.815639 1.066036 1.254732 1.190098 1.018340 1.083663 0.979710 1.227180 1.106270 0.926222 0.916774 1.030793 0.991938 1.256263 1.137431 1.256936 1.052536 0.912949 1.135564 1.015164 1.105547 1.096485 1.001747 1.013183 1.238576 1.009879 
0.904735 0.963127 0.801512 1.019658 1.191661 1.053970 1.098951 1.256936 1.042317 1.175430 0.916118 0.974078 0.853134 0.794582 1.079259 0.827656 1.167301 0.830484 1.147239 1.237286 1.032705 0.834682 1.251609 0.822958 0.914842 1.078583 1.076908 1.066224 0.910474 1.190334 1.069005 1.229461 1.024585 1.242964 0.891492 1.037078 1.133790 
0.919735 0.959501 0.808572 1.058190 1.216336 1.041895 0.827132 1.256936 1.071338 1.256023 0.930642 0.945827 1.005087 0.794582 1.073175 1.066683 1.107419 0.892674 0.970751 1.032986 1.021487 0.837644 1.241508 1.043107 0.851318 1.120266 1.204662 1.105126 0.930421 1.034690 1.062718 1.229461 0.899675 1.006214 0.803958 0.806000 0.946575 1.143219 1.146237 1.193735 0.801558 1.252212 1.162411 1.157044 0.891873 0.879183 1.214459 0.951211 0.958281 1.014139 0.982898 0.856480 0.854418 0.986492 
1.001513 0.939981 1.219496 0.905729 0.869520 1.017847 0.918938 1.257095 0.997464 1.212054 0.913545 0.953121 1.052447 0.794582 1.075428 1.056090 1.225264 1.159663 0.931313 0.838869 1.135573 0.866647 1.244022 0.796240 1.003370 1.253415 1.008827 1.085235 0.906083 1.063096 1.075912 1.156013 0.923977 1.036200 1.021486 1.198062 1.152205 0.856928 1.116360 0.896284 0.942765 0.913092 1.050085 0.848198 1.119809 0.979106 1.148100 0.883202 1.137982 
0.944311 0.934500 1.185611 1.188558 1.027066 1.070531 1.010532 1.208479 1.093709 1.208399 0.896950 0.930991 1.003906 0.794582 1.000080 1.096917 1.130526 0.796758 0.889765 0.808218 1.056403 0.820465 1.255445 0.805283 0.996575 1.253415 1.028616 1.103960 1.010285 1.083996 1.052973 1.226902 0.952944 0.987508 1.030819 1.183390 0.818744 0.893330 1.154527 0.850536 1.257662 0.878856 0.931786 0.910478 1.082944 0.881193 0.823362 1.045272 0.962604 1.087294 1.061236 0.940582 
1.208852 0.931563 0.957917 1.242889 0.888024 1.101148 1.041580 1.239955 0.907490 1.224592 0.908061 0.969722 1.116853 1.223281 1.113728 0.808716 1.214876 1.091022 1.033450 1.175865 1.061856 0.810267 1.240579 0.887425 1.057274 1.228647 1.028616 1.020176 1.148921 0.828357 1.069309 0.927716 0.881410 1.003652 0.925817 1.191614 0.993063 1.028951 0.947489 0.955852 1.181209 1.244221 0.804113 0.870341 1.007333 1.241154 1.120479 1.079789 
1.107033 0.941679 0.942036 0.898054 0.849246 1.123790 0.843285 1.212331 0.974464 1.172368 0.929108 0.801012 0.820180 1.022201 1.059053 0.803860 0.993767 1.030782 1.069009 1.141005 1.037284 0.832354 1.247536 0.860268 1.071829 1.236983 1.040131 1.072134 1.225957 0.953741 0.846352 0.927445 0.837340 1.136205 0.897535 1.124896 0.860225 1.113486 0.795862 0.957597 1.207595 1.158699 0.999290 1.027349 0.908385 0.904413 0.881637 1.087877 
0.857894 0.962331 0.953189 0.853126 0.883952 1.077991 0.953490 1.249422 0.905896 0.871359 0.895357 0.802485 1.228042 1.023964 0.969078 0.808935 1.034855 1.143870 1.055401 1.015129 1.154496 0.794788 1.196931 0.938649 0.979008 1.236983 0.935339 1.113539 1.159632 1.185001 0.922632 1.177016 0.959227 1.056921 0.876179 1.184558 1.073969 1.041540 0.939275 0.869748 0.827520 1.241148 0.973354 
0.860461 1.185139 0.955256 0.846059 0.900580 1.096438 1.249257 1.233049 0.923972 0.963582 0.868890 0.802485 0.879088 1.023964 0.816628 0.912227 1.058914 0.845632 1.079193 0.866928 1.116053 0.834409 1.224685 0.982933 1.075023 1.246008 0.836317 1.058792 1.167653 1.011707 1.150413 1.179419 0.962018 0.938955 0.973346 0.834019 1.233809 1.128110 1.123953 1.103339 0.943843 1.191109 0.985338 1.108594 0.921785 1.060522 1.039296 
0.828973 1.201157 0.953763 0.882599 0.886591 1.096651 1.241648 1.233049 1.102381 0.856972 0.900463 0.802485 1.001655 0.990641 1.034791 0.872538 0.906125 0.802358 1.019059 0.856460 0.839677 0.853123 1.220669 1.082827 1.213457 1.246008 1.038412 1.066130 1.240245 1.068200 0.877588 0.959682 0.965451 1.195325 1.079774 0.830075 0.853118 0.908252 0.949746 1.077329 0.923121 0.967430 1.232065 1.058489 0.999146 1.045909 1.018815 0.953966 1.112015 1.039967 1.189774 1.159003 1.119158 0.997242 
0.894996 1.180233 1.040181 1.163125 0.855853 0.969551 1.089258 1.233049 1.232727 0.930549 0.894568 0.799457 1.080728 1.000116 0.895013 1.240737 0.956374 0.903187 1.002507 1.178766 0.807585 0.863333 1.217877 1.229695 1.063787 1.230720 1.050666 1.066130 1.238477 1.172647 1.076541 0.978528 0.972687 1.008802 1.049824 0.814413 1.071610 0.903670 1.145160 0.993834 1.133897 0.894342 1.006615 1.005972 0.811690 1.017374 1.029129 1.074710 1.105417 1.072873 1.027694 0.865623 0.921706 1.072830 0.857610 0.808950 1.233558 1.256989 1.099532 1.247034 1.183186 
1.023345 1.180233 0.825457 0.885097 1.172743 0.846351 1.092568 1.027835 0.906417 1.013207 0.935466 0.798608 0.895487 0.930977 1.166162 0.873132 0.913085 1.234901 0.882950 1.158229 1.182315 0.910279 1.242020 1.146433 1.023823 1.245383 0.970399 1.117271 1.245451 1.240072 1.052841 0.988852 1.130263 0.866199 0.955881 0.810169 1.099490 0.920109 1.093329 0.962199 1.028787 0.934373 0.820602 0.912092 0.972363 0.952062 1.004696 0.974119 1.095392 1.036228 0.917669 
1.107953 1.158159 0.821878 0.811619 1.110327 1.142158 0.984036 0.873935 1.116239 0.962329 1.015947 0.797944 0.902819 0.896628 1.148931 0.877131 0.968639 0.801130 1.157570 1.214467 0.868938 0.849120 1.242020 1.100809 1.035570 1.245383 1.249098 1.126321 1.238116 1.221905 1.039684 0.989703 0.909814 1.225225 1.208243 0.966944 1.212324 1.020140 1.081057 1.243236 1.068041 0.836340 1.125111 1.046831 
1.189276 0.870432 0.831980 0.955051 1.095176 0.899652 1.183767 0.890928 1.117638 0.984414 1.080218 0.850062 1.211027 0.990604 1.003164 0.929381 0.919895 1.206489 0.902656 1.123891 0.853696 0.854142 1.242020 1.066427 1.227430 1.246108 1.232047 1.136139 1.052414 0.978480 1.021945 1.224005 0.917372 1.016827 0.796516 1.012505 1.154764 1.227219 1.071825 1.034529 0.794468 0.925887 1.220447 1.062652 1.015799 1.255687 1.085965 1.019390 1.190239 1.221737 0.999592 
1.191273 1.006303 0.856379 0.804928 1.071415 0.910622 0.916908 1.168278 1.029689 1.077166 1.253016 1.103084 1.224804 1.246469 0.873701 1.165724 0.934978 0.799024 0.918883 0.951122 0.916623 0.854142 1.242020 1.085701 1.146668 1.071617 1.054150 1.108572 1.086499 0.967750 0.953925 1.196857 0.881749 0.973158 0.799345 0.837791 0.904084 0.967297 1.068343 1.047434 1.137708 1.037175 1.000683 0.947927 0.967191 0.798301 
1.174889 1.006303 0.865780 0.796754 1.152778 1.155850 0.922848 1.185176 0.864304 0.855300 0.990046 0.926091 1.208136 1.257497 0.894047 1.218506 0.948130 1.214304 1.086686 0.938392 0.949569 0.843842 1.251721 0.854420 1.227963 0.828665 1.128417 1.150442 1.011054 0.920817 1.048159 1.195580 1.033169 0.973995 0.817432 0.824613 1.208154 0.963827 1.068343 1.046895 1.089091 1.084125 0.942578 1.224557 0.859576 0.909666 1.067213 0.930213 0.908776 0.810734 
1.194058 1.017527 1.046699 0.796754 0.896769 0.814129 1.081391 1.181744 1.226224 0.993416 0.939157 1.254414 1.001654 1.257497 0.887197 1.205416 0.977889 0.815823 1.111121 1.099229 0.890865 0.839591 1.245606 0.953923 0.884129 0.927618 1.189737 1.247116 1.047519 0.799519 1.129801 1.213093 1.138308 0.965831 0.838692 0.987165 0.915371 1.101104 1.080706 0.955188 1.104880 0.994155 1.071217 0.921784 1.016146 0.888114 1.041497 0.901184 1.112571 0.915825 1.184474 1.128652 1.238239 1.044770 1.019948 1.108552 
1.195586 1.000304 0.982716 0.796754 1.030609 1.049000 0.863761 0.922755 1.251954 0.949936 1.046240 1.257856 1.016126 1.244231 1.107271 1.219632 0.911718 0.909971 1.108451 1.023171 0.893265 0.832244 1.252743 1.016201 0.899101 0.825348 0.808061 0.844256 1.253739 1.036284 1.089073 0.820193 1.150299 0.978072 0.905939 1.161159 0.866311 1.174937 1.000308 0.955188 1.066785 1.069331 1.077187 1.114563 1.028554 1.191149 0.991720 
1.179273 0.894434 1.102690 0.796754 0.948004 0.946532 1.072776 1.127388 1.235709 1.131119 1.154567 1.254675 0.915526 1.237020 1.156463 0.863243 0.928151 0.907129 0.816295 1.038403 1.186760 0.852827 1.248600 0.902225 1.199605 1.040307 0.910003 0.888423 1.182061 1.037949 0.957573 1.064299 1.073625 0.958331 0.914131 1.007910 0.866449 1.198623 0.803775 0.964801 0.939516 0.925305 1.190159 1.057341 1.094607 1.037949 1.166293 0.824734 1.223402 1.099471 0.817829 0.995343 0.802274 1.078681 0.871855 0.944679 
1.151600 0.883468 0.931700 0.796754 1.041123 0.977821 1.150852 0.891435 1.254109 1.202749 0.999422 1.234095 0.884624 1.251045 1.029394 1.254584 1.004022 1.116002 1.089721 1.217829 0.977718 0.869849 1.242856 1.075001 0.928528 1.119342 1.092042 1.080740 1.188286 1.044570 0.937071 1.052524 0.882723 1.116385 0.875188 1.064939 0.796389 1.100962 0.899163 0.970876 1.210916 0.972225 0.925544 1.145391 0.951457 1.208394 0.827570 
1.133212 1.052018 1.089106 0.796754 0.899026 1.258798 1.054295 0.871679 1.229599 0.886333 0.806345 1.258837 0.890429 1.217093 0.837364 1.017840 0.950156 1.153255 1.004449 0.986511 1.198774 0.855911 1.248073 1.087087 1.169773 1.052200 1.084743 0.959628 1.219824 0.808331 0.947750 1.065073 1.251095 0.933545 0.879519 0.957649 1.162639 0.971833 1.067630 1.116389 0.893031 1.026994 0.855462 0.922575 0.958711 1.256248 0.893997 1.221013 1.046593 0.952318 0.998734 0.920875 0.990891 0.952919 0.953169 0.898839 0.897734 1.120431 
1.162745 0.927345 1.182440 0.796833 1.000868 1.169354 0.963332 0.878366 1.221931 0.981271 0.860919 1.258837 1.188841 0.887618 0.833149 1.090814 1.056468 0.935519 0.838448 0.838943 1.178109 0.870645 1.243866 1.054000 1.181585 1.229265 1.061771 1.083913 1.241646 1.124546 0.916063 1.074763 1.179777 1.011777 0.846362 0.970520 0.841221 1.019947 0.979209 0.890600 1.012755 1.182932 0.914183 0.937777 1.174896 1.102017 0.845484 1.219500 0.830262 0.920334 1.176090 0.910686 0.933054 1.161559 1.003638 1.114509 
1.038581 0.998070 1.164644 0.796833 0.980308 1.211571 0.948175 0.879334 1.171832 1.092885 0.977437 1.233004 1.029909 0.862779 0.806882 0.906626 1.044468 1.028918 0.866636 1.075295 1.184838 0.868900 1.233218 1.182889 1.028756 0.873881 1.058881 0.804469 1.234296 1.223474 1.108277 1.069563 1.137864 0.803663 0.960870 0.919869 1.113229 0.980237 1.020879 0.857537 1.236959 0.992987 1.071796 1.116157 0.880401 1.011896 1.256811 1.242415 0.915789 1.208321 0.993582 1.098418 1.076238 1.085486 1.036181 1.000112 
1.239009 0.847519 1.146702 0.796833 1.245104 1.232537 0.936820 0.896364 1.251741 0.933657 1.034572 1.251947 1.028837 0.884900 1.011748 0.924731 0.925926 1.175616 0.817115 1.141257 1.023354 0.820422 1.237988 1.075848 0.986914 1.005832 1.096547 1.148895 0.878058 1.111255 1.083106 1.067896 0.902024 0.823116 0.890976 0.958192 0.929531 0.870162 1.240714 0.911279 1.062160 1.019626 1.211030 0.928807 1.053541 0.797068 1.255007 1.113616 0.912254 1.046205 0.838180 1.020443 0.950920 1.177252 0.862228 1.067534 1.048930 1.076149 0.812054 1.102425 0.907415 0.941544 
1.026650 1.150105 1.240766 0.794713 0.959710 1.189472 1.165241 0.906042 1.194385 0.885202 1.239222 1.251947 1.029580 0.888389 1.091866 0.853443 1.055762 1.178412 1.145371 1.078980 1.080352 0.879592 1.246967 1.084472 0.906146 0.948030 1.071910 0.819642 0.850113 1.249479 0.892710 0.973463 1.200775 0.925737 0.941562 0.950510 1.031122 1.034868 0.937899 0.878415 1.077026 0.925417 1.108941 1.197298 0.898119 0.973783 0.933016 1.052425 1.098523 0.941883 1.169870 0.844177 1.236278 1.145792 
1.050798 1.061834 1.161403 0.794713 1.169637 1.089276 1.015363 0.881408 1.096705 0.849054 0.947609 1.229597 0.996335 0.867299 1.051245 0.919821 1.168554 0.953351 0.984506 1.243637 1.250242 0.816858 1.220837 1.077121 0.800846 1.239631 1.068982 0.810888 1.180659 0.938666 1.021652 1.209089 0.880034 1.042002 0.951144 1.002103 1.026312 1.149270 0.891456 0.978982 1.171286 0.829583 0.959262 1.059120 1.073486 1.149105 0.934508 0.861225 
0.930452 1.027130 0.874686 0.810086 1.241465 1.109743 0.926177 0.863932 0.858608 0.909838 1.234390 1.229597 0.963662 0.896031 0.834364 0.878255 1.215218 0.953351 1.209072 1.231323 1.218678 0.801707 1.227439 1.036348 1.103446 1.255423 1.061609 0.831444 1.001453 0.893309 0.961103 1.231962 0.826039 1.104047 0.951144 0.993021 1.134650 0.807555 0.966176 0.918011 1.003452 1.030760 1.094221 1.147236 1.070524 1.201633 1.075783 1.152780 
1.142439 1.081561 1.159220 0.799620 1.238070 1.004279 0.806073 0.907658 1.159608 1.037939 1.011478 1.232986 0.922667 0.823296 0.882959 0.889205 0.856114 0.928687 0.987029 1.110034 1.220598 0.830608 1.229775 1.251965 0.800850 1.239454 1.054501 0.943529 0.940633 1.210318 0.825952 0.930620 1.033498 1.054745 0.935259 1.131498 0.925586 1.169703 0.934808 1.245334 1.002267 1.050331 1.065723 0.807918 1.032467 0.836083 1.022560 0.885155 1.048601 1.218309 
1.161485 0.880973 0.872627 0.901334 1.225680 1.189819 1.034539 0.912270 1.200231 0.839631 0.914476 1.232986 0.891945 0.797649 1.222168 1.072971 0.970624 0.949625 1.084562 1.159542 1.220598 0.809276 1.241637 1.031210 0.855067 1.252711 0.873926 0.848298 0.934834 1.192036 0.984949 0.898260 0.965260 0.969433 0.952859 1.059890 0.794729 1.041949 0.928328 1.180464 0.991278 0.990614 1.084854 0.985577 1.050523 1.234860 0.809501 0.934775 1.023991 1.033174 1.157878 1.129805 1.140029 0.823924 1.131218 0.824552 
1.136647 0.963958 0.895027 1.114937 1.093619 1.171785 0.956986 1.213885 0.857436 1.059439 0.958165 1.224090 1.061310 1.054784 1.206731 1.055773 0.827003 0.952608 1.081529 1.237953 1.209694 0.804124 1.242007 1.002970 0.900520 1.240599 1.072386 0.922127 0.915349 0.949133 0.933920 0.818865 0.944505 1.173005 0.893658 1.019788 0.794729 1.136328 1.047455 1.162932 1.232873 1.022772 1.139923 0.887151 1.206539 1.085852 0.842609 0.937305 0.879110 1.115469 0.866540 1.039019 1.183120 1.059331 0.985263 0.963698 1.064119 0.877323 
0.884777 1.159896 1.068798 1.007743 1.016288 1.250374 1.164786 0.912060 1.049511 1.037657 1.024109 1.247856 1.176775 0.882052 0.934307 1.060395 0.813247 0.950038 0.849276 1.140049 1.251215 0.817363 1.228516 0.964461 0.904043 1.222992 0.867972 0.818613 1.133281 1.053159 0.947295 1.236188 0.942997 1.062168 1.061040 0.874349 0.796413 0.842734 1.236941 0.798977 0.995386 0.879122 0.990218 1.149929 1.084344 0.993337 1.213445 0.987728 1.043202 1.125761 
1.021717 0.896385 1.098847 0.961448 1.176174 1.075181 1.168395 0.972539 1.155784 1.088742 1.109491 1.248805 1.156879 0.877135 0.944678 1.040268 0.835048 0.960045 1.235191 1.201812 1.187416 0.830293 0.856766 1.069152 1.000395 1.203969 1.092275 1.147133 0.977785 1.053159 0.864692 1.216825 1.066272 1.236721 1.210526 0.890330 0.796413 0.924125 0.819876 0.995077 1.235850 0.805985 1.123593 0.923428 1.052690 
1.075857 0.879473 0.927501 1.111706 1.176456 1.184665 1.167573 1.153508 0.984417 1.096885 0.955767 1.231154 1.075083 0.860879 1.088816 1.057584 0.799325 0.960045 1.208709 1.257117 1.165452 0.812446 0.946345 1.039813 0.949297 1.224954 1.008261 1.056757 0.981281 1.064175 0.935952 0.842883 0.835423 1.233928 1.048708 1.208462 0.796413 1.213997 1.189211 1.006137 1.003188 0.861900 0.867549 1.122505 1.187412 1.088480 1.258272 0.908549 1.051013 1.222434 1.191557 
0.829314 0.895386 0.895729 1.051113 1.196117 1.072256 0.805422 1.144387 1.068811 1.141576 0.967426 1.246336 0.878781 0.884595 0.877334 1.098036 0.995484 0.959058 1.253871 1.030711 0.987222 0.839888 1.037259 1.084355 1.088183 1.226058 1.032061 0.876225 1.229423 1.089664 0.915767 0.970599 1.150872 1.230933 0.936928 1.226117 0.796413 1.085611 1.227309 0.848160 0.957050 0.993898 1.007430 0.894760 1.048884 1.079290 0.828590 0.819381 0.902372 0.996567 1.191766 1.055948 0.851187 0.852466 1.078555 
0.795830 0.989649 1.062950 0.883315 1.144706 1.025768 0.868526 1.255380 0.936699 0.817981 1.119318 1.258351 0.948180 0.855215 0.956592 0.983329 1.119324 0.959058 1.065998 1.153868 0.981620 0.859226 1.064114 1.040258 0.991542 1.253468 1.014110 1.010824 1.194207 1.183466 0.897003 0.994989 0.800158 1.258844 0.825754 1.072075 0.796413 0.815911 1.185561 0.883233 0.874359 1.079516 1.006489 1.110644 0.944752 0.989340 1.139957 0.955781 1.054231 0.994923 1.124140 1.082709 0.866706 0.804687 1.150028 0.931478 1.062408 0.973258 0.855823 1.173585 0.965587 
0.869174 0.920171 1.058425 0.915267 1.185888 0.941198 1.129438 1.206174 1.008054 1.175257 1.185651 1.239772 0.934747 0.984506 0.904705 1.202207 0.906729 1.074408 0.825152 1.181432 0.796413 0.811831 1.064114 0.950291 1.022834 1.203209 1.015645 1.049125 1.000145 1.131502 0.875693 1.020209 1.092939 1.241655 1.138847 0.953167 0.995184 0.966486 0.927390 0.911904 1.063812 1.082617 0.848267 1.018730 0.847066 
0.902195 0.965041 1.065667 1.230211 1.061742 0.983090 1.052890 0.901234 0.889435 1.195253 1.206820 1.246372 1.220974 0.917465 0.903973 1.037023 1.114004 1.256367 0.825152 0.931103 0.795235 0.795403 1.070748 0.974114 0.908064 1.251068 0.966451 1.034817 1.132092 1.007080 0.928211 0.891508 1.139057 1.242217 1.243039 0.906724 1.247456 1.160811 0.916416 1.138520 0.944849 1.168592 1.152891 
0.896296 0.962922 1.049278 1.027733 1.123469 1.074779 1.214392 1.200933 1.082524 0.924593 1.064999 1.223610 1.095620 0.926551 1.070890 1.243451 0.984126 1.040974 0.838191 0.849588 0.804243 0.846490 1.234717 0.982279 1.127246 1.115769 1.066385 1.040215 1.106870 0.796680 0.951333 0.912891 1.181601 1.034786 0.893723 0.950249 0.815136 1.087619 0.841124 1.015425 1.251848 1.155748 
1.148007 0.962741 1.035303 1.038056 1.165573 1.079729 1.240685 1.000906 0.826998 1.206712 1.104507 1.228494 1.204681 0.872401 0.856362 1.237507 0.821307 1.053278 0.802511 0.933272 1.132589 0.842370 1.227274 0.931641 1.067066 0.899713 0.881421 1.035120 1.218948 0.794423 0.921215 0.813465 1.036398 0.937239 1.076052 1.003497 1.022688 0.818036 1.054983 0.889815 1.080311 0.928408 0.849254 0.973241 1.027997 0.831304 1.145550 0.822563 1.014558 0.935524 0.913723 0.943951 0.932891 1.112247 1.074813 0.820393 1.047512 1.042939 0.963835 
0.982387 1.045206 1.006577 1.223788 0.866522 0.814420 1.244465 0.928150 0.972425 1.203810 0.868326 1.246752 1.202391 1.053826 0.935524 1.243027 0.959894 1.043506 0.873529 1.195110 1.243047 0.890663 1.258285 0.955634 0.995564 0.971315 0.876098 1.085209 1.199308 0.794423 0.922909 1.057389 1.018407 0.863609 1.103968 1.074613 0.949602 1.166472 0.838950 1.005543 0.837797 1.082678 1.145445 0.894293 0.985529 0.946541 0.949176 1.153217 0.939739 1.090916 
1.099635 0.964466 0.890300 0.868946 0.967797 0.826399 1.237275 0.976584 1.030586 1.228341 1.210477 1.167849 1.092217 0.934197 0.906246 1.251790 0.874740 1.009607 0.897702 1.173763 1.011024 0.879279 0.818944 0.980210 1.023420 0.832285 0.877165 1.090388 0.936219 0.795536 0.920293 1.191673 1.056940 0.920608 0.946227 1.076787 1.035197 1.196139 0.800254 0.939088 0.943038 0.978339 
0.900706 0.863242 0.902339 0.825286 0.977253 0.918790 1.230210 0.994238 1.079841 1.258568 1.210477 1.069390 1.167145 0.848238 1.234935 1.241458 0.997894 1.124961 1.179465 1.241453 0.809073 0.843874 1.015821 0.980547 1.014611 0.911932 0.969179 1.106177 0.920400 0.795536 0.942831 0.804151 1.062870 0.882325 0.960619 1.235463 0.909004 0.934732 1.205792 1.232791 
0.824408 0.911132 0.989913 0.962539 0.955823 1.216444 0.810081 1.018603 1.044374 1.244252 1.206820 1.045630 1.127252 0.960341 0.875589 1.254351 0.895738 1.063265 1.168076 1.209130 0.973885 0.823702 1.057952 1.035055 1.024004 0.890200 0.857492 1.114546 0.875290 0.795536 0.934203 0.928525 0.981615 1.060417 1.066571 0.860413 1.167102 1.125914 0.953088 
0.798864 1.226055 0.866374 0.999833 0.977811 1.194769 1.097110 1.100465 1.104491 1.230982 1.068422 1.197773 1.109980 0.969783 0.956253 1.242666 0.879724 1.042014 1.204859 1.255489 0.918841 0.910650 1.178632 0.950806 1.110458 0.972224 1.025515 1.095787 1.029222 0.795536 0.928611 1.056460 0.999287 1.251979 1.251604 1.103398 0.889439 1.105012 
0.810420 1.225758 1.102857 0.996462 0.890617 1.255789 0.863821 1.135676 0.806523 1.253047 1.091390 0.937802 1.231417 0.969783 0.848328 1.251491 1.097301 1.149513 1.199422 1.258102 1.002119 0.850745 0.863920 1.064673 1.104164 0.989863 1.064016 1.095787 1.087318 0.795273 0.911056 0.841352 0.927529 0.931281 1.169695 1.142883 1.199947 1.066291 0.852116 0.886069 0.866029 0.948306 0.957907 
0.827902 1.212951 0.838221 1.100785 1.015530 1.244874 1.017002 1.059027 0.892589 1.229140 1.064563 0.960088 1.050198 0.995920 0.989773 1.255564 1.142438 0.948572 1.164667 1.248229 0.833921 0.843124 1.146642 0.958833 0.830035 0.978929 0.948690 1.095787 1.013698 1.218684 1.240900 0.797508 0.925291 1.091914 1.200253 0.964935 1.193771 1.122027 1.073109 
1.065070 1.031492 1.066680 1.073523 0.979760 0.896041 0.890721 1.160427 1.081668 1.224954 1.256326 0.926583 0.981942 0.957091 1.022979 1.255564 0.928648 0.912105 1.190525 1.251523 0.999762 0.827452 1.047779 1.025360 0.796735 0.981437 0.892787 1.095787 0.811486 1.214618 1.114255 0.996640 1.079088 1.142152 0.801930 0.797187 0.817689 
0.887825 1.053326 0.952691 1.076509 0.964252 0.920068 1.151816 1.081812 0.813263 1.258271 1.233481 0.872362 0.938770 0.962297 1.069734 1.257748 1.180643 0.900324 1.001729 1.256959 0.801321 0.812409 1.017055 1.200340 0.800408 1.005955 0.896653 1.084675 0.826772 1.190670 1.131373 0.989950 1.000785 1.128359 0.960839 
1.161329 1.108526 0.886777 1.088693 0.961190 0.964278 1.165679 1.078096 0.829657 1.243620 1.055937 0.917225 0.902043 0.970983 1.240494 1.254363 1.033398 0.913564 0.940876 1.253901 1.258757 0.889334 1.142712 1.084989 0.794465 1.154583 0.906559 1.073469 1.036106 1.210923 1.057407 1.176174 
1.171432 0.861757 1.003173 1.070694 1.220874 0.808131 1.058151 1.119017 0.998651 1.188589 0.992068 1.080037 0.988926 0.985362 1.153061 1.254363 1.205820 0.946185 0.935869 1.253887 1.234907 0.843606 0.919249 1.233184 0.794465 1.151419 0.799968 1.084121 1.046381 0.869086 0.844940 1.103157 0.952359 1.131459 0.826764 0.882537 0.973802 1.154755 1.204918 
1.097296 1.202130 0.933975 0.857580 0.993037 1.034758 1.076639 1.046886 1.193000 1.181451 1.041209 1.210627 1.044415 0.937259 0.875299 1.246485 1.028625 0.963290 0.886716 1.253887 1.117110 0.877816 0.921168 0.940222 0.794465 1.234512 1.037446 1.098432 1.064917 0.861278 0.886330 1.095810 1.041372 1.152928 1.039174 1.120101 0.985126 0.962063 1.222494 1.100999 
1.175474 1.140557 0.961755 0.896594 0.876152 1.060752 1.093149 1.038723 1.031364 1.221183 0.809155 0.952106 1.007420 1.189506 0.870103 1.252312 0.938608 0.860606 0.825956 1.243305 0.998648 0.813238 0.993780 0.854194 0.800077 1.047207 0.904214 1.112745 1.110704 0.858875 1.133619 1.068977 0.996614 0.948329 1.142189 
1.127088 1.160190 0.980078 0.939031 1.023481 1.087047 1.069674 0.886580 0.880451 1.237239 1.001464 0.976918 1.007208 1.140301 0.852359 1.252312 0.887105 0.916840 0.909543 1.225404 0.823051 0.831624 0.928816 0.870676 0.800077 1.120879 1.152877 1.078520 1.054323 0.961431 0.985415 
1.179621 1.144679 0.977480 0.912623 0.804054 1.019747 1.133681 0.842341 0.909450 1.257497 0.908408 0.989408 1.028927 1.036036 1.248944 1.249220 0.968698 0.916840 1.000173 1.228384 0.844999 0.844224 0.942831 1.090665 0.794646 1.090281 1.180704 1.136782 1.033593 1.234454 1.002294 0.903911 0.931707 0.824729 0.927865 1.094258 
0.922280 1.086544 0.997486 1.243378 0.861992 0.990007 0.946302 0.931820 1.010222 1.239019 0.911049 0.919397 0.941896 0.982839 0.838624 1.246791 1.045911 0.888007 1.236252 1.255539 0.941897 0.855303 1.207164 1.100557 0.798130 1.112098 1.120240 1.077055 1.083805 1.005987 1.254537 0.906365 0.968025 1.136432 1.023245 0.888372 0.828016 
0.940492 1.118923 0.997486 1.209624 0.973246 1.240356 0.849610 1.024333 1.042794 1.246438 1.100083 1.072889 0.909109 0.985977 0.855266 1.246791 1.090716 1.052524 1.247835 1.255539 0.964879 0.886911 0.980593 1.147897 0.798130 1.076596 1.101399 1.098398 1.001680 0.892393 1.231589 0.922143 0.947637 0.911056 1.182172 1.173928 0.984028 1.142915 0.947261 0.871236 1.258455 0.805480 0.896400 1.018240 1.242299 0.980228 0.895934 0.855197 1.116745 1.117672 0.915992 1.179457 1.010728 0.950033 1.214841 
1.007379 1.120720 1.001276 0.851519 0.926634 0.864166 0.961248 1.034680 0.828719 1.253807 1.064176 0.936906 1.006390 0.989104 1.221085 1.253418 1.077148 1.065205 1.227993 1.255539 1.239898 0.860780 1.169189 0.837245 0.795017 1.106794 1.072385 0.898328 0.831764 0.841769 1.237632 1.144445 0.997419 0.968730 1.019399 1.094433 0.917467 0.836078 1.091816 1.058573 1.190899 0.878275 0.869718 0.939982 1.145489 0.954926 0.912357 0.834209 1.129075 1.021549 
0.893920 0.885926 0.989348 1.224204 0.894591 1.087476 0.864051 1.116363 0.804976 1.241983 0.799165 1.014443 1.111691 0.977457 1.213763 1.241628 1.071797 0.953442 1.176811 1.255539 1.090349 0.861503 1.009405 0.916924 0.795017 1.070631 1.036910 1.063055 1.236800 0.816529 1.219114 1.144445 0.975729 1.008886 1.051899 0.994573 0.965008 1.031858 0.836120 0.915423 1.031486 0.881569 1.219577 0.944845 1.178037 0.905413 0.963486 1.184433 0.935898 1.194638 0.970161 1.153038 1.114768 
1.040521 1.001503 0.906627 0.972096 1.079328 1.011598 0.865041 1.113495 0.800072 1.239480 0.828805 0.853011 0.922886 0.912086 1.122198 1.245984 1.004124 0.845894 1.204592 1.255539 1.018701 0.829471 1.182110 1.001444 0.801310 1.044570 1.226231 1.257912 0.859447 1.174142 0.931062 1.096197 1.143716 1.040241 1.078444 1.195088 0.873348 1.026398 0.832569 0.879265 0.817652 0.905965 0.892865 0.930330 1.087037 1.176923 1.037762 1.027764 0.886654 0.971632 1.028579 0.798704 
1.148923 0.951226 0.999423 0.972096 1.102572 0.921045 0.892539 1.207696 0.803751 1.213998 0.823758 1.152875 0.968105 1.030165 1.018951 1.245984 0.919932 1.124281 1.217381 1.255539 0.898237 0.845140 0.928798 1.113144 1.098660 0.953862 1.226231 0.820157 1.050320 0.961955 0.918180 1.124038 0.876524 1.167932 1.107036 1.039004 1.151598 1.065447 0.853829 0.867774 1.194264 0.796072 0.816517 0.959089 1.095081 1.069018 1.045010 1.124345 1.002979 0.935139 1.026572 0.950448 1.162813 1.084178 0.973192 1.154237 1.005168 0.944386 
1.206338 1.189029 1.047244 0.979970 0.794740 0.899426 0.843474 0.851485 0.828276 1.232041 1.095130 1.230034 0.859673 1.058311 0.970066 1.241298 0.970220 1.047739 1.195061 1.255539 1.142026 0.851249 1.004306 1.151756 1.215048 0.952069 1.182507 1.181083 1.119450 0.828829 0.911336 1.103387 0.888585 0.911386 1.059489 0.963768 1.063572 
1.039008 1.182416 1.126379 0.857935 0.801926 1.108022 0.938322 0.865403 0.829706 1.251356 1.102848 1.059762 1.016743 1.009566 0.977948 1.254775 0.903203 1.005583 1.218905 1.255539 0.836288 0.887095 0.921057 1.171449 1.106662 1.015623 0.968962 1.127266 1.181226 1.143318 0.813533 1.093349 0.899029 0.980742 0.919843 1.223105 0.979946 1.076933 1.094021 0.921946 1.135515 1.099276 0.865714 1.076389 1.105187 
1.006302 1.003650 1.243465 0.933450 0.801220 1.063028 0.880646 1.012700 0.833685 1.246192 1.075516 0.973643 1.076901 0.963649 0.929138 1.239897 1.001722 1.063037 1.241142 1.229024 0.939094 0.847489 1.041839 1.258880 1.069735 1.190691 0.961843 1.048610 1.133846 1.053937 1.043589 0.938861 0.859818 0.916145 1.153670 1.250800 0.908428 0.882216 1.116512 0.819393 1.036994 0.937669 0.997771 0.845744 0.983564 1.124027 1.253562 1.015414 1.082086 0.934729 
1.061562 0.931681 1.084163 1.249678 0.801220 1.094332 1.161750 1.019743 0.823046 1.227538 0.913662 1.028616 1.009924 0.856284 0.984708 1.239897 1.207575 1.121312 1.188016 1.072544 1.011940 0.826036 1.070342 1.218923 1.052836 1.184045 0.946945 1.016126 0.817200 1.055688 1.028052 0.826754 0.889400 0.912605 1.132964 0.952967 0.880295 0.858217 0.972065 0.846213 1.239763 1.037529 0.891239 0.946096 1.144549 0.975700 0.848861 0.846262 0.902860 
1.077240 0.983498 0.924753 0.932024 0.808533 1.025346 1.145457 0.955512 0.797274 1.227538 1.255807 0.881365 0.987672 1.123295 0.984708 1.233000 0.930082 1.057681 1.179953 1.190877 1.251287 0.842418 1.046634 1.223746 0.967478 1.192333 1.056552 1.258075 1.243565 1.128059 1.030179 0.808081 0.845799 0.867488 1.001447 0.943262 1.026657 1.187838 1.109290 1.195837 1.111719 
