0.104130 0.095909 0.101583 0.100634 0.111506 0.116552 0.115118 0.087798 0.116584 0.120604 0.108088 0.103609 0.116413 0.116709 0.108882 0.104180 0.117171 0.100243 0.101272 0.119471 0.116896 0.116433 0.117404 0.108470 0.109008 0.114667 0.108159 0.104919 0.103553 0.097531 0.108266 0.112725 0.111056 0.110888 0.096805 0.114277 0.098654 0.108981 0.119088
0.095909     -nan 0.087362 0.087057 0.102776 0.101799 0.099762 0.066835 0.114116 0.106609 0.099907 0.095074 0.102508 0.101728 0.093874 0.089819 0.101664 0.087375 0.089444 0.103908 0.105811 0.103626 0.102352 0.094655 0.095496 0.099726 0.093509 0.089977 0.086630 0.086296 0.099101 0.100130 0.096569 0.094655 0.088586 0.103351 0.087824 0.093902 0.103398
0.101583 0.087362 0.093800 0.093387 0.110569 0.109531 0.105191 0.084441 0.115158 0.113570 0.104731 0.101349 0.107593 0.108037 0.101737 0.097845 0.107198 0.091672 0.091885 0.112172 0.110696 0.109498 0.109022 0.099281 0.097841 0.104752 0.099009 0.096582 0.094884 0.088732 0.100964 0.109801 0.103700 0.101975 0.093609 0.109224 0.095988 0.101147 0.110546
0.100634 0.087057 0.093387 0.088515 0.106166 0.104874 0.102100 0.076941 0.114243 0.106416 0.102506 0.099525 0.106055 0.103696 0.099933 0.094990 0.106056 0.091255 0.091365 0.105491 0.109097 0.104690 0.106901 0.099761 0.098231 0.106575 0.096357 0.094514 0.091873 0.085195 0.095468 0.106958 0.099401 0.097313 0.093184 0.108439 0.095019 0.099081 0.105034
0.111506 0.102776 0.110569 0.106166 0.118480 0.124387 0.123771 0.091770 0.123980 0.128641 0.115601 0.111202 0.124109 0.124126 0.117375 0.111243 0.125170 0.106494 0.107327 0.126898 0.124019 0.124458 0.125439 0.115723 0.115543 0.122207 0.115530 0.110925 0.111164 0.103977 0.117179 0.119630 0.118957 0.119540 0.104423 0.120312 0.105203 0.115785 0.126848
0.116552 0.101799 0.109531 0.104874 0.124387     -nan 0.115110 0.097029 0.130026 0.123205 0.120740 0.116551 0.122194 0.119178 0.115788 0.111542 0.120410 0.106888 0.098706 0.125051 0.125607 0.123705 0.122845 0.114697 0.110337 0.121552 0.109952 0.107223 0.106944 0.102283 0.113432 0.123577 0.114046 0.113693 0.108737 0.125264 0.109548 0.112504 0.121742
0.115118 0.099762 0.105191 0.102100 0.123771 0.115110     -nan 0.100520 0.130222 0.122873 0.118116 0.114187 0.120288 0.118207 0.114039 0.107042 0.118528 0.104225 0.097305 0.121579 0.122145 0.120244 0.120255 0.112207 0.108632 0.119150 0.108900 0.103097 0.104125 0.100661 0.108020 0.120850 0.112765 0.108426 0.106187 0.120592 0.106617 0.110029 0.119828
0.087798 0.066835 0.084441 0.076941 0.091770 0.097029 0.100520     -nan 0.097523 0.099878 0.094689 0.085916 0.096969 0.095637 0.092461 0.084748 0.095033 0.077069 0.078760 0.099151 0.096827 0.096285 0.096572 0.087842 0.089913 0.093300 0.088971 0.083772 0.084768 0.074567 0.084261 0.098513 0.085745 0.092428 0.077728 0.090375 0.084393 0.092328 0.094624
0.116584 0.114116 0.115158 0.114243 0.123980 0.130026 0.130222 0.097523     -nan 0.134713 0.122078 0.117506 0.130020 0.131101 0.123374 0.118372 0.131675 0.112765 0.115004 0.132785 0.130534 0.130024 0.131435 0.122365 0.121838 0.127620 0.121078 0.118569 0.117610 0.113278 0.122324 0.124003 0.124210 0.124420 0.109487 0.128524 0.109998 0.123699 0.132404
0.120604 0.106609 0.113570 0.106416 0.128641 0.123205 0.122873 0.099878 0.134713 0.100041 0.124220 0.120196 0.127532 0.114714 0.120057 0.114378 0.122091 0.110068 0.105166 0.129967 0.130021 0.127744 0.127924 0.119414 0.113054 0.124799 0.113617 0.110497 0.105532 0.107267 0.119099 0.127919 0.110137 0.120352 0.112769 0.128856 0.115469 0.112239 0.109289
0.108088 0.099907 0.104731 0.102506 0.115601 0.120740 0.118116 0.094689 0.122078 0.124220     -nan 0.106579 0.120149 0.119245 0.113061 0.107232 0.121002 0.103555 0.104575 0.122041 0.118966 0.119786 0.121208 0.111187 0.111459 0.117573 0.110418 0.108947 0.106713 0.100247 0.113142 0.117287 0.114767 0.113675 0.102038 0.118603 0.102614 0.111421 0.122277
0.103609 0.095074 0.101349 0.099525 0.111202 0.116551 0.114187 0.085916 0.117506 0.120196 0.106579     -nan 0.115886 0.115757 0.109595 0.102720 0.115509 0.098806 0.100749 0.118801 0.115330 0.116953 0.116047 0.107706 0.107193 0.113086 0.106945 0.103133 0.101639 0.096588 0.108680 0.110436 0.110212 0.110382 0.094989 0.113432 0.099320 0.108410 0.118907
0.116413 0.102508 0.107593 0.106055 0.124109 0.122194 0.120288 0.096969 0.130020 0.127532 0.120149 0.115886 0.122038 0.121436 0.115610 0.111546 0.123101 0.105462 0.107559 0.126388 0.125271 0.123256 0.123028 0.114895 0.114199 0.120479 0.113779 0.111938 0.109172 0.102757 0.114739 0.123361 0.116788 0.116657 0.109498 0.124698 0.110751 0.115601 0.126002
0.116709 0.101728 0.108037 0.103696 0.124126 0.119178 0.118207 0.095637 0.131101 0.114714 0.119245 0.115757 0.121436 0.096649 0.114291 0.109147 0.117393 0.105323 0.100795 0.124733 0.125435 0.123220 0.122975 0.114753 0.108096 0.120505 0.109289 0.105984 0.100367 0.102448 0.115109 0.122933 0.104532 0.114745 0.107506 0.124997 0.109601 0.107519 0.113139
0.108882 0.093874 0.101737 0.099933 0.117375 0.115788 0.114039 0.092461 0.123374 0.120057 0.113061 0.109595 0.115610 0.114291     -nan 0.103786 0.115990 0.099679 0.095367 0.118312 0.118196 0.116990 0.114375 0.107688 0.107819 0.112551 0.106084 0.102878 0.102122 0.096894 0.106096 0.115269 0.110052 0.110414 0.101200 0.117751 0.103014 0.107561 0.117301
0.104180 0.089819 0.097845 0.094990 0.111243 0.111542 0.107042 0.084748 0.118372 0.114378 0.107232 0.102720 0.111546 0.109147 0.103786     -nan 0.110674 0.095311 0.094513 0.113462 0.113223 0.112360 0.112134 0.102714 0.101180 0.110522 0.101478 0.098506 0.097402 0.093626 0.103294 0.110733 0.106612 0.104641 0.096301 0.112985 0.098357 0.105223 0.112705
0.117171 0.101664 0.107198 0.106056 0.125170 0.120410 0.118528 0.095033 0.131675 0.122091 0.121002 0.115509 0.123101 0.117393 0.115990 0.110674     -nan 0.106873 0.103989 0.126778 0.127372 0.124166 0.123474 0.114637 0.110674 0.121802 0.110793 0.108748 0.105111 0.105379 0.115209 0.123414 0.111538 0.115765 0.108396 0.125775 0.112459 0.110986 0.121163
0.100243 0.087375 0.091672 0.091255 0.106494 0.106888 0.104225 0.077069 0.112765 0.110068 0.103555 0.098806 0.105462 0.105323 0.099679 0.095311 0.106873     -nan 0.088047 0.109836 0.109258 0.105272 0.105623 0.097821 0.097957 0.103644 0.098274 0.094330 0.090886 0.088341 0.099364 0.106049 0.100780 0.100029 0.094590 0.107007 0.093660 0.099466 0.109750
0.101272 0.089444 0.091885 0.091365 0.107327 0.098706 0.097305 0.078760 0.115004 0.105166 0.104575 0.100749 0.107559 0.100795 0.095367 0.094513 0.103989 0.088047 0.088632 0.106946 0.109471 0.107666 0.106799 0.099071 0.096143 0.106170 0.095922 0.090718 0.088014 0.089391 0.096801 0.105525 0.098112 0.095121 0.089723 0.107817 0.097428 0.096128 0.103016
0.119471 0.103908 0.112172 0.105491 0.126898 0.125051 0.121579 0.099151 0.132785 0.129967 0.122041 0.118801 0.126388 0.124733 0.118312 0.113462 0.126778 0.109836 0.106946 0.113814 0.128937 0.123400 0.125999 0.118040 0.117199 0.123284 0.117314 0.113223 0.111206 0.098576 0.111303 0.126523 0.115329 0.117180 0.111683 0.127465 0.112659 0.117093 0.127615
0.116896 0.105811 0.110696 0.109097 0.124019 0.125607 0.122145 0.096827 0.130534 0.130021 0.118966 0.115330 0.125271 0.125435 0.118196 0.113223 0.127372 0.109258 0.109471 0.128937 0.121877 0.125498 0.125633 0.118295 0.117229 0.123654 0.117944 0.114042 0.112157 0.107251 0.117766 0.122520 0.120566 0.119710 0.109191 0.124677 0.110122 0.117691 0.127167
0.116433 0.103626 0.109498 0.104690 0.124458 0.123705 0.120244 0.096285 0.130024 0.127744 0.119786 0.116953 0.123256 0.123220 0.116990 0.112360 0.124166 0.105272 0.107666 0.123400 0.125498     -nan 0.125037 0.116244 0.115502 0.121693 0.114274 0.111708 0.109939 0.101215 0.114071 0.123866 0.118368 0.117260 0.110093 0.123454 0.110458 0.115711 0.125551
0.117404 0.102352 0.109022 0.106901 0.125439 0.122845 0.120255 0.096572 0.131435 0.127924 0.121208 0.116047 0.123028 0.122975 0.114375 0.112134 0.123474 0.105623 0.106799 0.125999 0.125633 0.125037     -nan 0.114828 0.114663 0.121734 0.114106 0.110084 0.109915 0.103559 0.114588 0.124783 0.117884 0.117606 0.109596 0.123255 0.109847 0.115994 0.124366
0.108470 0.094655 0.099281 0.099761 0.115723 0.114697 0.112207 0.087842 0.122365 0.119414 0.111187 0.107706 0.114895 0.114753 0.107688 0.102714 0.114637 0.097821 0.099071 0.118040 0.118295 0.116244 0.114828 0.106620 0.106353 0.111845 0.105738 0.103525 0.101495 0.095503 0.106031 0.113883 0.109182 0.109501 0.101406 0.115943 0.102923 0.101617 0.116737
0.109008 0.095496 0.097841 0.098231 0.115543 0.110337 0.108632 0.089913 0.121838 0.113054 0.111459 0.107193 0.114199 0.108096 0.107819 0.101180 0.110674 0.097957 0.096143 0.117199 0.117229 0.115502 0.114663 0.106353 0.100940 0.113452 0.102412 0.099531 0.094427 0.094771 0.107040 0.114937 0.103310 0.106795 0.100565 0.116021 0.101493 0.102315 0.111462
0.114667 0.099726 0.104752 0.106575 0.122207 0.121552 0.119150 0.093300 0.127620 0.124799 0.117573 0.113086 0.120479 0.120505 0.112551 0.110522 0.121802 0.103644 0.106170 0.123284 0.123654 0.121693 0.121734 0.111845 0.113452     -nan 0.111872 0.109407 0.106061 0.101156 0.113902 0.120368 0.115805 0.115418 0.108121 0.122749 0.107515 0.112771 0.123813
0.108159 0.093509 0.099009 0.096357 0.115530 0.109952 0.108900 0.088971 0.121078 0.113617 0.110418 0.106945 0.113779 0.109289 0.106084 0.101478 0.110793 0.098274 0.095922 0.117314 0.117944 0.114274 0.114106 0.105738 0.102412 0.111872     -nan 0.099274 0.096351 0.092245 0.104711 0.114813 0.104083 0.105786 0.099064 0.116226 0.101325 0.103626 0.111677
0.104919 0.089977 0.096582 0.094514 0.110925 0.107223 0.103097 0.083772 0.118569 0.110497 0.108947 0.103133 0.111938 0.105984 0.102878 0.098506 0.108748 0.094330 0.090718 0.113223 0.114042 0.111708 0.110084 0.103525 0.099531 0.109407 0.099274 0.095270 0.094579 0.091878 0.101935 0.111537 0.102210 0.102544 0.097167 0.112093 0.099675 0.100242 0.109392
0.103553 0.086630 0.094884 0.091873 0.111164 0.106944 0.104125 0.084768 0.117610 0.105532 0.106713 0.101639 0.109172 0.100367 0.102122 0.097402 0.105111 0.090886 0.088014 0.111206 0.112157 0.109939 0.109915 0.101495 0.094427 0.106061 0.096351 0.094579 0.088421 0.087575 0.099096 0.108581 0.095839 0.101027 0.094473 0.110377 0.096286 0.094403 0.103365
0.097531 0.086296 0.088732 0.085195 0.103977 0.102283 0.100661 0.074567 0.113278 0.107267 0.100247 0.096588 0.102757 0.102448 0.096894 0.093626 0.105379 0.088341 0.089391 0.098576 0.107251 0.101215 0.103559 0.095503 0.094771 0.101156 0.092245 0.091878 0.087575 0.081071 0.090131 0.103271 0.096064 0.094623 0.089735 0.104646 0.090416 0.095046 0.105833
0.108266 0.099101 0.100964 0.095468 0.117179 0.113432 0.108020 0.084261 0.122324 0.119099 0.113142 0.108680 0.114739 0.115109 0.106096 0.103294 0.115209 0.099364 0.096801 0.111303 0.117766 0.114071 0.114588 0.106031 0.107040 0.113902 0.104711 0.101935 0.099096 0.090131     -nan 0.115266 0.107552 0.105272 0.100351 0.116897 0.101570 0.106004 0.116578
0.112725 0.100130 0.109801 0.106958 0.119630 0.123577 0.120850 0.098513 0.124003 0.127919 0.117287 0.110436 0.123361 0.122933 0.115269 0.110733 0.123414 0.106049 0.105525 0.126523 0.122520 0.123866 0.124783 0.113883 0.114937 0.120368 0.114813 0.111537 0.108581 0.103271 0.115266     -nan 0.117440 0.117277 0.104442 0.119184 0.107094 0.105958 0.125739
0.111056 0.096569 0.103700 0.099401 0.118957 0.114046 0.112765 0.085745 0.124210 0.110137 0.114767 0.110212 0.116788 0.104532 0.110052 0.106612 0.111538 0.100780 0.098112 0.115329 0.120566 0.118368 0.117884 0.109182 0.103310 0.115805 0.104083 0.102210 0.095839 0.096064 0.107552 0.117440     -nan 0.110107 0.103713 0.118125 0.105661 0.102396 0.108607
0.110888 0.094655 0.101975 0.097313 0.119540 0.113693 0.108426 0.092428 0.124420 0.120352 0.113675 0.110382 0.116657 0.114745 0.110414 0.104641 0.115765 0.100029 0.095121 0.117180 0.119710 0.117260 0.117606 0.109501 0.106795 0.115418 0.105786 0.102544 0.101027 0.094623 0.105272 0.117277 0.110107 0.105441 0.102439 0.118067 0.104552 0.107510 0.117798
0.096805 0.088586 0.093609 0.093184 0.104423 0.108737 0.106187 0.077728 0.109487 0.112769 0.102038 0.094989 0.109498 0.107506 0.101200 0.096301 0.108396 0.094590 0.089723 0.111683 0.109191 0.110093 0.109596 0.101406 0.100565 0.108121 0.099064 0.097167 0.094473 0.089735 0.100351 0.104442 0.103713 0.102439     -nan 0.105554 0.091168 0.102412 0.110003
0.114277 0.103351 0.109224 0.108439 0.120312 0.125264 0.120592 0.090375 0.128524 0.128856 0.118603 0.113432 0.124698 0.124997 0.117751 0.112985 0.125775 0.107007 0.107817 0.127465 0.124677 0.123454 0.123255 0.115943 0.116021 0.122749 0.116226 0.112093 0.110377 0.104646 0.116897 0.119184 0.118125 0.118067 0.105554     -nan 0.107769 0.116507 0.127156
0.098654 0.087824 0.095988 0.095019 0.105203 0.109548 0.106617 0.084393 0.109998 0.115469 0.102614 0.099320 0.110751 0.109601 0.103014 0.098357 0.112459 0.093660 0.097428 0.112659 0.110122 0.110458 0.109847 0.102923 0.101493 0.107515 0.101325 0.099675 0.096286 0.090416 0.101570 0.107094 0.105661 0.104552 0.091168 0.107769     -nan 0.103287 0.112506
0.108981 0.093902 0.101147 0.099081 0.115785 0.112504 0.110029 0.092328 0.123699 0.112239 0.111421 0.108410 0.115601 0.107519 0.107561 0.105223 0.110986 0.099466 0.096128 0.117093 0.117691 0.115711 0.115994 0.101617 0.102315 0.112771 0.103626 0.100242 0.094403 0.095046 0.106004 0.105958 0.102396 0.107510 0.102412 0.116507 0.103287     -nan 0.110755
0.119088 0.103398 0.110546 0.105034 0.126848 0.121742 0.119828 0.094624 0.132404 0.109289 0.122277 0.118907 0.126002 0.113139 0.117301 0.112705 0.121163 0.109750 0.103016 0.127615 0.127167 0.125551 0.124366 0.116737 0.111462 0.123813 0.111677 0.109392 0.103365 0.105833 0.116578 0.125739 0.108607 0.117798 0.110003 0.127156 0.112506 0.110755 0.092865
