-55.963437 -61.042355 -52.395657 -56.309085 -50.667939 -58.771708 -59.213682 -55.292939 -57.111333 -58.772727 -66.162432 -47.580348 -45.671679 -75.019889 -64.576838 -59.548782 -61.745871 
-55.963437 -62.783463 -47.284988 -56.507096 -50.933246 -54.227577 -64.309079 -55.363705 -57.054553 -58.568428 -58.389326 -48.413003 -43.866081 -67.569686 -67.530089 -61.460702 -64.757003 -59.123784 -59.269338 -61.087169 -47.625930 -58.618555 -63.306039 -59.466380 
-55.816440 -72.651132 -66.086183 -56.481736 -51.297894 -53.319015 -65.477729 -55.363705 -57.054553 -58.529822 -59.776376 -47.974465 -44.147886 -61.277626 -60.954048 -65.487106 -64.586224 -60.347367 -66.341934 -69.993934 -70.953329 
-55.816440 -72.273513 -61.658259 -56.514898 -51.104646 -53.408100 -60.875130 -55.363705 -57.074686 -58.483818 -57.732641 -47.990265 -42.900079 -61.197536 -67.627135 -60.949697 -72.301397 
-55.816440 -71.139896 -43.847586 -56.639237 -50.943985 -54.020937 -62.157454 -55.363705 -57.074686 -58.476138 -67.222451 -49.628719 -62.830732 -58.949629 -62.469363 -53.088818 -63.253796 -57.181101 -66.785784 -61.618106 -71.003263 -66.198049 -51.479239 -47.043079 -58.804772 -58.532556 -58.150815 -66.706183 -66.478286 
-55.866125 -63.602726 -43.405331 -55.059687 -51.957938 -54.010486 -67.707886 -55.234881 -57.074686 -59.215489 -60.217207 -47.275228 -63.237136 -66.082695 -71.990738 -67.465941 -67.228029 -57.262776 -73.242623 -72.764538 -61.147900 -59.653272 -51.285406 -46.745402 -61.529353 -66.213876 -61.556329 -48.226844 -67.158995 -60.495760 -62.411809 -74.904360 -61.101433 
-56.121939 -51.452995 -68.267938 -55.973425 -72.727684 -54.305897 -64.859721 -55.679565 -57.131488 -59.215489 -69.502305 -48.592510 -65.779570 -46.730890 -56.401678 -65.763178 -70.626200 -60.157255 -73.725328 
-56.100364 -51.599708 -65.277952 -66.513437 -61.741848 -52.748843 -38.258670 -55.719946 -57.039520 -58.673890 -74.641495 -49.723667 -68.647072 -47.081320 -56.350761 -58.501059 -62.767080 -70.587480 -71.987673 -73.586869 -40.012368 -60.684044 -62.230217 
-56.169581 -51.843747 -67.484960 -55.650036 -62.835809 -52.823376 -70.088997 -56.284549 -57.530999 -58.065409 -66.165383 -49.049032 -71.186092 -46.424219 -61.750119 
-56.169581 -51.679214 -56.375590 -55.926679 -62.700957 -52.852036 -56.513195 -56.680080 -57.530999 -58.065409 -66.749356 -47.830153 -46.354267 -67.689119 -58.657784 -61.828194 -38.185057 -68.815065 -70.164655 -67.882343 -56.441765 -60.596301 -63.721522 -57.630915 
-56.053487 -51.747792 -57.621442 -55.946493 -68.140148 -53.458555 -56.513195 -56.679993 -57.530999 -58.065409 -62.008934 -48.367479 -45.293605 -63.845621 -65.846820 -67.961636 -38.022532 -68.285201 -69.174322 -65.089359 -60.146414 -64.147703 -37.624794 -57.907277 -63.980464 -59.687871 -68.620135 -65.180167 -40.381281 -69.591868 -66.918484 -63.133513 -64.772281 -58.306785 
-56.269687 -50.912177 -67.323619 -55.693465 -70.084439 -54.399924 -56.524479 -56.935219 -57.530999 -58.065409 -64.963172 -47.637467 -45.268372 -58.837859 -69.333399 -69.392609 -59.713675 -72.324542 -70.192841 -66.036384 -61.883847 -61.237929 -37.469694 -65.238769 -74.910848 
-56.002559 -50.758579 -55.333354 -55.349873 -63.735919 -54.803994 -67.704876 -65.948174 -57.530999 -58.208360 -46.981255 -61.728666 -44.741004 -64.387097 -56.419006 -66.217080 -56.511707 -36.324313 -56.756933 -59.396049 -56.283968 
-56.055048 -67.927183 -55.249651 -55.147934 -61.576127 -65.663114 -50.981158 -56.198356 -57.530999 -58.432583 -46.745934 -70.112017 -62.744992 -70.465351 -41.658416 -56.829800 -56.468228 -63.960061 -68.765232 -45.266844 -63.140257 -62.697096 -63.148922 -61.859309 -67.996425 
-55.960253 -62.602060 -55.082352 -55.194656 -63.173605 -61.781152 -47.296721 -56.139491 -57.530999 -58.574258 -46.265369 -50.881127 -63.100432 -68.409164 -41.421764 -74.376071 -45.712102 -55.955305 -69.733647 -49.117155 
-56.204045 -55.926605 -55.386296 -55.334318 -60.894105 -56.250264 -47.248367 -56.973307 -57.598373 -58.601338 -46.782170 -50.687218 -61.560966 -46.773168 -41.068809 -63.509147 -44.329911 -71.970430 -70.090774 -62.819561 -65.661078 -67.558287 -57.270525 -45.998702 -62.911903 -68.368588 
-56.151281 -65.119469 -56.021964 -55.343018 -60.931034 -62.021450 -45.578206 -56.973063 -57.598373 -58.596056 -47.900842 -51.199445 -35.946294 -59.455128 -68.426801 -55.597905 -65.945932 -69.862285 
-56.370682 -54.711634 -68.974495 -55.544386 -48.139943 -52.594068 -61.394868 -56.628752 -57.605930 -58.355060 -47.155237 -68.966698 -39.048543 -46.332544 -60.519307 -65.291869 -56.862165 -59.813926 -64.753349 -64.039128 -55.604822 -68.334264 -72.115379 -51.183499 -65.505990 -72.619230 -49.923776 
-48.131739 -64.335351 -48.416445 -55.071560 -67.167569 -51.184560 -57.284545 -57.695289 -57.578439 -58.634119 -62.785889 -55.933081 -39.098576 -46.893787 -65.256128 -55.456520 -66.185704 -59.061120 -58.218974 -64.838691 -57.236433 -65.121429 -70.053645 -57.616353 -59.047274 -57.130713 
-45.112886 -68.189871 -48.840885 -55.248260 -69.841207 -51.688320 -58.765927 -58.914345 -57.578439 -48.526671 -56.520040 -56.025994 -39.110094 -59.805483 -63.915994 -55.077265 -49.298415 -57.123526 -39.614985 -56.900795 -62.898470 -58.376469 -58.786238 -53.566681 -64.705167 -58.017827 
-35.856703 -44.833534 -48.558103 -55.249044 -57.961707 -51.874204 -58.191696 -72.098127 -57.565090 -58.509828 -62.654021 -56.113170 -45.957096 -53.954923 -56.206562 -55.570328 -66.711156 -58.601615 
-49.016203 -67.503024 -61.302124 -55.120066 -57.336352 -51.754657 -58.257654 -56.682929 -57.565090 -65.356524 -56.352185 -55.932352 -63.366767 -49.323477 -41.958770 -66.099627 -71.153779 -66.045359 -55.811418 -57.163664 -64.072332 -72.092130 -46.400881 -59.695342 -66.092656 -50.049303 -67.539665 -68.699178 -74.850672 -56.314836 -68.635412 -65.150262 -73.066846 -58.385126 -57.576925 -68.625404 
-58.514955 -68.054054 -61.226637 -55.308372 -68.489908 -51.741231 -41.246508 -62.344545 -57.565090 -61.225920 -70.362463 -56.007610 -63.857104 -50.478639 -43.989608 -67.582411 -60.235253 -63.272280 -56.356742 -47.216205 -68.468346 -49.173473 -72.561656 -59.107747 -62.733640 -56.189692 -63.516900 -69.864040 -67.586841 -59.572132 -58.798296 
-58.155979 -64.126311 -63.656514 -54.509771 -56.005335 -52.018521 -42.863138 -58.971650 -57.565090 -61.534622 -60.110665 -56.007610 -62.279225 -62.637396 -47.236658 -56.983084 -49.284040 -66.946966 -56.259760 -61.767466 -71.099979 -67.605527 -71.625159 -60.259801 -59.446346 -59.341977 -60.899373 -64.975193 -72.030317 
-58.363209 -67.598544 -61.728451 -54.804018 -60.695293 -52.282713 -69.116772 -66.407099 -57.501470 -65.221923 -48.717290 -56.089684 -62.764205 -60.275628 -63.325013 -56.384765 -48.321694 -61.980133 -56.036627 -63.573749 -65.743580 -66.063544 -59.063808 -45.116866 -60.193365 -69.965279 -61.338238 -35.013127 -38.001054 -39.578697 -69.955776 -66.357091 
-58.561195 -71.628192 -40.332280 -54.433527 -56.811644 -52.350227 -44.787547 -65.034089 -57.501470 -47.661207 -70.208244 -55.885601 -71.608341 -67.989521 -72.036463 -56.336220 -48.301655 -62.086603 -56.064904 -37.275316 -69.131554 -64.882952 -74.725492 -61.165102 -58.266215 -68.702662 -71.158528 -59.008612 -65.522755 -68.639553 -64.183247 -66.339415 -59.348038 -72.937150 -65.473858 
-58.508270 -64.082938 -72.450814 -54.547946 -39.220725 -52.114389 -48.854755 -56.652904 -57.442918 -69.863021 -47.387187 -55.885601 -46.101173 -64.449759 -67.301908 -57.324966 -36.377750 -60.807312 -56.242618 -38.296545 -40.452247 -39.522786 -56.180634 -64.997630 -69.462849 -44.247209 -46.825347 -72.836162 -58.042027 -49.158731 -62.938375 -60.491870 -67.000000 -60.223731 -68.182621 -65.432694 -71.818486 
-58.677505 -56.880324 -66.044821 -55.091175 -37.951561 -52.320277 -68.750193 -57.529359 -57.442918 -62.276154 -65.242474 -56.050992 -66.832901 -65.181816 -47.474544 -39.571280 -36.561566 -70.316062 -49.301264 -38.571958 -45.879305 -37.137311 -56.149715 -71.766325 -64.660746 -38.669443 -56.138966 -64.947852 -49.407999 -49.553260 -64.560680 -72.345767 -52.464423 
-58.529894 -56.943320 -46.802582 -59.937359 -71.713518 -51.122617 -56.671970 -38.402834 -57.432963 -65.466444 -62.790169 -56.180423 -48.236260 -66.386857 -68.484560 -51.831731 -55.159906 -61.719099 -55.296015 -62.323789 -62.950329 -62.399329 -54.419188 -67.205854 -36.446335 -62.145564 
-58.678925 -61.247247 -48.990848 -56.790301 -54.154190 -69.881407 -67.513372 -60.275050 -57.405063 -60.760976 -74.060616 -56.183867 -70.242516 -58.883041 -55.857254 -52.692604 -55.913506 -64.321769 -67.249967 -56.358953 -47.891221 -46.115570 -58.073006 -57.149632 -63.732628 -72.334161 -60.884003 -39.530522 -41.416837 -61.221686 -56.059536 -62.112971 -61.384864 
-58.659575 -60.276798 -49.752490 -47.799844 -53.974642 -65.363967 -62.295141 -55.795199 -57.097567 -56.809795 -70.207396 -56.368243 -60.551722 -60.055334 -55.739919 -53.205494 -65.184974 -68.516879 -65.935783 -46.676301 -63.338714 -45.557119 -56.422694 -68.103629 -66.179503 -62.518359 -51.257418 -70.859661 -55.151162 -68.462680 -68.131048 -72.755805 -48.945370 -60.991437 -62.785991 -65.501702 
-59.160236 -72.234997 -68.400527 -64.899021 -54.642155 -60.357735 -49.610425 -69.204405 -56.580332 -56.718940 -60.891852 -56.484693 -55.971419 -47.197577 -54.818984 -53.430996 -61.657509 -55.407269 -56.635157 -46.352331 -47.672237 -45.052442 -64.710650 -67.477436 -69.174213 -60.407180 -51.666360 -65.315824 -68.795118 -68.556023 -54.846574 -69.931534 -75.702806 -72.817703 -58.832018 -64.130051 -62.659011 -70.172270 -58.924722 -55.090138 -74.768984 -69.300646 -63.871683 -57.609667 -62.031106 -69.242412 -67.449003 -59.477597 
-66.823571 -70.299205 -73.439274 -68.760851 -55.567674 -57.271070 -50.182463 -48.308820 -56.672418 -57.549409 -68.870751 -56.489230 -67.525686 -50.777408 -62.766358 -57.638699 -62.724326 -55.407269 -63.828682 -46.096988 -56.562112 -53.860452 -66.807516 -73.097333 -52.220931 -58.851585 -71.277652 -70.809408 -57.843093 -59.061675 -66.051254 -68.362431 -59.357042 -53.979329 
-40.610217 -55.852448 -74.874753 -58.006003 -51.891914 -65.092527 -56.681015 -39.431055 -56.672418 -68.815696 -68.659468 -56.345490 -51.755553 -49.518482 -56.014819 -50.537508 -51.453209 -55.578770 -51.659746 -66.608633 -59.569400 -56.547881 -57.354062 -55.308049 -40.728240 -58.680422 -62.249584 -46.738812 -61.963725 -65.166997 -60.049316 -66.045783 -68.936347 
-52.185036 -56.471148 -50.181495 -58.278437 -51.703098 -64.087825 -46.470441 -39.400562 -56.902252 -70.888663 -61.802539 -56.458455 -51.398781 -62.009355 -69.037160 -57.569195 -50.919565 -56.025962 -70.256928 -58.646373 -48.450053 -52.205112 -59.386709 -53.369206 -46.794271 -60.019391 -48.794787 -58.050132 -57.365797 -64.584614 -61.635004 -69.921262 
-68.384535 -56.421430 -49.133045 -57.322360 -51.498081 -51.150809 -46.030089 -63.109191 -57.052880 -51.079493 -60.293857 -56.498960 -51.421647 -48.808920 -58.693469 -57.498213 -63.819536 -56.025962 -60.137431 -62.317908 -46.605572 -51.108476 -67.121252 -55.287722 -69.286021 -69.103030 -37.348499 -50.297854 -47.059039 -60.046419 -50.358413 -65.649013 -57.674283 -42.645191 -69.566992 -48.364019 -50.256323 -63.057832 -47.209993 -57.617897 -48.295552 -71.290146 -58.052818 -34.922475 -63.396865 -69.188510 
-62.092337 -56.421430 -48.304188 -73.008670 -51.565028 -69.241844 -54.263913 -72.250369 -56.874070 -47.017320 -47.464112 -56.498960 -51.136404 -69.132345 -58.465545 -69.199368 -72.137457 -55.353319 -56.471564 -62.371654 -57.783288 -56.698726 -39.253172 -41.388469 -47.843357 -47.091171 -74.151109 -59.589172 -59.701786 -50.449347 -56.894087 -64.441690 -59.548194 -56.187944 -49.986278 -63.353122 -62.583406 -68.886727 -51.428424 -64.324718 -51.302250 -64.805020 -49.279689 -47.636546 -66.276039 -50.806080 -41.536579 
-63.556115 -56.421430 -49.004140 -67.580742 -51.552956 -48.263709 -64.391843 -49.144189 -56.874070 -51.510849 -51.516537 -56.498960 -50.484378 -58.007059 -62.136011 -43.226828 -59.641353 -55.353319 -49.135031 -60.846084 -56.502243 -57.162200 -59.430441 -58.580845 -46.522822 -48.438438 -62.980253 -67.667997 -61.118928 -65.912159 -66.474389 -61.356161 -55.077401 -74.305136 -36.619862 -53.741087 -51.111393 -60.669394 -59.663274 -59.032495 -72.252553 -49.886041 -64.090282 -68.980986 
-48.040594 -56.365741 -46.731850 -53.224779 -64.770992 -67.560231 -65.375212 -50.899083 -57.031668 -52.343667 -47.078175 -56.498960 -58.088641 -64.562140 -59.828166 -58.781056 -59.672559 -74.470438 -51.342624 -51.754192 -55.536763 -57.530251 -49.171524 
-49.196659 -56.483805 -59.815312 -55.762211 -56.509027 -51.614139 -54.770676 -57.280650 -57.170766 -51.341684 -46.704073 -66.949276 -59.361388 -56.966999 -52.944119 -58.820089 -65.696154 -57.260734 -67.975130 -50.258397 -64.153594 -62.632687 -69.376901 -46.698188 -65.391141 -50.046687 -61.911115 
-61.280835 -56.483805 -58.058979 -67.856966 -56.515387 -61.243914 -55.540377 -70.912513 -57.192405 -57.109547 -47.653007 -68.333144 -60.110625 -59.417756 -54.355617 -58.820089 -49.164868 -70.686259 -53.274946 -48.813242 -51.220019 -61.567288 -50.848337 -57.592074 -62.293963 -68.164595 -65.949981 -69.057100 -62.558650 -59.898682 -46.783610 -38.418096 -54.626791 -60.190414 -45.641909 -66.154351 -59.058867 -69.259954 
-47.497743 -56.748850 -50.571015 -48.928385 -56.112634 -67.291020 -55.072980 -43.409536 -57.206483 -59.683633 -69.122373 -67.465144 -67.198468 -60.342133 -54.324156 -57.579437 -55.354285 -59.285287 -53.200683 -64.685192 -51.849969 -69.017685 -72.545796 -59.553483 -75.008586 -62.685553 -61.292178 -59.990933 -59.736554 -59.638432 -60.211113 
-56.865522 -55.888695 -41.358338 -48.419335 -56.112634 -64.892008 -55.281414 -62.880120 -57.206483 -45.437542 -67.813508 -65.809275 -62.912790 -72.337560 -48.976888 -57.579437 -55.218255 -49.585759 -52.576970 -47.827169 -62.912470 -66.876176 -62.871778 -62.467949 -56.189464 -64.837017 -64.615690 -53.942060 -51.579367 -69.424369 
-54.601418 -57.794709 -54.035510 -53.475270 -63.471103 -64.745678 -61.443109 -39.705741 -57.245423 -67.814121 -60.443541 -64.866120 -49.990571 -56.853337 -73.183363 -58.313857 -55.317180 -47.703251 -51.728376 -52.847074 -62.870394 -62.429359 -59.047690 -43.291562 -47.525669 -55.921620 -66.664509 -67.508033 -52.793975 
-49.635914 -39.629140 -53.462865 -62.809001 -61.860569 -63.382192 -55.839541 -70.476347 -57.058962 -68.165857 -61.709072 -66.443257 -47.302746 -49.717854 -58.795139 -75.664033 -54.637910 -67.738094 -52.880153 -53.130334 -57.278955 -59.867250 -42.972996 -48.202893 -67.709817 -55.972438 -53.691782 -72.301183 -68.847292 -58.334871 
-47.598310 -46.560992 -53.965269 -53.315509 -62.905297 -64.946425 -57.719876 -59.544567 -57.058962 -59.785264 -61.060335 -66.111135 -47.250843 -50.244228 -58.888825 -71.677107 -54.883312 -56.270885 -62.277037 -53.718524 -56.522450 -49.222066 -44.913056 -50.270376 -48.864349 -61.391035 -54.768957 -61.752405 -66.858955 -37.734790 -57.634551 
-49.005637 -62.961969 -53.773955 -64.887666 -57.774813 -64.341462 -61.031598 -57.424580 -56.977247 -49.376226 -73.473435 -52.102521 -46.551892 -62.274674 -58.701851 -49.782956 -53.613465 -45.647606 -66.799251 -53.718524 -67.489930 -70.479974 -48.408852 -65.577038 -48.890384 -48.240262 -54.704733 -68.411884 -60.018268 -39.132222 -47.187706 -65.488350 -65.317194 -68.957045 -68.282952 -62.536529 -60.084821 -56.508691 
-46.382773 -63.651672 -53.863164 -51.403512 -55.968532 -65.849539 -64.730728 -56.287221 -56.977247 -69.115240 -55.312295 -60.933266 -49.656489 -65.512822 -58.891272 -50.333954 -53.452723 -66.018392 -54.528147 -53.718524 -49.061383 -52.431240 -57.670564 -40.535279 -67.648455 -68.162171 -36.545692 -61.785614 -53.705070 -52.102223 
-46.327363 -52.662306 -53.806550 -75.638259 -68.154805 -65.042480 -63.034509 -55.784470 -57.147864 -69.000294 -63.977133 -57.078716 -57.961858 -67.685456 -58.722518 -57.021383 -55.117475 -62.062568 -54.779894 -53.959240 -47.971051 -53.258052 -67.865219 -46.934348 -60.438073 -44.221655 -66.356888 -66.455671 -71.674817 -52.703699 -50.034114 -59.173730 -65.891691 -70.780159 -67.595527 -70.855151 -75.640753 -62.441310 
-62.972222 -45.569836 -53.868872 -62.163129 -48.156535 -66.287003 -51.676612 -56.273404 -56.927585 -53.755553 -62.654175 -56.928973 -67.022327 -72.542727 -58.660545 -66.628010 -54.626841 -46.897098 -55.109440 -66.710916 -66.959328 -66.437378 
-64.373421 -58.916500 -55.167893 -50.105134 -69.137599 -65.082560 -52.205016 -58.376324 -57.070363 -53.088093 -64.335789 -50.261073 -44.688620 -57.274752 -58.419007 -66.014547 -55.156538 -67.050978 -55.300925 -58.277730 -55.980668 -57.553590 -54.257919 -67.853823 -54.698430 -68.670255 -59.867240 -63.381873 -59.832230 -63.490444 -73.721596 -61.009864 -61.485502 
-60.202322 -61.971239 -56.590005 -49.395514 -65.991290 -59.522674 -53.215748 -54.103123 -57.072285 -53.314663 -64.986772 -49.076919 -45.930377 -45.893283 -58.140098 -65.792695 -54.947860 -68.018034 -54.697143 -62.513765 -39.590009 -48.257308 -62.206041 -61.519294 -48.455269 -45.657253 -68.687325 -70.327354 -62.560780 -54.671874 -61.123940 -63.471347 
-47.341124 -61.685154 -67.728285 -53.228464 -64.884588 -53.145123 -51.732058 -54.061284 -57.072285 -58.666186 -68.810178 -45.481090 -67.400550 -62.109627 -58.225319 -67.534482 -54.650660 -57.020358 -54.711725 -42.083386 -57.565513 -54.930606 
-46.883152 -59.044269 -71.022640 -35.738208 -65.861219 -54.365722 -52.301241 -54.527588 -57.158183 -56.209920 -57.343048 -45.148880 -56.966817 -60.719475 -58.647824 -66.816988 -54.333000 -45.241564 -54.313585 -61.912830 -46.093400 -54.753405 -74.128345 -41.898127 -54.571088 -69.264651 -69.802406 -74.777287 -65.994464 -70.531241 -69.349479 -61.789130 
-47.556636 -66.229046 -43.630777 -37.989078 -65.107237 -53.691815 -52.277239 -54.647160 -57.283863 -69.390418 -69.694441 -68.601553 -56.105911 -61.194399 -58.148679 -56.261978 -56.836829 -55.270584 -54.210590 -57.274367 -67.110971 -65.663435 -61.394680 -52.982577 -60.235501 -63.255416 -64.459528 -57.818676 
-61.598991 -45.718555 -44.098701 -38.031581 -63.980942 -54.301721 -51.926097 -55.365158 -57.283863 -47.525624 -66.533460 -61.818019 -62.748868 -57.342386 -58.187279 -39.038321 -60.042832 -55.135486 -54.525701 -70.186752 -65.919497 -70.015153 -63.030661 -69.315133 -39.860844 -66.901465 -66.689495 -70.173916 -61.354892 -68.648478 -56.781178 -61.843535 
-62.756108 -42.283576 -62.527719 -35.463953 -63.302921 -54.290731 -52.193291 -55.300160 -57.283863 -47.272656 -58.172720 -67.781884 -66.186606 -65.202580 -58.273289 -64.959865 -45.307144 -55.135486 -54.425846 -42.542399 -66.301694 -67.119802 -69.530549 -57.688380 -59.295441 -46.888629 -67.690339 -69.237946 -63.506246 -55.972338 -72.127407 -43.952578 -72.113633 -60.268192 -65.884334 -68.627140 -67.780837 -39.766566 
-61.641968 -59.004199 -52.744480 -52.519166 -65.147298 -54.008548 -52.652236 -54.976059 -57.283863 -42.204729 -47.353783 -64.009417 -53.880936 -57.918324 -58.273289 -63.326825 -58.769025 -54.850467 -54.425846 -72.257422 -66.827251 -68.104541 -43.591276 -57.155793 
-61.766446 -46.006717 -62.545395 -40.448198 -66.649299 -74.250543 -53.135264 -54.943073 -57.283863 -68.974655 -46.787481 -46.239697 -54.204313 -64.635141 -57.947549 -70.296484 -67.877415 -54.536244 -54.504461 -41.864968 -66.806373 -73.591594 -60.538243 -60.302653 -61.862217 -66.724421 -41.904145 -58.844695 -67.951032 -74.263789 -61.923357 -70.374036 -60.925553 -68.147663 -67.774139 -56.329826 -63.344997 -62.469553 -60.374738 -56.834447 -59.385814 -68.572992 -67.267071 -69.790313 -67.276648 -69.487724 -58.782726 
-66.373344 -72.484403 -61.825894 -53.373276 -66.694395 -62.195693 -56.321721 -54.978432 -57.269969 -59.677284 -48.525385 -59.238180 -53.909899 -61.514219 -58.096847 -63.533241 -67.300682 -54.536244 -54.477073 -37.431001 -65.604473 -46.826229 -62.367140 -58.792835 -62.231637 -73.730267 -57.104870 -56.487733 -70.817808 -56.008346 -73.320047 -57.320219 -61.865104 -71.691031 -61.898369 -68.486936 -66.280443 -65.802299 -68.837848 
-46.393532 -68.214982 -62.331056 -52.773904 -66.565826 -54.922243 -68.736351 -48.497456 -57.366885 -59.199694 -73.955227 -69.335810 -54.001452 -65.718074 -58.404174 -52.670074 -72.694823 -54.264230 -54.562465 -38.243686 -65.422152 -46.487643 -59.577770 -61.464246 -64.630107 -60.812816 -65.537423 -58.065815 -49.706115 -63.371133 -61.628084 -56.248419 -62.100490 -71.160784 -46.759179 -66.464930 -64.824732 -58.380536 -58.744229 -69.392803 -66.931734 -71.725700 -49.174741 -41.832263 -65.221168 
-46.982369 -69.073939 -61.579558 -60.991961 -64.580709 -55.023909 -55.944661 -60.308949 -57.366885 -59.325955 -71.264792 -57.745408 -54.785024 -62.187312 -58.372832 -51.239422 -72.630750 -54.611233 -54.345425 -55.762284 -50.430877 -62.935199 -59.865655 -48.871182 -62.893185 -45.553999 -65.339150 -71.363273 -47.900331 -61.935598 -37.683398 -64.414447 -71.530717 -61.736691 -49.331012 -61.535514 -56.848967 -59.758000 -64.970040 -58.707428 -66.687557 -57.307316 -46.202260 -73.164762 
-47.020057 -49.898374 -72.027794 -46.292198 -65.140398 -49.524505 -55.226389 -64.430562 -57.366885 -68.133542 -62.315344 -47.727629 -60.633072 -54.599060 -58.372832 -51.600094 -54.071661 -54.267173 -54.361789 -48.361274 -52.711746 -62.076372 -47.717987 -70.450646 -61.516806 -50.441850 -62.519648 -65.907738 -67.688593 -62.005986 -37.169843 -62.922937 -39.982194 -48.460063 -49.787618 -56.507349 -54.200082 -62.132346 -61.858801 -63.690208 -63.122104 -41.911064 -59.850493 -62.889800 -61.204868 -62.937530 -58.838246 -69.861196 -48.793126 
-49.413102 -62.486804 -69.825278 -65.829755 -65.043404 -49.578863 -46.645142 -64.299588 -57.303107 -48.663003 -54.059392 -47.863230 -70.092805 -61.757540 -58.238547 -46.483481 -54.525637 -54.012490 -54.062769 -60.042913 -47.443320 -72.891273 -50.457856 -65.074880 -60.826910 -50.559706 -61.598055 -65.922690 -55.126778 -72.291244 -38.920841 -67.698076 -59.197437 -68.259641 -68.486933 -69.441659 -54.575087 -63.706070 -63.180039 -70.896450 -63.143048 -58.167403 -68.510182 -60.795487 -67.513750 -51.543775 -57.847228 
-59.954020 -53.935453 -48.418975 -62.198657 -64.451722 -47.798350 -66.336224 -64.413915 -57.200324 -62.800036 -67.861384 -54.749623 -49.489766 -45.679916 -57.908081 -49.058462 -62.131092 -54.139354 -53.638728 -65.431036 -66.090451 -64.884234 -57.861062 -60.410468 -39.141107 -49.303192 -60.796889 -61.150329 -56.075623 -67.580530 -64.863442 -49.935406 
-54.484532 -54.285111 -61.504994 -46.248229 -65.254230 -48.486386 -53.373194 -52.515183 -57.200324 -47.787193 -66.843899 -54.035349 -64.013161 -70.263902 -57.989830 -65.764887 -47.945288 -54.925070 -62.787578 -65.301756 -53.688053 -66.751454 -49.394921 -57.051585 -37.677674 -59.975852 -58.670802 -49.782488 -55.432171 -68.913358 -58.802548 -56.588515 -47.782849 -58.760193 -47.741246 -68.184132 
-54.228010 -54.414204 -56.841950 -48.252951 -64.908920 -53.544044 -63.255418 -47.957522 -57.200324 -47.522971 -59.439033 -53.940771 -57.126990 -47.920574 -57.989830 -56.234798 -49.664109 -61.188153 -37.849459 -65.301756 -54.498435 -67.044931 -52.504640 -69.542481 -66.639849 -60.976611 -61.543149 -69.077293 -62.244226 -62.026813 -57.788314 -60.777584 -63.628404 -71.141903 -72.091040 -42.505259 
-58.485935 -54.444907 -64.167270 -47.643673 -64.028044 -62.861309 -62.165341 -60.432984 -57.163766 -46.169661 -60.161250 -53.871701 -51.448433 -46.517425 -57.982055 -55.787034 -56.875570 -75.044406 -63.728160 -58.248587 -54.341485 -40.017901 -51.719548 -49.487194 -57.328726 -62.990105 -56.064015 -66.405213 -63.581807 -70.508806 -75.279794 -68.147112 -51.028894 -69.337417 -56.267474 -54.288099 -69.437612 -50.861891 -68.940096 -39.304195 -49.863403 -61.994624 -61.417414 -41.847344 -72.528538 -67.540493 -55.173689 -50.536388 -56.129996 -51.413188 
-64.689274 -54.229425 -59.234057 -44.891024 -65.198438 -69.855678 -54.237566 -52.579065 -57.163766 -56.785176 -49.784766 -54.315373 -47.797200 -59.900176 -58.248607 -63.677794 -73.901549 -75.564010 -59.177995 -71.896586 -73.266062 -52.165852 -39.496436 -48.209527 -47.897469 -62.607111 -41.061501 -65.854815 -62.110810 -55.726345 -63.510434 -59.352330 -62.376912 -50.475006 -62.279931 -50.954924 -75.687988 -61.469122 -74.594334 
-60.134715 -54.466858 -60.007588 -45.071905 -64.490015 -59.999234 -54.820647 -67.278708 -57.163766 -57.544900 -63.180745 -53.267975 -62.117438 -54.401639 -58.157831 -52.343405 -66.225131 -74.892364 -54.974389 -69.379893 -67.326292 -54.529304 -39.323995 -48.230206 -54.594604 -52.308777 -47.827087 -46.358647 -64.111915 -62.359067 -67.482494 -42.377818 
-58.045552 -54.651238 -39.489049 -63.076335 -65.025772 -72.902608 -54.774072 -52.857765 -56.773149 -73.257819 -63.489254 -52.920192 -62.873880 -54.679594 -58.157831 -52.572055 -66.437684 -55.420274 -56.272342 -75.830873 -68.002570 -66.758816 -57.164987 -47.460629 -46.070134 -51.014706 -70.831424 -61.389500 -73.615906 -61.406713 -58.270059 -56.865605 -64.103988 -59.302711 -64.215982 -69.604005 -59.347185 -55.660293 -56.207705 -60.535665 -56.512186 -59.459932 -67.210709 -68.326095 -65.885524 -59.081840 
-71.585375 -53.947784 -65.932012 -52.860797 -64.780025 -49.204398 -53.850313 -62.344302 -56.916284 -58.335838 -53.036031 -52.920192 -40.307112 -55.700149 -67.187070 -51.333852 -59.258642 -54.555882 -52.020825 -56.577110 -48.495656 -62.858035 -66.277699 -46.508021 -45.511098 -63.828107 -65.834760 -69.609009 -69.734753 
-48.232916 -53.791819 -66.253821 -65.502128 -59.072667 -48.108569 -53.803635 -68.823071 -56.764464 -57.877427 -53.553584 -65.147770 -43.017453 -54.012341 -44.062455 -51.248680 -62.982380 -48.284061 -62.659628 -72.152066 -50.496822 -62.837900 -68.473579 -50.999425 -59.323821 
-53.035117 -53.791819 -65.689765 -65.655226 -69.540737 -48.788841 -53.803635 -62.391341 -56.764464 -58.036504 -53.439014 -55.258236 -36.662076 -54.469479 -62.527817 -51.054756 -64.393638 -68.416650 -70.098875 -74.620374 -45.823459 -46.542436 -61.925616 -59.741751 -59.544702 -62.530206 -63.950360 -68.406363 -67.888721 -69.320784 -59.796115 -69.778064 -68.239696 -61.899232 -61.987867 -70.207614 -58.743830 
-55.113971 -53.786801 -65.948627 -65.800073 -64.361111 -49.173665 -53.808447 -51.524448 -57.173714 -58.036504 -52.971727 -59.874098 -73.545793 -53.946139 -61.252756 -51.130773 -41.762769 -68.202742 -52.361608 -57.985167 -51.126828 -57.825564 
-55.386067 -53.602161 -67.019340 -65.543081 -63.252706 -50.377170 -53.808447 -55.451343 -56.962649 -58.277949 -54.041599 -52.144509 -50.721225 -54.549588 -69.184063 -51.493539 -45.970269 -69.466618 -58.445542 -58.637771 -69.406184 -67.022516 -54.642743 -62.548544 -50.704101 -53.413981 -70.105745 -62.608373 -75.029170 -57.455337 -58.326127 
-52.789554 -54.014421 -65.440794 -65.046589 -65.846732 -48.956421 -53.741455 -56.787630 -56.903327 -58.534747 -53.966434 -73.152613 -64.389131 -35.691053 -55.368384 -58.010944 -45.614315 -62.826118 -53.947120 -66.395479 -63.148679 -64.851727 -72.734183 -66.874656 -62.079915 -50.885021 -63.526783 -60.675654 -67.691062 -56.099880 -63.220485 
-59.423789 -53.783022 -58.505871 -65.173272 -65.878831 -47.595143 -53.800798 -68.163900 -56.903327 -58.678297 -54.056379 -48.631863 -63.199450 -55.490263 -54.877844 -64.192316 -45.307406 -37.411807 -60.767933 -59.825085 -61.171630 -65.454583 -66.123605 -58.624477 -64.146849 -49.438899 -69.674388 -62.414684 -67.926297 -62.758254 -50.454384 -64.624090 -61.661449 -50.615541 -61.449377 -61.515835 -53.388820 -75.021448 -60.712794 -53.350144 -61.578255 -67.897404 -61.726997 
-62.957872 -53.988968 -57.429700 -63.583484 -67.860505 -51.051693 -54.211661 -68.953356 -56.883648 -58.334504 -55.175986 -70.602304 -53.397554 -55.399031 -55.196423 -48.074554 -64.315161 -37.590447 -68.283491 -58.311991 -57.989050 -62.356703 -54.152444 -54.424578 -64.236221 -54.605103 -61.665743 -57.836265 -48.921536 -46.187261 -62.086560 -48.624841 -67.472922 -56.266610 -63.207758 -55.223556 -55.194670 -63.672991 -58.693215 -64.193139 -64.116031 -57.312068 -62.915741 -57.444308 -66.567423 -58.097416 -59.849026 -62.657529 -62.953955 -68.484727 -58.317341 
-62.527638 -54.550787 -47.603904 -66.691157 -56.516910 -62.092534 -54.526747 -36.799400 -46.704063 -58.762564 -54.489634 -56.679352 -52.027873 -56.030118 -54.367823 -46.006263 -65.582275 -50.756727 -59.833326 -69.193137 -61.695419 -41.291215 -55.269177 -49.867931 -63.205077 -55.543557 -60.165640 -55.290025 -50.945025 -73.532665 -68.526852 -59.923883 
-67.286586 -54.707065 -50.686962 -59.042296 -56.650980 -62.798103 -54.775646 -54.779100 -55.638830 -58.503418 -55.273173 -62.524296 -53.791205 -64.098165 -54.701333 -47.192409 -65.095579 -58.125617 -63.365537 -67.877917 -61.973725 -69.056232 -60.841319 -48.255004 -64.388244 -62.513719 -52.583197 -52.858190 -49.910611 -56.427401 -67.190179 -65.376463 -60.857610 -66.082056 -67.872003 
-53.592859 -54.497876 -49.798922 -59.515027 -56.901714 -63.205447 -55.129778 -55.820771 -60.366850 -58.213796 -69.129313 -51.873698 -54.782091 -67.075844 -55.108280 -46.480464 -54.437632 -63.530069 -65.842428 -65.102112 -49.406972 -48.404132 -66.348965 -62.387161 -64.497640 -48.848498 -48.419493 -58.867811 -69.524527 -64.123242 -58.720331 -72.318401 -59.106263 
-60.506012 -54.476154 -49.460749 -59.272842 -56.697069 -68.614937 -54.971439 -51.889213 -75.266107 -58.214291 -63.516529 -72.634962 -59.371426 -62.794068 -55.100845 -46.343183 -54.139853 -62.841137 -55.690860 -65.099282 -69.894790 -62.894789 -73.122426 -58.169915 -63.800541 -68.868882 -48.239286 -51.453068 -56.219865 -43.162322 -63.424231 -58.954061 -58.947736 -62.183770 -56.508912 -48.168878 
-35.476200 -54.526815 -58.754704 -67.656100 -56.739609 -42.924160 -54.714971 -52.960942 -65.094072 -58.699087 -65.830674 -54.734604 -64.238821 -63.393531 -68.768868 -47.224577 -53.674443 -61.459548 -56.018902 -68.586615 -66.356943 -64.493398 -73.586673 -70.995578 -63.556383 -63.361039 -50.966791 -54.865302 -51.021595 -59.508906 -59.939665 -58.787856 -61.698357 -48.834226 -68.935425 -56.661260 -61.152043 -57.026592 -69.022164 -68.109574 -52.330427 -58.951009 -65.073549 
-63.557889 -54.439429 -62.792910 -53.935358 -56.886019 -62.952114 -51.210233 -58.291598 -63.701893 -58.305596 -52.437442 -54.816380 -66.158924 -55.596519 -67.812917 -47.231619 -53.649820 -68.513279 -65.898005 -59.293323 -54.580778 -65.783739 -47.813070 -72.383134 -63.330767 -68.951262 
-67.283261 -54.636065 -70.068780 -62.679538 -56.886019 -62.254500 -57.269882 -53.374709 -61.098349 -58.285415 -52.486167 -55.104394 -62.496835 -56.025176 -61.253826 -46.161958 -53.531335 -45.485581 -65.842914 -50.951421 -54.580778 -67.398855 -69.559808 -47.267461 -67.665571 -61.836315 -72.060379 -69.121342 -56.367877 -61.894615 -53.421888 -53.982809 -59.443899 -70.941702 
-56.961907 -54.610680 -55.913066 -51.547978 -56.862085 -67.649942 -70.986432 -48.182745 -47.636829 -58.361249 -48.278802 -54.768187 -61.771024 -54.137843 -48.758532 -46.161958 -53.243023 -69.319013 -67.256037 -50.656233 -54.580778 -66.751350 -56.921592 -47.430975 -47.722003 -62.685280 -52.402453 -53.750997 -65.627180 -58.066848 -53.035117 -62.079584 -47.462308 -55.833624 -53.077915 -72.250453 
-65.635056 -54.610680 -55.587998 -56.221535 -56.862085 -67.923097 -47.593695 -51.962113 -71.236301 -58.476036 -46.585484 -54.398283 -61.917928 -58.185706 -60.120722 -56.984737 -50.743838 -59.783589 -66.364174 -66.140069 -54.670652 -66.996853 -57.850159 -67.982877 -38.016721 -62.986181 -58.094442 -52.899509 -55.137055 -46.660588 -48.160548 -50.266478 -68.443786 -53.551671 -46.263789 
-56.083179 -54.610680 -55.587998 -55.648778 -56.862085 -36.478364 -55.013082 -64.136108 -40.879051 -57.739183 -56.321232 -53.612660 -67.355507 -61.257902 -45.623424 -46.524115 -48.317985 -66.546508 -62.764881 -66.587201 -54.670652 -66.208990 -62.149087 -51.540339 -36.193142 -58.296113 -49.024231 -49.490161 -48.831124 -69.290447 -35.734739 -68.325705 -61.317026 -43.094042 -68.494566 -69.341961 -49.137424 -50.362498 -61.899262 -50.585446 -52.019979 -47.957318 -58.734380 -63.395174 
-35.051652 -54.825572 -69.227183 -55.494232 -56.862085 -35.794077 -64.384556 -61.821243 -64.698606 -58.366741 -69.551859 -53.484880 -65.987608 -61.623729 -52.481575 -46.889697 -63.458377 -47.048397 -63.993892 -41.903315 -72.950444 -66.173636 -50.014884 -63.959663 -72.545027 -54.047071 -50.273016 -54.591246 -62.581394 -73.959942 -55.285496 -55.079383 -39.996878 -66.122424 -51.436571 -50.094140 -65.548605 -54.146803 
-72.019873 -53.421933 -68.373262 -60.601237 -56.575472 -70.587724 -65.881290 -52.356492 -60.141064 -58.616383 -39.362597 -50.878952 -65.924487 -67.813816 -47.849050 -46.960702 -63.488402 -53.294700 -63.934277 -63.789399 -55.350478 -66.142633 -50.107723 -72.951171 -66.188216 -53.458583 -50.293421 -55.080354 -63.323768 -56.615200 -39.509956 -73.351824 -53.371595 -71.416037 -54.911421 -66.191033 
-65.368216 -53.745165 -57.362671 -63.272866 -56.316279 -74.047306 -69.166376 -50.496091 -59.056042 -58.711098 -39.335456 -50.886085 -48.151732 -63.016163 -42.740418 -46.449448 -63.337298 -47.755102 -64.263115 -73.123485 -55.439217 -65.536598 -55.646174 -60.725136 -66.117556 -53.565703 -48.497820 -55.080354 -56.558392 
-66.641845 -54.228720 -54.725944 -74.565256 -56.316279 -56.333177 -67.419712 -49.990507 -74.518723 -58.711098 -60.591912 -46.040761 -49.900162 -59.643197 -57.964374 -65.858992 -61.682451 -54.007631 -62.412274 -70.065123 -55.354683 -59.771139 -46.385506 -50.029116 -66.205124 -54.017219 -51.412898 -55.187864 -50.491797 -68.432799 -37.913184 -62.553156 -55.489934 -61.750448 -55.512315 -57.950521 -49.658628 -60.637260 -71.648962 
-60.037270 -54.609773 -60.672940 -55.809661 -56.316279 -60.929246 -62.954690 -66.871662 -62.081611 -58.854693 -71.516979 -46.311465 -74.062217 -68.200144 -68.097351 -71.727256 -55.670930 -57.005132 -55.500550 -49.501633 -55.354683 -50.887132 -60.945923 -58.125740 -72.606952 -54.149344 -47.544746 -55.187864 -50.539077 -49.624192 -38.493207 -53.781737 -60.632413 -49.197228 -49.795359 
-68.637751 -62.390576 -49.743937 -60.100326 -56.528596 -51.186010 -37.543635 -66.474131 -55.917126 -58.253076 -72.833306 -55.704696 -66.940101 -54.800467 -51.702896 -63.015657 -60.393009 -64.105762 -63.255993 -63.308165 -55.423371 -51.273336 -47.338981 -54.418755 -72.865922 -54.409953 -50.638747 -53.734172 -61.171246 
-51.134776 -60.929644 -49.926741 -53.785860 -56.489329 -50.671314 -37.201960 -54.389427 -73.639063 -58.343297 -70.171048 -52.951010 -49.141653 -54.815068 -66.414688 -63.837169 -64.543784 -65.415953 -54.534824 -49.319710 -55.067627 -57.881697 -50.319419 -62.139587 -62.670410 -57.564091 -55.743837 -61.116946 -63.253151 -48.131788 -68.706326 
-49.764887 -52.826913 -59.195895 -51.903019 -56.771952 -51.754377 -53.423994 -56.258084 -54.240734 -57.562256 -47.645040 -52.587924 -52.100335 -53.717488 -64.417852 -69.701553 -60.137398 -51.516333 -54.943641 -58.725014 -36.864203 -57.577131 -60.232715 -63.176322 -68.507471 -63.742893 -65.445007 
-68.639323 -63.677006 -66.996854 -40.937886 -56.978684 -53.793204 -49.651380 -50.850278 -50.996543 -57.562256 -50.217415 -52.445990 -62.483251 -53.683629 -65.478551 -53.602809 -61.873607 -68.686734 -54.942264 -61.157203 -56.932026 -56.185508 -45.873175 -50.742592 -65.844881 -71.434192 -62.450544 -59.038738 -53.845729 -67.849869 -57.417533 -50.691159 -57.651978 
-36.248601 -63.531327 -67.046155 -63.718891 -57.302630 -53.885443 -47.767054 -60.292644 -55.819220 -57.562256 -41.085087 -51.076787 -53.043634 -53.712715 -65.570353 -50.624934 -60.459156 -63.760933 -54.295860 -58.078467 -49.596232 -53.969642 -48.863757 -59.702784 -67.917782 -46.383130 -52.290779 -65.618625 -60.590239 -59.095751 -48.564096 -61.355815 -62.230398 -56.508565 
-37.505981 -55.607848 -70.546934 -61.868818 -57.302630 -54.419493 -63.696686 -61.497802 -55.690054 -57.562256 -56.505503 -61.841644 -60.455074 -60.762479 -71.014892 -49.572566 -60.520986 -56.810995 -54.566613 -69.644992 -49.074705 -53.738237 -50.638362 -60.634130 -54.689548 -47.374841 -54.068736 -49.362436 -54.503793 -63.537741 -66.680876 -68.895706 -63.467479 -66.868402 
