-67.789379 -67.548842 -63.279697 -45.851414 -52.671589 -39.154243 -50.913589 -53.379508 -50.331670 -52.731990 -60.413215 -54.718818 -54.399729 -51.998932 -52.342082 -52.648162 -39.516391 -57.003566 -72.212753 -71.976046 -69.882593 -48.734968 -57.686446 -58.907642 -51.776748 -68.439946 -41.607499 -69.913350 -48.216209 -41.356455 
-68.096598 -67.548842 -63.279697 -48.765595 -52.667025 -38.868067 -51.521398 -53.379508 -52.928321 -52.731990 -61.893407 -54.718818 -54.399729 -49.997705 -57.189403 -52.648162 -39.516391 -57.003566 -72.212753 -71.474093 -70.486654 -50.899457 -57.686446 -61.365572 -58.320116 -54.990416 -62.036842 -49.078561 -47.053129 -53.375108 -50.201474 -56.176221 -64.944177 -46.364974 -50.673871 -57.635575 -59.174636 -57.128666 -41.912655 -75.542664 
-67.226057 -67.054668 -63.699782 -57.054157 -52.593211 -38.010718 -39.837481 -53.379508 -52.990788 -52.731990 -61.529777 -53.134096 -57.028818 -46.095758 -63.000490 -52.648162 -39.134107 -57.003566 -73.855043 -47.187499 -70.957249 -52.841949 -57.686446 -48.731110 -46.437060 -68.817065 -50.747706 -39.771905 -64.229117 -52.762695 -50.668044 -53.907846 -68.083273 -57.786337 -67.925721 -61.324512 -39.510093 -71.520336 -61.901576 -58.734862 -45.982486 -46.510572 -70.929354 -69.200929 
-68.287742 -67.054668 -63.699782 -56.913917 -68.226218 -36.112055 -39.743981 -53.379508 -52.990788 -52.731990 -48.694358 -53.134096 -62.634203 -58.374760 -63.116834 -52.648162 -59.123312 -57.003566 -74.100273 -63.212109 -71.089740 -52.841949 -57.494542 -65.743058 -69.821724 -69.922599 -66.231079 -40.896594 -49.432344 -55.026166 -51.534388 -56.035167 -37.368446 -67.911119 
-70.268097 -66.214450 -63.489835 -36.811803 -52.228263 -51.505567 -39.386344 -53.379508 -52.990788 -52.731990 -50.971995 -53.134096 -63.141633 -55.377991 -67.901662 -52.683514 -62.279447 -57.003566 -74.081387 -49.118048 -71.072747 -52.841949 -57.494542 -61.333706 -62.474954 -50.469279 -58.513128 -70.318497 -70.726291 -54.948898 -52.612742 -56.759609 -61.068381 -68.803816 -57.330770 -54.654973 -60.066091 -46.491048 -40.450878 
-67.887914 -66.468398 -59.866551 -52.089161 -52.492563 -64.119519 -56.098843 -53.379508 -52.990788 -52.731990 -60.641496 -53.134096 -67.626186 -54.062413 -39.778119 -52.683514 -53.184416 -57.003566 -74.081387 -71.173326 -71.363776 -52.794555 -57.494542 -42.937480 -59.544586 -39.271743 -58.247850 -56.404293 -63.181595 -41.830504 
-57.494542 -67.275981 -68.079457 -37.649430 -52.468352 -63.956855 -49.391953 -53.379508 -52.990788 -52.731990 -59.087951 -53.134096 -48.206908 -58.795213 -40.313774 -52.683514 -68.007218 -57.003566 -74.081387 -69.333870 -71.154045 -52.665028 -70.070795 -68.464519 -57.087817 -45.115633 -54.434019 -59.186436 
-57.494542 -67.275981 -46.857153 -37.618159 -52.133039 -63.956855 -49.858084 -53.379508 -52.990788 -52.731990 -59.936635 -53.142186 -55.764464 -68.852580 -65.533080 -52.683514 -67.656097 -57.003566 -73.904827 -69.333870 -39.263355 -52.809995 -49.403550 -57.175674 -48.916737 -51.764610 -52.204085 -51.751416 -47.620924 -59.123357 -71.495840 -51.198564 -58.224015 
-57.494542 -67.440875 -69.307974 -37.047433 -51.053925 -64.467351 -52.805960 -53.379508 -52.856364 -52.731990 -51.003545 -53.142186 -53.132643 -60.580516 -69.299241 -52.756628 -67.643055 -57.003566 -73.904827 -47.504481 -37.768639 -52.694094 -51.768697 -57.657481 -56.843903 -52.570764 -71.813724 -67.945856 -50.530654 -69.253884 -61.647961 
-57.494542 -67.440875 -43.173237 -35.465809 -52.025668 -62.873153 -52.566148 -53.291791 -52.856364 -52.731990 -65.327268 -52.908898 -68.964271 -34.978424 -69.280180 -52.756628 -67.643055 -57.003566 -73.357409 -49.824265 -37.708461 -52.730447 -63.476470 -60.965483 -35.776182 -58.422474 -70.025549 -67.914766 -51.610370 -74.012751 -59.231254 -68.489883 -48.220359 -58.824051 -45.977457 -59.370697 -63.449917 -37.265307 -40.200554 -48.249583 -54.985016 -51.214219 
-57.494542 -67.440875 -47.063587 -58.583821 -60.114712 -62.819509 -53.171436 -53.291791 -55.111953 -52.731990 -44.329449 -53.932508 -40.652902 -69.425719 -69.596237 -52.756628 -67.586279 -57.003566 -73.357409 -67.356556 -38.302987 -52.730447 -59.420235 -50.537435 -37.784609 -68.556695 -70.092680 -69.447677 -46.405997 -74.012751 -58.715845 -68.219938 -49.253637 -61.582246 -49.533300 -50.654557 -50.505245 -69.338032 -68.129659 -47.780791 -47.651074 -48.667278 -55.505378 
-57.494542 -67.343822 -54.645061 -61.364872 -48.871326 -63.580037 -36.202327 -52.988723 -53.100658 -52.731990 -56.554732 -53.932508 -73.536732 -71.034519 -50.280957 -52.756628 -67.595225 -57.003566 -56.436943 -61.612738 -39.294467 -52.545415 -69.852584 -61.081008 -49.953091 -51.196739 -58.640071 -68.963205 -52.628242 -74.012751 -49.238044 -56.137477 -49.480490 -51.094163 -46.978941 -45.397186 -46.311397 -51.144859 -69.698394 -62.174616 
-57.494542 -67.343822 -68.241014 -50.663796 -49.476392 -63.580037 -71.130333 -52.988723 -53.100658 -52.731990 -47.124689 -53.932508 -73.536732 -48.737036 -58.313240 -52.756628 -67.707585 -57.003566 -51.924340 -46.490154 -39.272657 -52.545415 -69.852584 -60.888498 -62.033410 -53.067473 -47.600454 -68.381322 -50.037715 -74.012751 -35.276504 -48.984842 -46.650161 -47.216700 -49.885026 -49.143659 -48.565493 -52.346830 -49.049106 -58.076348 -47.312218 -70.234493 -56.409063 -51.803718 -69.090655 -53.093004 -47.902875 -38.830605 -68.144562 
-57.494542 -67.343822 -46.741711 -38.481533 -70.884803 -63.879287 -56.594335 -52.988723 -53.100658 -52.731990 -48.741832 -53.932508 -52.002505 -62.316251 -67.865165 -52.756628 -47.533793 -57.003566 -61.986705 -44.923295 -39.262017 -52.545415 -70.395964 -60.888498 -38.830605 -71.609437 -63.059146 -46.498899 -52.078411 -51.470663 -72.935538 -39.220627 
-57.494542 -67.511599 -59.751677 -39.330977 -57.911209 -66.966799 -39.561360 -52.988723 -53.100658 -52.731990 -51.126212 -53.932508 -69.583802 -70.839295 -67.865165 -52.756628 -48.985610 -57.003566 -41.699606 -51.257972 -50.796117 -52.545415 -52.836399 -62.538674 -39.220627 -71.365808 -72.935538 -36.804978 -74.057960 -66.366156 -48.256827 -52.486900 
-57.494542 -67.511599 -52.268892 -72.935538 -50.120665 -67.362316 -42.500729 -52.988723 -53.100658 -52.731990 -49.933597 -53.250812 -62.967803 -70.646365 -67.865165 -52.756628 -70.050086 -57.003566 -37.423802 -71.487447 -38.004855 -52.863041 -58.840096 -61.385342 -39.733080 -71.093666 -57.618208 -58.886961 -42.652292 
-57.494542 -67.511599 -71.622541 -72.798137 -50.896200 -67.362316 -58.586942 -52.988723 -53.100658 -52.731990 -40.001006 -53.250812 -52.087352 -72.338361 -67.865165 -52.756628 -56.135462 -57.003566 -36.713856 -57.625826 -49.305947 -52.863041 -53.851557 -43.677368 -52.891551 -60.140869 -52.242081 -47.792733 -56.915132 -50.036048 -55.810672 
-57.494542 -67.511599 -70.869571 -72.773846 -49.911273 -64.868909 -53.106405 -52.988723 -53.173040 -52.731990 -40.457324 -53.250812 -68.557228 -70.845558 -67.865165 -52.756628 -50.264157 -57.003566 -36.664357 -52.719985 -52.011787 -52.787735 -52.114961 -52.397883 -50.161426 -68.106299 -37.557039 -71.532365 
-57.494542 -65.893278 -70.435308 -72.056941 -49.743676 -64.868909 -53.455597 -52.988723 -53.173040 -52.731990 -59.866411 -53.250812 -39.760278 -52.785239 -67.872654 -52.756628 -50.685567 -57.003566 -35.894179 -38.222206 -67.324421 -52.797498 -70.804899 -69.537817 -49.470844 -60.333033 -40.905686 -67.349806 -48.600190 -46.849408 -61.074423 -40.016548 -43.148664 -53.284998 -46.278292 
-57.494542 -66.862450 -70.435308 -74.503596 -62.972709 -64.378144 -55.499415 -52.988723 -53.173040 -52.731990 -60.682210 -53.264555 -51.348927 -49.404819 -66.888379 -52.756628 -52.397608 -57.003566 -35.889561 -36.117970 -67.788179 -52.564167 -69.672466 -75.608036 -50.779926 -51.608616 -40.322922 -65.955756 -67.427378 -50.527780 -50.571390 -46.569028 -58.000236 
-57.494542 -66.513674 -70.744535 -74.069732 -50.984628 -64.938628 -55.169818 -52.988723 -53.173040 -52.731990 -43.168935 -53.264555 -48.303698 -59.259285 -68.602277 -52.756628 -61.247356 -57.003566 -36.043465 -37.309157 -69.138673 -52.564167 -62.764771 -67.937029 -52.171061 -52.973662 -41.963804 -50.173902 
-57.494542 -66.513674 -70.693899 -74.069732 -51.579217 -64.938628 -55.046333 -52.988723 -53.202673 -52.731990 -62.192785 -53.264555 -59.352632 -62.725901 -66.756373 -52.756628 -67.799595 -57.003566 -38.585849 -38.588061 -68.701075 -52.891749 -48.852680 -56.806242 -50.033204 -51.762567 -48.791011 -49.456977 -56.672756 -49.442859 
-57.494542 -66.769198 -59.598992 -74.089833 -51.852731 -64.938628 -57.925651 -52.988723 -53.198235 -52.731990 -49.490825 -53.502601 -50.235266 -40.981754 -55.102326 -52.756628 -67.023751 -57.003566 -57.051728 -58.260164 -71.227086 -53.021964 -70.852759 -51.692425 -40.409783 -61.091910 -46.701396 -69.167770 -57.194572 -48.696688 
-57.494542 -66.769198 -47.718749 -74.089833 -51.107314 -64.938628 -61.449814 -52.988723 -53.134718 -52.731990 -38.907207 -53.527296 -53.536427 -58.233300 -54.939801 -52.756628 -56.859559 -57.003566 -51.510282 -58.807364 -57.040901 -53.021964 -70.852759 -69.282175 -40.003346 -48.703563 -67.503337 -69.070197 -47.975543 -67.821536 -52.445430 -53.791476 -71.061573 -51.768733 -55.316064 
-57.494542 -65.948813 -40.065746 -71.219554 -50.999803 -64.938628 -68.066822 -52.988723 -53.088595 -52.731990 -36.760632 -54.238862 -52.710508 -67.980607 -68.446840 -52.756628 -46.564335 -57.003566 -51.155152 -67.269629 -70.116120 -53.021964 -70.865611 -60.232869 -52.830323 -55.908496 -61.701295 
-57.494542 -65.875635 -40.360141 -72.128121 -51.247552 -64.938628 -51.874537 -52.988723 -53.088595 -52.731990 -46.571043 -54.238862 -48.440658 -38.485869 -70.865611 -52.944175 -49.550442 -57.003566 -70.614482 -67.869447 -68.248990 -53.021964 -43.137999 -68.743262 -46.535799 -42.013785 -49.188696 -56.445917 -73.829328 -50.951205 -46.397196 
-57.494542 -65.875635 -68.484329 -72.128121 -52.414917 -65.300806 -53.428149 -52.988723 -53.088595 -52.731990 -42.395473 -53.657090 -65.770433 -46.623377 -71.893710 -52.944175 -50.146354 -57.003566 -70.971351 -68.062006 -63.141247 -53.021964 -73.766593 -69.141898 -60.535130 -54.626258 -51.631355 -48.693120 -40.272742 -47.268284 -48.004540 
-57.494542 -65.749463 -70.482068 -72.128121 -48.591168 -65.300806 -52.901380 -52.988723 -53.088595 -52.731990 -41.973612 -54.577141 -69.546450 -70.465214 -57.298178 -46.578360 -49.560761 -57.003566 -66.840361 -47.679959 -39.573163 -53.021964 -50.894762 -67.358616 -52.897138 -73.359288 -56.195423 -67.406671 -68.661141 
-57.494542 -66.792888 -70.482068 -71.041562 -43.826974 -65.505080 -50.661387 -52.988723 -53.088595 -52.731990 -39.217542 -54.322883 -52.935782 -70.220343 -62.640173 -68.178382 -48.658498 -57.003566 -50.175786 -51.948574 -39.873253 -53.021964 
-57.494542 -66.267391 -52.509981 -74.075801 -53.021964 -64.949135 -50.969579 -52.988723 -53.393376 -52.731990 -39.728882 -54.379499 -52.698667 -70.267469 -39.278107 -75.553549 -59.392523 -57.003566 -70.031007 -53.654030 -49.306763 -46.238247 -75.033598 -67.776676 
-57.494542 -67.912194 -50.161222 -74.075801 -53.243237 -64.949135 -40.251844 -53.030934 -53.393376 -52.731990 -55.126742 -54.283723 -52.731915 -70.134020 -70.977167 -67.986097 -55.827046 -57.003566 -68.442889 -50.935672 -58.843572 -67.555787 -39.129395 -51.585164 -43.567429 -62.109760 -58.789571 -66.892900 -58.453284 -68.591058 -49.826208 
-57.494542 -54.575317 -50.384620 -72.708103 -53.243237 -64.949135 -36.542568 -53.030934 -53.408226 -52.731990 -52.187992 -54.283723 -52.731915 -70.236761 -70.724051 -68.303844 -47.782738 -57.003566 -51.668929 -53.686909 -68.829029 -52.632584 -69.392054 -66.485423 -40.979541 -50.665687 -36.941911 -57.286630 -58.350899 -61.492406 
-57.494542 -60.020865 -37.007541 -72.708103 -53.243237 -64.778938 -37.037034 -53.030934 -53.408226 -52.731990 -57.661605 -53.086138 -52.731915 -70.774868 -72.520843 -67.983329 -55.109405 -57.003566 -50.034346 -61.970528 -52.723277 -69.681741 -70.081012 -66.624578 -72.615333 -61.672145 -56.093857 -50.502538 -54.290766 -50.999588 
-57.494542 -68.539124 -55.700840 -72.774703 -53.243237 -64.778938 -38.426909 -53.030934 -53.408226 -52.731990 -59.127703 -53.396679 -52.731915 -56.598643 -48.757025 -67.753976 -55.109405 -57.003566 -70.162689 -55.226597 -62.413958 -70.217015 -49.065689 -66.364126 -40.103796 -70.165990 -50.571750 -51.892891 -46.627403 -61.080240 -54.370895 
-57.494542 -65.748870 -51.952986 -74.675467 -53.243237 -64.561087 -51.892891 -53.030934 -53.408226 -52.731990 -50.864327 -53.396679 -52.731915 -50.817024 -52.584413 -67.794402 -54.551998 -57.003566 -42.995143 -69.929612 -62.434937 -69.991368 -53.022549 -67.364622 
-57.494542 -70.028640 -51.485299 -72.730302 -53.113628 -64.561087 -51.028967 -53.030934 -53.408226 -52.731990 -66.089370 -53.396679 -52.731915 -50.855860 -42.570931 -67.642001 -52.283187 -57.003566 -61.807729 -71.587965 -68.520201 -70.149835 -49.595193 -66.119132 -59.074917 -51.014252 -59.589571 
-57.494542 -70.028640 -68.324413 -72.730302 -53.184557 -64.561087 -52.151882 -53.030934 -53.408226 -52.731990 -66.585283 -53.396679 -52.731915 -46.268700 -41.995763 -68.597996 -55.746386 -57.003566 -50.693011 -70.319369 -52.843057 -51.754192 -62.857523 -67.516336 -51.449729 -46.285453 -48.546908 
-57.494542 -70.028640 -54.365118 -73.006374 -53.184557 -64.561087 -57.117711 -53.030934 -53.408226 -52.731990 -66.086312 -53.363351 -52.731915 -46.406263 -71.131798 -67.842060 -54.300887 -57.003566 -52.802393 -50.172308 -70.319622 -50.874772 -58.726104 
-57.494542 -70.268427 -51.675701 -74.051411 -53.184557 -64.796303 -54.971318 -53.030934 -53.331245 -52.731990 -66.316786 -53.363351 -52.731915 -48.319313 -70.987833 -68.083405 -49.499849 -57.003566 -52.862449 -70.767664 
-57.494542 -70.703282 -50.157723 -74.241739 -53.184557 -64.796303 -53.003577 -53.030934 -53.331245 -52.731990 -65.931834 -53.363351 -52.731915 -47.786798 -70.051453 -68.848378 -57.989140 -57.003566 -51.155783 -52.154277 -68.482811 -48.986713 -67.537143 -41.831718 -67.762462 -63.674327 -61.692738 
-57.494542 -70.737410 -50.153242 -74.309363 -53.184557 -64.796303 -54.920883 -53.030934 -61.362515 -52.731990 -66.341179 -61.593810 -52.731915 -69.019638 -70.176158 -53.089883 -53.263880 -57.003566 -51.155783 -49.103926 -67.436284 -70.117653 -62.624341 -41.784201 -66.088053 -53.233055 -67.995554 -67.574113 -55.237488 
-57.494542 -57.577486 -50.822424 -74.309363 -53.184557 -62.941998 -53.651516 -53.030934 -54.907596 -52.731990 -66.784759 -70.729137 -52.731915 -60.697180 -67.860152 -53.089883 -52.827164 -57.003566 -50.570342 -64.371410 -45.765167 -60.459564 -66.892946 -42.148071 -53.233055 -70.812106 -52.194997 -66.465144 -47.834257 -52.247668 -49.278256 -49.355674 -69.075723 
-57.494542 -51.785002 -50.134924 -72.264025 -53.046056 -63.991070 -49.184655 -53.030934 -54.581011 -52.731990 -66.641707 -70.126630 -52.731915 -46.717930 -62.383588 -53.089883 -52.890693 -57.003566 -50.348616 -63.403709 -69.719063 -49.958305 -67.079603 -42.058134 -51.265414 -70.711315 
-57.494542 -45.980554 -70.183982 -73.934318 -53.046056 -64.310047 -57.990467 -53.420814 -53.773185 -52.731990 -66.904083 -69.971733 -52.673129 -67.322436 -41.792002 -53.089883 -53.697269 -57.003566 -50.582185 -52.731077 -58.413865 -51.005573 -58.890634 -72.772028 -60.215107 -57.481379 -50.265676 -49.018781 
-57.494542 -48.287788 -69.715975 -72.923143 -53.046056 -64.310047 -59.413440 -53.420814 -52.914953 -52.731990 -66.091241 -70.232579 -52.673129 -66.950395 -41.934228 -53.089883 -53.081544 -57.003566 -50.127542 -52.989537 -48.887134 -49.522022 -63.220267 -37.726907 -68.541977 -71.399940 -69.435544 -47.583112 -69.381598 -42.417218 
-57.494542 -68.364852 -40.423463 -72.712332 -53.046056 -68.646906 -59.996045 -53.426168 -54.517277 -52.731990 -64.881505 -69.889780 -52.673129 -66.793104 -39.692884 -53.089883 -53.251485 -57.003566 -50.979563 -52.989537 -52.287587 -70.818402 -35.965149 -49.593562 -48.054715 -47.716721 -50.234096 -46.531496 -56.862214 -51.126982 
-57.494542 -52.587744 -40.314044 -73.356488 -53.046056 -44.220070 -56.165902 -53.426168 -46.726315 -52.731990 -65.947833 -69.608118 -52.673129 -67.195184 -51.024696 -52.964442 -52.929759 -57.003566 -50.979563 -46.487084 -56.127588 -70.724813 -60.663440 -69.481071 -60.108705 -51.880579 -65.903293 -59.358176 -51.651461 -60.035120 -49.691618 -51.023533 -57.839428 -41.360025 
-57.494542 -51.147277 -49.651998 -72.838028 -53.046056 -55.258144 -53.014679 -53.426168 -67.101362 -52.731990 -65.947833 -69.608118 -52.673129 -47.866378 -47.315985 -72.526044 -52.573008 -57.003566 -45.185383 -61.196157 -50.321445 -70.210172 -59.573061 -45.332862 -47.290920 -59.995737 -46.436821 -47.490025 -51.165082 
-57.494542 -51.134396 -50.067069 -72.838028 -53.046056 -54.679619 -53.014679 -53.077613 -67.101362 -52.731990 -66.155906 -69.231424 -52.673129 -49.749177 -50.347278 -72.209711 -62.631955 -57.003566 -43.926579 -75.664961 -48.700213 -70.109831 -69.459027 -52.197202 -62.587505 -48.026438 -47.660769 -59.467290 -47.335149 -47.511192 
-57.494542 -51.090791 -51.500285 -72.838028 -53.046056 -55.853241 -53.057552 -53.077613 -66.664860 -52.731990 -65.871348 -67.340998 -52.673129 -51.245501 -61.365603 -71.567891 -52.841325 -57.003566 -46.408696 -60.595376 -48.775187 -70.396971 -49.405146 -62.270536 -69.258219 -67.921970 -45.960915 
-57.494542 -41.909862 -50.397191 -72.838028 -52.998535 -56.413403 -53.057552 -53.077613 -66.664860 -52.731990 -63.999253 -55.490334 -52.852847 -69.331161 -52.047640 -72.529971 -52.841325 -57.003566 -61.861683 -60.052286 -47.574523 -70.396971 -49.506933 -47.803122 -42.898195 -47.950977 -58.014262 -59.262118 
-57.494542 -40.145889 -69.428615 -72.719683 -52.998535 -56.413403 -53.057552 -53.077613 -66.664860 -52.731990 -64.857710 -58.136643 -52.897214 -50.676835 -41.928600 -51.497199 -52.987328 -57.003566 -51.262530 -61.933890 -49.488779 -69.719385 -65.860212 -49.784676 -42.793462 -71.153932 -59.084677 -51.510750 -68.128216 -68.142777 -51.305271 
-57.494542 -71.419225 -40.380475 -72.719683 -52.998535 -54.459665 -53.258144 -53.077613 -66.429970 -52.731990 -64.674841 -48.793473 -52.897214 -69.375499 -70.461212 -58.254900 -53.536707 -57.003566 -51.303754 -57.746704 -49.499876 -69.443999 -62.258361 -62.407301 -51.378282 -42.863158 -48.428968 -48.326302 -60.995170 -60.065956 
-57.494542 -72.299391 -41.303725 -73.314638 -52.998535 -53.417542 -59.404306 -53.077613 -66.625620 -52.731990 -64.988616 -68.800442 -52.897214 -44.972037 -70.788970 -50.000810 -53.536707 -57.003566 -50.418874 -53.150352 -49.990913 -69.443999 -68.678527 
-57.494542 -51.298295 -41.459848 -73.010264 -53.064669 -53.228614 -59.717759 -53.077613 -67.061187 -52.731990 -66.049882 -69.349697 -52.897214 -47.525699 -69.139993 -55.166867 -50.028919 -57.003566 -53.019586 -54.763251 -71.907240 -69.443999 -62.946751 -55.871426 -52.358630 -49.167464 -52.139040 -73.263424 
-57.494542 -51.540684 -40.260950 -75.065392 -53.064669 -53.228614 -46.617939 -53.077613 -67.061187 -52.731990 -65.207682 -70.420446 -52.897214 -52.867606 -56.588550 -55.153937 -69.907594 -57.003566 -52.925893 -53.155069 -63.073448 -64.133885 -46.150057 -50.938098 -55.454890 -75.670119 
-57.494542 -51.565215 -43.032797 -53.237913 -53.064669 -52.189259 -47.124090 -53.077613 -67.061187 -52.731990 -66.182098 -70.420446 -52.897214 -67.273040 -71.475537 -54.465660 -70.566938 -57.003566 -53.133405 -62.144172 -49.820704 -73.745619 -45.964269 -63.521095 
-57.494542 -52.699872 -43.032797 -53.237913 -53.011060 -69.603773 -46.397153 -53.077613 -66.737635 -52.731990 -66.161826 -48.678979 -52.897214 -67.180141 -72.915180 -53.499928 -70.296613 -57.003566 -53.133405 -71.319315 -52.317128 -62.220504 -60.578665 -43.649955 -70.106846 -65.852619 -52.132795 -72.637734 -60.035335 
-57.494542 -51.091421 -43.032797 -53.237913 -53.124637 -69.441810 -39.933612 -53.077613 -66.167660 -52.731990 -53.244706 -71.325124 -52.558795 -71.164781 -72.811848 -68.987380 -65.729733 -57.003566 -53.331345 -56.667879 -52.791957 -60.096769 -67.730025 -56.631320 -49.142791 -68.801272 -60.984468 -66.923817 -60.366306 -52.682431 
-57.494542 -51.183627 -42.744611 -53.230047 -53.124637 -60.920211 -48.340222 -53.077613 -66.427822 -52.731990 -54.709922 -47.425714 -52.558795 -70.697675 -74.433975 -69.229696 -70.228295 -57.003566 -53.331345 -59.791569 -52.378079 -63.359240 -52.378885 -66.341992 -53.113838 -62.828608 -63.222503 -62.372611 -62.931991 
-57.494542 -52.641733 -41.984456 -53.230047 -53.124637 -56.380458 -51.661610 -53.077613 -66.427822 -52.731990 -54.367629 -48.202494 -52.558795 -71.718285 -73.199439 -62.608054 -70.228295 -57.003566 -53.839543 -52.459454 -53.648782 -67.081733 -72.059584 -66.341992 -59.917628 -59.168113 -59.358279 -61.293743 -47.804769 -49.933473 -70.207351 -56.395688 -59.659469 -52.235044 
-57.494542 -51.711097 -41.984456 -53.230047 -53.124637 -68.201064 -71.411980 -53.077613 -66.427822 -52.731990 -54.485048 -60.025317 -52.558795 -70.057727 -74.059358 -52.297073 -70.532739 -57.003566 -53.839543 -48.330256 -67.393079 -52.377276 -54.452077 -66.341992 -48.885971 -45.614273 -49.029607 -50.357336 -68.855216 -59.232165 
-57.494542 -66.274083 -50.583297 -53.192227 -53.124637 -45.490594 -67.740000 -53.077613 -66.427822 -52.731990 -54.749268 -60.435607 -52.558795 -70.517475 -73.352720 -70.633566 -54.090114 -57.003566 -54.088358 -50.101573 -75.412336 -63.515691 -68.142502 -54.251691 -50.876582 -59.255812 -56.122130 -63.164621 
-57.494542 -65.110448 -51.731465 -53.192227 -53.124637 -47.267651 -62.109501 -53.077613 -66.616780 -52.731990 -55.317473 -60.720139 -52.558795 -70.204777 -73.352720 -70.921388 -55.821288 -57.003566 -51.697114 -48.876692 -63.093356 -57.457105 -50.879259 -60.656494 
-57.494542 -65.873478 -54.702656 -53.192227 -53.124637 -46.710846 -47.580609 -53.077613 -67.209766 -52.731990 -54.317580 -61.093920 -52.558795 -70.652766 -73.143472 -70.921388 -66.716777 -57.003566 -51.175636 -49.877162 -55.041310 -58.655629 -58.070413 -51.057450 -55.711273 -55.562078 -59.745351 
-57.494542 -66.908216 -51.271759 -53.233310 -53.124637 -46.391778 -58.180065 -53.077613 -67.209766 -52.731990 -53.799712 -69.457729 -52.558795 -71.416079 -74.360104 -70.188245 -75.970744 -57.003566 -51.981136 -48.007835 -58.876735 
-57.494542 -66.079594 -54.564305 -53.233310 -53.124637 -66.531257 -58.180065 -53.228508 -46.790323 -52.731990 -53.928055 -50.179032 -52.558795 -72.208706 -73.289184 -70.018921 -47.614620 -57.003566 -48.897862 -67.119802 -69.370232 -51.192518 -57.507692 -48.244640 -51.776810 -58.904620 
-57.494542 -64.669714 -51.496458 -53.233310 -53.124637 -56.601739 -59.651370 -53.228508 -45.858808 -52.731990 -74.017614 -54.076663 -52.558795 -72.208706 -46.994145 -70.442409 -60.903081 -57.003566 -50.169911 -67.119802 -50.346714 -51.102270 -50.980869 -54.649586 -47.898056 -57.677426 
-57.494542 -67.083517 -47.524970 -53.233310 -53.124637 -53.430930 -59.836312 -53.228508 -43.497837 -52.706146 -73.819550 -54.890322 -52.699718 -71.084217 -52.534686 -70.442409 -52.458409 -57.003566 -47.737720 -67.119356 -68.005450 -47.217177 -53.663616 -63.478614 -65.402241 -47.244418 
-57.494542 -64.807844 -53.134990 -59.223230 -53.124637 -51.093175 -50.981515 -53.228508 -46.753071 -52.706146 -73.819550 -53.514163 -52.838159 -70.480283 -52.436093 -71.164188 -51.515188 -57.003566 -51.738572 -67.043125 -72.552527 -47.859461 -75.874319 -61.422833 -59.789090 -71.254607 -53.007890 -75.793800 -57.778511 
-57.494542 -64.740947 -53.134990 -57.635553 -53.124637 -48.722971 -59.607928 -53.228508 -45.395331 -52.706146 -73.262546 -56.316661 -52.838159 -70.143690 -51.720311 -53.216462 -50.465488 -57.003566 -47.358265 -66.269227 -70.742097 -48.303803 -70.579279 -46.144680 -54.721424 -50.879698 -55.851560 -70.599913 -68.108582 -52.476145 -56.429320 -69.005237 -52.566128 
-57.494542 -64.554569 -53.134990 -57.635553 -53.016715 -49.089543 -60.173981 -53.228508 -46.858751 -52.706146 -73.262546 -56.021556 -52.838159 -70.607522 -66.493635 -59.826595 -47.659823 -57.003566 -53.117654 -66.269227 -70.742097 -50.533171 -57.311779 -56.410993 -48.853505 -53.392127 -46.906550 -69.517291 -69.368147 
-57.494542 -65.680850 -53.134990 -59.820279 -53.016715 -49.755364 -61.953625 -53.532193 -68.408842 -52.706146 -73.370144 -56.061442 -52.838159 -70.097338 -56.976878 -55.656802 -70.261701 -57.003566 -55.683222 -66.186288 -70.740049 -51.653298 -46.238192 -58.534706 -57.447146 -62.943256 -49.015534 -67.704468 -49.003067 -50.896228 -58.805939 -58.388261 -61.045677 -61.861778 -67.779105 
-57.494542 -64.030791 -53.134990 -50.414826 -53.016715 -42.996071 -61.953625 -53.532193 -48.517847 -52.706146 -73.370144 -67.416125 -52.838159 -49.834684 -70.376217 -67.927395 -53.929410 -57.003566 -46.901769 -65.577330 -70.740049 -51.460720 -60.576268 -54.068339 -48.873443 -40.662949 -52.373205 -62.581638 -55.282622 -40.329885 -67.903462 -56.773756 -56.241414 -49.699538 
-57.494542 -64.325795 -51.052443 -60.890242 -53.016715 -61.601703 -46.741830 -53.532193 -39.072823 -52.706146 -72.171063 -58.430516 -52.554397 -52.416163 -71.330616 -60.522091 -53.171533 -57.003566 -51.296016 -65.577330 -71.596829 -51.595345 -39.540340 -53.196121 -47.013199 -39.370513 -66.937652 -53.006434 -46.925357 -49.010912 -56.459165 -46.008377 
-57.494542 -64.126339 -54.662925 -60.890242 -53.016715 -59.461997 -54.533280 -53.532193 -73.493831 -52.706146 -48.920734 -42.136506 -52.554397 -55.958581 -69.517342 -37.537998 -53.018030 -57.003566 -50.364915 -65.577330 -71.640777 -61.403403 -51.653358 -53.006434 -53.073854 -57.238049 -48.480959 -56.403627 
-57.494542 -63.266578 -54.960723 -61.573066 -53.016715 -53.006434 -52.269684 -53.532193 -73.493831 -52.706146 -51.353972 -68.177629 -52.979534 -65.475027 -53.378950 -69.127500 -70.934334 -57.003566 -49.809437 -65.577330 -71.566518 -42.663162 -47.183745 
-57.494542 -62.635375 -38.576049 -60.162009 -53.016715 -53.393449 -52.741312 -53.532193 -72.867379 -52.706146 -52.433778 -50.407951 -52.720752 -37.657597 -53.378950 -70.274314 -40.156003 -57.003566 -54.116458 -65.692757 -71.793931 -46.232825 -50.542228 -67.593316 -68.818411 -48.155006 
-57.494542 -63.202285 -52.017495 -61.203667 -53.016715 -53.393449 -50.131700 -53.532193 -40.097008 -52.706146 -50.933919 -59.177193 -65.384041 -67.562072 -53.378950 -50.698837 -39.351615 -57.003566 -55.661307 -65.660406 -71.793931 -67.253545 -70.645316 -56.707310 -65.768185 -51.679237 -49.232912 -52.901059 -71.935606 -75.595545 -43.983956 -52.012401 -59.384070 -38.914998 -67.168524 -49.849780 -51.871530 -73.124541 -48.496331 
-57.494542 -64.676139 -58.191316 -58.915654 -53.016715 -53.393449 -49.240743 -53.532193 -61.679301 -52.706146 -51.558659 -71.385940 -66.493930 -73.053229 -53.833748 -64.489775 -39.360442 -57.003566 -54.557158 -65.660406 -71.793931 -68.634719 -62.105482 -53.591747 -47.976662 -58.911442 -63.739659 -52.901059 -71.935606 -41.011355 -37.957938 -41.260199 -60.241677 -68.403400 -53.018769 -48.108485 -58.963202 -67.699781 -66.331956 -47.728169 -45.770310 -75.680879 -66.272062 -41.113667 -46.662357 -46.259149 -60.185042 
-57.494542 -64.025878 -58.210197 -67.204883 -53.016715 -53.393449 -72.609425 -53.532193 -68.192455 -52.706146 -49.578070 -70.102187 -67.685991 -63.000675 -54.278856 -52.575341 -38.976530 -57.003566 -54.557158 -66.265160 -71.977571 -35.063881 -68.738983 -55.385871 -50.791411 -71.119897 -68.168844 -52.901059 -60.646193 
-57.494542 -64.705426 -55.700122 -52.901059 -53.016715 -53.393449 -72.032632 -53.532193 -51.478541 -52.706146 -72.344021 -39.458500 -61.894251 -68.970331 -54.278856 -52.570037 -53.358641 -57.003566 -53.903687 -66.265160 -71.977571 -38.711854 -58.224487 -52.732417 -57.463334 -52.974786 -71.729820 -47.045423 -62.864632 -70.873717 -48.329366 -70.792655 -49.960288 
-57.494542 -62.362804 -38.016569 -52.889305 -53.016715 -53.393449 -72.201403 -53.532193 -46.781573 -52.706146 -53.461590 -53.869327 -60.539169 -46.601958 -54.579796 -52.710932 -71.982700 -57.003566 -48.789364 -65.759393 -71.581311 -35.136374 -59.702998 -59.766584 -48.607116 -57.174034 -59.696740 -47.482004 -55.414927 
-57.494542 -65.457945 -37.138123 -52.703628 -53.016715 -53.393449 -72.201403 -53.532193 -44.067890 -52.706146 -54.449925 -54.908887 -60.495279 -70.908434 -54.579796 -50.553023 -68.608582 -57.003566 -55.622128 -66.198197 -71.581311 -35.734687 -49.903841 -61.826019 -61.222363 -49.630972 -56.198709 -60.533944 -48.211090 -51.881030 -70.237599 
-57.494542 -64.026895 -37.621340 -52.968801 -53.016715 -53.393449 -72.934708 -53.532193 -70.297410 -52.706146 -51.845678 -53.563396 -60.673574 -60.257366 -53.805554 -52.578104 -55.213403 -57.003566 -70.886746 -65.558606 -71.581311 -35.492996 -61.191736 -41.269414 -68.264735 -52.735047 -35.872870 -66.815432 -67.325990 -68.609372 -61.007958 -62.879776 
-57.494542 -65.101460 -37.750561 -52.968801 -53.051017 -53.393449 -71.721003 -53.532193 -52.106722 -52.706146 -52.829831 -54.978614 -61.209829 -56.845096 -53.805554 -51.856501 -63.611108 -57.003566 -65.702325 -65.065653 -71.210493 -58.891684 -53.053949 -70.548173 -50.036578 -57.054743 -35.768228 -68.647504 -51.913298 -58.787384 -64.743406 -47.804335 
-57.494542 -57.885467 -62.358126 -52.968801 -63.072153 -55.057686 -72.005574 -53.532193 -38.858344 -52.706146 -40.843822 -54.475499 -60.618657 -59.251249 -53.805554 -52.682717 -48.726207 -57.003566 -70.473637 -65.065653 -71.274189 -63.295185 -53.053949 -53.898678 -71.461334 -71.039283 -37.511203 -55.305900 -56.364343 -53.253468 -47.748411 -75.487745 
-57.494542 -53.253468 -48.500154 -52.968801 -62.845462 -52.963935 -72.005574 -47.438245 -74.732048 -52.706146 -42.599993 -53.965864 -61.449217 -74.067833 -53.805554 -52.682717 -58.906348 -57.003566 -71.051875 -65.197175 -71.451624 -60.822164 -53.053949 -52.053355 -55.511542 -67.698012 -56.364343 -46.015226 -61.147874 -50.702227 -71.854575 -57.371471 -61.358851 -67.647311 -61.709201 -48.177745 
-57.494542 -53.253468 -50.497368 -52.968801 -64.460362 -52.985905 -72.005574 -42.094701 -70.576488 -53.074016 -41.959183 -53.677245 -61.924442 -67.961393 -56.364343 -67.604883 -52.223013 -60.036416 -51.228111 -64.945602 -71.329555 -54.019715 -53.053949 -53.637863 -66.385702 -66.513027 -67.558305 -61.626764 -60.218873 -52.918938 -52.378476 -46.917834 
-57.494542 -53.253468 -50.447108 -52.968801 -66.042135 -53.315208 -71.433428 -66.067522 -70.573332 -53.074016 -69.361293 -53.538258 -61.627465 -60.956653 -56.364343 -52.932319 -52.771384 -60.036416 -59.112442 -64.945602 -70.995798 -50.984065 -53.022727 -51.592195 -50.309673 -67.701148 -68.062874 -68.420986 -48.274589 -51.569366 -54.638430 -67.847841 -50.722167 -56.060283 -46.748528 -68.490778 -65.554759 -57.901721 -49.796123 -61.497651 
-57.494542 -53.253468 -70.065470 -52.968801 -65.739511 -52.998822 -72.882042 -64.835924 -52.845492 -53.074016 -63.391520 -53.514336 -61.627465 -54.226083 -55.819343 -67.009542 -51.436630 -60.036416 -50.806569 -64.065995 -70.987384 -50.453286 -53.022727 -48.298292 -55.189380 -51.151868 -68.160483 
-57.494542 -53.253468 -70.180531 -52.968801 -66.221304 -52.998822 -73.696968 -47.365714 -51.089045 -53.074016 -64.829101 -54.075359 -61.350371 -53.423910 -55.782188 -66.815234 -51.309414 -60.036416 -54.389760 -64.798555 -71.647024 -50.147220 -53.022727 -46.954716 -60.422544 -67.628554 -66.874638 -54.541853 -62.974693 -56.340534 -62.779537 -58.740568 -59.388239 -51.150125 -47.648820 -67.575543 -64.405384 -68.200392 -52.400448 -68.338633 -63.631037 -60.498234 -71.385447 -52.253679 -68.113552 -57.487964 -48.551817 
-57.494542 -53.253468 -70.276580 -52.968801 -65.344944 -53.382435 -63.611904 -71.385447 -51.657146 -53.074016 -55.206799 -47.480772 -61.813106 -69.796781 -55.782188 -49.356621 -50.593188 -60.036416 -49.531919 -64.147839 -71.446602 -66.130792 -53.022727 -69.464484 -65.120595 -42.267663 -66.934066 -54.767187 -37.124778 -70.551663 -48.305757 -35.642547 -51.097048 -53.871370 -54.827056 -66.491078 -48.961480 -41.580573 -36.077352 -46.285260 
-57.557168 -53.253468 -70.954709 -52.965647 -65.344944 -53.025806 -52.497325 -71.615989 -44.797555 -53.074016 -53.954267 -65.773528 -60.988220 -66.289263 -55.782188 -59.777298 -51.166358 -60.036416 -71.669456 -64.147839 -52.707250 -65.509850 -53.024759 -37.316556 -62.203792 -47.346872 -66.692241 -54.796517 -69.229085 -66.308275 -66.677093 -35.642547 -53.097436 -53.136209 -49.556110 -65.800246 -37.163097 -52.762881 -67.009788 -57.616767 -65.963747 -46.575976 -58.045501 
-57.557168 -53.253468 -70.954709 -52.965647 -65.663080 -53.025806 -49.795339 -71.615989 -59.314930 -52.867017 -51.775215 -63.517843 -60.988220 -66.448378 -56.818650 -39.162251 -60.123463 -60.036416 -71.669456 -62.948456 -35.626245 -47.371973 -53.024759 -39.840265 -54.137084 -45.778493 -51.729169 -54.796517 -44.645199 -67.692643 -64.445815 -36.957974 -63.416945 -66.013428 -50.629210 -66.565566 -37.353894 -56.655711 -67.365390 -66.117674 -43.607094 -66.308482 -46.589821 -51.509773 -63.719126 -53.591388 -42.052042 -48.807039 -46.934801 -68.884854 -53.281915 -59.376010 -48.632629 -62.697715 -60.906816 
-57.557168 -53.027649 -49.821741 -52.965647 -66.025803 -53.025806 -49.810702 -72.919136 -62.963511 -52.867017 -50.697631 -70.328285 -60.988220 -63.032229 -56.818650 -39.162251 -57.396591 -60.036416 -71.669456 -53.591388 -35.626245 -59.419940 -53.024759 -50.188669 -69.321946 -52.550269 -53.281915 -54.796517 -65.873786 -39.277209 -50.417683 -66.207212 -67.727885 -63.762709 -58.062876 -52.036065 -63.593768 -68.595568 -71.128787 -36.771937 
-57.557168 -53.027649 -47.412530 -52.965647 -65.454199 -53.025806 -62.989546 -72.919136 -69.342907 -52.867017 -51.808100 -56.557921 -60.988220 -67.004811 -73.556961 -39.162251 -71.528345 -60.036416 -72.012441 -66.539075 -61.977897 -69.045796 -53.024759 -67.773785 -67.190812 -45.792104 -53.281915 -57.350242 -64.065420 -52.768458 -51.714140 -59.474096 -41.169734 -66.857797 -68.429455 -36.594227 -66.737244 -49.075030 -56.497378 -46.111619 -48.859309 -69.960523 -60.600483 -67.129073 -52.475932 
-57.557168 -53.027649 -46.820467 -52.965647 -64.830489 -53.025806 -63.702098 -72.919136 -53.186834 -52.867017 -53.825387 -75.353485 -62.628267 -62.452058 -60.187541 -38.873904 -69.634092 -60.036416 -71.969853 -57.181729 -49.283203 -51.238632 -53.024759 -67.412530 -50.726430 -68.457698 -38.016499 -65.473375 -61.733839 -72.583864 -51.714140 -71.298301 -50.147230 -48.932341 -59.306959 -65.467794 -50.743706 -40.295686 -58.787888 -49.095274 
-57.557168 -53.027649 -52.252120 -52.965647 -64.830489 -53.152288 -63.702098 -73.220459 -53.186834 -52.867017 -53.223542 -74.419866 -62.628267 -55.132170 -53.811545 -38.873904 -69.001337 -60.036416 -71.969853 -57.181729 -72.935784 -65.972576 -53.024759 -56.804367 -52.270703 -49.225536 -38.764207 -67.854770 -52.583488 -71.141851 -51.096797 -69.883172 -72.969377 -68.455515 -48.014292 -68.693358 
-57.557168 -53.027649 -64.738870 -52.965647 -64.830489 -53.480863 -63.702098 -73.220459 -53.597454 -52.867017 -53.792032 -67.543335 -62.628267 -51.833432 -66.840067 -37.802702 -38.540702 -60.036416 -71.969853 -57.181729 -54.279281 -65.737746 -53.024759 -41.714874 -66.204355 -68.839565 -67.717837 -51.155535 -35.958977 -47.169919 -55.250943 -45.092433 -55.467107 -35.908534 -37.066899 -51.337134 -69.333232 
