1.255383 0.797154 1.254855 1.224252 1.028143 1.100231 0.908419 1.224245 0.933408 1.041978 0.960541 0.890922 0.836589 1.147728 1.212751 0.859388 0.969904 1.143837 1.252703 0.964719 1.068707 1.043998 0.899687 0.934034 0.899761 0.865099 0.832640 0.969094 1.022146 1.048973 
1.236100 0.794841 1.236344 1.067504 1.020702 1.100682 0.907315 1.234412 1.251145 1.040038 0.982767 0.891845 0.843121 0.836143 1.110961 0.887224 0.969630 1.134212 1.258109 0.902125 1.088350 1.028280 0.973574 1.052642 0.948065 1.236949 0.851944 1.038485 0.876284 1.184554 1.004359 0.819142 0.969496 0.844308 1.256611 0.909963 1.112412 0.843363 0.955690 1.075117 
1.241432 0.794841 1.250514 0.901674 1.214866 1.100284 0.879680 1.250345 1.253944 1.074904 1.128676 0.908373 0.832284 1.129521 0.932812 0.894848 0.975286 1.134212 1.251973 0.843578 1.080647 0.977520 0.964932 1.046722 1.078059 1.033152 0.988426 0.936839 0.887092 1.216746 0.889168 0.824292 1.060385 0.847643 1.101623 0.971057 1.113559 0.910036 0.971254 1.100736 1.099713 1.060166 0.935438 0.945344 
1.213820 0.794841 1.250514 0.948868 1.018455 1.099907 1.008689 1.250601 1.181230 1.063893 1.012961 0.942868 0.942161 1.249312 0.870282 0.862134 1.151856 1.150057 1.251973 0.798539 0.953327 1.020291 0.922058 1.123779 1.113850 1.167385 0.968682 1.155137 0.821169 1.213465 0.884708 0.826005 0.948926 1.046168 
1.128461 0.812430 1.249013 1.105343 0.884992 1.222114 0.974388 1.242372 1.193850 1.039345 0.917925 0.905725 0.943203 0.813976 1.182888 0.899658 1.197484 1.163849 1.258748 1.017664 0.896694 1.031127 0.939897 0.821642 0.930479 0.871753 1.116155 1.055658 1.198992 1.218422 1.203638 1.016773 1.191483 0.905588 1.206414 0.984569 0.943074 1.118629 1.188346 
1.171881 0.795386 1.251658 1.084289 0.882884 1.239237 0.952326 1.217985 1.175246 1.039345 1.135705 0.901587 1.242022 0.808877 0.972728 0.858114 1.193565 1.107314 1.228292 1.078379 0.855445 0.975415 0.936485 1.048379 0.867788 1.086037 0.895244 1.008039 1.067178 0.887441 
0.934988 0.795386 1.192943 1.085058 0.881411 1.228129 0.977178 1.223699 1.173067 1.049984 0.904957 0.866887 1.044763 0.856448 0.976325 0.822607 1.224673 1.117132 1.240834 1.081889 0.900209 0.957883 1.112792 1.134030 1.000084 0.871688 1.197941 0.923476 
0.917901 0.796454 1.039477 1.091936 0.929751 1.246028 0.854754 1.252813 1.256562 1.048616 0.984961 0.906858 0.810713 1.183614 1.258452 0.878537 1.196908 1.103802 1.255504 1.086343 0.969577 1.022155 0.833545 1.000015 0.874922 1.233411 0.997534 1.202938 0.996036 1.073376 0.956775 1.008603 0.890845 
0.954142 0.796013 0.899185 1.081653 0.931196 1.252546 0.800450 1.253309 1.239617 1.047935 1.007186 0.878454 0.798248 0.964158 1.115239 0.836702 1.245581 1.144142 1.231486 0.945822 0.970105 0.981304 0.803262 0.895482 1.168411 1.186142 0.962863 1.164496 1.068667 0.899510 0.931438 
0.928738 0.796013 0.986440 0.807035 0.905002 1.256859 1.248057 1.238978 1.208955 1.066076 1.231594 0.908806 0.981170 1.023849 1.057424 0.832786 1.186690 1.155950 1.256024 1.030306 0.980225 1.015221 0.910607 0.899937 1.067899 1.104478 0.944940 1.113644 1.096475 0.960360 0.872497 0.987282 1.023092 0.853250 0.906565 1.027526 1.200104 0.910752 1.052462 0.979629 0.808382 0.987351 
0.954478 0.796013 1.001446 1.208346 0.995050 1.249193 1.200361 1.239300 1.174872 1.056711 0.800198 0.840764 1.048622 1.037973 1.085713 0.853716 1.212623 1.113722 1.226603 1.148943 0.950833 0.970680 1.093265 0.938613 1.071947 0.794617 0.990344 1.112368 0.820274 0.943698 0.925023 1.119353 1.027391 0.842631 1.139613 0.912746 0.867717 0.928269 0.929340 0.839952 0.957233 1.021445 1.255394 
0.931236 0.795092 0.929141 0.822405 0.845578 1.234820 1.055570 1.188099 1.193318 1.044031 1.100215 0.826468 1.229708 0.927577 1.048104 0.843413 1.180428 1.109256 1.029995 1.002785 0.950137 0.999535 1.049213 1.004924 0.973766 1.159612 0.909755 1.127206 0.850742 0.932333 1.091502 0.998878 1.114382 1.030948 1.033218 1.175069 0.935533 1.155003 1.022624 1.247336 
0.917390 0.795092 0.870818 0.970770 0.927818 1.241925 0.922524 1.237014 1.213594 1.049843 0.884571 0.854362 1.228585 1.018305 1.227285 0.840863 1.249171 1.119946 0.985603 0.885190 0.947951 0.961314 1.056594 0.993593 0.989073 1.236453 1.133056 1.101924 0.914494 0.879278 1.066388 1.133826 1.055710 1.101139 0.859806 1.047338 0.906750 1.142438 1.222638 1.064335 1.089192 1.258680 1.001406 0.998185 1.097532 0.883791 0.940119 0.856459 0.913838 
0.915958 0.795092 1.164482 1.049612 0.797906 1.248353 0.992558 1.206941 1.237375 1.013129 1.002991 0.828369 0.947754 1.118055 1.234660 0.813300 1.206720 1.121034 0.860688 1.037765 0.826956 0.987563 1.057598 0.948107 0.868169 0.909068 0.890288 0.818286 0.922554 1.136196 1.197170 0.964279 
0.905125 0.799244 1.147215 1.036101 0.985171 1.218993 1.221647 1.236792 1.249581 1.060688 1.012716 0.864033 1.070916 1.055149 1.226317 0.827710 0.993073 1.119725 1.099635 1.074193 0.919311 0.936552 1.247780 0.993049 0.941774 0.887189 1.249953 1.058733 1.208599 1.135573 1.202418 1.138821 
0.919703 0.799244 1.201459 1.244732 0.869836 1.224889 1.004304 1.236792 1.215642 1.069487 1.073316 0.821173 0.955132 1.049828 1.255672 0.917425 1.167032 1.132826 1.107743 0.984702 0.948912 0.995608 0.946965 1.034887 0.985311 0.892135 0.800602 0.890150 1.129160 
0.930612 0.799244 0.911049 1.243509 0.904755 1.232540 0.991913 1.232799 1.230393 1.070118 0.965943 0.869155 0.796626 1.115313 1.253869 0.873382 0.833900 1.128554 1.108266 1.159196 1.038072 0.992453 1.254448 0.901447 1.049766 1.129645 0.938992 0.909971 0.828667 1.012401 0.874542 
0.927712 0.799244 0.932449 1.243509 1.015486 1.253683 0.820755 1.227693 1.256966 1.070118 1.012011 0.880324 0.967939 1.090868 1.228286 0.841058 0.906378 1.125419 1.080487 1.212260 0.878092 0.973382 1.194662 1.004150 1.022119 1.257133 0.957356 1.074870 
0.925036 0.797058 0.920942 1.240244 1.098258 1.256495 0.804438 1.214536 1.207490 1.061981 0.812463 0.848113 1.207116 1.210278 1.241438 0.857993 0.911932 1.119977 1.087806 0.827890 1.133975 1.003398 1.097953 1.068863 1.036760 1.002871 0.965504 0.932503 1.039845 0.855551 1.126749 0.976885 0.869046 1.060747 0.867114 
0.922344 0.797058 0.912114 1.214262 1.047684 1.246732 0.825899 1.200580 1.225478 1.053782 0.940876 0.870142 1.029644 0.993528 1.256457 0.800546 0.862510 1.113725 1.067116 0.991879 0.917636 0.978999 1.053801 1.158459 0.817824 1.034980 0.955806 1.193760 1.086072 1.033778 1.171809 1.020429 1.031914 
0.913140 0.797058 0.907813 1.255844 0.876384 1.255841 0.815023 1.240891 1.251709 1.059281 0.965944 0.853403 1.001716 1.094652 1.210725 0.885943 0.850055 1.144096 1.066452 0.970295 1.057201 1.020668 0.985868 1.200290 0.869021 1.253465 1.083835 0.816009 
0.911854 0.796728 0.927863 1.229363 0.920478 1.253149 0.828432 1.257748 1.130896 1.059281 0.806796 0.875365 0.958315 1.164929 1.216542 0.822660 1.215733 1.088596 1.109179 0.960473 1.105184 0.958317 1.048427 0.904283 0.966759 1.183783 1.146302 0.867231 1.061446 0.971043 
0.929401 0.796728 1.002004 1.247736 0.934734 1.249684 1.252637 1.257057 1.247968 1.069851 1.060711 0.881218 1.207869 1.145208 0.839817 0.867093 1.221180 1.144123 1.062710 0.920232 1.120125 1.019881 0.968024 1.242153 0.976423 0.940598 0.988559 1.009491 1.201493 1.132949 
0.929170 0.796728 0.994597 1.248469 0.862646 1.254401 1.043165 1.195763 1.152488 1.060574 1.079573 0.862309 1.179968 1.035946 0.802254 0.800193 1.120779 1.177761 0.916434 1.212766 0.832864 0.978937 0.892015 1.048292 0.949715 1.031912 1.137424 1.171672 0.895840 1.173850 0.931985 1.075117 1.061129 0.834201 0.929856 
0.930613 0.799705 0.962914 1.253253 0.925593 1.254415 1.216295 1.227049 1.239387 1.057262 1.070256 0.843139 1.187638 0.969286 1.108280 0.822119 1.084335 1.104291 1.011580 1.146080 1.086650 0.991419 0.940766 0.957801 1.050938 0.850377 1.109964 
0.918173 0.800214 0.954425 1.249145 0.913996 1.254401 1.203289 1.252515 1.167657 1.075261 1.000235 0.821457 1.064649 1.103531 0.876739 0.821291 1.009315 1.158909 1.096267 1.221507 1.116641 0.963018 0.896925 1.068380 1.074476 1.061683 1.122297 1.209563 1.204906 1.075900 1.165375 
0.916414 0.807038 1.171522 1.249145 0.875947 1.186071 1.225184 1.205567 1.212983 1.034441 1.038609 0.856428 1.249368 0.958485 1.088106 0.831614 1.018352 1.112430 0.945199 1.239126 0.884134 0.993485 1.192528 0.994525 1.040506 0.798213 0.893420 0.988098 0.938946 0.890251 0.880037 
0.913116 0.801219 1.039281 1.245944 1.173031 1.244880 0.838835 1.237369 1.220011 1.061897 1.060856 0.824664 1.143607 0.911655 0.981660 0.994141 1.246824 1.148485 0.937070 0.956336 0.953769 1.006025 0.864543 1.145252 1.123538 1.184286 1.023117 1.256366 0.932512 
0.909827 0.801219 1.125362 1.257101 1.079432 1.257805 0.939292 1.227237 1.238718 1.078127 1.106184 0.837125 0.883883 0.948443 1.094351 1.214909 0.964666 1.126713 1.033071 1.202879 0.979539 1.012263 
0.926545 0.796756 0.902954 1.253959 0.970009 1.235997 0.988101 1.239928 1.240595 1.061985 1.098222 0.852132 0.938942 0.849801 0.961780 1.043470 1.029787 1.176242 1.103768 1.162907 1.020615 0.918315 1.185194 1.168134 
0.929247 1.227254 0.996256 1.258605 0.982241 1.242870 1.085667 1.239254 1.207815 1.053523 0.933418 0.848538 0.863254 0.949456 1.091958 1.254842 1.017991 1.118617 1.127698 1.225996 1.048189 1.098205 0.967416 0.900594 1.119016 0.887974 0.820185 0.810130 0.844606 0.914238 1.257139 
0.916203 0.815647 1.026936 1.235940 0.979561 1.231808 1.074746 1.218951 1.208045 1.053523 0.993248 0.915040 0.838288 0.933771 1.084136 1.192588 0.969644 1.129915 0.893090 1.163146 0.843282 1.092177 1.192685 0.795645 1.048016 0.917646 0.955254 1.206432 0.964727 1.088067 
0.938941 0.882146 0.950199 1.248757 0.975599 1.221256 1.087040 1.237145 1.196610 1.044802 0.872501 0.866026 0.842266 0.928148 1.060693 1.230328 0.800742 1.116647 0.999756 1.222984 1.067918 1.089370 1.235122 0.795645 1.214691 1.052935 1.233012 0.883555 1.239748 1.067521 
0.951359 1.171337 1.089439 1.243615 1.002377 1.243692 1.076541 1.235671 1.209988 1.087136 0.857116 0.920682 0.878540 1.243944 1.091884 1.199130 0.852472 1.173690 1.085577 1.256524 1.158636 0.965439 1.054234 0.795645 0.991852 0.917294 0.945826 0.954075 0.957684 0.877542 1.235564 
0.940848 1.221480 1.016389 1.243433 1.013064 1.233253 0.917523 1.220889 1.204503 1.062121 1.201568 0.897280 0.932610 1.115136 0.952757 1.242493 0.858683 1.189476 0.973197 1.059464 0.986600 0.943993 0.943337 0.796904 
0.937434 0.924101 1.017998 1.258220 0.983613 1.229853 0.881453 1.228783 1.214263 1.080990 0.796868 0.919180 0.808872 1.095153 0.963087 1.172872 0.839908 1.096433 0.845255 1.103719 1.176970 1.085350 1.070925 1.034637 1.130417 1.130562 1.218285 
0.920863 0.894538 0.801475 1.258220 0.983035 1.224581 0.893462 1.225900 1.196332 1.038315 0.796868 0.895592 0.856636 1.084735 0.978778 1.183496 0.815470 1.142415 1.036892 1.016476 0.902394 1.081983 0.800642 1.177116 1.229707 1.024600 1.068806 
0.897436 0.970286 1.216697 1.244401 0.976279 1.247886 0.989994 1.248935 1.164189 1.055595 0.797777 0.881655 0.816893 1.059993 1.063664 1.242920 0.796423 1.122914 0.890028 0.975082 1.145118 0.807713 0.949997 
0.935985 0.964754 1.210646 1.237098 0.961163 1.256338 0.808078 1.257178 1.167873 1.060122 0.803123 0.865100 0.836075 1.082419 1.087453 1.222669 0.983658 1.169306 0.892964 1.104798 
0.935985 0.886009 0.907266 1.227684 1.004000 1.256338 0.825665 1.221063 1.192607 1.064236 0.800953 0.902768 0.858895 1.092487 1.100382 1.181873 0.941961 1.149120 0.913132 1.246660 1.202628 0.996873 0.930508 0.968860 0.976217 0.925820 1.254377 
0.947603 0.919804 1.003823 1.246722 0.947695 1.240072 0.794719 1.243239 0.860166 1.067938 0.800953 0.954327 0.851873 1.254485 1.106460 1.179485 0.911020 1.138487 0.922222 1.074451 1.198299 0.957327 1.115373 0.968860 0.970490 1.170432 1.209534 0.916496 0.919237 
0.940979 0.866992 1.006763 1.243128 0.951508 1.102433 0.819456 1.248707 0.832724 1.064304 0.797947 0.887869 0.842944 1.222628 0.881036 1.141285 0.888884 1.118969 0.920478 1.115767 1.057643 0.922621 1.251445 0.970915 1.186236 1.087237 1.086315 0.817898 1.070321 1.148658 1.097466 0.976801 0.942655 
0.950577 1.243758 1.026745 1.243998 0.981495 0.890798 1.024895 1.227432 0.850165 1.060894 0.797370 0.997127 0.867548 1.121752 0.845374 1.217704 0.907191 1.161521 0.924939 0.917722 1.106386 1.074132 1.251445 0.988098 1.206119 1.115948 
0.941253 1.089529 1.070461 1.258807 0.971428 0.927907 1.019988 1.238605 0.821120 1.045536 0.795451 0.938483 0.798015 1.244567 0.980626 1.240603 0.889017 1.175557 0.870130 1.184667 1.092751 1.036517 0.980612 1.111013 0.985865 0.856829 0.969071 1.054309 
0.931897 0.825690 1.108643 1.231747 0.989763 0.894870 0.934184 1.248138 0.814096 1.064856 0.795451 0.883332 0.807289 1.243642 0.977895 1.175291 0.880095 1.186946 0.916502 1.222976 0.993074 0.929289 1.217266 1.090619 1.217071 1.105400 1.192647 1.066375 1.060206 1.088239 
0.956219 0.917019 0.978349 1.256377 1.018296 1.044861 1.026495 1.248262 0.804372 1.085209 0.800657 0.964874 0.832222 1.258386 1.011141 1.217734 0.901185 1.133507 0.917261 1.217030 0.914682 1.055909 1.086900 1.091207 1.013055 0.945466 1.165717 1.241969 1.141112 1.163627 
0.958989 1.255258 0.989069 1.248160 0.960488 1.069884 0.937196 1.238456 1.067499 1.050682 0.800657 0.970076 0.884356 1.252902 1.001437 1.196079 0.892486 1.119826 1.144396 0.801778 0.799533 1.081400 0.926395 1.126113 1.039738 1.123170 0.828343 0.995471 0.923296 0.814677 0.882622 1.107571 0.969119 1.084901 
0.884065 1.204425 0.906977 1.182139 0.982121 0.820847 1.209726 1.195692 1.248428 1.032609 0.799960 0.891230 0.871832 0.821186 0.925178 1.052291 0.886631 1.103461 1.050758 1.191930 0.986360 1.017705 0.866919 0.909651 0.800752 0.888664 0.828249 0.920187 0.905485 
0.929516 1.147978 0.841949 1.197665 0.933938 0.805125 1.178924 1.227148 1.222872 1.033084 0.795728 0.917479 0.835058 0.850049 1.006998 1.040890 1.033334 1.095622 1.049892 0.976626 0.961879 0.883176 1.114334 0.887131 0.892388 0.890179 0.972162 1.164027 0.823513 0.873601 
0.895749 1.117073 0.872259 1.207849 0.951447 0.794887 1.158117 1.187151 1.203154 1.030973 0.795728 1.086098 0.844167 0.825611 1.228121 1.041921 0.865624 1.109624 1.052837 0.891665 1.021653 0.888908 0.973559 1.252552 1.076068 1.078853 1.058841 
0.914919 1.051795 0.869512 1.249858 0.973347 0.822814 1.219413 1.195099 1.236118 1.027861 0.803899 1.149594 0.823293 1.074999 1.218841 1.085756 0.849048 1.150155 1.087832 0.934394 0.984045 0.924916 1.234060 1.183227 0.936242 1.141799 1.124159 0.987937 
0.916259 1.073781 1.130242 1.249462 0.968180 0.802954 1.222129 1.207963 1.247299 1.014276 0.808119 1.182684 0.810852 1.095237 0.950815 1.234206 0.863383 1.101732 0.926556 0.936169 0.980543 0.945030 1.082094 0.949725 0.939780 1.062411 0.875402 0.865292 0.857099 1.000710 1.067503 
0.942186 1.089242 0.946612 1.244816 0.969256 0.802954 1.117555 1.220126 1.230955 1.055856 0.797393 0.888060 0.806000 1.111269 0.842958 0.854709 0.866300 1.116849 0.897246 0.875659 1.159469 0.917095 0.956984 0.887733 1.172118 1.071671 1.019449 0.820961 1.036468 0.954087 
0.923710 0.831270 0.961121 1.223542 0.977700 1.197248 0.919316 1.226356 1.243450 1.059580 0.795609 1.096513 0.868985 1.083418 1.064835 0.897314 0.855167 1.151882 0.920602 1.175251 1.033698 0.917660 0.848557 
0.941631 0.885068 0.962178 1.218790 0.966704 1.186413 0.920538 1.204474 1.248068 1.038947 0.795609 1.055027 0.846306 1.067501 1.039287 0.807036 1.004989 1.150761 0.853237 1.167138 1.067523 0.900380 0.914624 0.924373 1.195500 0.971051 1.221928 1.136027 
0.941749 0.853278 0.965858 1.218790 1.003590 1.158679 0.860171 1.246215 1.233407 1.063413 0.798267 1.090478 0.815574 1.184744 1.011017 0.816849 0.886688 1.072241 0.906471 1.221259 1.065406 0.891507 1.077918 1.162465 0.994102 1.235687 
0.925873 0.895694 1.001370 1.228418 0.995385 1.131580 1.073578 1.233527 1.256191 1.070023 0.798267 1.069598 0.878492 1.195712 1.255459 0.807190 0.916775 1.147735 0.912946 0.967809 1.001813 1.207804 1.107571 0.923178 
0.957726 0.918685 0.969565 1.187335 1.018624 0.925426 1.070466 1.234155 1.256191 1.068403 0.798267 0.894041 0.882146 1.116309 1.249154 0.840485 0.949440 1.150381 0.854726 1.076274 1.152964 1.058701 0.987847 1.115464 1.105750 1.224613 0.953807 1.023254 0.940333 
0.925402 0.928706 0.959293 1.189199 0.995544 1.035156 1.067141 1.219833 1.239523 1.063218 0.809710 0.928560 0.882624 1.102332 1.250872 1.117506 0.795475 1.169160 0.901466 0.821889 1.176511 0.870840 1.220971 1.217756 1.029725 0.795443 1.006613 1.243495 1.211126 0.837545 
0.935926 0.896886 0.983251 1.228922 1.003922 1.154394 1.017940 1.250968 1.247100 1.058181 0.827479 1.105545 0.861316 1.101463 1.200783 1.186722 0.915714 1.113212 0.905256 0.967938 1.127896 1.055720 1.169899 0.799498 1.226353 0.850293 1.130326 0.921010 0.846120 
0.947876 0.880927 0.970717 1.223262 0.987229 0.888056 1.053788 1.235611 1.229938 1.080977 0.798124 0.796378 0.856428 1.107187 1.204761 0.905787 0.960557 1.151203 0.882164 1.229808 1.211172 1.211510 0.812807 0.801691 1.251773 1.175816 1.059555 0.877455 1.095986 0.991671 1.114472 1.254260 1.113459 0.847719 
0.927700 0.917157 0.951743 1.175193 1.013350 1.168230 1.060137 1.227719 1.249801 1.064678 0.805855 0.856952 0.844056 1.099440 1.241721 0.960842 0.942174 1.122614 0.872397 1.067291 1.055471 1.207832 0.879756 0.796000 0.991728 1.089996 0.853583 1.071896 1.145834 0.833800 
0.946441 0.808074 0.897927 1.167831 0.949977 1.097946 1.215857 1.246202 1.238981 1.057363 0.815708 0.949314 0.847190 1.103919 1.240195 0.916564 1.175459 1.154987 0.893067 0.959874 1.066532 0.928968 0.961422 1.067418 1.071548 1.137490 1.209427 0.963156 
0.939149 0.796339 0.855327 1.196953 0.995110 1.101095 0.996705 1.236522 1.244824 1.075453 0.865865 0.938006 0.828233 1.090889 1.253757 0.939855 1.245284 1.135396 0.994453 0.997448 0.845813 1.041397 0.961084 0.995762 
0.986297 0.807874 1.187838 1.205684 0.974367 1.088694 1.152731 1.233968 1.248545 1.089494 0.848926 0.996036 0.853470 1.091908 1.229681 0.923303 1.243827 1.108768 0.934007 0.966811 1.190362 1.181126 0.877188 1.167660 1.133477 0.813672 0.874925 
0.958398 0.807874 1.206345 1.211171 1.012284 1.095500 0.914790 1.213654 1.244597 1.079953 0.860477 1.162210 0.869213 1.093064 1.255831 0.941872 1.029478 1.116427 0.894053 0.989209 1.018658 
0.959350 0.821106 1.149834 1.196350 0.980458 1.218654 0.938613 1.241683 1.126479 1.113765 0.850389 1.079061 0.896612 1.059271 1.257118 0.957975 0.961297 1.153392 0.999420 1.238964 1.188910 0.919647 0.936980 1.184413 1.047816 1.014033 
0.942082 0.800057 1.230517 1.236091 1.016817 1.146103 0.831696 1.238053 1.099393 1.093938 1.255929 0.830249 0.907315 1.072680 1.110217 0.941265 1.195721 1.144296 1.025448 1.250808 1.026510 0.890155 1.175457 0.899405 1.002327 1.168776 
0.925138 0.795509 1.100458 1.186009 1.000175 0.870076 0.917970 1.255885 1.082490 1.053429 1.258021 0.815823 0.834102 1.120875 1.230753 0.937496 0.921730 1.144176 1.041957 1.252532 0.970442 1.026606 1.124534 0.822739 1.208324 0.988018 
0.925138 0.795509 1.192745 0.931267 0.991939 1.076238 0.840536 1.226427 1.056117 1.073091 1.258021 0.819958 0.837664 1.151368 1.186960 0.966440 0.901411 1.166869 1.227175 1.243149 0.893696 0.979586 0.981131 1.166019 0.954194 1.092792 0.894605 0.858914 1.021182 
0.928019 0.809170 1.211657 0.894900 0.940609 0.970040 0.962405 1.252884 1.115598 1.066242 1.257589 0.799664 0.909443 1.090240 1.210357 0.930506 0.910539 1.151894 1.193790 1.251627 0.827060 1.021663 0.983100 0.903589 1.213709 0.802618 0.806302 1.221108 1.177808 0.938643 0.878890 0.912538 1.055554 
0.951064 0.796307 1.161310 0.884993 0.968600 0.960941 0.892007 1.215262 1.063511 1.043286 1.246580 0.806548 0.817931 1.072895 1.195073 1.006494 0.890416 1.116678 0.901245 1.250131 0.922253 0.926020 1.169319 1.150840 0.981260 1.212573 0.986628 1.215591 0.836528 
0.987515 0.794438 1.214001 1.013307 0.948139 0.960941 0.934177 1.235400 1.162170 1.101811 1.257876 0.989408 0.837089 1.077891 0.970120 0.826962 1.118568 1.156563 0.881218 1.250131 0.901010 1.193159 1.086697 0.896770 0.883663 1.010074 0.978842 1.228770 1.191015 0.909956 1.206993 1.039228 1.161887 0.879820 1.096193 
0.927174 0.794438 1.157262 1.020861 0.996485 0.885848 0.888729 1.206406 0.984549 1.024420 1.192855 1.246757 0.875251 0.925955 1.022688 1.076400 0.884506 1.103247 1.170745 1.253814 0.938172 1.094989 1.213857 0.817464 0.992613 0.969347 1.167413 1.031448 1.193489 1.074409 1.258803 1.030609 1.251302 1.160007 
0.951853 0.794438 1.201378 0.920850 0.960037 1.116013 0.974335 1.202031 1.054315 1.046808 1.248773 0.892533 0.841288 0.892145 1.048258 1.120925 0.909812 1.141315 1.147616 1.218680 0.923538 1.035850 1.197684 0.806088 0.887700 0.982588 1.207446 1.189222 0.922447 1.003391 1.097657 0.892425 
0.907756 0.806446 0.827940 0.924157 0.981009 1.028523 1.135764 1.240982 1.199353 1.071273 1.018238 0.978411 0.870097 0.916682 1.097427 1.073378 0.862018 1.102664 0.894826 1.245389 0.911628 1.023238 0.981161 1.215976 0.903274 0.819785 0.890935 0.872377 
0.935145 0.807026 0.800842 0.908546 0.944368 1.235241 1.253131 1.241441 1.247681 1.042441 0.891687 1.228629 0.891543 1.198073 0.903476 1.077029 0.892926 1.151971 0.995365 1.258371 0.881629 0.943031 1.084298 
0.927634 0.807026 0.994117 0.885574 0.918213 1.187991 1.209503 1.225358 1.247343 1.064313 0.881210 1.012663 0.838758 1.086971 0.929109 1.051561 0.954200 1.145510 0.825200 1.235761 0.937208 0.978159 1.173382 1.214465 1.144533 0.946583 
0.917255 0.806872 0.884615 0.852184 0.948269 1.166394 1.170492 1.213886 0.838945 1.043157 0.914655 0.874663 0.813279 1.121496 0.864058 1.164881 0.955397 1.121145 0.808807 1.237923 0.927441 1.150471 1.084820 1.031285 1.201471 1.115324 0.992938 0.843920 1.257920 1.154571 1.135701 1.062365 1.222879 1.066071 1.249690 1.030685 0.866726 1.217052 0.984140 
0.934652 0.800018 0.901697 0.853137 0.941944 1.187940 0.985100 1.191737 0.851740 1.013996 0.836556 1.066484 1.085249 1.195100 0.885317 1.139664 0.936165 1.111570 0.799652 1.242603 0.899377 1.193477 1.109178 1.152819 1.185450 0.904151 1.072027 0.861147 1.254013 0.919071 1.099255 1.034643 0.892589 0.914625 1.107225 1.058711 1.083049 1.032030 1.042913 0.986812 0.828438 1.001950 0.907466 1.256859 1.093080 1.063577 0.815147 
0.982455 0.795000 0.912729 1.037695 0.981861 1.177741 1.237198 1.239252 1.000378 1.030093 1.015262 1.007376 1.246341 0.835134 0.887612 0.885477 0.980821 1.197302 0.802580 1.248539 0.915291 1.083858 1.136515 1.066651 1.205909 1.090928 1.005554 0.818507 1.007905 
0.908215 0.795000 1.193925 0.824656 0.996672 1.224980 1.255229 1.196394 0.972818 1.063163 1.234506 0.964732 0.900098 1.122451 0.894773 0.916534 1.084898 1.107717 0.804886 1.219075 0.950553 1.091045 1.151938 1.015943 0.946267 1.239955 1.063189 0.909573 0.800005 0.836890 1.063743 0.999254 1.002544 
0.918479 0.795000 0.960385 0.843668 0.968281 1.208345 1.248868 1.236078 0.957913 1.060045 1.227990 0.836677 0.956253 1.025047 0.903328 0.927842 1.042100 1.171941 0.994708 1.238296 0.911004 1.105652 0.943211 1.214738 1.029808 1.132554 1.001598 1.121845 1.019466 
0.964897 0.795000 0.989135 0.894920 0.977598 1.208345 1.248868 1.245172 1.122382 1.063028 1.194164 0.818626 0.944449 1.096014 0.888354 0.919734 1.238291 1.122861 1.169409 1.242797 0.886158 1.091739 1.165656 0.922465 0.804188 1.017878 1.073714 0.950916 1.120678 1.016204 1.061719 
0.947885 0.796407 0.966428 0.823893 0.940433 1.241482 1.248868 1.241699 1.094229 1.063028 1.169868 0.810153 0.945245 0.931131 0.881968 0.913302 0.903137 1.124877 1.116437 1.253494 0.939284 1.247947 1.017791 1.082384 0.893677 0.998324 1.102521 1.115544 1.243697 0.898559 1.154998 0.933104 
0.919400 0.796407 0.969636 0.808500 0.835695 1.161139 1.248868 1.227030 0.825308 1.028081 1.194612 0.827026 0.917186 1.128498 0.863450 0.909076 1.246490 1.121644 1.189639 1.227103 0.955406 0.892504 0.966146 1.052806 0.972193 1.233237 1.100283 1.212226 1.252063 1.006933 1.144517 0.982038 
0.905127 0.921021 0.808678 0.853652 0.804301 1.187159 1.207165 1.254400 1.161156 1.030600 0.942960 0.815321 0.859528 1.139366 0.914372 0.828877 1.009393 1.193464 1.121999 1.216661 0.938604 1.004001 0.928342 1.171479 1.001523 1.015419 1.048057 0.875119 1.107403 1.156072 0.951050 1.224872 
0.936937 1.220815 0.976199 0.803182 0.804301 1.199236 1.224446 1.052816 1.153150 1.039639 0.952123 0.851783 0.930094 0.960981 0.898862 0.873213 1.181129 1.194336 0.895148 1.234075 0.931062 1.182699 0.991541 1.154433 1.132596 1.039578 1.082823 0.917621 0.858884 1.062864 1.129472 1.042543 1.108345 1.012046 0.840794 1.056444 
0.917576 1.214412 0.959119 0.851150 0.804301 1.128409 1.224446 0.870612 1.046626 1.032371 0.947759 0.892077 0.971587 1.140126 1.057482 1.143029 0.878946 1.173748 1.015712 1.233514 0.898391 0.801302 0.991123 1.200458 1.211752 0.953717 0.850857 0.929780 1.083169 1.002597 1.050694 1.069504 
0.955790 1.214412 1.005985 0.862906 0.798457 1.244815 1.230095 1.129675 1.084241 1.063155 1.058179 0.884602 0.902117 0.986366 1.124905 1.196199 0.908314 1.166631 0.987635 1.243163 0.919673 1.225867 0.978192 1.243533 0.795474 0.795169 1.171241 0.902289 0.986171 1.057881 0.825501 1.251789 0.993039 1.149488 1.054186 0.862571 0.824431 0.858565 0.982121 1.055479 
0.943342 1.247305 1.081549 0.848274 0.798457 1.180181 1.241274 1.036227 1.160512 1.070203 1.067338 0.876570 0.840178 1.157521 1.133548 0.831976 0.894668 1.236790 0.920307 1.254656 0.963126 0.982551 0.959399 1.080928 0.809583 0.999806 1.226485 
0.924094 1.215462 1.075424 0.908018 0.797322 1.235171 1.236134 1.235196 1.219845 1.084597 0.876953 0.889762 0.935979 1.172092 1.113530 0.961239 0.920837 1.220922 0.833572 1.247954 0.909690 1.002408 0.966514 0.930702 0.838177 0.850124 1.245560 0.856639 0.931064 1.209414 1.145665 1.116349 1.103847 0.970314 1.085870 1.077620 0.923758 1.011247 0.827809 1.151648 1.109176 1.106316 1.131609 0.924111 1.111602 0.938428 1.045585 
0.920986 1.238551 1.085017 0.831378 0.797322 1.249751 0.988419 1.246737 1.195098 1.056405 1.126069 1.078860 0.939647 1.068071 1.102441 1.045823 0.941772 1.244566 1.018019 1.247984 0.949847 0.902479 0.985252 0.850111 1.134735 1.070105 1.247906 0.810046 0.971170 1.063006 0.807913 1.110515 1.222893 0.924062 1.243796 1.166147 1.039195 0.922404 1.171903 0.796629 
0.943385 1.247138 1.081956 0.795080 0.795125 1.158559 0.869025 1.240362 1.106624 1.045629 1.211533 0.838711 0.942859 1.127920 1.090999 1.168713 0.909401 1.233236 0.910705 1.236359 1.073191 1.003948 0.965397 0.829716 0.874070 0.960848 1.124085 0.829202 1.042339 1.076791 0.930028 1.102387 0.928109 0.867596 0.967816 1.094501 0.960570 1.160449 1.202308 0.995529 1.084985 1.132936 0.905192 
0.937415 1.247138 1.083565 0.828011 0.795125 1.173457 1.028850 1.240362 0.956282 1.058787 1.187193 1.001209 0.977905 1.034651 1.132652 0.947478 1.010681 1.234115 0.936905 1.015544 1.113678 1.192416 0.960936 1.160535 1.113178 1.038285 0.822713 0.812570 0.876165 0.830058 1.056375 1.073503 0.831694 0.809793 1.075280 1.032186 0.859523 0.955537 1.198982 0.873547 1.142094 1.127216 0.891586 0.917728 1.251831 0.982087 0.912545 1.014498 0.957544 1.190470 0.881683 1.122901 1.004289 0.862010 0.951022 
0.958844 1.241027 1.024050 0.825679 0.798080 1.166929 1.026424 1.240362 0.949527 1.077745 1.253325 1.079196 0.979740 1.241097 1.080618 0.952079 1.072039 1.242817 0.942501 0.989504 1.099209 0.836385 0.972216 0.870279 1.246299 1.148670 0.892273 0.859725 1.086064 0.892105 0.902960 1.208057 1.162348 1.057383 0.894392 0.853865 1.241544 0.797937 0.881990 0.809688 
0.971869 1.240689 1.075090 0.875428 0.799793 1.236613 1.254161 1.249239 1.101987 1.077745 1.195048 1.220306 0.975350 1.188669 1.055427 0.994765 1.119449 1.228272 0.938351 0.830759 0.860791 1.006302 1.019517 1.128010 1.091520 1.099238 0.853854 0.824403 1.196734 0.815040 0.908441 0.887808 0.950056 1.004876 1.116616 1.143916 1.132802 1.002561 1.103828 0.937622 0.870133 1.235505 0.818240 1.200559 0.881111 
0.939579 1.248789 1.010304 0.865183 0.799793 1.210668 1.219273 1.244759 0.853077 1.071904 1.178118 0.865352 0.973632 1.202309 1.142906 0.956447 1.059010 1.236210 0.941544 1.056537 0.817876 0.987730 0.986955 1.211603 1.159808 1.083391 1.083725 1.123073 1.167665 1.177304 0.924841 1.092301 1.137421 1.003985 1.151561 0.926786 1.203269 0.837398 0.996351 1.001877 
0.901374 1.174483 0.917994 0.831477 0.802336 1.188865 1.248000 1.242697 0.861178 1.037156 1.221074 1.186221 0.937972 0.960107 0.832309 0.945089 1.048662 1.196566 0.900163 1.036304 0.807480 1.144536 0.966648 0.951038 1.005199 0.986297 1.078903 1.054756 1.125677 1.242907 0.919761 1.031367 1.044221 1.218046 0.987868 1.173564 
0.904517 1.211680 1.074840 0.811703 0.799444 1.161805 1.255734 1.257504 0.901492 1.034219 1.247436 0.894778 0.942633 0.989438 0.810619 0.967476 1.228535 1.232748 0.931112 1.070980 0.827581 1.074706 0.982052 1.193841 0.831685 1.052484 1.223268 0.891814 1.092790 1.049575 0.842848 0.852476 0.902561 1.162838 0.999180 0.992618 0.906815 
