0.000000 0.024708
0.000000 0.024556
0.000000 0.015195
0.000000 0.023376
0.000000 0.019977
0.000000 0.015113
0.000000 0.026572
0.000000 0.017245
0.000000 0.024308
0.000000 0.013333
0.000000 0.023081
0.000000 0.014730
0.000000 0.016548
0.000000 0.023386
0.000000 0.016287
0.000000 0.020321
0.000000 0.024551
0.000000 0.033851
0.000000 0.020482
0.000000 0.019372
0.000000 0.022528
0.000000 0.017947
0.000000 0.021120
0.000000 0.013655
0.000000 0.019799
0.000000 0.022489
0.000000 0.016246
0.000000 0.020268
0.000000 0.014052
0.000000 0.027302
0.000000 0.022047
0.000000 0.029658
0.000000 0.022177
0.000000 0.018760
0.000000 0.030974
0.000000 0.016339
0.000000 0.048301
0.000000 0.018729
0.000000 0.026254
0.000000 0.031145
0.000000 0.021217
0.000000 0.022520
0.000000 0.015552
0.000000 0.022985
0.000000 0.022147
0.000000 0.023266
0.000000 0.018260
0.000000 0.023218
0.000000 0.017949
0.000000 0.021548
0.000000 0.019802
0.000000 0.017007
0.000000 0.021400
0.000000 0.025160
0.000000 0.029803
0.000000 0.024103
0.000000 0.030277
0.000000 0.018818
0.000000 0.032403
0.000000 0.024109
0.000000 0.016550
0.000000 0.023288
0.000000 0.018694
0.000000 0.030509
0.000000 0.024205
0.000000 0.016519
0.000000 0.014268
0.000000 0.032138
0.000000 0.021744
0.000000 0.017790
0.000000 0.017815
0.000000 0.017838
0.000000 0.015751
0.000000 0.024185
0.000000 0.012529
0.000000 0.022806
0.000000 0.022672
0.000000 0.033901
0.000000 0.016334
0.000000 0.016790
0.000000 0.018126
0.000000 0.020592
0.000000 0.017668
0.000000 0.018288
0.000000 0.013964
0.000000 0.016930
0.000000 0.031582
0.000000 0.014918
0.000000 0.013501
0.000000 0.015886
0.000000 0.028330
0.000000 0.016550
0.000000 0.020935
0.000000 0.012676
0.000000 0.009872
0.000000 0.017037
0.000000 0.011426
0.000000 0.018402
0.000000 0.019266
0.000000 0.025471
