-8.569628 -11.616883 -11.591388 -3.939102 -6.264787 -14.457396 -1.429924 -1.899532 -10.815762 -3.646143 -10.618261 -10.738892 -11.274479 -11.944777 -7.886595 -5.766207 -14.865832 -10.275763 -6.451734 -8.743401 -5.176671 -7.462855 -10.324045 -14.160251 -11.587605 -8.001191 -4.766842 -9.474114 -7.123550 -22.106724 
-8.888151 -11.616883 -11.591388 -6.266329 -6.824220 -13.218006 -1.423898 -1.899532 -9.262610 -3.646143 -11.724587 -10.738892 -11.274479 -3.923128 -10.361232 -5.766207 -14.865832 -10.275763 -6.451734 -8.949549 -4.670364 -9.160880 -10.324045 -12.852260 -10.753166 -13.956184 -12.808729 -8.321397 -3.384951 -11.462402 -2.456479 -13.065326 -3.420460 -1.112265 -6.068493 -11.436317 -12.749189 -13.285098 -21.769487 -6.676134 
-8.814766 -11.229409 -11.611155 -11.483269 -6.190295 -12.240069 -17.221541 -1.899532 -8.796678 -3.646143 -13.054465 -9.847585 -12.164343 -3.102628 -12.600810 -5.766207 -16.527933 -10.275763 -6.949927 -6.550636 -5.587002 -7.890038 -10.324045 -4.126494 -5.755022 -9.481398 -6.929706 -19.208118 -12.099119 -12.263914 -2.159237 -12.221521 -3.459184 -13.691902 -6.803107 -11.151586 -17.084055 -9.047305 -12.487432 -11.335339 -3.277547 -1.103916 -8.155643 -11.445635 
-9.904367 -11.229409 -11.611155 -13.525521 -10.431091 -9.761477 -17.082141 -1.899532 -8.796678 -3.646143 -5.495431 -9.847585 -11.818282 -13.757911 -12.880247 -5.766207 -12.862761 -10.275763 -6.648140 -14.877791 -6.887428 -7.890038 -10.320834 -2.924337 -5.351377 -9.461740 -11.932434 -20.481913 -5.159735 -13.061059 -1.443775 -11.284919 -7.085120 -8.019179 
-4.000657 -12.061289 -11.106988 -10.028851 -9.924790 -5.742998 -17.724556 -1.899532 -8.796678 -3.646143 -1.387232 -9.847585 -14.096002 -11.245629 -10.502710 -6.174195 -11.818485 -10.275763 -7.052729 -6.791757 -7.436050 -7.890038 -10.320834 -13.040006 -11.193334 -10.759402 -12.159924 -6.683765 -7.326189 -12.552322 -9.840636 -14.679345 -13.528317 -12.183173 -12.893051 -13.673640 -14.782617 -1.147658 -5.330781 
-7.218985 -11.755747 -10.964487 -11.726656 -2.202223 -11.628707 -12.341338 -1.899532 -8.796678 -3.646143 -13.329212 -9.847585 -10.656961 -12.242631 -18.683180 -6.174195 -12.788767 -10.275763 -7.052729 -5.277316 -9.026521 -7.500351 -10.320834 -4.141432 -10.409487 -6.275172 -10.550357 -11.149690 -15.021253 -22.151782 
-10.320834 -11.248883 -4.749949 -6.941092 -1.844536 -12.211796 -5.841565 -1.899532 -8.796678 -3.646143 -10.247059 -9.847585 -4.918291 -11.832257 -20.353219 -6.174195 -9.923017 -10.275763 -7.052729 -6.320006 -7.580123 -8.090704 -9.419204 -6.525475 -12.904830 -3.220510 -13.389786 -15.343753 
-10.320834 -11.248883 -4.197632 -6.944711 -2.420879 -12.211796 -4.193425 -1.899532 -8.796678 -3.646143 -11.010703 -10.033114 -11.827097 -6.353477 -4.334046 -6.174195 -10.808538 -10.275763 -6.718986 -6.320006 -15.029696 -7.660965 -10.581215 -14.287375 -3.431603 -11.143852 -7.408699 -6.261438 -6.392029 -14.526763 -9.137680 -7.754589 -11.435093 
-10.320834 -10.441847 -11.327079 -7.603695 -2.231916 -12.030572 -10.527753 -1.899532 -8.920893 -3.646143 -7.995336 -10.033114 -10.178244 -11.534145 -5.273736 -6.040924 -9.912701 -10.275763 -6.718986 -8.564950 -12.218549 -6.849893 -9.361820 -10.711204 -11.540708 -12.345708 -8.926251 -4.651237 -3.115845 -10.732572 -14.820161 
-10.320834 -10.441847 -22.970102 -8.246448 -2.696741 -12.225297 -11.466952 -2.067155 -8.920893 -3.646143 -3.637804 -9.902311 -11.413110 -8.118143 -5.656405 -6.040924 -9.912701 -10.275763 -6.452830 -8.272540 -11.917064 -7.040766 -14.791580 -12.445631 -8.697539 -12.355410 -8.013611 -4.605231 -4.474384 -7.367507 -10.790665 -3.694677 -6.473194 -14.654390 -4.982673 -10.914860 -15.123734 -10.870544 -19.988863 -7.796822 -11.540767 -10.323711 
-10.320834 -10.441847 -4.990352 -13.754230 -12.513416 -11.780456 -11.699854 -2.067155 -10.346645 -3.646143 -3.797343 -10.530973 -5.080150 -4.417891 -5.051573 -6.040924 -9.929118 -10.275763 -6.452830 -6.003260 -12.861754 -7.040766 -15.081535 -11.117762 -7.452096 -8.462796 -7.233537 -9.709646 -2.468617 -7.367507 -10.290198 -6.798606 -7.551594 -12.463457 -5.160849 -1.848087 -7.547978 -11.436276 -12.503062 -6.173569 -5.987161 -4.078925 -13.342728 
-10.320834 -10.970916 -12.061548 -12.891478 -3.144749 -12.727380 -7.459642 -2.557944 -9.492411 -3.646143 -14.018812 -10.530973 -6.800045 -8.731894 -3.124933 -6.040924 -10.268106 -10.275763 -12.576943 -14.272822 -13.457883 -7.526767 -5.362416 -14.070890 -8.138938 -11.197129 -10.590949 -6.567407 -3.048325 -7.367507 -8.502543 -11.383444 -2.648175 -6.143010 -4.122516 -1.518308 -1.950545 -8.757526 -4.451261 -14.514871 
-10.320834 -10.970916 -7.294666 -7.134866 -8.444776 -12.727380 -7.818074 -2.557944 -9.492411 -3.646143 -7.895989 -10.530973 -6.800045 -7.419520 -14.743837 -6.040924 -10.378169 -10.275763 -6.418110 -1.195632 -15.011673 -7.526767 -5.362416 -12.807462 -15.503872 -10.860099 -7.048161 -4.888532 -1.954182 -7.367507 -9.123814 -2.131841 -2.291316 -1.870689 -2.455512 -6.219626 -6.745489 -9.885440 -6.812733 -13.178219 -2.285621 -6.446461 -12.554174 -8.510626 -7.940206 -10.035631 -1.817361 -13.005861 -11.642756 
-10.320834 -10.970916 -6.016158 -12.630518 -8.455177 -12.583628 -13.638931 -2.557944 -9.492411 -3.646143 -5.850158 -10.530973 -6.482970 -13.671507 -9.728170 -6.040924 -3.613117 -10.275763 -14.512028 -3.551222 -5.742135 -7.526767 -5.906161 -12.807462 -13.005861 -8.809739 -15.096175 -5.504494 -2.506432 -11.830540 -6.139386 -14.936676 
-10.320834 -10.610651 -14.116319 -13.808699 -14.569611 -12.037484 -17.143549 -2.557944 -9.492411 -3.646143 -3.035798 -10.530973 -7.714703 -4.140712 -9.728170 -6.040924 -8.651557 -10.275763 -4.593898 -11.243708 -2.433976 -7.526767 -12.388577 -12.825644 -14.936676 -8.736995 -6.139386 -10.282960 -5.271062 -3.474927 -9.525019 -3.346996 
-10.320834 -10.610651 -12.175667 -6.139386 -2.460319 -11.601198 -22.822529 -2.557944 -9.492411 -3.646143 -2.929580 -9.664700 -14.277743 -5.005047 -9.728170 -6.040924 -4.451034 -10.275763 -11.557628 -6.568738 -12.202398 -6.510435 -13.869901 -12.875701 -17.386257 -7.739146 -12.921273 -13.584075 -4.752693 
-10.320834 -10.610651 -9.024123 -5.788989 -2.154241 -11.601198 -12.377196 -2.557944 -9.492411 -3.646143 -18.282752 -9.664700 -4.711262 -4.621002 -9.728170 -6.040924 -13.143693 -10.275763 -10.010567 -13.803364 -9.621353 -6.510435 -13.185996 -4.260602 -9.282760 -13.778075 -5.752971 -1.450449 -12.608321 -4.070622 -13.755619 
-10.320834 -10.610651 -9.194528 -5.428381 -5.690953 -12.187680 -10.046291 -2.557944 -9.429842 -3.646143 -19.969108 -9.664700 -10.951692 -5.485204 -9.728170 -6.040924 -9.944290 -10.275763 -10.468486 -6.773828 -2.521912 -7.019901 -11.243775 -6.563989 -5.948501 -12.155826 -11.169435 -4.013393 
-10.320834 -11.816306 -8.725577 -5.524389 -3.041611 -12.187680 -11.154012 -2.557944 -9.429842 -3.646143 -14.725406 -9.664700 -6.216963 -11.885900 -10.706653 -6.040924 -2.579567 -10.275763 -9.058835 -6.310013 -4.960295 -6.540685 -4.713320 -6.355449 -7.705745 -12.545102 -20.153344 -11.618231 -5.040395 -4.266917 -14.754822 -5.925273 -4.392839 -12.678283 -6.312216 
-10.320834 -11.677067 -8.725577 -6.052165 -14.957295 -12.062647 -11.198444 -2.557944 -9.429842 -3.646143 -10.728796 -9.789404 -3.632833 -6.669480 -8.239391 -6.040924 -2.918674 -10.275763 -9.455118 -9.497859 -3.281341 -6.836456 -4.964879 -5.649416 -8.150844 -3.865856 -6.009586 -2.944949 -6.280176 -3.137710 -11.483178 -2.209929 -14.160911 
-10.320834 -11.214962 -7.698796 -6.662192 -8.795766 -12.061426 -11.802917 -2.557944 -9.429842 -3.646143 -4.136635 -9.789404 -5.815187 -12.737462 -9.391668 -6.040924 -14.590013 -10.275763 -9.232346 -11.130763 -5.393809 -6.836456 -15.093118 -5.095738 -2.113936 -9.947775 -4.228055 -3.623980 
-10.320834 -11.214962 -7.736661 -6.662192 -1.472637 -12.061426 -11.732573 -2.557944 -9.055723 -3.646143 -14.104650 -9.789404 -14.456328 -14.067754 -10.955439 -6.040924 -9.787311 -10.275763 -6.377848 -12.436277 -5.066610 -7.264905 -8.773341 -13.078282 -8.987067 -11.457341 -9.962099 -9.606998 -10.853567 -10.779610 
-10.320834 -11.073520 -12.217806 -5.998232 -1.975373 -12.061426 -12.827888 -2.557944 -8.696301 -3.646143 -5.362172 -9.929145 -11.710477 -5.412833 -11.182409 -6.040924 -10.639366 -10.275763 -10.514730 -14.669322 -4.223201 -7.316365 -8.861866 -6.656332 -18.898687 -15.034454 -4.224449 -9.461266 -10.594496 -1.851699 
-10.320834 -11.073520 -7.807005 -5.998232 -1.955366 -12.061426 -12.881287 -2.557944 -8.805466 -3.646143 -5.892374 -10.337594 -13.228795 -12.781030 -11.037167 -6.040924 -14.308639 -10.275763 -6.110335 -14.321681 -12.054192 -7.316365 -8.861866 -5.519533 -19.426061 -5.949821 -10.274106 -4.724757 -3.124460 -3.192231 -10.638536 -11.674459 -5.323127 -6.070511 -11.386809 
-10.320834 -11.940741 -18.470722 -6.614615 -1.580679 -12.061426 -12.190474 -2.557944 -8.300582 -3.646143 -8.019773 -10.676793 -10.764911 -6.739425 -5.654180 -6.040924 -2.111699 -10.275763 -10.895389 -11.231965 -5.009896 -7.316365 -7.193632 -12.686734 -2.983650 -13.408495 -13.333046 
-10.320834 -11.706487 -20.099660 -5.923233 -2.242918 -12.061426 -11.073627 -2.557944 -8.300582 -3.646143 -4.418004 -10.676793 -6.910078 -6.600152 -7.193632 -6.824264 -8.336058 -10.275763 -4.298907 -8.024277 -4.119204 -7.316365 -4.482704 -6.688570 -1.384943 -4.964201 -2.021401 -13.145943 -5.630847 -10.077922 -1.069639 
-10.320834 -11.706487 -6.614305 -5.923233 -1.814847 -11.965518 -12.180514 -2.557944 -8.300582 -3.646143 -4.899577 -10.150763 -2.632844 -5.133804 -5.625704 -6.824264 -5.539576 -10.275763 -9.269826 -7.934104 -14.771562 -7.316365 -5.922005 -6.283257 -14.299405 -11.528906 -5.814941 -6.388218 -19.528284 -6.855619 -3.048805 
-10.320834 -11.743773 -5.270802 -5.923233 -2.437962 -11.965518 -6.893723 -2.557944 -8.300582 -3.646143 -4.977630 -10.555907 -8.120345 -8.084371 -12.421294 -2.513543 -10.829153 -10.275763 -11.910044 -4.783717 -16.038889 -7.316365 -2.620194 -4.761238 -11.036782 -5.661851 -10.820252 -10.979317 -6.979912 
-10.320834 -11.342839 -5.270802 -6.241427 -3.995169 -11.974319 -2.141352 -2.557944 -8.300582 -3.646143 -5.818630 -10.458726 -6.759540 -7.967567 -13.658983 -10.228987 -9.571958 -10.275763 -6.267646 -11.883318 -17.661439 -7.316365 
-10.320834 -11.595087 -2.649720 -5.638306 -7.316365 -12.140743 -6.044737 -2.557944 -8.755907 -3.646143 -5.809529 -10.249403 -5.735589 -7.367738 -17.449137 -5.434700 -12.452982 -10.275763 -5.941416 -13.287211 -6.156264 -2.347179 -7.230534 -10.582421 
-10.320834 -5.720463 -4.330282 -5.638306 -7.935243 -12.140743 -6.115138 -2.530212 -8.755907 -3.646143 -11.849242 -10.528286 -6.011546 -8.300968 -4.499955 -9.992573 -13.017445 -10.275763 -4.894756 -11.140720 -13.475707 -11.735369 -15.773757 -1.815878 -4.192203 -14.307549 -14.814149 -11.400752 -12.998641 -3.917296 -11.214913 
-10.320834 -10.686265 -3.738969 -5.536830 -7.935243 -12.140743 -7.595252 -2.530212 -8.456594 -3.646143 -9.524560 -10.528286 -6.011546 -7.547229 -5.263120 -8.574018 -2.866648 -10.275763 -10.711551 -12.301374 -8.554415 -9.591929 -8.741724 -11.484854 -5.328818 -2.010617 -10.778936 -14.063373 -14.357891 -14.586709 
-10.320834 -13.347357 -10.724309 -5.536830 -7.935243 -12.141764 -7.656930 -2.530212 -8.456594 -3.646143 -12.094771 -9.720777 -6.011546 -8.412059 -3.828235 -8.321661 -11.673073 -10.275763 -6.594852 -13.193102 -3.217746 -8.242669 -8.998265 -11.500124 -3.932028 -13.920538 -13.906571 -3.002265 -12.828311 -12.077093 
-10.320834 -3.458828 -11.144983 -5.515000 -7.935243 -12.141764 -7.071105 -2.530212 -8.456594 -3.646143 -14.536926 -8.555871 -6.011546 -13.180755 -3.596713 -9.171194 -11.673073 -10.275763 -4.674181 -12.574047 -14.689592 -8.483695 -5.539954 -11.241321 -19.445941 -4.270296 -10.499753 -1.702489 -6.670171 -14.728600 -12.259030 
-10.320834 -2.621165 -6.125594 -5.952134 -7.935243 -12.217479 -1.702489 -2.530212 -8.456594 -3.646143 -11.980771 -8.555871 -6.011546 -11.365006 -7.763401 -9.187426 -13.300867 -10.275763 -22.853216 -4.669840 -13.903686 -7.170332 -8.683111 -10.998741 
-10.320834 -8.143379 -4.975452 -5.185050 -7.412390 -12.217479 -2.375345 -2.530212 -8.456594 -3.646143 -11.824204 -8.555871 -6.011546 -10.906060 -22.879789 -10.953125 -9.826214 -10.275763 -13.084057 -4.379082 -7.229538 -4.932954 -11.294567 -12.086109 -14.736570 -11.747142 -14.360505 
-10.320834 -8.143379 -10.803346 -5.185050 -7.383807 -12.217479 -2.539200 -2.530212 -8.456594 -3.646143 -11.348567 -8.555871 -6.011546 -3.527604 -22.866033 -9.168916 -10.956814 -10.275763 -5.978177 -4.779739 -10.077368 -6.204579 -15.475552 -5.123825 -11.645278 -3.033235 -5.581865 
-10.320834 -8.143379 -12.655770 -5.261800 -7.383807 -12.217479 -13.138012 -2.530212 -8.456594 -3.646143 -11.620533 -9.256706 -6.011546 -1.769703 -4.809751 -10.770631 -11.570866 -10.275763 -1.887746 -9.444905 -3.870195 -10.045046 -11.510990 
-10.320834 -7.635934 -10.117872 -5.731837 -7.383807 -12.217618 -11.205814 -2.530212 -8.126066 -3.646143 -12.128348 -9.256706 -6.011546 -3.945683 -4.940207 -8.719114 -7.032574 -10.275763 -2.447084 -4.285638 
-10.320834 -9.296868 -11.443106 -5.913396 -7.383807 -12.217618 -10.088535 -2.530212 -8.126066 -3.646143 -11.762480 -9.256706 -6.011546 -5.565148 -6.194067 -10.007677 -13.717919 -10.275763 -2.339242 -11.052702 -7.938845 -7.542409 -11.773243 -22.187744 -12.535473 -15.053455 -14.996605 
-10.320834 -9.234714 -7.175944 -6.048421 -7.383807 -12.217618 -11.891321 -2.530212 -14.723550 -3.646143 -11.598646 -14.605042 -6.011546 -3.779387 -5.665676 -8.149626 -9.753160 -10.275763 -2.339242 -6.328768 -9.876900 -6.229054 -14.940396 -22.086371 -12.267708 -11.718196 -5.770035 -11.459602 -13.861372 
-10.320834 -10.765741 -6.851111 -6.048421 -7.383807 -15.685504 -12.139538 -2.530212 -11.663735 -3.646143 -11.186214 -9.117652 -6.011546 -13.684295 -11.861943 -8.149626 -9.646406 -10.275763 -2.293956 -12.022866 -3.405879 -10.520866 -8.672722 -22.362005 -11.718196 -4.071298 -10.489882 -11.972089 -2.586287 -8.651598 -10.607461 -8.855717 -9.035516 
-10.320834 -11.756013 -7.048044 -5.443394 -7.091865 -12.147969 -7.156734 -2.530212 -11.486453 -3.646143 -10.541322 -8.745800 -6.011546 -7.341095 -15.026020 -8.149626 -10.279582 -10.275763 -2.638120 -12.063263 -7.702078 -4.515434 -9.123735 -21.859576 -10.578324 -4.355758 
-10.320834 -2.415033 -4.194034 -5.417620 -7.091865 -12.134276 -14.261802 -1.927258 -11.248092 -3.646143 -11.500934 -7.918416 -5.758444 -9.057244 -21.578489 -8.149626 -10.072424 -10.275763 -2.781628 -11.307336 -13.066586 -6.230670 -14.813116 -3.710269 -12.465156 -11.015970 -2.901570 -3.786859 
-10.320834 -7.947973 -5.357892 -5.316716 -7.091865 -12.134276 -10.883989 -1.927258 -10.710811 -3.646143 -11.870052 -7.242087 -5.758444 -8.544263 -21.925849 -8.149626 -10.265750 -10.275763 -2.400247 -12.806554 -7.380949 -8.035518 -12.422931 -6.861159 -6.852283 -4.955560 -4.849735 -8.047798 -8.331120 -4.140416 
-10.320834 -7.822205 -19.793032 -4.783202 -7.091865 -6.845530 -10.659411 -1.994319 -11.087753 -3.646143 -11.414961 -9.264074 -5.758444 -8.635761 -16.663465 -8.149626 -10.003649 -10.275763 -0.967367 -12.806554 -11.692940 -4.245151 -9.254060 -4.392648 -7.871755 -2.324518 -4.223327 -2.167162 -13.997176 -11.149575 
-10.320834 -12.591101 -20.259501 -4.666028 -7.091865 -3.930003 -13.888391 -1.994319 -4.632515 -3.646143 -10.990347 -7.319439 -5.758444 -8.330056 -8.689473 -8.475564 -8.551394 -10.275763 -0.967367 -7.149337 -10.977488 -4.663411 -11.612765 -5.491519 -14.158461 -6.472207 -11.729203 -11.247294 -1.437885 -14.084205 -3.867429 -10.346775 -13.931936 -20.725619 
-10.320834 -11.412765 -2.140138 -4.611363 -7.091865 -13.250656 -7.324455 -1.994319 -8.329203 -3.646143 -10.990347 -7.319439 -5.758444 -2.839708 -8.616873 -4.527463 -8.283418 -10.275763 -3.604363 -13.674211 -7.108306 -5.619260 -13.568312 -3.656731 -6.938305 -11.479376 -6.248659 -3.255513 -1.996140 
-10.320834 -11.419520 -1.863879 -4.611363 -7.091865 -13.465921 -7.324455 -2.344715 -8.329203 -3.646143 -11.471812 -7.243556 -5.758444 -2.329002 -9.992401 -3.848070 -11.920653 -10.275763 -3.945892 -5.558446 -8.564416 -6.072009 -5.719130 -9.643579 -11.906751 -6.475327 -3.889151 -13.458253 -5.359279 -4.524606 
-10.320834 -9.557684 -2.147526 -4.611363 -7.091865 -10.986485 -8.375946 -2.344715 -7.776152 -3.646143 -11.548149 -5.741897 -5.758444 -5.355590 -15.006464 -4.670522 -8.816777 -10.275763 -2.925058 -10.613655 -5.379573 -5.636732 -8.491065 -13.640241 -6.419984 -6.775152 -4.328242 
-10.320834 -5.231984 -2.369559 -4.611363 -7.373077 -12.274457 -8.375946 -2.344715 -7.776152 -3.646143 -11.555245 -13.560118 -6.650023 -4.764472 -8.141505 -4.525956 -8.816777 -10.275763 -12.574764 -10.506160 -5.744574 -5.636732 -3.666290 -2.588956 -22.371487 -1.109788 -12.437462 -11.853449 
-10.320834 -5.479562 -6.432779 -4.549475 -7.373077 -12.274457 -8.375946 -2.344715 -7.776152 -3.646143 -12.259362 -14.365716 -6.270311 -2.458451 -4.771781 -9.461597 -9.008690 -10.275763 -2.388565 -11.457050 -6.035513 -6.606004 -4.641829 -3.109807 -22.408789 -4.560880 -11.455531 -5.157035 -12.403678 -7.751937 -6.633704 
-10.320834 -3.870580 -20.336171 -4.549475 -7.373077 -11.496951 -8.514784 -2.344715 -8.034962 -3.646143 -11.700841 -1.728073 -6.270311 -5.245538 -4.903796 -15.240341 -10.149427 -10.275763 -1.804493 -10.543398 -3.422958 -6.790113 -11.410101 -11.389251 -11.330882 -4.279748 -4.531059 -3.338268 -14.075394 -13.515703 
-10.320834 -4.177016 -22.053138 -4.456902 -7.373077 -8.811411 -10.954254 -2.344715 -8.054162 -3.646143 -11.589743 -5.117134 -6.270311 -3.906589 -4.962842 -11.708748 -10.149427 -10.275763 -2.566529 -12.088714 -2.549849 -6.790113 -12.586751 
-10.320834 -1.411416 -22.190964 -4.314179 -7.196141 -8.320634 -11.551913 -2.344715 -8.824468 -3.646143 -11.914975 -6.744070 -6.270311 -5.689332 -6.156236 -10.642458 -11.939287 -10.275763 -10.059786 -12.580990 -4.197565 -6.790113 -14.953657 -13.360879 -9.855770 -5.276513 -7.955240 -4.274402 
-10.320834 -2.256166 -19.817667 -5.864760 -7.196141 -8.320634 -1.445701 -2.344715 -8.824468 -3.646143 -11.659762 -4.150757 -6.270311 -1.970893 -11.075459 -12.341474 -9.626838 -10.275763 -9.648017 -12.406783 -14.462472 -11.820265 -4.910234 -11.875035 -14.076453 -6.863432 
-10.320834 -1.394152 -22.337618 -8.721137 -7.196141 -12.318441 -6.435225 -2.344715 -8.824468 -3.646143 -10.959759 -4.150757 -6.270311 -5.819763 -6.155015 -12.959118 -8.253533 -10.275763 -8.980067 -11.706472 -6.639483 -5.663154 -4.744759 -13.917262 
-10.320834 -1.640274 -22.337618 -8.721137 -7.207124 -12.101215 -4.002541 -2.344715 -8.977788 -3.646143 -10.569003 -2.095604 -6.270311 -4.092171 -5.639728 -12.477400 -7.498275 -10.275763 -8.980067 -5.897562 -12.042246 -11.377131 -10.962139 -4.041846 -6.796848 -2.690372 -10.602054 -3.843713 -11.474788 
-10.320834 -1.093921 -22.337618 -8.721137 -7.742018 -10.054489 -6.149379 -2.344715 -8.117594 -3.646143 -11.817918 -9.212521 -5.084017 -5.905750 -5.495549 -7.205409 -10.496337 -10.275763 -9.934494 -10.409868 -12.244267 -9.891660 -11.116061 -11.377211 -7.811964 -8.221372 -14.221494 -11.153434 -12.359977 -5.994137 
-10.320834 -2.073662 -22.427238 -8.138905 -7.742018 -12.727863 -5.843273 -2.344715 -9.452384 -3.646143 -11.652374 -6.220337 -5.084017 -4.146150 -5.906912 -8.425688 -8.596581 -10.275763 -9.934494 -11.522460 -11.680112 -15.826282 -9.066145 -9.971023 -12.596121 -12.876951 -12.653253 -11.797912 -12.042316 
-10.320834 -2.251416 -22.442039 -8.138905 -7.742018 -13.272766 -4.010975 -2.344715 -9.452384 -3.646143 -10.776941 -1.564166 -5.084017 -4.419157 -5.419447 -15.069006 -8.596581 -10.275763 -10.321683 -4.930746 -11.770861 -11.515949 -5.218370 -9.971023 -11.262085 -10.595731 -10.939741 -10.990444 -7.567920 -7.625998 -4.536094 -12.174423 -11.843572 -3.871368 
-10.320834 -1.455381 -22.442039 -8.138905 -7.742018 -5.504519 -5.563715 -2.344715 -9.452384 -3.646143 -11.503826 -11.499795 -5.084017 -5.481103 -5.905058 -9.526951 -7.250163 -10.275763 -10.321683 -5.491685 -10.827791 -11.693358 -10.384606 -9.971023 -7.614629 -2.093337 -4.266388 -11.791704 -9.292344 -14.194051 
-10.320834 -10.156102 -2.356794 -8.066041 -7.742018 -1.641654 -9.071923 -2.344715 -9.452384 -3.646143 -11.365529 -10.726788 -5.084017 -5.240491 -5.731668 -6.785774 -12.929236 -10.275763 -10.459998 -6.782229 -5.210486 -14.018720 -9.275019 -12.361077 -5.653813 -13.207256 -13.700670 -12.812593 
-10.320834 -11.320581 -2.455384 -8.066041 -7.742018 -1.960940 -13.474648 -2.344715 -9.040683 -3.646143 -10.771013 -10.961845 -5.084017 -5.269747 -5.731668 -6.653342 -12.633299 -10.275763 -6.686086 -5.508227 -11.696437 -11.761444 -2.028580 -14.948807 
-10.320834 -11.221344 -11.568430 -8.066041 -7.742018 -1.512762 -2.608696 -2.344715 -9.470607 -3.646143 -10.568988 -11.704130 -5.084017 -4.726998 -5.655776 -6.653342 -7.227656 -10.275763 -1.551616 -6.065760 -12.147817 -12.674442 -10.839811 -7.414311 -13.304825 -13.924113 -12.412753 
-10.320834 -10.430056 -10.984796 -8.258455 -7.742018 -3.497359 -10.299834 -2.344715 -9.470607 -3.646143 -10.540815 -11.763312 -5.084017 -4.437975 -5.987413 -8.233856 -5.824898 -10.275763 -2.162861 -9.451750 -11.246416 
-10.320834 -11.083441 -12.791919 -8.258455 -7.742018 -11.575072 -10.299834 -2.155107 -5.800528 -3.646143 -10.417075 -2.739293 -5.084017 -4.970841 -5.043716 -8.991452 -2.035281 -10.275763 -8.638581 -9.014180 -8.957787 -1.671341 -13.017293 -2.455255 -3.611863 -12.014405 
-10.320834 -11.622389 -10.834252 -8.258455 -7.742018 -10.420354 -10.684840 -2.155107 -3.789549 -3.646143 -5.411131 -10.838628 -5.084017 -4.970841 -3.964065 -8.801282 -13.611383 -10.275763 -8.600953 -9.014180 -9.258419 -1.996194 -8.130404 -10.481271 -6.112416 -14.672072 
-10.320834 -10.977333 -1.365379 -8.258455 -7.742018 -9.658611 -10.759078 -2.155107 -4.028768 -3.533068 -5.893040 -11.417045 -5.985616 -6.024498 -12.015569 -8.801282 -1.702106 -10.275763 -1.554689 -8.535737 -11.273619 -7.126056 -11.079876 -14.574659 -3.227301 -3.291086 
-10.320834 -11.626347 -8.045452 -13.340006 -7.742018 -11.619913 -9.773483 -2.155107 -3.471066 -3.533068 -5.893040 -11.952350 -6.302735 -4.845031 -12.587151 -6.184122 -2.247363 -10.275763 -8.125841 -7.824492 -4.722550 -6.289447 -5.898112 -13.832974 -11.235860 -4.714654 -10.381904 -5.818009 -14.194108 
-10.320834 -10.588654 -8.045452 -10.534484 -7.742018 -5.091904 -10.204074 -2.155107 -1.691137 -3.533068 -5.966291 -11.044436 -6.302735 -5.689186 -5.062121 -9.310031 -3.187879 -10.275763 -4.424063 -8.040134 -7.175802 -6.870037 -7.523342 -2.276484 -13.271334 -10.736514 -13.208221 -6.305959 -7.018685 -9.531756 -14.483534 -9.380027 -4.637362 
-10.320834 -10.988072 -8.045452 -10.534484 -7.274725 -5.134775 -10.622221 -2.155107 -1.989117 -3.533068 -5.966291 -10.705322 -6.302735 -6.047197 -6.408614 -12.626350 -1.769908 -10.275763 -9.185910 -8.040134 -7.175802 -2.556467 -12.924540 -13.363671 -2.277937 -12.902831 -1.820521 -10.458275 -7.593814 
-10.320834 -9.843005 -8.045452 -13.677997 -7.274725 -9.144495 -10.562339 -1.906999 -10.513379 -3.533068 -5.798353 -14.087980 -6.302735 -5.219197 -13.144587 -11.387213 -9.135021 -10.275763 -10.686520 -7.896423 -7.672498 -10.220878 -1.423420 -10.245926 -13.843698 -12.281854 -4.206063 -9.041913 -5.848401 -1.603708 -11.932406 -14.172959 -13.105220 -10.689577 -7.408026 
-10.320834 -10.825135 -8.045452 -3.876669 -7.274725 -22.820968 -10.562339 -1.906999 -7.868278 -3.533068 -5.798353 -4.192454 -6.302735 -2.050833 -5.539288 -6.106031 -10.455755 -10.275763 -2.011341 -7.297186 -7.672498 -7.034801 -12.418951 -10.630829 -7.167802 -20.274546 -11.876053 -10.970572 -11.081740 -5.535456 -11.982781 -12.969505 -14.365983 -10.962316 
-10.320834 -11.091175 -10.066672 -10.233195 -7.274725 -13.980855 -2.016400 -1.906999 -5.922405 -3.533068 -6.172978 -10.518787 -5.569735 -2.647688 -4.920056 -10.740956 -9.985279 -10.275763 -11.708709 -7.297186 -9.059713 -10.210032 -5.863389 -10.645298 -7.851280 -15.067971 -4.453310 -7.616186 -1.512099 -6.709409 -14.783854 -3.164444 
-10.320834 -10.367294 -12.822130 -10.233195 -7.274725 -13.676977 -13.241245 -1.906999 -7.131520 -3.533068 -6.635312 -22.079661 -5.569735 -12.452681 -4.462643 -6.775312 -9.602478 -10.275763 -9.690206 -7.297186 -7.846727 -13.291934 -7.782468 -7.616186 -1.891956 -12.698185 -1.347840 -11.788181 
-10.320834 -10.703297 -11.618439 -9.941746 -7.274725 -7.616186 -10.607713 -1.906999 -7.131520 -3.533068 -2.395852 -3.908698 -7.122591 -3.499100 -9.774741 -4.989566 -8.593505 -10.275763 -5.986835 -7.297186 -7.821878 -22.303908 -4.037416 
-10.320834 -11.362212 -6.681358 -9.848762 -7.274725 -8.991239 -12.475457 -1.906999 -7.086317 -3.533068 -1.755401 -9.337220 -11.642039 -6.721993 -9.774741 -5.312697 -18.374006 -10.275763 -11.661221 -6.062894 -8.401202 -6.267006 -9.251206 -3.785670 -5.554353 -2.269038 
-10.320834 -12.707491 -9.375662 -10.408765 -7.274725 -8.991239 -11.974237 -1.906999 -18.387365 -3.533068 -1.233794 -15.224692 -3.298778 -6.133733 -9.774741 -6.151827 -13.275388 -10.275763 -10.621597 -6.119500 -8.401202 -4.799332 -4.808715 -10.892692 -5.420935 -3.709510 -7.217110 -6.976491 -7.404566 -6.602093 -3.744645 -5.869833 -12.966809 -12.963376 -6.895134 -7.840123 -7.716222 -6.778503 -2.600607 
-10.320834 -11.554589 -10.322564 -14.340502 -7.274725 -8.991239 -9.373264 -1.906999 -10.767199 -3.533068 -2.429732 -4.235471 -6.130960 -5.415558 -9.921937 -12.435635 -15.200752 -10.275763 -10.570605 -6.119500 -8.401202 -10.065109 -15.568548 -12.085303 -2.193798 -12.298026 -14.980022 -6.976491 -7.404566 -21.301013 -7.158376 -5.199722 -12.574679 -10.811131 -8.287686 -5.777893 -10.383335 -3.523980 -6.433065 -5.829051 -3.645868 -6.421165 -2.843733 -5.049988 -7.513975 -1.219127 -14.334697 
-10.320834 -11.067049 -10.815844 -7.938541 -7.274725 -8.991239 -6.390726 -1.906999 -7.584618 -3.533068 -7.933892 -5.352915 -11.187086 -10.875059 -10.237123 -2.054943 -15.070427 -10.275763 -10.570605 -8.059252 -8.540418 -8.176240 -4.554950 -14.316696 -11.239229 -4.772675 -11.877224 -6.976491 -14.642119 
-10.320834 -11.940742 -14.163792 -6.976491 -7.274725 -8.991239 -6.745013 -1.906999 -12.043550 -3.533068 -5.394149 -17.790795 -10.558821 -7.115009 -10.237123 -2.873072 -10.180227 -10.275763 -10.391535 -8.059252 -8.540418 -6.496069 -14.171970 -7.519256 -11.855160 -11.362788 -5.429341 -6.746017 -15.542289 -8.815379 -3.212950 -4.270022 -6.651760 
-10.320834 -10.802099 -11.955300 -6.387487 -7.274725 -8.991239 -6.426161 -1.906999 -1.343449 -3.533068 -12.572909 -10.811977 -9.512995 -6.205800 -10.324933 -1.720155 -6.309929 -10.275763 -6.146175 -6.287506 -8.934590 -8.748510 -13.017526 -12.335520 -6.019453 -11.891992 -10.810826 -6.636077 -11.490271 
-10.320834 -11.911891 -10.650671 -5.986055 -7.274725 -8.991239 -6.426161 -1.906999 -3.801699 -3.533068 -13.611818 -10.820070 -10.406882 -6.144500 -10.324933 -2.629957 -8.358270 -10.275763 -12.653353 -5.806038 -8.934590 -9.520310 -10.780078 -13.714276 -13.551938 -5.556663 -10.821295 -12.727208 -0.877426 -6.513579 -7.102340 
-10.320834 -10.506807 -11.493682 -6.834468 -7.274725 -8.991239 -6.569691 -1.906999 -5.652446 -3.533068 -11.620899 -10.077681 -9.857783 -10.870027 -9.843789 -2.018609 -13.910756 -10.275763 -6.156406 -7.598221 -8.934590 -8.953234 -14.543239 -21.400311 -7.695934 -8.869113 -9.192315 -6.374011 -9.086587 -8.545125 -10.157027 -10.642482 
-10.320834 -9.468539 -11.200440 -6.834468 -7.143893 -8.991239 -6.544755 -1.906999 -11.255404 -3.533068 -11.341272 -10.877462 -10.127216 -12.667802 -9.843789 -1.835054 -14.774992 -10.275763 -4.323676 -6.249606 -7.717794 -13.563483 -7.133941 -5.396488 -7.059211 -10.690346 -8.539842 -9.240090 -8.931383 -13.451268 -5.664215 -5.554767 
-10.320834 -11.473582 -13.147929 -6.834468 -10.601115 -9.937452 -6.474055 -1.906999 -6.746467 -3.533068 -20.290178 -11.997009 -9.705725 -12.541615 -9.843789 -2.916358 -7.315822 -10.275763 -3.938411 -6.249606 -8.958377 -12.073225 -7.133941 -13.290578 -5.974126 -5.653897 -7.128300 -14.116304 -10.274362 -2.083865 -6.210072 -6.638397 
-10.320834 -2.083865 -6.206270 -6.834468 -10.731135 -8.203962 -6.474055 -8.862300 -6.356890 -3.533068 -22.670847 -11.487060 -10.125375 -6.752804 -9.843789 -2.916358 -14.743723 -10.275763 -9.153697 -6.357211 -6.960151 -10.209565 -7.133941 -11.799774 -10.110946 -5.509195 -10.274362 -2.387147 -14.190409 -8.952639 -3.885126 -14.683615 -12.133324 -5.615283 -14.392339 -5.132306 
-10.320834 -2.083865 -9.051581 -6.834468 -10.088056 -7.947392 -6.474055 -22.892061 -5.285867 -2.552805 -21.726250 -10.040059 -9.965464 -9.620686 -10.274362 -6.903944 -1.820946 -9.646848 -11.051996 -6.189489 -7.386668 -11.504933 -7.133941 -12.480669 -6.798728 -4.751014 -7.543427 -12.424157 -11.335826 -1.837135 -11.434767 -1.164390 
-10.320834 -2.083865 -7.113459 -6.834468 -11.376397 -8.852124 -6.317835 -5.434770 -5.369120 -2.552805 -8.200994 -9.924086 -9.747895 -15.149449 -10.274362 -7.435195 -2.966914 -9.646848 -10.620805 -6.189489 -8.273957 -5.558950 -7.214398 -11.685305 -3.195944 -4.116435 -4.112758 -3.869419 -3.910801 -4.543366 -12.064586 -8.749849 -10.101167 -12.024427 -1.419117 -11.144952 -11.807034 -12.365609 -5.304564 -15.130662 
-10.320834 -2.083865 -5.157533 -6.834468 -11.139997 -7.984206 -6.383003 -4.165164 -7.638982 -2.552805 -11.377031 -9.602548 -9.747895 -12.582692 -10.478808 -3.505179 -2.901727 -9.646848 -7.149034 -5.479038 -8.173600 -7.252758 -7.214398 -3.190185 -12.238439 -3.925489 -10.119972 
-10.320834 -2.083865 -6.166566 -6.834468 -9.158769 -7.984206 -7.337928 -3.670288 -10.090325 -2.552805 -5.573842 -10.089079 -9.473748 -12.840273 -10.430943 -5.197273 -3.033248 -9.646848 -11.657922 -8.760000 -8.597201 -9.355203 -7.214398 -2.736710 -12.581722 -10.626289 -8.975536 -12.557061 -14.797672 -14.747138 -15.745494 -14.554666 -15.116353 -5.813673 -4.503353 -5.743424 -10.873293 -6.118650 -6.693889 -11.632711 -4.398310 -9.904866 -7.085330 -5.499064 -5.854799 -10.519350 -4.618983 
-10.320834 -2.083865 -4.276872 -6.834468 -9.091700 -9.200840 -10.321938 -7.085330 -11.152514 -2.552805 -14.264123 -3.863157 -9.594325 -6.406351 -10.430943 -4.038896 -1.899229 -9.646848 -6.760704 -9.802471 -8.270899 -6.028213 -7.214398 -12.200197 -11.190218 -4.214836 -7.954648 -11.720093 -10.677511 -7.826091 -1.532771 -9.436409 -11.931768 -10.169541 -14.032689 -3.310650 -2.311321 -21.613672 -10.101695 -1.293333 
-10.299725 -2.083865 -5.935731 -7.046116 -9.091700 -8.643728 -8.973172 -6.805301 -3.377495 -2.552805 -12.445694 -3.472541 -9.173282 -4.340695 -10.430943 -14.095014 -1.182971 -9.646848 -8.446979 -9.802471 -3.118521 -3.918854 -7.301956 -7.276712 -13.948230 -6.585086 -8.379977 -12.051399 -8.221250 -7.765753 -8.877596 -9.436409 -9.683958 -9.272530 -11.178747 -9.052224 -10.333449 -6.869812 -9.611825 -13.565964 -3.814542 -1.388683 -10.950147 
-10.299725 -2.083865 -5.935731 -7.046116 -9.139180 -8.643728 -7.677495 -6.805301 -14.915600 -2.810744 -11.851163 -14.032882 -9.173282 -3.303054 -10.502171 -14.416626 -12.307088 -9.646848 -8.446979 -11.928013 -8.727524 -6.865566 -7.301956 -5.639894 -12.937149 -2.120251 -10.279107 -12.051399 -3.985576 -10.196441 -6.028843 -10.324617 -14.478867 -4.447233 -8.763158 -10.051343 -7.213958 -14.813076 -9.971864 -9.290647 -3.610921 -4.677483 -5.204873 -1.997196 -9.661024 -10.329884 -4.321498 -1.608391 -4.305265 -11.121268 -9.496047 -11.804586 -5.765477 -12.870615 -12.669214 
-10.299725 -2.450150 -4.247939 -7.046116 -8.899321 -8.643728 -7.602789 -6.956761 -12.892856 -2.810744 -11.621344 -5.883766 -9.173282 -13.155568 -10.502171 -14.416626 -14.123454 -9.646848 -8.446979 -10.329884 -8.727524 -14.328045 -7.301956 -11.595405 -11.279262 -9.407784 -9.496047 -12.051399 -8.261748 -6.653621 -2.476091 -8.978886 -6.616076 -3.832654 -10.751578 -10.034656 -10.346617 -7.001959 -8.317516 -7.151653 
-10.299725 -2.450150 -5.613740 -7.046116 -8.642628 -8.643728 -9.840484 -6.956761 -4.084722 -2.810744 -10.703198 -14.556594 -9.173282 -10.461270 -7.223648 -14.416626 -6.509841 -9.646848 -7.800115 -6.808014 -13.451075 -7.332100 -7.301956 -4.420230 -4.587458 -3.321378 -9.496047 -13.149655 -5.732167 -9.228540 -1.547616 -13.190438 -4.845680 -3.277584 -6.750186 -10.443088 -6.875573 -7.027945 -10.569631 -3.430327 -6.690390 -8.793286 -13.602952 -11.726159 -7.019441 
-10.299725 -2.450150 -4.915905 -7.046116 -8.223432 -8.643728 -9.229347 -6.956761 -10.147304 -2.810744 -12.776361 -4.892049 -9.611260 -11.069871 -14.113926 -12.929708 -8.335421 -9.646848 -7.975889 -10.584714 -3.296473 -11.623089 -7.301956 -9.708803 -5.955390 -4.904940 -11.739998 -5.841766 -12.713254 -3.719228 -1.547616 -4.149293 -10.098030 -5.832432 -10.662527 -7.326477 -2.165308 -18.499187 -12.339067 -6.019130 
-10.299725 -2.450150 -11.170075 -7.046116 -8.223432 -8.733036 -9.229347 -7.477299 -10.147304 -2.810744 -12.101188 -5.717183 -9.611260 -13.859899 -11.508610 -12.929708 -4.480358 -9.646848 -7.975889 -10.584714 -6.634444 -3.600131 -7.301956 -14.322700 -4.479034 -10.770761 -6.918726 -5.139369 -1.746625 -7.592179 -1.599824 -5.590999 -5.864644 -11.064507 -6.493309 -11.966647 
-10.299725 -2.450150 -3.992757 -7.046116 -8.223432 -8.874019 -9.229347 -7.477299 -10.011593 -2.810744 -11.883245 -7.168509 -9.611260 -2.989385 -4.396814 -11.841703 -6.123135 -9.646848 -7.975889 -10.584714 -11.372855 -3.198589 -7.301956 -4.842092 -5.968933 -4.155455 -9.917980 -1.446274 -8.022085 -2.703366 -13.139888 -3.529867 -12.592116 -7.686312 -10.614280 -5.955209 -8.033985 
