   0.048089 2204.933372
   0.047888 2159.663864
   0.047740 2147.323633
   0.047604 2138.841229
   0.047635 2252.937149
   0.048631 2165.035394
   0.048117 2156.403765
   0.047275 2163.506593
   0.048043 2248.263124
   0.047897 2243.963682
   0.048112 2222.957258
   0.048955 2141.539869
   0.048605 2103.071033
   0.048953 2279.200834
   0.048964 2222.034040
   0.047976 2287.603656
   0.047523 2229.720921
   0.048006 2110.090997
   0.047860 2119.938692
   0.048646 2196.611727
   0.047998 2220.688508
   0.048042 2199.668442
   0.046730 2151.763356
   0.048226 2200.379844
   0.047928 2246.629656
   0.047933 2174.910566
   0.049060 2230.376719
   0.049285 2179.244399
   0.047950 2178.470521
   0.047634 2097.041435
   0.048252 2197.327597
   0.048529 2246.302469
   0.048763 2174.790680
   0.047520 2252.584023
   0.047612 2147.542966
   0.048365 2091.021039
   0.048266 2241.830709
   0.048654 2177.607349
   0.048005 2154.641345
   0.047751 2137.623491
   0.047598 2223.235606
   0.048235 2112.141372
   0.047042 2213.142596
   0.048069 2248.956479
   0.047635 2211.807675
   0.047259 2210.756156
   0.047703 2127.519937
   0.048662 2147.082243
   0.049344 2134.556824
   0.049769 2275.966654
   0.048684 2211.664605
   0.049133 2139.486587
   0.048596 2203.553889
   0.047937 2170.696973
   0.048787 2049.871859
   0.048221 2154.404831
   0.047769 2198.840109
   0.047319 2187.951173
   0.047888 2189.558877
   0.047815 2173.637380
   0.047550 2165.284224
   0.048221 2087.704297
   0.048208 2212.870598
   0.047669 2232.457743
   0.047854 2231.084672
   0.047639 2232.043899
   0.047248 2162.090431
   0.047478 2092.633912
   0.047723 2174.428711
   0.048037 2113.365910
   0.047159 2122.320252
   0.048575 2188.796632
   0.047506 2253.593948
   0.048859 2114.018053
   0.048559 2241.598266
   0.048196 2197.929373
   0.048189 2178.667767
   0.047699 2182.120371
   0.048481 2126.122835
   0.049360 2175.508289
   0.048339 2158.621735
   0.048034 2219.748705
   0.047709 2230.603828
   0.047272 2201.767066
   0.047838 2248.373901
   0.048836 2361.449231
   0.048741 2213.127459
   0.048531 2237.653527
   0.049094 2075.603389
   0.047783 2097.889344
   0.047960 2139.992837
   0.047751 2158.852781
   0.047396 2202.854327
   0.048099 2089.601715
   0.047743 2191.515653
   0.047734 2180.009281
   0.046871 2337.261418
   0.048337 2134.683640
   0.048648 2184.997947
   0.048968 2274.307694
