-8.811522 -3.907297 -5.898575 -9.218744 -6.679994 -14.514246 -6.477196 -7.681004 -6.562426 -5.784929 -8.950581 -5.718377 -4.139736 -5.802962 -11.465383 -6.795376 -4.619705 
-8.811522 -6.874908 -0.826343 -9.450946 -7.354429 -6.993557 -9.651133 -7.858961 -6.635635 -6.084670 -8.467402 -5.530645 -3.694655 -5.778661 -4.716213 -7.853400 -3.282532 -11.864478 -12.448448 -4.781456 -0.969230 -12.896449 -6.433901 -13.565635 
-8.714014 -6.639764 -10.754912 -9.512148 -7.155089 -6.758487 -10.503239 -7.858961 -6.635635 -6.094402 -6.143622 -5.268757 -4.213168 -10.889037 -8.474498 -5.795653 -4.948465 -5.764451 -7.362662 -7.534389 -7.262849 
-8.714014 -8.513803 -6.321889 -9.471269 -7.076530 -6.555357 -8.122144 -7.858961 -6.625942 -6.104752 -8.190712 -5.270082 -3.735223 -6.143864 -4.613926 -10.619156 -7.896002 
-8.714014 -6.620322 -3.615894 -10.745786 -7.529277 -7.094990 -8.409304 -7.858961 -6.625942 -6.128507 -9.881765 -5.239603 -14.340034 -8.009315 -8.629026 -7.220561 -6.016736 -9.210725 -8.710053 -11.135142 -5.395460 -4.608608 -6.742091 -5.851545 -15.110554 -13.129650 -15.101279 -4.689153 -6.102709 
-8.951078 -4.563477 -3.604908 -12.014964 -9.377827 -7.091656 -6.875449 -7.739573 -6.625942 -5.355865 -14.898852 -5.543513 -5.276750 -3.624857 -8.146990 -11.200562 -8.575380 -9.200274 -7.378400 -3.493341 -12.312251 -12.002913 -7.503086 -4.245586 -10.565428 -3.911200 -11.752767 -2.238219 -2.970058 -5.503760 -15.084221 -6.360013 -13.926875 
-9.435776 -7.980986 -11.337574 -11.748038 -4.288746 -7.135622 -8.380976 -7.831276 -6.636553 -5.355865 -8.493436 -4.643686 -9.566785 -5.435396 -9.779166 -7.057745 -5.021335 -10.013374 -7.347689 
-9.231346 -6.310162 -5.114304 -11.332421 -12.168387 -6.257269 -6.515890 -7.968389 -6.666681 -5.918161 -6.311199 -4.597912 -4.461547 -2.313920 -9.871688 -12.622463 -6.089582 -8.958166 -5.986937 -4.721452 -6.260284 -14.504082 -4.762827 
-9.293461 -6.646810 -7.895076 -8.115957 -10.392743 -6.150952 -5.710293 -9.602621 -6.386093 -6.183846 -9.713088 -4.219743 -7.059724 -5.261162 -14.960045 
-9.293461 -6.712852 -8.846933 -8.361509 -8.801553 -6.430604 -10.319448 -9.736469 -6.386093 -6.183846 -8.467928 -4.574306 -4.661725 -9.119451 -12.507543 -10.531311 -12.700809 -8.070098 -5.365077 -10.432871 -13.153850 -13.738136 -12.784626 -8.835006 
-9.186849 -6.905395 -6.780650 -8.490028 -9.471654 -6.533931 -10.319448 -8.431776 -6.386093 -6.183846 -11.094203 -4.347260 -3.250153 -6.623365 -4.382101 -7.506145 -12.173588 -6.759429 -9.882963 -11.720143 -7.402081 -9.133604 -11.278728 -14.449130 -9.939356 -11.504595 -7.366008 -11.777098 -19.618433 -5.526512 -2.849072 -5.196562 -11.551454 -8.197211 
-9.407664 -8.150873 -4.202984 -8.048827 -5.107315 -7.175179 -10.665945 -9.999409 -6.386093 -6.183846 -9.770281 -5.712612 -3.589442 -12.527952 -10.478616 -8.869919 -12.050948 -6.431207 -5.856441 -8.213250 -13.165599 -10.128382 -11.463703 -7.044736 -5.866235 
-9.015158 -8.632045 -12.379472 -7.609910 -12.733355 -14.015364 -5.106156 -5.119690 -6.386093 -6.117633 -6.459713 -10.526532 -3.472091 -10.741891 -11.405650 -4.756571 -8.881599 -8.281592 -13.135147 -10.088032 -14.462344 
-9.105996 -12.584484 -12.600470 -7.558630 -11.663530 -11.558716 -8.769312 -8.988145 -6.386093 -5.808935 -5.757910 -6.813796 -6.994120 -4.186313 -21.282660 -11.573576 -13.438568 -4.258429 -12.079218 -3.296170 -9.237932 -9.920160 -5.885038 -11.155444 -7.829808 
-9.146483 -9.746461 -12.551093 -7.550789 -7.498987 -9.795872 -5.538894 -9.023284 -6.386093 -5.525293 -4.876943 -8.049773 -14.988007 -7.030110 -21.220121 -5.714567 -3.956462 -7.386801 -8.555572 -2.049673 
-8.750307 -7.319409 -12.727318 -7.409701 -10.527185 -7.467951 -5.919358 -9.421328 -6.356774 -5.669857 -0.994381 -8.343647 -10.635133 -2.248710 -20.236643 -12.750545 -3.414369 -3.948252 -7.240228 -6.354151 -7.467455 -4.314612 -10.169603 -5.476499 -9.592838 -3.433715 
-8.914111 -6.853198 -12.267473 -7.625479 -12.986769 -11.059954 -2.657807 -9.079715 -6.356774 -5.512157 -6.165121 -8.609246 -9.251493 -13.709833 -4.114284 -12.813462 -11.269405 -8.648416 
-9.974809 -13.409777 -12.536407 -7.709457 -2.313644 -10.246601 -4.861558 -9.732444 -6.242466 -5.883465 -8.261615 -10.026878 -13.619347 -2.305080 -10.412959 -6.037666 -8.139932 -6.211364 -8.191228 -11.180756 -11.769949 -9.993947 -6.942905 -8.866017 -5.797383 -7.596634 -9.632939 
-5.583512 -3.776942 -5.633285 -7.505809 -7.429413 -7.741859 -8.406472 -14.147849 -6.337629 -5.637725 -10.157526 -9.124945 -14.333461 -1.330876 -9.859190 -12.094033 -10.558843 -13.831383 -7.230058 -4.995177 -9.937998 -3.133610 -8.219953 -6.939619 -11.521437 -7.920334 
-3.400163 -5.596259 -5.013258 -7.686995 -5.058012 -7.864166 -5.623733 -14.710252 -6.337629 -2.628778 -9.154444 -9.406241 -13.546586 -13.840177 -9.185794 -12.413833 -3.214933 -8.357727 -16.789157 -9.768061 -9.192696 -12.127843 -11.496893 -6.993182 -5.254795 -9.605991 
-8.373713 -3.489356 -4.598813 -7.743499 -9.606385 -7.745295 -5.970346 -5.930710 -6.330337 -9.488412 -4.447592 -9.367921 -4.432776 -7.369151 -11.535012 -14.313631 -5.911996 -12.570852 
-4.216375 -10.005570 -9.204719 -7.619874 -7.008211 -7.731880 -5.848874 -8.869786 -6.330337 -3.172962 -11.196098 -9.071271 -4.073596 -4.708685 -4.679337 -9.007598 -9.067239 -9.841987 -11.811978 -11.282503 -4.304306 -4.501527 -1.915616 -12.493801 -5.379023 -11.830159 -3.040458 -8.694458 -6.575819 -12.024161 -4.916146 -10.530874 -5.036474 -12.180235 -14.053255 -10.167444 
-5.685631 -10.579179 -14.234355 -7.614073 -4.330246 -7.763403 -21.181863 -6.362414 -6.330337 -14.238313 -8.634979 -8.999400 -10.446262 -5.332185 -4.188688 -4.076531 -13.124401 -6.110776 -11.254827 -0.796934 -10.105588 -3.079699 -3.738613 -10.919671 -8.358312 -9.083582 -4.415423 -7.861903 -4.332758 -13.105027 -12.332855 
-5.989624 -7.925107 -10.771088 -7.439478 -7.736817 -7.540213 -22.639558 -8.747291 -6.330337 -4.169768 -5.598352 -8.999400 -11.725773 -9.773183 -1.198936 -9.138397 -4.537302 -9.006996 -11.584505 -5.732698 -7.352460 -8.830479 -7.273824 -8.731531 -11.476009 -14.467743 -4.948228 -11.334641 -7.678777 
-5.859724 -9.122956 -15.119387 -7.367944 -8.760530 -7.616704 -6.250451 -11.418468 -6.280348 -7.686164 -2.642348 -9.558654 -8.927405 -8.822161 -11.544896 -9.626490 -4.201937 -14.769836 -11.482905 -9.699565 -9.102226 -8.242773 -14.315279 -3.330471 -10.741591 -6.528855 -8.433256 -8.564114 -6.644549 -17.637242 -5.902358 -4.949698 
-5.593443 -6.326797 -20.275408 -7.424126 -8.472718 -7.627573 -3.407951 -9.705326 -6.280348 -5.470875 -4.820366 -9.370404 -5.589952 -9.169543 -8.445875 -9.229372 -1.951586 -11.413800 -11.453723 -7.300831 -8.889861 -6.353896 -6.327499 -9.830502 -7.047095 -4.370407 -5.853929 -15.279703 -8.770966 -10.297033 -12.431213 -11.439908 -12.423308 -7.438228 -6.456671 
-5.601184 -9.686887 -5.869486 -7.397230 -6.490180 -7.425203 -3.539454 -9.959998 -6.188981 -6.752029 -5.204983 -9.370404 -5.340222 -7.635747 -11.105137 -10.564522 -10.424421 -4.810290 -10.630733 -6.312291 -19.094861 -5.800457 -8.318663 -8.883434 -11.697254 -3.686978 -1.946544 -4.281213 -8.508937 -2.367549 -10.458330 -8.803362 -7.228767 -13.288423 -3.738490 -11.226464 -8.508599 
-5.381645 -9.098239 -6.751393 -7.447657 -6.397586 -7.060250 -11.329231 -8.739512 -6.188981 -10.903299 -6.620662 -9.433570 -2.970339 -8.435254 -4.678129 -16.031137 -10.203219 -8.425657 -2.545040 -6.524657 -5.106782 -6.862924 -8.559886 -8.322433 -7.333484 -12.142430 -11.281824 -5.985149 -10.205023 -3.419552 -9.679924 -8.311639 -8.980674 
-5.446822 -10.202271 -5.842389 -11.897516 -6.649913 -7.296215 -8.272047 -12.493123 -6.138349 -4.552797 -4.176231 -9.772625 -4.378782 -9.217249 -8.390766 -9.928887 -12.372877 -4.247779 -12.308604 -10.742772 -5.720757 -8.706793 -7.494419 -9.244182 -8.146568 -10.470464 
-5.323898 -4.646087 -6.941850 -8.180628 -7.432524 -8.795474 -10.520751 -5.001476 -6.213594 -5.449845 -5.464383 -9.879704 -5.389212 -11.797838 -12.826043 -7.793909 -11.560579 -10.388037 -3.229674 -10.286016 -4.303588 -1.938504 -10.174821 -8.532046 -6.285794 -3.888691 -4.062147 -15.897682 -22.023055 -10.819236 -7.913704 -12.488364 -12.498582 
-5.380198 -7.611969 -6.474424 -2.130590 -7.429407 -7.234751 -11.603377 -12.415044 -6.354312 -10.155991 -8.957323 -10.332077 -6.854156 -11.240396 -12.168519 -7.768778 -3.139543 -5.092467 -6.388922 -4.869786 -5.648057 -2.428291 -13.500036 -6.651935 -11.407756 -14.950523 -10.961719 -5.789558 -7.029584 -5.312394 -9.043630 -6.826169 -5.397498 -13.479559 -5.754157 -7.374242 
-4.907132 -4.495058 -7.566226 -5.612346 -7.185598 -3.898498 -2.039154 -4.429597 -6.612914 -10.115650 -15.186378 -10.595607 -13.306433 -1.537702 -12.251582 -7.618883 -11.079754 -6.968640 -7.197650 -5.406792 -4.950889 -3.450153 -8.564503 -4.776728 -4.213958 -11.199152 -10.794389 -7.522277 -3.964407 -8.270851 -7.326388 -7.072566 -6.469446 -5.414461 -13.752713 -4.169072 -13.185678 -4.429540 -11.425228 -7.448769 -6.749167 -12.577702 -4.328575 -15.079401 -13.764497 -7.183277 -10.436952 -10.927526 
-6.375203 -5.261711 -4.486389 -8.386848 -7.449712 -8.457361 -2.634960 -2.325114 -6.567548 -10.932533 -11.483225 -10.024628 -6.644179 -5.355600 -13.513655 -8.682530 -10.006944 -6.968640 -4.806919 -5.760241 -9.509077 -12.354698 -7.124249 -5.466333 -9.851584 -5.446048 -6.190246 -6.210675 -14.687791 -6.925190 -4.529393 -3.912267 -12.451145 -13.237249 
-19.254773 -7.777423 -6.537587 -13.765433 -1.762882 -3.137044 -9.252694 -15.933399 -6.567548 -9.618190 -11.302335 -9.691261 -11.075986 -4.797317 -13.414258 -12.108815 -2.528636 -6.914376 -9.401344 -3.151589 -9.975836 -9.065205 -7.788538 -12.251772 -20.580784 -5.756908 -9.908532 -5.345704 -11.869395 -6.069593 -10.156032 -5.937930 -9.247104 
-10.926777 -8.946439 -6.142023 -5.998874 -2.091616 -9.943792 -5.341480 -14.231156 -6.432166 -6.449967 -8.307838 -9.539911 -2.818966 -10.081815 -5.614721 -8.866679 -2.612814 -6.874905 -5.601538 -12.238335 -2.313032 -9.052496 -9.750632 -12.180900 -2.062080 -14.831044 -9.404453 -13.624292 -10.879452 -12.022619 -6.656768 -5.565454 
-10.721439 -8.807029 -5.880243 -11.878694 -1.895692 -10.975323 -5.717310 -7.509096 -6.325586 -8.545440 -8.412530 -9.168257 -2.607629 -9.682879 -5.447931 -9.537218 -11.844910 -6.874905 -13.668384 -5.317003 -3.602859 -8.272428 -12.185723 -12.662078 -6.021798 -9.709902 -7.531702 -3.139971 -1.592418 -14.192617 -5.080799 -5.026584 -10.237669 -3.925870 -12.140392 -1.516637 -10.993070 -12.474083 -1.974869 -10.910761 -9.385147 -5.208478 -9.286725 -8.169809 -13.958501 -11.086424 
-9.760521 -8.807029 -7.113079 -7.172943 -1.441118 -6.255635 -13.302051 -6.029593 -6.492697 -3.860551 -2.973472 -9.168257 -3.175419 -4.531697 -5.614257 -7.524212 -6.233464 -6.964183 -11.909530 -13.112092 -11.531967 -8.359542 -14.599255 -21.280482 -4.982626 -3.600415 -7.247391 -11.194894 -11.491788 -4.480205 -14.746584 -11.047307 -12.388934 -7.473169 -3.641310 -9.858432 -10.913971 -8.965492 -9.053335 -6.173992 -1.640908 -9.860879 -4.187657 -3.118453 -7.503303 -5.997991 -21.158382 
-6.045920 -8.807029 -7.667820 -10.811228 -1.446700 -7.429364 -9.552278 -2.147331 -6.492697 -11.228527 -7.824062 -9.168257 -2.882105 -12.262786 -9.195910 -22.531738 -11.107470 -6.964183 -6.909006 -4.388782 -11.824131 -8.180556 -6.433910 -5.431345 -4.380091 -2.726193 -10.404082 -9.493900 -7.386691 -4.362370 -8.545003 -6.779066 -13.604618 -6.526999 -7.196313 -6.652162 -6.744811 -3.882456 -3.107581 -12.871196 -8.395681 -6.610597 -10.176984 -5.399636 
-6.365700 -8.755774 -3.575703 -12.414500 -3.470114 -12.333806 -10.458400 -3.796644 -6.292109 -9.707494 -5.581241 -9.168257 -11.857241 -5.635542 -8.650715 -5.403556 -10.083475 -6.872520 -6.337031 -5.513044 -6.981908 -7.040591 -3.273968 
-4.580900 -8.671156 -12.712303 -12.292527 -9.309396 -8.702511 -6.721687 -6.701583 -6.219068 -8.771689 -6.828071 -11.609879 -13.810095 -8.997434 -6.340187 -5.254335 -3.999099 -8.639922 -6.550131 -3.961015 -5.189506 -9.696647 -4.339044 -5.116387 -8.067125 -6.834760 -14.204174 
-6.657574 -8.671156 -6.539579 -4.512021 -9.379139 -3.941729 -7.000444 -9.224670 -6.187931 -7.909779 -5.920650 -11.711871 -10.155609 -14.553443 -6.685137 -5.254335 -4.039768 -6.181513 -6.746467 -4.567565 -10.356186 -9.575941 -1.104113 -6.115844 -6.663485 -6.909331 -6.453459 -10.171276 -13.226165 -13.964637 -6.727082 -12.368824 -13.003857 -9.334767 -1.440688 -4.896739 -11.613973 -9.317975 
-5.758511 -9.885007 -2.824908 -5.704536 -10.100776 -11.487003 -6.948801 -3.818438 -6.151773 -13.338345 -13.062038 -8.111217 -6.895973 -13.231486 -6.902416 -5.997467 -12.074651 -11.625450 -6.846714 -4.327197 -7.514692 -8.434491 -4.380302 -9.056792 -4.944549 -11.334863 -11.380806 -6.381520 -10.512042 -14.041079 -11.965154 
-12.471370 -11.206413 -21.161381 -6.765313 -10.100776 -11.636177 -7.034095 -11.590200 -6.151773 -3.245965 -7.455540 -7.818698 -4.171164 -4.900668 -5.443099 -5.997467 -12.257220 -3.690408 -7.159521 -5.138142 -7.344870 -5.720963 -9.922011 -5.988231 -8.848581 -7.559405 -6.319296 -6.888920 -10.776172 -9.892603 
-7.173084 -13.512895 -7.252184 -6.704639 -12.017465 -9.835143 -4.700721 -6.112717 -6.204502 -6.698337 -9.308802 -9.532340 -4.594880 -10.669856 -4.464696 -5.747969 -11.949271 -2.666771 -6.536830 -9.756999 -9.614544 -11.228559 -5.504219 -22.763468 -3.622414 -10.664921 -3.766413 -6.251718 -7.023518 
-4.642859 -6.086131 -8.356262 -9.801403 -8.740549 -11.225747 -8.162236 -7.918431 -6.275596 -10.649722 -7.006140 -8.070799 -5.226017 -2.494841 -5.366798 -6.751980 -11.721417 -6.496312 -6.641689 -9.364808 -9.600003 -12.445095 -3.809640 -3.025448 -10.185691 -10.303036 -6.749750 -8.306204 -4.520062 -9.440626 
-4.652475 -1.882656 -8.321780 -7.355183 -12.268439 -10.099593 -13.149732 -9.672532 -6.275596 -8.527326 -11.113014 -9.133515 -5.786522 -3.736084 -4.989680 -7.570310 -11.442877 -9.838016 -7.176955 -9.435450 -9.565086 -2.616690 -3.880849 -3.019047 -5.411018 -11.161927 -6.965204 -10.987627 -5.801576 -11.890220 -8.874934 
-5.055249 -10.957328 -9.137991 -4.133309 -14.354568 -9.872784 -15.253580 -6.863335 -6.249605 -5.160089 -7.277566 -8.192666 -4.848728 -7.158410 -5.297607 -2.348198 -11.615675 -1.491225 -8.934245 -9.435450 -5.981080 -4.801089 -2.357098 -5.646697 -3.820838 -3.648080 -6.910516 -8.516621 -11.845799 -15.176448 -4.855479 -5.114043 -8.844856 -5.887660 -7.638670 -8.148597 -14.535624 -13.276153 
-6.157455 -9.601788 -8.975584 -9.128529 -13.722545 -11.043253 -5.560294 -6.751911 -6.249605 -6.642480 -7.870487 -12.797705 -3.529788 -7.465166 -5.113833 -2.721194 -11.390950 -9.130644 -6.776938 -9.435450 -4.948121 -7.004444 -14.857978 -19.721056 -5.277209 -12.238215 -9.917652 -14.021410 -12.274005 -11.194812 
-5.319206 -7.989292 -8.952284 -6.197937 -5.035493 -11.730447 -15.650387 -6.757176 -6.123129 -8.292055 -11.187945 -8.547903 -8.864186 -11.333502 -5.213250 -11.086115 -11.335827 -4.122987 -6.794597 -9.418756 -5.001550 -7.683540 -9.299255 -5.521008 -7.765639 -3.974217 -7.474163 -11.882885 -3.731560 -8.253378 -3.342021 -8.501906 -4.237385 -6.975284 -12.153844 -4.175090 -6.270367 -6.042723 
-4.174556 -2.461695 -8.299147 -14.199765 -4.340402 -10.676023 -7.918344 -8.797973 -6.162936 -9.521435 -11.368948 -9.618165 -3.837220 -6.668520 -5.319755 -3.491386 -11.514062 -3.217617 -6.896717 -4.609886 -11.506020 -10.201722 
-12.447630 -14.042441 -7.970477 -4.573679 -11.958715 -11.111125 -7.833676 -14.961174 -6.118344 -9.919049 -10.585268 -1.996340 -3.426860 -12.494296 -5.232581 -9.426618 -10.041659 -3.680273 -7.016126 -14.790396 -8.477723 -11.385391 -11.331069 -5.751915 -11.267880 -6.338420 -13.288276 -9.364925 -8.665551 -5.789281 -7.527531 -6.397049 -5.737224 
-5.663460 -9.846358 -9.276313 -4.594768 -11.022804 -6.047177 -7.577253 -11.451961 -6.072966 -9.727688 -5.500754 -2.720345 -3.629871 -2.656615 -5.453396 -8.060625 -9.739306 -7.312842 -6.978520 -7.895002 -17.899833 -9.786514 -14.017822 -9.672464 -4.819192 -1.773341 -11.005167 -4.802604 -13.644138 -7.986171 -11.136777 -4.675047 
-5.116836 -14.507369 -8.455186 -9.754406 -11.585471 -8.998579 -7.976266 -11.329181 -6.072966 -13.046692 -4.691824 -2.190425 -5.718229 -11.090778 -5.425832 -8.695619 -8.794122 -10.365975 -6.848928 -4.177004 -6.347964 -7.137115 
-4.657845 -10.479159 -7.205771 -8.568595 -11.053837 -8.581105 -7.699779 -11.242247 -5.931332 -8.977922 -14.419026 -3.308639 -6.747045 -9.264631 -4.934947 -9.524403 -9.649965 -3.594497 -6.856589 -5.711122 -5.046256 -13.186905 -7.416024 -4.798666 -7.810860 -4.621132 -6.175318 -6.695395 -3.787609 -9.293528 -9.624385 -12.116536 
-4.110298 -5.201338 -3.839024 -12.050183 -10.928220 -8.549877 -7.691504 -11.442147 -5.866651 -8.145970 -7.932132 -9.777478 -14.077256 -6.975461 -5.344012 -6.590539 -8.366928 -9.628779 -6.751362 -11.948951 -9.128607 -6.755470 -9.788324 -9.511275 -6.451038 -11.399536 -5.288483 -8.648333 
-10.500255 -1.618912 -3.797104 -12.246330 -10.897989 -8.108678 -7.656038 -10.295052 -5.866651 -4.346398 -8.256169 -9.740391 -6.217600 -8.866293 -5.423055 -16.640977 -12.379511 -9.783518 -6.892079 -6.208288 -9.053373 -6.500180 -6.905530 -10.356404 -18.353186 -4.152724 -2.972918 -9.506291 -13.246161 -12.540438 -12.433264 -4.525464 
-12.452760 -4.381411 -4.251677 -8.745430 -10.417686 -7.762424 -7.862616 -10.500917 -5.866651 -4.284316 -13.833366 -5.802675 -3.913400 -5.987659 -5.301163 -3.982239 -3.366722 -9.783518 -6.840586 -22.588932 -7.761595 -7.412063 -6.055410 -7.638493 -5.920226 -2.075576 -12.159069 -9.373671 -4.409912 -10.724914 -6.019231 -3.482974 -5.095172 -11.677961 -6.079744 -10.604932 -5.450723 -19.110299 
-11.347645 -12.066199 -10.488463 -11.844274 -11.132246 -8.418610 -7.664378 -10.454147 -5.866651 -4.971283 -3.940709 -7.909374 -11.656920 -9.917392 -5.301163 -12.606592 -14.877275 -9.693025 -6.840586 -7.836192 -8.929122 -8.908246 -3.917498 -11.996557 
-12.962979 -3.252149 -4.815935 -19.336444 -10.802841 -6.244446 -7.534873 -10.876985 -5.866651 -10.255601 -3.366225 -2.481242 -8.265083 -5.735810 -5.544971 -8.747671 -6.160436 -9.840903 -6.852755 -4.753524 -8.622845 -5.674617 -5.344877 -11.926082 -8.515976 -6.429877 -22.784531 -9.303263 -4.599341 -6.161311 -4.901981 -7.684775 -3.877520 -8.861479 -6.532949 -8.281656 -14.597439 -14.992850 -14.209204 -13.850407 -7.614173 -4.407709 -10.417897 -7.487520 -4.041645 -7.525345 -5.942690 
-2.454319 -8.155237 -12.218663 -7.446513 -11.734768 -7.753051 -10.612883 -10.814300 -5.856682 -7.352581 -2.655765 -12.684987 -8.307649 -3.905662 -5.386678 -3.834736 -11.175195 -9.840903 -7.302150 -7.508255 -7.868117 -1.375443 -13.345186 -15.388096 -9.191857 -4.632092 -9.107225 -11.854994 -5.831898 -13.482944 -5.800830 -8.578793 -5.144196 -8.448559 -4.072347 -9.426907 -6.069695 -3.077844 -11.451068 
-6.785364 -10.362457 -6.590026 -7.470745 -11.064122 -10.948690 -6.771997 -7.794039 -5.771314 -13.343794 -7.033586 -6.763009 -8.408786 -4.505796 -5.050977 -7.462183 -6.567476 -9.725141 -7.187617 -7.135320 -7.798226 -4.072608 -10.680793 -12.078696 -7.773160 -8.253655 -6.379400 -9.647850 -6.930747 -14.088464 -8.590667 -7.590426 -4.237295 -8.939675 -3.030318 -7.637283 -3.392858 -9.680071 -14.246223 -9.720002 -5.642485 -5.295579 -2.338508 -22.050444 -3.488577 
-7.302653 -9.030824 -5.339706 -5.086549 -10.825421 -11.097021 -9.021030 -6.390561 -5.771314 -4.914691 -4.159766 -10.439694 -8.407611 -9.051539 -5.141610 -6.797400 -7.330865 -9.651298 -7.060420 -8.272229 -9.922286 -6.370372 -8.010413 -1.752758 -8.185952 -2.147395 -7.501080 -5.027746 -5.841144 -6.088470 -12.047188 -12.546780 -8.765903 -13.720896 -4.179466 -12.291295 -8.668866 -7.464983 -8.462751 -14.407366 -5.098833 -9.023917 -2.531585 -4.595804 
-7.974424 -6.466272 -7.837653 -3.182637 -10.690431 -4.816299 -7.649219 -12.150557 -5.771314 -4.121218 -11.845667 -4.787213 -7.342780 -11.539392 -5.141610 -6.299778 -8.679522 -9.581349 -6.943197 -2.422305 -10.159206 -7.220353 -5.949487 -7.702828 -10.763146 -2.636133 -5.059919 -8.789609 -5.991016 -6.150724 -10.932210 -7.056827 -18.301574 -5.341008 -4.528191 -11.526704 -11.081879 -12.833987 -9.304899 -9.822245 -15.743380 -22.438440 -12.401392 -13.100241 -11.120475 -9.007306 -11.517393 -9.862825 -8.546073 
-4.346633 -8.957285 -6.569101 -9.054235 -11.622191 -6.711645 -6.312283 -3.892599 -5.723822 -3.205481 -6.923314 -1.284361 -7.016427 -11.155710 -5.185995 -2.210730 -7.903330 -9.897885 -6.621548 -14.594598 -8.358991 -7.216591 -7.441069 -6.320510 -5.011506 -2.571410 -14.669222 -11.268787 -7.671819 -7.753327 -12.920295 -8.481556 -12.258192 -4.663579 -4.840981 -11.518677 -11.235374 -14.012666 -5.128482 -5.834690 -4.435499 -7.208403 -7.254476 -14.610503 -3.415378 -11.435468 -11.760990 
-4.220827 -8.729768 -3.021157 -15.424849 -9.620456 -6.864914 -4.660321 -4.612387 -5.696013 -4.388117 -3.708356 -11.361991 -5.952430 -1.563516 -5.432408 -9.668349 -5.732324 -9.650216 -5.697879 -9.179880 -3.671685 -3.667017 -12.053282 -8.430546 -12.785037 -2.635041 -12.149317 -12.487626 -9.917348 -9.526367 -4.737271 -10.464854 
-9.414633 -8.909787 -5.415965 -1.783743 -9.284574 -7.057754 -8.959521 -2.686740 -5.696013 -5.579790 -5.642474 -11.631095 -3.967722 -3.894012 -5.297942 -6.825093 -3.801844 -7.062599 -13.298301 -9.248542 -6.085016 -4.440964 -10.840668 -8.339972 -11.514393 -13.244981 -8.029435 -6.481281 -6.752656 -9.143937 -11.808707 -7.513371 -6.686131 -5.797147 -7.031396 -3.821603 
-9.528211 -8.738282 -7.262843 -3.878382 -10.004665 -7.397287 -14.103617 -0.878454 -5.696013 -5.180649 -12.947528 -11.170332 -6.109973 -6.613241 -5.297942 -8.940706 -2.507372 -12.731729 -12.265762 -9.248542 -6.457941 -5.988542 -11.140369 -9.113441 -8.434411 -12.823582 -6.223401 -3.557651 -3.890416 -7.785666 -11.067629 -8.611786 -5.611196 -4.642293 -5.897054 -22.785364 
-12.863621 -8.558593 -4.602296 -4.213559 -11.181226 -6.535199 -3.851160 -12.758383 -5.695428 -5.224587 -14.999527 -11.624372 -12.132744 -6.440365 -5.294486 -6.509753 -13.357698 -5.185808 -4.548734 -5.769043 -6.465286 -18.679569 -10.218110 -5.922822 -10.052484 -10.124184 -7.931721 -8.853082 -11.173242 -8.586422 -6.867996 -7.962486 -6.687259 -9.689716 -9.003067 -9.295787 -4.589604 -1.304642 -3.805564 -13.962504 -2.238425 -5.223752 -14.020876 -21.752510 -5.939994 -3.942177 -13.667210 -3.823407 -7.738560 -11.822337 
-11.850328 -8.266731 -6.810896 -3.720709 -11.440148 -8.049313 -9.664051 -7.776805 -5.695428 -7.962784 -8.755013 -11.233946 -1.790782 -4.257913 -5.139775 -3.983885 -5.202167 -5.512311 -12.822534 -5.449511 -4.822314 -4.414717 -15.680552 -7.140370 -3.018033 -10.192162 -20.873488 -8.634810 -10.641911 -6.597544 -15.038989 -14.557716 -4.289396 -9.252053 -12.417302 -11.507252 -6.826337 -12.255558 -5.673311 
-9.386347 -8.590955 -4.541461 -3.228171 -10.730585 -4.276991 -9.085104 -6.403571 -5.695428 -10.831570 -10.299537 -5.700237 -9.285071 -11.830411 -5.231661 -6.285483 -8.144856 -5.137533 -7.217215 -3.987563 -7.650285 -6.980353 -16.751654 -5.395127 -8.205429 -9.928552 -2.870523 -2.060517 -9.373189 -4.240733 -8.641963 -22.734203 
-12.859777 -8.549435 -15.102880 -6.213279 -10.620906 -4.698576 -9.304185 -7.682877 -5.781719 -5.721314 -11.941802 -5.238956 -6.676263 -11.764504 -5.231661 -5.714293 -8.974486 -9.440390 -8.536652 -5.378039 -8.959559 -5.014225 -7.971333 -4.779305 -2.518987 -11.888592 -6.490332 -9.771299 -7.198145 -12.909200 -13.345639 -12.382384 -4.662147 -9.448888 -4.500436 -10.056402 -4.262137 -13.208403 -7.490580 -9.956549 -12.931794 -5.596316 -4.007690 -11.881646 -5.674560 -11.987017 
-5.719957 -8.745834 -9.050820 -10.888570 -10.072208 -5.681177 -9.787332 -9.517675 -5.774647 -5.147990 -6.152481 -5.238956 -5.547085 -11.040305 -6.431532 -6.196539 -12.194039 -10.055532 -9.706970 -7.246547 -3.210185 -10.523086 -8.488483 -5.678938 -1.978146 -10.779072 -3.828193 -7.858964 -4.497709 
-6.837904 -9.292854 -9.793213 -10.605774 -9.425143 -5.032584 -9.403469 -5.765345 -5.866943 -5.519647 -5.633084 -4.623783 -4.568886 -11.585372 -3.529459 -5.333355 -9.447214 -1.315607 -11.939094 -4.694590 -2.977220 -5.935073 -5.095810 -8.586148 -5.187796 
-7.350944 -9.292854 -10.123974 -10.511743 -6.674054 -5.474294 -9.403469 -9.055926 -5.866943 -5.389662 -6.310595 -7.437537 -7.858768 -11.829425 -11.108389 -6.569990 -6.480137 -3.770740 -6.876377 -6.899379 -2.432057 -6.921707 -7.807979 -13.521551 -12.217165 -9.164016 -9.861449 -8.001021 -7.360137 -6.762251 -5.222846 -6.152767 -12.248427 -13.731227 -3.980303 -9.412753 -9.224214 
-7.309263 -9.303506 -10.382503 -10.481910 -12.009336 -5.675670 -9.423194 -12.256227 -5.740877 -5.389662 -5.859250 -5.931567 -6.580976 -11.756689 -10.134413 -7.369066 -4.628552 -10.321253 -8.367555 -12.601833 -2.918186 -12.922388 
-6.424896 -8.956521 -8.272953 -11.681935 -11.595711 -6.231489 -9.423194 -6.858010 -5.835871 -5.237912 -6.061266 -8.582866 -7.125421 -11.135167 -8.696489 -8.491002 -4.427939 -12.841144 -10.764388 -6.342290 -12.540891 -5.756231 -6.685213 -8.403969 -10.662095 -6.389055 -7.475210 -6.343094 -5.170561 -12.811681 -9.445100 
-6.709912 -8.899500 -8.360424 -11.083612 -9.534134 -5.254922 -9.411469 -7.641890 -5.851137 -4.878471 -6.384618 -7.449887 -5.078744 -8.757602 -10.879651 -9.735044 -2.846047 -10.031550 -12.063366 -5.558523 -8.226147 -11.568390 -4.590621 -7.897058 -5.456686 -8.424619 -11.853533 -6.132112 -5.498575 -7.123146 -6.799134 
-6.195480 -8.550952 -11.872834 -10.580807 -9.115318 -6.860343 -9.536352 -7.564846 -5.851137 -4.758451 -6.506372 -3.790392 -11.218653 -7.705620 -11.031804 -12.286894 -3.455887 -11.081938 -11.046110 -14.441212 -6.399718 -10.404020 -7.268897 -14.667658 -4.389046 -1.956971 -7.932656 -15.299103 -7.801507 -10.009666 -8.937712 -5.515017 -7.300986 -2.786661 -9.338910 -10.822295 -8.664803 -6.589139 -11.856486 -6.786716 -4.378157 -12.498317 -9.548798 
-4.554318 -8.293032 -14.241934 -7.786952 -9.121010 -9.645034 -9.622314 -8.239574 -5.935988 -5.257225 -6.442816 -6.767082 -7.967209 -7.186740 -10.927841 -4.411959 -4.582175 -11.703170 -9.237793 -11.026900 -13.465246 -7.544433 -12.661595 -7.495792 -12.191723 -11.568028 -7.795705 -9.300753 -2.831163 -1.673366 -5.856688 -4.860127 -3.796160 -6.119773 -7.540802 -6.861702 -13.245250 -14.183781 -10.827242 -6.290145 -5.012514 -8.653283 -8.856476 -8.524188 -5.542603 -10.325710 -3.827737 -12.508732 -14.007198 -3.831236 -12.767262 
-10.851466 -8.136816 -8.925749 -8.006211 -5.971573 -9.695380 -9.916719 -7.475393 -7.447104 -4.998841 -6.382043 -14.518611 -7.773836 -11.939312 -11.209839 -5.398682 -7.773189 -9.513481 -4.895407 -7.684359 -11.666509 -21.120539 -6.999046 -5.552761 -11.593878 -11.572695 -8.055149 -11.824140 -8.285448 -5.173502 -6.799567 -4.850392 
-5.760907 -8.423048 -3.139794 -13.956453 -5.982145 -8.417949 -10.427253 -7.371742 -7.502144 -5.241478 -6.774142 -10.969353 -10.277132 -7.422405 -10.823251 -6.902523 -9.094408 -11.925574 -6.556916 -4.881530 -12.545461 -13.338889 -7.145888 -6.943147 -10.395676 -6.548135 -6.467599 -6.646816 -6.743368 -14.496238 -4.189576 -5.727344 -7.038553 -2.560843 -4.866735 
-7.548574 -8.543354 -10.128566 -7.838416 -5.906593 -11.017004 -10.353296 -8.236301 -13.085581 -5.370331 -9.997556 -9.823075 -8.945311 -8.482122 -10.806656 -6.906933 -6.486778 -9.137119 -7.310352 -8.732368 -6.535517 -9.817365 -3.655667 -4.983902 -10.147287 -3.825938 -6.661295 -12.098728 -8.974038 -4.715721 -6.910124 -8.422479 -5.035116 
-7.010716 -8.414836 -7.982883 -14.598946 -5.988702 -4.597841 -9.858242 -8.319691 -5.824237 -5.399322 -6.467152 -5.703007 -14.122244 -11.419815 -10.730315 -6.945328 -6.036785 -9.609998 -7.505694 -8.611866 -7.122862 -15.283440 -7.381915 -7.854363 -11.153278 -12.195879 -7.655198 -10.034620 -8.534087 -22.789614 -6.211125 -8.372585 -13.812239 -14.148165 -11.760017 -7.377493 
-8.462126 -8.995785 -13.738266 -10.786292 -5.977362 -22.220934 -9.715673 -6.894701 -3.921786 -4.960745 -6.220071 -11.387103 -7.010315 -12.407033 -12.289987 -7.023934 -6.362967 -4.370098 -8.387269 -3.585784 -8.837087 -3.802892 -5.640050 -6.693221 -10.564861 -10.011927 -9.241900 -8.751284 -11.954015 -15.089390 -6.923116 -11.344324 -10.179919 -7.506288 -6.940207 -7.775028 -15.113277 -10.793295 -9.443395 -6.558333 -10.468324 -10.221806 -5.334348 
-4.474398 -8.787573 -6.590490 -6.515815 -5.928339 -7.767708 -8.620720 -11.738097 -7.309209 -5.261011 -7.766417 -11.914772 -3.747243 -8.221522 -6.155331 -7.006328 -6.298437 -4.302971 -7.622363 -7.950242 -9.100822 -11.503738 -7.246248 -7.866204 -12.700968 -7.137130 
-5.799966 -8.837799 -7.305528 -13.274862 -5.928339 -7.924228 -10.131927 -6.328048 -6.481919 -5.286259 -7.049729 -11.768244 -9.693232 -7.290346 -6.931635 -6.173749 -6.284623 -3.752227 -7.585733 -8.076578 -9.100822 -10.046719 -7.010933 -7.314814 -8.758771 -11.231260 -5.779220 -11.576600 -8.451391 -8.234916 -8.469749 -7.013070 -9.980433 -6.721649 
-6.348025 -8.930545 -6.663643 -4.283132 -5.888063 -7.534990 -5.698870 -5.027003 -2.148285 -5.311481 -2.484203 -11.983863 -10.603950 -6.914328 -9.326496 -6.173749 -5.494213 -4.096800 -10.318272 -8.587224 -9.100822 -11.235724 -8.596193 -7.526892 -4.837466 -9.380083 -5.259897 -13.045854 -7.165820 -8.681599 -6.120800 -6.186615 -6.433648 -7.051301 -6.804030 -5.605051 
-7.691093 -8.930545 -6.690593 -8.415272 -5.888063 -7.123240 -2.437530 -6.958281 -7.644991 -5.197265 -3.312643 -11.733345 -12.001324 -11.369246 -6.944106 -13.637373 -3.065174 -12.192914 -8.288900 -8.372162 -9.199176 -11.540066 -9.128496 -8.310291 -11.492972 -9.459376 -8.882834 -11.196832 -8.136583 -1.545256 -5.109343 -9.945531 -12.454620 -11.870858 -2.897182 
-12.135727 -8.930545 -6.690593 -8.536455 -5.888063 -9.396875 -7.359769 -5.283255 -21.120958 -5.542952 -14.224770 -11.723309 -3.473546 -9.847893 -1.571164 -4.696332 -2.038444 -5.707005 -9.117600 -7.969747 -9.199176 -11.743574 -10.301803 -8.115215 -10.093593 -11.299645 -2.728640 -10.659780 -4.149441 -5.186751 -8.533136 -10.699525 -9.241212 -22.248556 -11.828676 -7.847296 -3.791285 -2.297018 -10.092308 -10.209379 -10.376080 -1.781932 -12.412211 -8.262102 
-8.046995 -8.649808 -3.860239 -8.283724 -5.888063 -8.942523 -4.950622 -11.258124 -7.113908 -5.268319 -6.190075 -6.357776 -9.054578 -9.977783 -8.747200 -4.267421 -6.357028 -4.146346 -9.275060 -21.782934 -4.681436 -10.573188 -4.818423 -4.387078 -6.351798 -5.997541 -2.080417 -9.509455 -8.527861 -5.606224 -11.359699 -7.667184 -5.496988 -9.500051 -9.807969 -7.484365 -7.926965 -13.185215 
-8.419602 -8.167427 -8.051983 -14.673951 -5.785781 -4.857014 -4.725140 -9.597201 -4.942341 -4.784665 -13.483742 -6.466712 -4.652465 -11.604175 -6.614592 -2.636812 -7.187672 -12.533231 -9.281060 -14.765523 -11.324214 -9.859975 -3.377113 -5.780975 -9.192396 -5.921773 -2.405092 -9.524885 -7.438473 -10.692171 -17.907566 -7.261159 -6.581860 -5.710760 -7.479141 -3.805385 
-4.109564 -8.265320 -8.336914 -7.435928 -5.839485 -5.353046 -8.306198 -8.396609 -5.444862 -4.875656 -17.209824 -6.021008 -8.441168 -11.257680 -22.417670 -2.765814 -7.208057 -1.482952 -11.730960 -4.591876 -9.863319 -10.264954 -6.319139 -5.402360 -9.437789 -6.145470 -2.876492 -9.524885 -14.024217 
-4.439093 -7.967361 -12.560352 -7.291227 -5.839485 -8.157326 -3.344456 -7.967406 -6.752687 -4.875656 -6.509700 -5.784229 -8.107446 -9.285997 -11.723117 -11.177487 -12.292774 -6.219051 -11.238945 -8.741182 -9.946015 -5.067216 -3.672023 -5.273507 -10.015406 -5.805564 -3.165453 -9.762206 -8.928808 -10.616727 -7.262170 -10.806689 -6.963943 -14.523599 -13.505398 -14.934836 -3.146026 -7.638236 -4.553395 
-9.286538 -8.175155 -7.673760 -9.367561 -5.839485 -12.273778 -4.244134 -7.593850 -5.221743 -4.716339 -7.676003 -4.666161 -5.465005 -8.422650 -10.966770 -5.675479 -8.051570 -9.884915 -7.149102 -8.616529 -9.946015 -9.521872 -6.473403 -13.530839 -5.564789 -5.895567 -3.697603 -9.762206 -3.465455 -6.664306 -6.595729 -6.148071 -4.590789 -5.654501 -3.122817 
-11.840114 -8.271350 -3.418471 -14.963657 -5.806569 -2.883679 -7.715544 -7.295894 -7.961741 -5.252774 -4.466422 -14.101370 -10.276863 -9.599589 -5.389137 -4.662150 -13.634679 -10.061612 -15.739706 -15.717736 -10.262664 -8.798155 -4.525353 -8.731275 -6.614085 -6.152357 -8.989016 -7.061222 -10.453010 
-6.137296 -12.137036 -3.753105 -9.698351 -5.786441 -2.447564 -7.221552 -8.291921 -6.209171 -4.576236 -7.789028 -6.252449 -4.513637 -9.483889 -2.779003 -5.148825 -6.499068 -9.862421 -8.674184 -7.265763 -10.765023 -12.703838 -4.283389 -14.062826 -5.249412 -13.249800 -7.924865 -10.466112 -5.495547 -8.529843 -6.728009 
-6.815957 -9.632007 -10.086241 -5.528385 -5.710612 -1.710114 -11.624618 -8.646520 -7.114578 -5.495619 -5.291997 -4.778603 -4.871269 -9.072645 -8.747824 -4.900288 -7.285980 -10.470431 -8.280757 -8.773030 -10.330230 -6.462075 -9.340661 -9.067105 -10.909103 -11.778088 -6.116517 
-7.702645 -6.470314 -4.912713 -5.426363 -5.692555 -11.729744 -4.619166 -11.661146 -3.735115 -5.495619 -10.794791 -4.681515 -14.716658 -9.259419 -7.916982 -7.078807 -9.065862 -7.968757 -8.166318 -6.123422 -12.779930 -8.062882 -3.979522 -5.101363 -11.704772 -5.476824 -11.910697 -14.262174 -13.137090 -11.869429 -5.585893 -11.820508 -6.403611 
-9.736703 -8.223718 -4.889671 -10.769921 -5.598459 -11.632261 -5.201375 -12.923241 -8.062113 -5.495619 -20.346202 -1.810743 -8.325567 -9.380505 -7.889625 -5.185794 -5.689774 -11.181898 -8.534462 -14.517204 -1.972546 -6.828099 -2.860624 -12.376706 -3.422279 -1.802435 -6.026929 -4.069864 -13.258004 -6.387274 -2.207313 -13.991455 -13.422068 -6.798000 
-11.348125 -14.321481 -5.901318 -4.154711 -5.598459 -11.200652 -4.549112 -4.881848 -7.832189 -5.495619 -7.651681 -4.767727 -4.706576 -9.110671 -5.347184 -4.208382 -5.948661 -12.119901 -8.827102 -7.945336 -2.911247 -7.168353 -8.116851 -14.196859 -7.548677 -5.473577 -6.720779 -6.372291 -9.811780 -4.573048 -9.137168 -10.023443 -10.673652 -10.633249 
