-51.107767 -50.070506 -63.756184 -58.536547 -56.901456 -53.682618 -58.519263 -68.130753 -68.722994 -67.925642 -57.061885 -67.640011 -52.927254 -59.459363 -56.352325 -56.910068 -68.818885 -69.168824 -53.804732 -56.476658 -67.917170 -68.460332 -48.058083 -56.482644 
-57.110825 -57.378772 -64.538853 -58.536547 -56.901456 -55.454280 -49.662332 -68.388928 -68.816185 -67.925642 -57.299420 -51.153278 -55.692082 -62.008685 -56.352325 -48.644690 -68.818885 -69.168824 -55.740789 -56.476658 -51.158039 -55.634646 
-57.646278 -58.973008 -64.538853 -58.536547 -56.901456 -58.240284 -50.322869 -56.470699 -68.816185 -67.925642 -57.299420 -56.051859 -54.932623 -67.741936 -56.317755 -46.721510 -69.038722 -69.168824 -50.318122 -67.648858 -61.533304 -53.124594 -55.374174 -61.716195 -52.196464 -52.966478 -49.505536 
-66.545716 -61.440728 -48.973673 -58.770428 -56.901456 -62.863062 -51.997319 -54.308076 -68.816185 -64.351270 -57.299420 -64.364119 -55.013690 -56.766729 -56.317755 -46.183824 -69.295271 -69.168824 -60.507321 -54.971525 -58.375732 -53.049437 -54.812921 -60.088650 -59.691632 -52.898608 -58.447171 -67.735438 -69.070323 
-67.704732 -69.523034 -53.082113 -58.770428 -56.808692 -68.678795 -52.489198 -57.558784 -45.920781 -64.769666 -57.540061 -50.264782 -56.576883 -56.724955 -56.315657 -53.809368 -59.890617 -74.660345 -58.015760 -50.716673 -68.685615 -52.835189 -54.245224 -61.152655 -62.306576 -52.019261 -52.564286 -45.835778 -40.349453 -48.655944 
-67.063789 -61.545953 -48.477467 -58.770428 -56.808692 -71.463299 -69.366618 -57.577789 -37.141241 -62.698399 -57.540061 -48.521650 -47.675823 -57.877741 -56.315657 -47.975703 -52.945761 -75.572626 -58.015760 -39.986092 -53.773410 -52.692542 -54.245224 -60.894342 -63.360473 -61.279779 -66.001612 
-67.105974 -64.835064 -52.109759 -58.770428 -56.808692 -71.463299 -69.479713 -57.577789 -36.334246 -63.205217 -57.540061 -63.106015 -55.747512 -50.765960 -69.125453 -66.951321 -47.707601 -75.403745 -69.512847 -39.727805 -52.831636 -53.711107 -54.245224 -56.072158 -49.250007 -60.020071 -60.873630 -66.754947 -50.882020 -58.803465 -49.838803 -62.426713 -61.454193 -48.657570 -55.893801 -54.075903 
-62.027115 -55.175013 -53.057581 -58.770428 -56.808692 -69.650582 -69.560137 -57.577789 -50.313277 -63.659439 -57.540061 -61.491070 -67.594135 -53.310462 -67.920567 -60.791020 -39.621684 -74.515390 -62.142322 -56.246583 -52.804721 -52.855039 -54.403312 -55.676494 -60.995132 -38.982623 -56.218116 -66.718283 -53.118991 -58.561547 -55.620059 -68.406151 -42.181456 -53.005750 
-67.207498 -53.635063 -58.206544 -58.770428 -56.808692 -70.186639 -69.560137 -57.577789 -49.584905 -64.464767 -57.540061 -63.040056 -63.600019 -49.065926 -63.653795 -48.321844 -39.529858 -74.515390 -60.960759 -55.994236 -63.898771 -65.311297 -53.496848 -55.676494 -52.896948 -41.670354 -50.045755 -66.258865 -47.741006 -56.300563 -50.704686 -66.536612 -57.753738 -67.623367 -63.118077 -66.846489 -56.337234 -70.053610 -49.774118 -57.799616 -67.887406 -63.058702 -59.802443 -68.265684 -58.772804 
-67.150718 -54.281751 -48.926502 -58.770428 -56.808692 -69.781853 -61.046085 -57.577789 -48.480901 -60.016339 -57.540061 -54.262143 -70.053610 -67.274852 -52.885227 -45.941547 -51.378125 -74.639157 -51.070993 -48.649774 -63.909454 -64.261936 -58.911991 -57.595458 -53.259144 -62.563329 -69.067212 -63.014783 -50.665945 -56.300563 -62.346735 -41.465465 -50.312392 -66.314138 -38.196586 -51.897057 -63.543805 -45.415755 -50.812705 -56.379292 -56.345018 
