-54.200040 -69.949866 -57.342743 -59.203342 -56.431733 -49.076300 -54.123725 -39.150168 -74.792120 -57.901120 -56.690814 -66.974083 -68.957323 -54.155728 -52.703073 -57.039477 -60.906805 -55.138394 -67.944325 -54.799216 -70.727324 -46.551373 -59.894092 -51.835227 -65.781295 -70.285640 -49.645117 -40.841654 -55.261521 -48.869350 -51.912538 -47.755543 -50.270388 -36.322105 -46.806828 
-68.095329 -58.825589 -56.433891 -58.979196 -56.431733 -46.569139 -61.367353 -39.790661 -74.071457 -57.702697 -56.690814 -67.894141 -69.638678 -44.631584 -47.853359 -57.039477 -59.750593 -55.138394 -66.782309 -54.799216 -70.742307 -55.043098 -59.894092 -51.835227 -63.800154 -65.866201 -47.521094 -35.676670 -54.604008 -53.054973 -51.912538 -65.783665 -58.650673 -51.044457 -58.607006 -39.280744 -42.861940 -72.246995 -49.990079 -67.072486 -57.904943 -45.835515 -46.726810 -48.061743 
-41.057208 -38.159951 -56.241658 -58.979196 -56.431733 -48.743209 -55.122235 -75.528753 -73.705870 -58.381097 -56.690814 -66.421722 -68.754074 -51.050151 -49.216707 -57.039477 -62.255158 -54.951641 -66.447203 -55.270067 -70.210392 -54.234839 -59.894092 -51.835227 -40.142189 -48.843468 -60.449113 -36.633354 -54.604008 -50.997243 -52.065654 -48.316256 -60.177990 -59.915827 -56.548010 -43.039729 -64.670203 -69.408534 -51.736520 -48.633934 -60.599975 -60.499509 -64.969565 -55.577449 -47.213654 -66.666891 
-54.493414 -38.870301 -53.173670 -58.979196 -56.431733 -35.801528 -46.586258 -46.950950 -73.961881 -58.266208 -56.690814 -42.025592 -68.701311 -51.221268 -49.555578 -57.039477 -62.636592 -54.951641 -66.447203 -55.270067 -70.210392 -69.673003 -59.390722 -60.319695 -40.114649 -50.458352 -61.659692 -58.562918 -54.200300 -61.528912 -52.065654 -65.533159 -64.040007 -67.336072 -52.865942 -60.100466 -39.590284 -51.095939 -59.839008 
-53.334364 -71.024979 -55.843378 -58.979196 -56.431733 -37.321742 -38.036795 -50.424080 -73.961881 -43.089835 -56.690814 -54.322062 -69.675706 -52.354414 -66.529697 -57.039477 -51.864786 -55.220342 -65.818334 -54.829901 -70.454756 -55.597804 -59.141453 -73.362592 -60.477957 -61.880425 -58.647668 -49.830936 -54.136390 -61.249065 -36.887732 -55.308748 -63.526142 -60.262940 
-51.305813 -70.919033 -62.688304 -59.541330 -56.567199 -59.095971 -38.022062 -54.802818 -74.475312 -51.191150 -56.690814 -55.844617 -69.453759 -50.908507 -52.477710 -57.039477 -53.406260 -55.220342 -65.494737 -54.829901 -70.167607 -43.134455 -59.141453 -58.229800 -61.172753 -37.563128 -52.894547 -50.554660 -56.153876 -61.009584 -36.011234 -55.713288 -46.192716 -69.874512 -51.299812 -60.303931 -59.604987 -46.190723 -49.006706 -60.985335 -59.538589 -37.629864 -54.969137 -63.973604 -46.278642 -45.648225 
-58.925158 -55.397491 -66.825238 -59.541330 -56.567199 -55.071747 -39.169767 -54.802818 -74.475312 -53.283587 -56.690814 -55.400346 -68.670846 -50.908507 -53.324027 -57.039477 -38.888056 -47.983464 -65.636731 -53.928972 -70.489716 -55.549936 -59.141453 -64.992725 -51.032528 -45.188626 -52.643525 -37.181640 -60.718100 -54.955874 -36.011234 -60.520314 -59.714759 -69.859390 -55.143180 -52.741703 -42.623977 -49.920305 -47.696001 -56.338064 
-57.962440 -67.018892 -59.873013 -59.541330 -56.567199 -55.895421 -38.983531 -54.184092 -74.475312 -53.591458 -56.690814 -59.530326 -68.638298 -49.538214 -53.881160 -57.039477 -56.559876 -56.010919 -65.636731 -53.966235 -70.431564 -55.739862 -59.141453 -64.992725 -54.535968 -49.884439 -54.867928 -47.972742 -47.978745 -49.724470 -36.745320 -60.955807 -60.136807 -70.763258 -37.823399 -69.438051 -58.429677 -50.651703 -54.137289 -49.935945 -59.424868 -47.528283 -47.859766 -41.614922 -59.912533 -46.546635 -69.198280 -56.755100 
-53.538884 -62.872772 -47.286846 -59.541330 -56.567199 -55.334449 -38.983531 -51.593753 -72.620297 -50.445143 -56.690814 -62.641175 -67.933099 -38.036780 -54.104276 -57.039477 -48.090863 -47.329415 -65.070064 -54.140789 -70.431564 -56.209138 -59.141453 -66.426154 -50.616304 -62.385071 -65.931471 -65.374225 -68.239555 -60.847757 -62.119578 -55.832043 -49.504686 -61.948789 -59.277964 -53.074174 -38.852061 -50.028485 -59.558190 -51.316200 -70.753443 -51.395521 -47.115736 -62.013062 -58.181581 -49.442674 -48.248942 -59.934672 -53.647130 -43.112722 -51.536548 
-53.852337 -63.886561 -49.411380 -50.398552 -56.567199 -55.334449 -49.512062 -57.004297 -74.425802 -55.276357 -56.690814 -48.463625 -67.933099 -51.449995 -54.824870 -57.039477 -52.502394 -50.537495 -64.662277 -53.821888 -67.469741 -59.347216 -59.042998 -70.420663 -53.154113 -49.290085 -62.105614 -70.865836 -58.689928 -65.817237 -42.811303 -56.482736 -62.153926 -59.055683 -59.411813 -39.316489 -61.084133 
-53.331458 -62.961991 -51.949173 -38.145003 -56.567199 -55.334449 -55.094199 -58.010700 -72.924099 -55.172664 -56.690814 -68.116882 -67.611559 -52.851974 -52.877625 -57.039477 -70.743864 -54.142304 -64.662277 -52.621360 -64.322819 -36.150986 -59.042998 -70.420663 -54.819321 -47.135611 -61.666397 -70.669251 -75.116740 -66.009817 -37.097043 -55.872715 -63.167762 -68.721692 -59.411813 -46.519166 -74.475522 -70.078847 -66.934000 -70.523772 -74.216850 -53.070606 -62.860124 -51.058941 -56.348476 
-55.471781 -63.062650 -57.322369 -38.145003 -56.567199 -55.124657 -56.243347 -58.634064 -70.828447 -55.908820 -56.690814 -36.030966 -54.362773 -50.883609 -53.530087 -57.039477 -51.202030 -68.360614 -64.725708 -69.115139 -55.372346 -37.746032 -59.042998 -68.529959 -49.867390 -70.850614 -48.326391 -70.669251 -72.979096 -66.456935 -64.132726 -59.865378 -61.787228 -49.735832 -59.537457 -72.107777 -68.341932 -68.378587 -61.486932 -67.938146 -53.536292 -51.371937 -42.278264 -69.543350 -52.913904 -41.043889 -49.400638 
-54.760982 -63.892124 -57.471608 -38.145003 -56.567199 -56.668699 -55.857922 -57.858450 -71.167983 -56.180179 -56.690814 -42.796798 -71.227064 -61.705907 -46.869816 -57.039477 -52.522269 -68.360614 -66.025781 -60.154790 -51.782232 -36.688415 -60.239676 -58.269980 -54.019853 -62.277150 -50.990531 -70.507925 -72.979096 -61.536699 -56.376172 -48.483990 -61.215638 -69.532493 -68.010021 -57.764885 -67.960471 -68.378587 -64.303143 
-53.522642 -63.387941 -41.867125 -59.046582 -56.567199 -36.083297 -56.580082 -66.022412 -72.350123 -65.412093 -56.690814 -53.272414 -55.308024 -51.704876 -68.221037 -57.039477 -53.013365 -58.628915 -64.503651 -51.832764 -49.662462 -58.864216 -62.000182 -57.819331 -50.756027 -69.662104 -55.072813 -70.288358 -57.089264 -49.121022 -62.617528 -47.858516 -61.855618 -39.544487 -68.010021 -57.764885 -69.350242 -55.353968 -70.764924 -63.476334 -59.512985 -53.434160 -41.516278 -51.836871 -61.005942 -39.310647 -71.546932 -60.431966 -56.908512 -57.164856 
-53.522642 -57.554753 -56.207343 -58.652710 -56.567199 -61.668191 -72.203976 -66.274505 -72.579614 -50.883377 -56.690814 -52.973360 -53.930666 -51.704876 -68.768506 -57.039477 -62.548342 -62.355565 -64.195715 -54.528949 -52.971263 -46.846697 -61.932133 -55.957002 -54.575675 -52.122141 -55.072813 -70.288358 -63.158213 -56.038197 -58.296363 -63.546764 -64.158314 -39.586100 -67.508614 -57.764885 -39.109131 -55.408901 -71.513200 -59.666762 -62.560598 
-54.623199 -70.956903 -60.398524 -57.772245 -56.567199 -40.106742 -65.300064 -64.628933 -73.785322 -59.600643 -56.690814 -57.482735 -62.412640 -55.099098 -70.814162 -57.039477 -61.813973 -69.739222 -65.115423 -54.764696 -52.971263 -49.501633 -56.067791 -56.214903 -50.418498 -52.874118 -55.072813 -48.252615 -64.017737 -55.885620 -69.219889 -62.593976 -68.498429 -68.048684 -57.402656 -57.764885 -39.109131 -39.274104 -68.633869 -67.627232 -60.688689 -56.105690 -53.015718 -63.445846 -54.401978 -61.066319 -61.161808 -73.508507 -43.734228 -46.207310 
-53.487268 -71.194228 -53.317829 -61.493516 -56.567199 -61.924273 -55.943859 -52.018422 -74.657081 -69.802101 -56.690814 -63.700348 -53.646215 -53.904718 -69.462852 -57.039477 -57.723338 -47.238727 -65.618387 -56.416747 -60.161433 -41.378725 -55.847896 -56.214903 -67.627232 -50.777495 -49.089705 -56.094069 -53.116823 -55.834240 -61.061135 -42.518820 -49.117104 -57.753000 -46.819469 -57.764885 -40.088609 -60.175009 -55.248122 -68.848286 -50.549548 
-53.325088 -70.835158 -40.661878 -46.936085 -56.567199 -62.966765 -55.203900 -50.507680 -74.657081 -67.484639 -56.690814 -63.700348 -60.080632 -53.346423 -69.333609 -57.039477 -58.485855 -57.764885 -64.691959 -56.056852 -46.855416 -45.893973 -50.194696 -51.574459 -56.136403 -56.916752 -59.963458 -43.330715 -54.119807 -55.368178 -67.245863 -58.579183 -58.775567 -59.974161 -39.644768 -68.596618 -69.226746 -49.846846 -69.357429 -36.714716 -57.557411 -55.859318 -41.272324 
-53.246426 -52.428185 -40.661878 -61.454087 -56.567199 -67.751867 -55.320727 -50.554377 -74.657081 -68.247177 -56.690814 -63.982129 -56.997832 -51.260116 -70.470459 -57.039477 -45.868679 -57.764885 -65.591748 -43.683201 -52.101184 -46.269588 -52.943498 -55.993281 -41.288293 -56.916752 -53.099113 -50.575367 -51.732991 -55.368178 -70.612913 -51.521526 -57.560310 -57.039841 -42.354245 -50.570494 -67.414717 -55.693177 -61.072240 -35.249697 -64.516400 -66.433474 -60.805176 -50.256667 -59.010956 
-55.603741 -52.065902 -39.142134 -61.794713 -56.567199 -67.126637 -55.320727 -41.986262 -73.430007 -52.058432 -56.690814 -63.013938 -58.052999 -52.140918 -41.509692 -57.039477 -49.571312 -57.764885 -63.780852 -53.310346 -50.156391 -47.467156 -60.809378 -62.263824 -59.741894 -56.916752 -54.390821 -38.139226 -51.528085 -55.309114 -71.134595 -51.948884 -54.983020 -52.728729 -66.213486 -64.655798 -62.821115 -70.133950 -47.331686 -35.918504 -70.181943 -51.586746 -48.599349 -58.154635 -61.259357 -58.512944 -68.512401 -45.890423 -65.252390 -69.313243 -53.277611 -56.563380 -61.686473 -60.321777 
-54.189390 -55.822001 -39.808237 -61.391480 -56.567199 -65.673452 -55.320727 -47.650395 -73.172856 -50.563956 -56.690814 -63.657132 -62.038684 -65.052946 -48.562977 -56.713506 -55.640315 -58.993341 -64.030237 -50.604931 -59.173272 -42.180510 -39.801182 -60.682613 -56.791939 -56.916752 -53.311319 -49.231464 -57.137854 -48.961773 -71.134595 -63.068525 -70.110528 -51.293033 -44.372451 -57.170253 -58.243439 -39.197247 -52.781326 -36.484939 -71.018335 -66.466912 -51.120107 -47.768789 
-53.547223 -55.822001 -61.837255 -61.606363 -56.567199 -52.200194 -54.919352 -68.379864 -73.172856 -40.618560 -56.690814 -42.201630 -55.414988 -54.558776 -51.773961 -52.966875 -60.256214 -58.993341 -64.030237 -60.519449 -62.080642 -47.161071 -46.090149 -47.816874 -40.732231 -56.916752 -67.382396 -63.779671 -57.137854 -53.157176 -59.227499 -47.316534 -70.957016 -53.826673 -37.246240 -56.951391 -38.388797 -47.492259 -74.312175 -37.337032 -71.018335 -66.918629 -51.799440 -45.571734 -63.729874 -59.767958 -56.516864 -58.256812 -42.836772 -67.812824 -73.678305 -66.864953 -52.232124 -60.517823 -60.982012 -60.090280 -61.700161 -58.518923 -62.012877 -59.727917 -69.351721 -66.195883 
-53.023476 -66.619763 -63.802732 -59.947106 -56.567199 -50.533801 -55.469413 -47.105226 -73.385210 -55.593189 -56.690814 -60.054002 -67.955100 -55.128912 -57.238748 -62.852629 -49.886767 -59.891019 -65.604412 -61.544037 -52.306235 -57.819848 -59.732039 -38.827468 -55.704567 -56.916752 -71.243152 -63.101776 -57.137854 -55.074932 -65.143460 -66.040236 -66.865554 -54.664276 -63.615414 -56.846900 -56.007106 -48.492919 -72.054443 -57.605120 -35.654950 -50.718907 -52.670329 -70.653561 -64.554825 -68.912119 -62.901030 
-53.485051 -66.619763 -60.285252 -67.122930 -56.567199 -50.743866 -55.469413 -49.004850 -71.962317 -55.593189 -56.690814 -51.695580 -62.529177 -55.128912 -63.918683 -69.869357 -46.868124 -59.891019 -65.642602 -67.730599 -51.778886 -39.294211 -63.244715 -63.196231 -58.385500 -56.916752 -62.811490 -63.530101 -57.137854 -52.050888 -46.186046 -53.226071 -61.005069 -54.664276 -36.264522 -56.372559 -62.233317 -70.805056 -71.683963 -67.007729 -35.654950 -52.780168 -51.429863 -63.793150 -63.656377 -70.841899 -62.631117 
-55.528922 -66.619763 -50.402626 -36.881577 -56.567199 -52.783669 -55.469413 -57.721169 -72.351851 -55.593189 -56.690814 -61.936183 -42.051503 -55.856011 -62.876500 -69.699674 -48.853752 -59.891019 -65.484894 -56.154594 -59.459218 -54.239713 -63.433563 -59.854460 -58.629003 -56.916752 -53.435251 -61.069320 -57.137854 -57.576161 -37.497457 -46.968357 -61.085062 -52.190392 -59.126937 -54.137091 -62.233317 -54.825420 -71.683963 -51.176811 -35.654950 -59.818155 -52.590184 -51.545454 -61.994815 -48.119694 -60.969337 -56.630926 -50.000553 -65.279935 -68.505489 -49.993726 -64.338749 -68.368002 -58.434916 -66.081472 -67.510803 -65.235976 -61.545586 -60.279307 -36.709820 
-45.861575 -63.883805 -54.191470 -37.721346 -56.567199 -38.456468 -55.469413 -63.874381 -73.711712 -55.593189 -56.690814 -64.463416 -54.973249 -53.329617 -54.818309 -71.262669 -61.665355 -63.920781 -65.484894 -55.403964 -60.881082 -54.239713 -68.928826 -48.467261 -52.273039 -56.916752 -64.903730 -61.277924 -57.137854 -57.705136 -57.491511 -69.871914 -53.113595 -49.365374 -66.340387 -69.137829 -62.233317 -54.615113 -71.865172 -51.969131 -54.059733 -68.175023 -52.590184 -53.458618 -61.861720 -61.275029 -54.617621 -67.297151 
-66.640632 -63.600713 -64.091568 -66.504636 -56.567199 -38.456468 -55.755687 -39.275416 -73.711712 -55.593189 -56.690814 -62.985115 -55.664229 -69.306972 -48.087363 -71.262669 -50.406729 -55.740062 -59.803108 -56.458519 -69.652457 -54.239713 -48.157602 -67.397778 -39.964387 -56.916752 -63.777999 -60.471697 -57.137854 -70.772157 -57.522080 -65.260928 -53.264422 -61.328349 -54.277919 -50.055748 -62.476773 -58.246227 -59.390708 -51.357437 -68.180513 -50.877579 -56.753543 -66.823591 -49.210708 
-51.332540 -62.908882 -64.558934 -41.030870 -56.567199 -56.131303 -55.755687 -39.275416 -73.372656 -55.593189 -56.690814 -62.990993 -55.664229 -61.128128 -53.971641 -71.262669 -36.689980 -54.593830 -54.888866 -56.458519 -65.614541 -54.239713 -62.709137 -63.913167 -56.213271 -56.916752 -64.286676 -57.092979 -56.846967 -67.168995 -57.522080 -50.523264 -66.563216 -58.580689 -54.277919 -69.347083 -62.476773 -69.739301 -36.238303 -52.094049 -56.153276 -52.613909 -59.628118 -66.666518 -62.659949 -59.208193 -74.429813 -64.333596 -58.538464 -38.058805 
-61.328583 -62.908882 -63.880555 -62.204403 -56.567199 -56.411097 -54.226783 -63.331045 -73.372656 -62.331718 -56.690814 -54.044290 -63.703788 -41.308200 -70.283483 -71.262669 -69.585113 -54.920958 -54.612359 -50.758105 -65.660873 -53.199328 -51.338771 -68.845934 -52.965256 -56.916752 -65.300481 -57.092979 -56.846967 -69.459086 -57.522080 -38.341165 -66.552066 -57.291198 -53.154771 -39.882334 -65.163655 -66.078474 -36.570076 -62.191340 -62.113576 -70.859967 -61.055232 -60.151774 -59.753586 -59.026916 -55.998001 -46.357062 -65.139071 
-56.254169 -63.894489 -50.969072 -58.959183 -56.567199 -55.208070 -54.226783 -52.802723 -73.372656 -58.574096 -56.690814 -51.976215 -64.557845 -60.955337 -69.952604 -71.335839 -51.496421 -54.368484 -54.386639 -38.235351 -64.662857 -41.166699 -74.741993 -62.750934 -55.518292 -56.583465 -64.913864 -61.179757 -56.846967 -56.137261 -57.358740 -59.244817 -67.660582 -67.561856 -66.088582 -49.759451 -68.042517 -44.462047 -52.243900 -68.940838 -66.274193 -53.202170 
-47.081847 -65.111832 -64.520558 -57.894470 -56.567199 -55.208070 -54.226783 -53.242296 -73.372656 -61.613431 -56.690814 -50.848169 -60.107044 -51.823708 -48.843321 -71.335839 -51.054861 -54.398941 -55.125615 -38.197591 -65.431224 -41.088826 -67.569227 -67.514507 -66.345411 -56.583465 -64.042706 -70.548396 -56.846967 -53.490374 -57.358740 -48.279408 -66.933233 -48.301838 -51.995061 -48.918783 -59.760457 -68.180459 -49.633202 -55.801213 -57.928277 -58.788789 -53.672380 -67.364593 -59.058351 -52.506415 -67.050588 -61.239148 -70.022022 -52.880702 
-65.907409 -65.359253 -47.602466 -70.669879 -56.567199 -55.655661 -54.771784 -56.612427 -73.856854 -50.224426 -56.690814 -51.191781 -51.013376 -72.112942 -61.051608 -54.438232 -49.954043 -53.790652 -55.125615 -56.050936 -65.431224 -41.088826 -62.383202 -62.897508 -65.952041 -54.960125 -63.994716 -58.799885 -56.846967 -59.091779 -59.929661 -74.445453 -66.794908 -67.836614 -65.072187 -60.306457 -51.858264 -59.120447 
-67.106815 -65.359253 -46.637935 -68.632908 -56.567199 -55.655661 -54.771784 -52.555746 -73.856854 -49.185431 -56.690814 -56.674908 -52.841616 -71.436108 -47.892539 -65.758005 -51.153839 -54.614282 -50.416662 -54.653445 -65.192730 -40.399135 -60.104775 -56.285252 -49.723941 -56.028274 -64.267661 -61.459526 -56.846967 -59.351205 -59.929661 -59.429710 -67.131284 -49.876283 -48.237668 -39.052098 -50.309891 -69.000877 -61.133668 
-68.445655 -63.956173 -55.154293 -61.873378 -56.567199 -55.655661 -50.284827 -49.397293 -53.366990 -67.407941 -56.690814 -52.005157 -58.529434 -71.967483 -49.364385 -42.365393 -45.934654 -58.282880 -66.080220 -54.034068 -65.160310 -40.916039 -55.990832 -53.787512 -52.719933 -55.973362 -64.526304 -55.758027 -56.846967 -59.748968 -59.929661 -63.437423 -73.550098 -69.052895 -50.449899 -40.368275 -61.960875 -70.866511 -60.486801 -52.876533 -67.322969 -60.301285 -57.632527 -47.906156 -50.731610 
-49.317164 -63.956173 -60.510577 -61.873378 -56.567199 -55.655661 -53.940372 -55.791722 -39.749717 -66.694000 -56.690814 -52.884077 -57.157238 -71.335290 -53.119933 -42.461590 -66.829271 -64.439554 -54.182597 -40.207582 -65.160310 -59.360874 -55.990832 -41.446499 -68.285272 -55.790493 -64.526304 -55.095608 -56.846967 -59.748968 -40.818015 -58.352633 -72.295341 -55.612450 -47.365289 -38.132025 -52.329665 -70.898321 -55.995111 -46.838802 -60.219071 -65.991005 -53.106871 -62.075646 -50.418718 -44.804111 -54.017376 -49.001461 -50.882067 -53.890628 -60.781395 -39.571842 -63.858034 -66.214049 -58.909999 -49.573057 -47.072667 -64.666033 
-65.670590 -65.330776 -42.652466 -58.153804 -56.567199 -56.174517 -67.436504 -54.481234 -60.792006 -56.923090 -56.690814 -52.364451 -58.274257 -67.805575 -48.650301 -60.874962 -66.829271 -40.304697 -53.159895 -40.207582 -65.731594 -52.129462 -55.990832 -37.597455 -61.316830 -50.987710 -65.117988 -55.802271 -56.846967 -62.242594 -52.681865 -65.679422 -72.295341 -50.224229 -58.941987 -52.453475 -70.783893 -70.058221 -56.725323 -49.178121 -59.507187 -71.402229 -66.474450 -58.190384 -56.311067 -56.627625 -67.799561 
-68.764088 -65.085403 -71.471458 -64.291522 -56.567199 -55.488583 -65.734322 -55.688691 -52.874988 -67.094098 -56.690814 -53.938198 -58.677813 -59.626947 -41.219402 -43.601126 -69.369734 -67.868739 -53.447218 -40.043652 -65.309855 -35.494101 -55.990832 -63.725774 -55.465919 -48.938609 -64.502590 -55.678637 -56.846967 -50.324710 -51.467861 -67.640084 -73.205257 -54.592192 -56.290065 -52.724340 -57.360840 -62.631877 -68.152790 -48.330439 -72.025242 -71.089563 -61.366582 -56.469391 -67.606167 -55.887353 -51.445666 -54.035859 -54.444575 -52.268511 -59.390560 -67.669586 -55.844941 -46.077947 -42.233133 
-59.630405 -59.601704 -71.471458 -59.390560 -56.567199 -56.143451 -67.044385 -54.945569 -59.521685 -61.451861 -56.690814 -51.975043 -59.629835 -53.553188 -40.748217 -54.131387 -70.460848 -48.466441 -66.479103 -40.238292 -65.300965 -35.494101 -59.325208 -56.349881 -54.875427 -46.091351 -64.502590 -61.603004 -56.846967 -58.246447 -51.995824 -53.527018 -73.205257 -60.826924 -47.372218 -52.582816 -54.965135 -40.203318 -53.642476 -57.745439 -75.071606 -70.426706 -60.549962 -63.126644 -50.037158 -56.152111 -48.691528 -55.227374 -46.902070 -65.264330 -37.625074 -58.253427 -45.822101 -47.712309 -68.734075 -49.746967 
-54.675693 -61.289377 -71.471458 -59.390560 -56.567199 -63.540176 -55.852041 -52.598705 -61.661602 -40.335881 -56.690814 -53.874415 -57.928954 -55.756277 -53.303966 -62.551699 -65.921202 -46.001856 -55.307750 -39.425850 -65.300965 -35.767386 -59.402762 -41.463534 -59.265095 -52.456081 -64.411777 -70.579795 -57.162573 -53.894331 -61.083403 -47.180684 -73.650830 -62.350143 -56.931226 -56.751207 -65.011240 -62.973826 -60.508764 -61.354431 -47.271541 -59.570518 -59.275472 
-54.675693 -58.516446 -71.504990 -59.654149 -56.567199 -49.953445 -55.475439 -50.857812 -53.609310 -45.419863 -56.690814 -53.865560 -68.870875 -61.320040 -74.155926 -57.484226 -48.224464 -51.927187 -60.719913 -39.268913 -65.300965 -40.952915 -59.402762 -39.313819 -60.186979 -49.660882 -64.411777 -71.672805 -57.162573 -54.545014 -55.421868 -48.831144 -74.441701 -56.743069 -57.095046 -66.847958 -66.809354 -53.244854 -65.784299 -53.218872 -59.716532 -55.142199 -50.790798 -41.858430 -59.754703 -57.522964 -61.720762 -59.694779 -52.181241 -50.696155 
-54.675693 -48.510087 -71.358776 -59.321176 -56.567199 -40.992071 -60.885714 -50.857812 -70.061968 -42.831463 -56.690814 -54.588493 -64.102775 -60.926313 -47.356028 -48.462566 -55.626829 -48.190085 -60.352149 -42.769990 -65.300965 -61.782875 -59.402762 -57.602427 -50.450883 -62.074150 -64.342239 -71.710059 -57.022346 -54.891271 -54.236143 -50.638820 -73.729593 -53.221497 -54.647698 -49.122522 -67.430180 -53.756143 -63.965993 -69.724427 -55.935440 -53.418710 -69.859948 -69.102884 -59.795109 -70.713550 -61.256122 -51.613860 -53.040330 -61.216389 -49.944409 -55.768928 -63.181873 -53.519035 
-54.675693 -48.419035 -71.358776 -59.321176 -56.567199 -60.859251 -51.622271 -54.044978 -68.445270 -40.508029 -56.690814 -62.865305 -54.991365 -45.628454 -59.435972 -52.333783 -56.316455 -64.943505 -52.432795 -61.046870 -65.300965 -70.557575 -59.402762 -63.684136 -64.028763 -46.474317 -64.129830 -68.909237 -57.517931 -54.578440 -54.974261 -54.099843 -73.729593 -53.068431 -63.098481 -70.380774 -68.856838 -52.352337 -50.169286 -66.039799 -69.198653 -56.379619 -66.376093 -55.676710 -59.976637 -55.048176 -41.047133 -67.769752 -65.771188 -55.663875 -68.624769 -51.813052 -64.292421 -62.125715 -61.999137 -50.450824 -53.313152 -67.497377 -48.631346 -62.474759 -61.473546 
-54.632672 -54.640670 -71.358776 -59.764599 -56.567199 -43.719083 -57.091406 -49.123808 -67.966608 -39.926934 -56.690814 -60.407057 -60.656939 -56.542789 -67.731756 -67.831586 -54.551595 -63.651933 -59.316334 -68.237901 -64.542205 -55.696660 -59.402762 -63.814936 -63.591875 -62.647325 -64.814211 -68.909237 -57.517931 -53.320158 -60.604538 -47.152142 -73.396748 -50.383207 -60.275272 -68.128961 -67.807204 -54.322570 -65.863769 -53.720548 -68.748665 -53.398583 -68.353830 
-54.748549 -54.640670 -71.682602 -59.529088 -56.567199 -65.780837 -59.863518 -49.123808 -57.236174 -39.926934 -56.413218 -51.608687 -47.242304 -56.020190 -35.191268 -56.797608 -53.981157 -59.424345 -56.533957 -56.298310 -64.542205 -60.899617 -59.402762 -63.814936 -51.967866 -71.621313 -64.396409 -55.690109 -58.017457 -54.184891 -51.491692 -56.475437 -73.214602 -48.139755 -50.536058 -55.478210 -65.958014 -52.582189 -63.739747 -60.678825 -60.263486 -53.826089 -74.020802 -49.403791 -46.793964 -60.947412 -73.737026 -61.131689 -68.600527 -51.850382 -54.080363 -41.968782 -60.937123 -55.368819 -36.924571 -61.074056 -74.141403 
-54.748549 -54.835535 -71.682602 -59.628239 -56.567199 -74.556336 -69.788274 -53.518482 -59.753448 -37.752413 -56.413218 -68.187827 -47.474858 -68.521446 -48.171589 -48.982140 -45.763829 -69.561476 -63.764389 -56.298310 -65.906785 -47.569913 -59.402762 -71.400066 -63.655701 -71.621313 -65.654305 -50.652252 -45.456197 -53.660208 -60.522296 -55.480650 -72.621338 -59.683234 -42.098229 -57.139459 -67.605935 -58.728781 -66.170402 -38.323418 -63.350786 -53.415691 -50.981742 -67.047246 -36.025313 -60.566120 -74.476817 -37.582937 -65.426813 -60.376333 
-54.748549 -56.420085 -71.682602 -59.157481 -56.567199 -51.681741 -65.970260 -53.073700 -62.062830 -38.960593 -56.413218 -66.275927 -48.145237 -56.359897 -39.878872 -54.065673 -35.935219 -50.665496 -63.745259 -56.298310 -65.906785 -61.049559 -59.402762 -44.508518 -65.001419 -57.773668 -53.300653 -72.038040 -39.857095 -53.210504 -59.625765 -52.840163 -72.750701 -69.125629 -51.209590 -50.428502 -68.166769 -60.563220 -60.367432 -51.903291 -68.243845 -48.765666 -54.600288 -60.016794 -56.536746 -68.555064 -63.046223 -47.569122 -64.549790 -51.383272 -54.587678 -44.052676 -41.604096 -45.891393 -63.050648 -49.955955 -61.374579 
-54.748549 -55.179434 -71.682602 -58.970877 -56.567199 -49.849400 -35.767047 -65.860971 -62.659136 -39.241038 -56.413218 -56.693834 -47.341628 -55.904329 -62.929831 -61.967144 -61.081326 -62.515561 -62.869927 -66.306758 -65.678894 -56.936103 -59.403849 -42.766410 -61.456568 -59.194184 -55.176615 -71.302238 -56.129089 -52.931402 -61.708969 -53.782347 -73.143063 -53.590750 -50.906370 -67.045623 -71.212363 -56.942999 -67.828678 -64.961225 -53.821943 -53.094070 -54.914008 -49.100454 -42.319126 -64.491661 -50.845741 -62.003403 -56.462214 
-55.687463 -69.390641 -53.060328 -59.231807 -56.567199 -55.144111 -44.278386 -56.203661 -64.091082 -50.602472 -56.413218 -56.693834 -48.484306 -66.786698 -71.416982 -52.735156 -55.826891 -61.389816 -56.634889 -64.580674 -65.279946 -60.455830 -59.403849 -59.025065 -56.156861 -71.060495 -54.713109 -68.202968 -56.720391 -54.451094 -57.632999 -62.967813 -73.143063 -68.812232 -55.884271 -59.258678 -72.190148 -68.495764 -39.739834 -61.665430 -39.852415 -54.754558 -54.329989 -75.303957 -46.426598 -58.690961 -63.171506 -41.208665 -68.990405 -73.408872 -57.217287 -73.617699 -41.769814 -41.174720 -49.230501 -56.680828 -38.041037 
-53.885175 -59.536402 -52.115311 -59.231807 -56.567199 -39.487109 -40.022826 -58.819179 -68.757940 -70.774022 -56.413218 -41.146071 -53.601466 -66.962651 -37.750363 -62.326080 -55.826891 -66.678440 -45.885810 -59.115438 -65.279946 -68.903520 -59.403849 -59.718103 -56.941443 -58.808156 -53.655398 -65.045946 -56.162913 -54.451094 -46.789969 -64.658519 -73.143063 -50.769177 -56.163367 -37.250939 -71.284954 -70.398938 -54.504799 -64.540204 -46.736259 -53.811398 
-55.822740 -62.227495 -52.142374 -59.231807 -56.567199 -43.043378 -51.203186 -65.091436 -67.897866 -61.641313 -56.413218 -57.961549 -61.395392 -49.968936 -70.958912 -60.250819 -55.826891 -56.511158 -39.186157 -59.615227 -66.028855 -60.323330 -59.403849 -48.660765 -71.476602 -54.579836 -52.183512 -64.107833 -68.126535 -52.913297 -53.800988 -48.878387 -72.664428 -49.371493 -60.265279 -69.000292 -40.361112 -57.368965 -64.726200 -67.190782 -66.898658 -71.501581 -55.330826 -61.801083 -64.285399 -59.955283 -57.208285 -60.191360 -74.338515 -60.455966 -64.795470 
-62.820162 -57.404543 -72.649100 -58.243340 -56.567199 -56.160149 -72.121409 -54.130378 -66.680813 -66.587728 -56.413218 -56.253260 -59.752784 -48.831215 -70.958912 -57.895108 -57.951134 -63.192220 -39.277835 -55.242101 -66.028855 -48.351889 -59.403849 -45.918803 -71.231604 -54.579836 -53.579153 -63.723084 -61.146061 -55.868274 -55.670397 -62.299970 -72.664428 -58.190035 -45.398918 -61.008149 -41.683234 -46.586962 -65.144137 -67.662902 -63.560417 -65.133938 
-60.857702 -40.141959 -56.212497 -62.632613 -56.567199 -58.813048 -46.617436 -54.840204 -67.297680 -68.006734 -56.413218 -56.253260 -68.629527 -66.355786 -69.805204 -51.247788 -58.852578 -47.093710 -39.794975 -55.015524 -65.898735 -48.351889 -59.403849 -42.844086 -71.231604 -54.579836 -52.596572 -63.411382 -62.647653 -55.306400 -69.576659 -62.037577 -72.664428 -62.825230 -66.649432 -65.482461 -36.032376 -69.336127 -68.297959 -58.845956 -54.436957 -59.365815 -59.354392 -57.415509 -54.835773 -52.412390 -39.818659 -60.750818 -50.973908 -61.530996 -59.618595 -61.983549 -65.177652 -69.249162 -58.978622 -75.198195 -52.786217 -50.547888 -38.147012 -66.301767 
-58.734721 -67.318792 -47.196501 -59.389109 -56.567199 -49.059563 -58.570789 -47.786780 -67.297680 -59.047712 -56.413218 -56.156003 -53.349658 -66.517573 -69.805204 -61.207449 -58.852578 -59.225069 -40.247521 -53.732436 -64.779002 -48.881012 -59.403849 -41.034177 -71.231604 -54.579836 -41.233095 -63.824841 -70.263575 -68.566187 -66.416127 -62.060225 -72.664428 -55.001848 -53.117860 -61.383422 -50.100523 -52.146812 -49.949195 -49.629026 -55.071699 -55.470932 -36.934231 -47.706795 -55.362237 -55.992630 -47.570308 -67.490696 
-66.528074 -56.641910 -63.909416 -35.766095 -56.567199 -54.979163 -52.779851 -65.818773 -68.580959 -50.524759 -56.413218 -51.658112 -62.826897 -69.934556 -58.765394 -48.853396 -58.714143 -52.614711 -39.286107 -53.814115 -64.779002 -61.535880 -64.232355 -46.357990 -49.383840 -54.579836 -54.759895 -63.824841 -71.125658 -71.604296 -64.334912 -62.568959 -72.664428 -47.707956 -60.808246 -59.310803 -59.545173 -55.362237 -50.754602 -71.496659 -55.443007 -64.867418 -47.808548 -67.727795 -60.387431 -55.832926 
-66.831463 -55.713440 -57.412758 -61.872262 -56.567199 -55.228229 -59.313334 -57.104270 -62.592097 -39.283194 -56.413218 -75.788189 -55.391119 -50.695066 -56.440513 -66.004219 -58.609745 -54.972325 -55.932851 -50.867952 -64.779002 -39.586299 -53.094800 -41.513141 -66.773206 -55.352314 -51.379008 -63.781486 -71.495163 -71.604296 -52.679976 -39.407239 -73.607207 -47.132911 -49.701193 -60.022319 
-56.848878 -52.961949 -39.175563 -72.325987 -56.567199 -53.697486 -59.313334 -51.686391 -59.608322 -48.527624 -56.413218 -75.860395 -50.730718 -52.471652 -61.862929 -66.433221 -59.185107 -54.719200 -56.251829 -61.381020 -66.001208 -58.241489 -59.476645 -40.366613 -58.636481 -54.936375 -57.487112 -63.497614 -71.916551 -71.561975 -51.758458 -52.904814 -73.299696 -56.665434 -48.952187 -68.650905 -68.481852 -62.372753 -51.092780 -53.043234 -56.533699 -41.638066 -61.240859 
-56.535206 -50.781571 -39.224073 -46.676341 -56.567199 -53.281349 -59.313334 -48.469663 -61.613193 -50.882092 -56.413218 -73.006287 -60.788787 -51.860095 -57.596591 -66.433221 -59.185107 -54.719200 -60.333802 -56.115077 -66.001208 -71.325820 -74.218815 -39.832984 -60.659363 -56.186959 -54.567340 -62.947789 -61.375419 -71.561975 -52.978147 -52.186441 -71.536282 -61.392347 -51.906039 -66.793954 -60.311629 -59.510323 -47.664464 -69.664273 -47.173337 -72.463622 -51.146348 -59.179502 
-39.374014 -53.263960 -39.789737 -59.319184 -56.567199 -52.629293 -59.313334 -49.352105 -61.204185 -55.828479 -56.413218 -55.945164 -52.278165 -57.264777 -56.487820 -66.433221 -59.185107 -54.719200 -64.900177 -48.324582 -66.001208 -40.675061 -61.534685 -68.376468 -68.259395 -62.216266 -54.567340 -62.219276 -55.966907 -71.561975 -38.395454 -49.913342 -71.584222 -64.755659 -52.383519 -53.395881 -70.800698 -66.870443 -61.766588 
-37.792951 -52.301454 -65.455511 -59.649315 -56.567199 -53.487304 -59.454853 -46.385555 -61.159478 -53.458847 -56.413218 -55.006149 -51.425127 -60.062236 -43.036938 -66.433221 -59.185107 -49.973043 -72.069479 -38.007727 -66.001208 -65.867676 -57.131250 -70.444422 -64.231421 -70.445843 -54.567340 -63.630270 -56.121367 -66.930582 -60.748942 -52.078128 -71.584222 -60.917563 -53.640200 -55.602318 -50.653985 -60.535091 -51.953066 -49.457786 -53.429012 -59.110258 -58.328149 -64.622706 -71.319785 -54.395859 -57.589290 -67.280509 -52.582785 
-56.455868 -38.880994 -56.769365 -54.261748 -56.567199 -53.876609 -59.652210 -61.658635 -61.300847 -36.144429 -56.413218 -47.565946 -51.765406 -58.496148 -37.247609 -66.433221 -58.953843 -50.557355 -52.063967 -59.748624 -66.001208 -59.416104 -65.682029 -71.386986 -65.819453 -43.128486 -54.310744 -63.328880 -56.121367 -71.319785 -66.648619 -52.725792 -71.584222 -52.530187 -41.380005 -75.283109 
-58.505506 -38.994695 -62.218181 -55.443611 -56.567199 -53.008014 -52.020723 -62.884515 -50.977530 -41.568620 -56.413218 -48.438426 -73.595163 -57.713814 -54.474418 -64.032908 -59.466955 -52.815017 -70.702522 -67.234880 -64.253087 -59.489509 -52.760404 -70.571923 -48.349864 -57.512733 -55.875707 -63.394780 -56.650937 -71.506811 -64.671872 -38.425765 -61.608869 -57.217080 -57.015426 -56.050107 -50.582794 -64.523784 -57.353126 
-64.552427 -51.212756 -57.488925 -70.904353 -56.567199 -53.675737 -51.788922 -62.091220 -51.161048 -69.646538 -56.413218 -66.648984 -73.595163 -58.656632 -54.998660 -65.680465 -59.466955 -37.834034 -68.301306 -65.570867 -64.958985 -59.489509 -52.043409 -54.575936 -60.656424 -58.944930 -54.059802 -62.824760 -57.063936 -71.654413 -67.904108 -37.605487 -60.664174 -57.517256 -63.212799 -65.604477 -51.828702 -65.852358 -48.514378 -51.775925 
-59.080225 -62.695594 -57.098729 -68.385654 -56.567199 -53.714194 -51.788922 -51.372352 -52.712927 -69.646538 -56.413218 -69.568324 -73.411685 -60.262607 -53.314628 -67.825991 -59.466955 -39.332248 -66.630123 -65.037825 -65.895074 -59.489509 -51.875577 -66.403194 -50.052904 -59.061725 -55.597188 -62.824760 -69.051721 -71.853533 -61.988034 -38.244181 -39.373274 -42.282058 -52.003986 -61.689919 -49.532161 -67.840647 -67.287969 -60.221195 -63.385253 -53.203326 -65.042204 -58.619488 -64.091011 -49.774066 -54.972498 -69.463103 
-53.105073 -63.946979 -57.257079 -40.826943 -56.567199 -53.714194 -50.620644 -65.720144 -52.712927 -71.169052 -56.413218 -60.965708 -73.411685 -61.911922 -53.023833 -66.285204 -59.466955 -48.923694 -66.134284 -64.167515 -65.895074 -59.489509 -51.875577 -57.322379 -52.670411 -59.202208 -61.207545 -68.221155 -66.978147 -71.375106 -40.464470 -39.339797 -68.036833 -61.663856 -50.917701 -46.973517 -53.565985 -52.779305 -62.280151 -56.044744 -62.200774 -58.729771 -68.423716 -48.314634 -53.274499 -66.420510 -68.514705 -68.106627 -59.276048 -60.493572 -49.145210 
-64.951327 -63.946979 -55.924969 -71.296618 -56.567199 -54.965047 -70.603415 -58.341767 -47.480469 -40.026328 -56.413218 -66.325456 -72.309460 -70.514171 -53.353933 -64.525837 -59.466955 -69.265650 -66.841045 -64.185756 -63.921975 -59.489509 -51.875577 -35.350498 -63.116098 -49.112275 -53.119613 -55.742632 -61.125264 -62.455816 -39.927195 -60.432972 -50.131854 -66.277335 -48.508450 -67.490717 -54.499342 -63.075435 -52.143120 -50.504594 
-42.435216 -62.437089 -55.461342 -71.296618 -56.567199 -61.835694 -68.532233 -53.024195 -47.506185 -48.484575 -56.413218 -66.607056 -72.309460 -59.579143 -53.721070 -53.286966 -59.466955 -68.097325 -67.444309 -64.242677 -64.758970 -61.621655 -53.915607 -35.766357 -63.032578 -48.159427 -52.769626 -53.209531 -60.415829 -71.934485 -36.151757 -62.566712 -48.866231 -40.546168 -59.239349 -59.182009 -55.122845 -62.729983 -58.331911 -47.521016 -68.675601 -62.431093 -57.438436 -67.108260 -42.263744 -62.451005 
-48.446173 -60.787032 -55.869932 -71.468964 -56.567199 -60.585449 -48.056765 -54.587873 -70.935558 -55.122845 -56.413218 -59.141501 -71.640585 -59.852863 -66.311202 -56.042526 -59.466955 -64.156345 -50.175760 -52.964348 -64.050108 -62.550100 -49.580268 -38.911660 -69.362440 -40.208407 -52.490055 -52.864956 -61.384251 -58.527272 -59.936202 -61.997856 -48.054651 -39.587183 -59.494474 -61.382426 -61.112170 -65.306740 -63.055466 -51.411441 -65.459851 -59.736478 -58.026273 -57.683441 -69.074636 -72.979065 
-59.916836 -49.602176 -57.305365 -71.468964 -56.567199 -61.220023 -70.923387 -46.326748 -71.011503 -55.403358 -56.413218 -68.020057 -74.053670 -55.379457 -64.641949 -55.130181 -59.332249 -63.277717 -63.649260 -69.001341 -64.809636 -60.355769 -49.307692 -38.109136 -53.926492 -59.186290 -50.503793 -54.824243 -57.059002 -74.983167 -56.867120 -68.385341 -48.189201 -39.871226 -50.758488 -68.177663 -62.961128 -51.257338 -62.799214 -55.702995 -67.127349 -53.363208 -58.026273 -67.448731 -62.143202 -66.474210 -67.868203 -47.110783 -69.411536 -48.622173 -46.675388 
-49.570883 -56.282961 -67.219146 -71.010568 -56.567199 -49.340695 -67.047750 -65.584341 -45.649245 -55.820577 -56.413218 -51.243706 -74.053670 -70.690287 -57.665971 -55.944781 -59.332249 -61.164759 -67.248051 -39.383534 -66.413716 -62.357366 -47.879190 -64.762603 -53.850132 -59.422686 -56.851616 -52.402824 -38.288757 -59.614992 -67.104300 -51.867072 -64.846606 -47.529579 -59.648193 -35.697364 -62.100335 
-65.677772 -57.432567 -66.830911 -71.038577 -56.567199 -48.188625 -69.523839 -64.342435 -61.872547 -55.820577 -56.413218 -60.953117 -74.008989 -60.610160 -57.790367 -54.100002 -57.727981 -39.210660 -60.404081 -40.563793 -66.413716 -69.254307 -57.035472 -64.762603 -53.009315 -59.422686 -55.636477 -53.051018 -68.476278 -56.700515 -48.699598 -39.824354 -67.212344 -64.790980 -66.157089 -55.905148 -47.590499 -56.893280 -62.183788 -62.639392 -45.616572 -69.532608 -50.963990 
-41.260597 -55.921009 -51.653390 -71.038577 -56.567199 -48.446271 -54.968449 -38.812902 -62.621094 -54.880809 -56.413218 -68.776724 -71.161914 -56.665812 -49.747772 -59.216185 -59.586231 -61.429220 -67.860602 -54.474486 -66.413716 -70.150627 -54.455337 -63.533770 -54.152642 -59.198208 -56.203395 -54.098630 -61.594723 -66.834823 -51.295586 -58.106544 -51.271069 -49.676937 -62.746719 -59.834535 -56.310317 -59.793536 -44.160336 -41.992513 -70.411718 
-42.353957 -55.921009 -71.791779 -71.038577 -56.567199 -45.144462 -53.699024 -59.371903 -47.664317 -56.228344 -56.413218 -71.788340 -74.315698 -54.934187 -48.215243 -58.661998 -59.586231 -70.044130 -62.851655 -68.181002 -66.413716 -60.691140 -52.745195 -63.648380 -51.983193 -59.198208 -57.142867 -54.901488 -53.648457 -66.938457 -49.438429 -55.730645 -52.721342 -56.373822 -47.328094 -67.192818 -58.897323 -49.215260 -55.868076 -73.675072 -66.339868 -48.851050 -62.366409 -64.804282 -58.714097 -54.639063 -48.163370 -67.033907 -49.768093 
-41.317546 -56.205967 -52.017857 -71.038577 -56.567199 -47.255593 -58.548410 -64.491661 -53.454753 -68.888474 -56.413218 -71.172767 -73.496471 -69.405851 -48.676666 -55.117156 -59.576850 -53.459111 -56.723805 -56.698995 -66.061248 -62.279352 -57.815164 -63.648380 -52.980739 -59.198208 -57.048225 -53.570726 -53.703684 -67.733326 -68.052855 -48.942814 -70.932485 -68.285622 -56.612773 -65.349917 -60.123874 -67.508047 -54.558297 -68.272341 -58.060263 -63.431841 -56.237467 -63.580414 -51.116131 -66.651005 -60.239932 -62.888607 -58.415696 -63.639018 -59.707487 -55.934529 -51.298535 -49.682734 -54.686738 
-46.671772 -54.922118 -62.029005 -70.819241 -56.567199 -48.492267 -58.548410 -61.584574 -61.109931 -67.961490 -56.413218 -69.834673 -73.496471 -53.960630 -47.865035 -59.520234 -59.170058 -53.697836 -60.253759 -56.135423 -66.125288 -51.379809 -67.752623 -64.138162 -61.053845 -59.198208 -63.315418 -55.340996 -53.242956 -49.819758 -49.475467 -51.413384 -60.137703 -51.313772 -50.565638 -60.173992 -61.745015 -71.305323 -57.009301 -69.336082 -69.900128 -65.156726 -64.243480 -67.023578 -43.786078 -50.501305 -49.483733 -42.997357 -64.054554 -62.742017 -69.452071 -50.908017 -50.527236 -57.478747 -41.359209 -67.297850 -65.233277 -66.814707 -39.072999 -49.845606 -54.522512 -61.099357 -54.757732 -67.628996 -48.214649 -62.635978 
-62.261755 -61.579963 -61.166441 -63.931068 -56.567199 -60.149226 -58.875124 -57.801714 -49.864220 -67.961490 -56.413218 -68.042433 -73.496471 -54.444975 -55.110733 -59.511720 -59.170058 -50.198787 -57.194471 -51.163576 -65.356756 -66.365699 -69.761616 -60.193644 -59.601185 -59.198208 -46.851577 -53.963845 -51.514029 -51.149459 -59.085157 -55.797068 -41.971194 -69.209290 -49.777728 -52.632213 -63.846115 -71.438382 -53.197989 -48.165091 -61.635059 -62.437612 -57.427329 -50.536093 -60.500223 -52.950400 -50.802556 -64.174946 -68.246113 -60.018211 -64.130351 
-48.078003 -61.546482 -46.806670 -66.223361 -56.567199 -54.072437 -60.072721 -57.025083 -52.896594 -68.819107 -56.413218 -63.183518 -73.910317 -48.128649 -54.135251 -63.978100 -59.170058 -47.731073 -67.437485 -60.865608 -63.591004 -49.827639 -69.030345 -47.923059 -48.818790 -59.198208 -63.235992 -53.963845 -62.623427 -61.185313 -54.829159 -55.797068 -42.043890 -60.098377 -51.106416 -54.049251 -62.822769 -71.096852 -59.881228 -53.647143 -58.218972 -65.620724 -49.129520 -50.288125 -70.062613 -49.012735 -42.605898 -42.008106 -53.727637 -67.390039 -51.026336 -64.082004 -47.140218 -62.150274 -63.283561 
-49.394481 -59.073070 -49.125678 -66.223361 -56.567199 -54.072437 -60.884567 -57.489464 -52.468894 -68.309744 -56.413218 -63.183518 -73.910317 -50.407953 -55.387451 -59.022233 -59.170058 -40.152451 -60.892730 -51.660849 -63.591004 -60.555164 -69.030345 -68.240576 -49.909753 -59.198208 -49.033655 -53.963845 -58.390631 -65.698897 -55.207062 -55.797068 -42.008529 -67.682769 -51.956310 -50.284423 -50.519416 -71.584998 -59.642446 -48.600765 -52.818852 -56.022996 -62.034160 -57.350996 -70.716912 -65.320634 -49.767502 
-48.907743 -60.387040 -55.499534 -66.223361 -56.567199 -49.498218 -58.775869 -57.669615 -51.625537 -68.309744 -56.413218 -48.317876 -73.746775 -54.931410 -55.387451 -47.379444 -59.261150 -38.793392 -50.048507 -49.673690 -63.591004 -66.855404 -66.940669 -63.522825 -48.146434 -59.107775 -54.800413 -53.963845 -62.286261 -56.432160 -49.505546 -56.446337 -39.717073 -52.008984 -46.320886 -52.618808 -47.890315 -71.584998 -58.023762 -69.256650 -51.438710 -49.015188 -62.334044 -56.106420 -64.072235 
-71.584998 -58.299821 -47.692922 -66.223361 -56.567199 -68.824329 -64.076737 -58.464801 -51.022551 -69.141011 -56.413218 -57.473818 -73.631325 -64.738171 -53.680364 -69.681111 -57.381840 -38.363887 -57.357184 -52.988484 -63.591004 -54.743970 -65.954645 -67.853481 -50.681481 -59.107775 -55.079829 -52.077271 -60.182222 -62.103583 -47.499174 -56.446337 -51.775392 -40.026113 -40.966477 -51.691139 -50.038645 
-71.584998 -60.915859 -58.428732 -64.151195 -56.567199 -67.340297 -64.076737 -58.244543 -55.006719 -69.141011 -56.413218 -57.400381 -73.474761 -58.805444 -53.776269 -51.892474 -59.070605 -36.841996 -48.445320 -59.228330 -63.591004 -56.296338 -75.304850 -48.129330 -51.013709 -59.107775 -53.153809 -67.281987 -61.788260 -53.314017 -51.752490 -55.378924 -48.564000 -52.641358 -39.719502 -51.488984 -59.935205 -50.601329 -75.779520 -47.308792 -46.231338 -71.215864 
-71.380788 -44.052418 -58.680684 -65.070563 -56.567199 -43.072760 -64.156594 -52.136777 -51.737063 -69.804962 -56.413218 -39.130923 -73.474761 -59.942067 -53.776269 -52.279437 -59.070605 -38.733792 -49.364020 -61.026349 -63.591004 -55.350681 -61.148623 -57.008908 -70.458092 -59.107775 -54.276370 -67.249634 -58.207869 -57.299440 -54.780743 -51.991607 -49.247236 -52.857661 -60.117721 -70.810271 -59.804999 -63.288600 -66.649931 -53.676046 -60.082603 -60.694832 -52.496952 -67.562714 -46.799041 -62.244637 -50.119687 -59.214202 -50.108022 -51.535246 
-71.380788 -63.269206 -66.386624 -51.293363 -56.567199 -60.868218 -46.295851 -52.156115 -53.262619 -69.378109 -56.413218 -39.371520 -71.381614 -41.076479 -53.776269 -60.603949 -52.616176 -37.995276 -66.782434 -57.386705 -54.893086 -52.202957 -49.177863 -61.315560 -55.459892 -59.107775 -65.303065 -59.371655 -66.958991 -57.919782 -54.683732 -53.557312 -53.966276 -60.657888 -59.157835 
-71.380788 -62.962097 -53.085827 -60.540807 -56.567199 -55.609432 -56.878587 -51.153394 -47.508213 -69.553179 -56.413218 -39.371520 -71.381614 -39.647366 -52.080371 -68.468863 -53.275885 -49.774691 -59.775952 -53.261365 -54.520832 -50.122010 -49.228368 -61.315560 -58.638565 -59.107775 -65.216294 -58.314058 -66.958991 -57.919782 -64.252145 -47.656243 -54.573995 -59.375987 -52.334215 -63.593500 -58.204442 -60.560804 -58.126312 -46.778265 -58.826932 -66.737397 -53.347585 -52.824420 -51.274440 -69.500174 -62.001600 -63.615177 -58.997544 -60.449474 -49.087221 -49.764645 -62.583221 -54.991840 -69.526456 
-71.380788 -62.962097 -52.617307 -61.971360 -56.567199 -55.609432 -37.656596 -60.338411 -49.522635 -62.903668 -54.482891 -38.980801 -73.259455 -37.283993 -49.005733 -63.921777 -59.143625 -50.457297 -52.336283 -61.875012 -54.119859 -70.205588 -60.864578 -51.002599 -59.681723 -58.870216 -64.691409 -58.702396 -66.958991 -56.456849 -62.169922 -59.305107 -69.921201 -54.991840 -53.058195 -62.377000 -52.978673 -47.237487 -53.812020 -59.228936 -58.991657 -40.507589 -53.466310 -53.892354 -52.544405 -66.100078 -66.021059 -46.334489 -69.357687 -61.641963 -39.111405 -62.072382 
-71.284746 -62.862778 -52.617307 -41.863521 -56.567199 -55.609432 -61.149381 -46.954787 -56.055834 -64.316282 -52.447767 -57.125062 -73.259455 -48.061417 -48.758387 -65.949759 -59.143625 -60.241904 -59.842838 -59.262116 -52.608160 -47.559790 -61.379355 -61.773118 -62.752251 -58.870216 -64.691409 -58.702396 -66.958991 -52.824695 -45.979942 -56.755733 -46.627633 -55.904431 -49.322190 -59.688128 -51.787813 -55.097684 -36.815399 -62.273730 -75.161837 -70.301695 -49.058686 -53.892354 -39.580709 -51.421933 -37.736783 -61.685284 -69.980974 -61.967945 
-49.832489 -64.042371 -51.398005 -51.832432 -56.567199 -55.609432 -39.375710 -59.888681 -51.356760 -35.805950 -52.897136 -55.475576 -72.661456 -69.552043 -51.419495 -71.563666 -59.143625 -61.099754 -39.317997 -53.892354 -54.237316 -43.008665 -61.866933 -50.467096 -39.486257 -58.870216 -64.691409 -58.702396 -68.153987 -53.289905 -46.207784 -59.958927 -39.000769 -55.239192 -64.061729 -50.049786 -67.621416 -68.793246 -61.188489 -54.466877 -38.313218 -50.741685 -47.558249 -48.127639 
-60.808435 -63.539080 -42.246425 -54.496494 -56.427799 -55.609432 -50.211192 -52.081496 -50.741132 -66.864327 -61.960818 -54.008734 -72.447500 -69.576778 -55.239192 -62.712189 -59.143625 -39.374333 -66.166760 -54.916170 -62.875788 -55.806878 -37.250336 -52.278120 -48.705662 -58.870216 -64.691409 -58.298653 -69.059969 -52.315813 -68.922644 -51.360158 -39.538034 -72.189201 -67.703685 -49.568179 -60.700269 -55.725893 -65.689554 -69.372880 -59.684460 -58.165730 -66.478709 -57.828703 -39.634308 -52.784200 -68.094029 -50.455884 -52.231552 -61.471030 
-61.967953 -63.763613 -46.966213 -54.392841 -55.938320 -55.609432 -52.420431 -60.501800 -54.143045 -61.698599 -51.268426 -62.506914 -73.228795 -67.893582 -61.161930 -43.284061 -59.143625 -68.232805 -53.588415 -60.882105 -48.719099 -59.559113 -36.197730 -60.538343 -53.566074 -58.870216 -65.117474 -58.298653 -57.638293 -51.380480 -48.336892 -55.128753 -67.538673 -72.189201 -63.492942 -69.506894 -59.485136 -58.718182 -62.264085 -58.002654 -57.240103 -59.879495 -56.539509 -69.123940 -39.600406 -50.174854 -62.054215 -65.512083 -60.188077 -69.073863 -70.603028 -55.698105 -55.659958 -68.149640 -70.527859 -47.671679 -65.150390 -57.004349 -53.708517 -50.180347 -61.614528 -52.875165 -60.216805 -61.448516 -47.304904 -48.702932 -46.676206 -63.654706 -59.276038 -47.158708 -72.247899 
-56.871306 -63.289787 -61.035160 -54.392841 -53.507633 -55.609432 -49.431605 -53.414477 -60.526622 -55.812967 -60.984751 -50.294949 -72.149329 -69.582070 -61.549983 -51.786946 -59.143625 -68.496344 -62.159403 -56.097568 -56.820594 -40.165387 -36.635349 -46.280920 -60.666216 -58.870216 -65.117474 -58.298653 -52.260225 -69.215145 -48.930574 -56.239601 -52.750949 -72.021103 -66.479226 -69.364454 -43.772352 -58.541073 -52.483421 -59.661336 -53.551234 -36.476967 -66.662722 -66.094025 -53.479915 -52.615326 -57.471988 -51.241828 -60.798649 -57.183092 
-40.609608 -63.619742 -66.027692 -54.036531 -49.771777 -56.442654 -50.294921 -53.416982 -52.416564 -55.812967 -53.888040 -67.827629 -72.149329 -74.261148 -51.370448 -54.138037 -59.143625 -68.259645 -56.148878 -54.998465 -56.820594 -66.019716 -35.292335 -59.228985 -61.890090 -58.870216 -65.994527 -58.511236 -60.620063 -69.644571 -67.963130 -56.239601 -70.766795 -72.021103 -69.906809 -68.014537 -48.702162 -56.749508 -48.838295 -48.015468 -69.149474 -37.438498 -68.637009 -49.425194 -65.049853 -60.358151 -49.726685 -61.391278 -52.917416 -75.192237 -69.902084 -55.457293 -68.658188 -74.843032 -59.987986 -61.151559 
-71.172614 -69.699655 -47.894463 -52.550839 -63.728500 -56.200862 -62.405433 -54.556723 -60.318206 -53.636847 -61.540023 -54.190097 -58.613732 -57.494344 -53.905661 -57.715874 -51.900430 -75.029476 -53.351522 -54.837010 -54.879437 -68.609248 -35.292335 -53.893493 -60.380915 -58.870216 -65.212513 -58.511236 -72.055602 -71.815610 -66.380683 -60.396282 -63.299958 -72.021103 -69.906809 -66.863397 -54.485033 -58.115655 -59.048657 -68.152316 -61.030139 -36.234436 -52.386113 -52.287369 -52.554831 -41.084036 -47.507157 -62.421492 -62.726203 -55.840561 -60.586749 -55.469770 -57.364995 -73.926579 
-67.290302 -46.670725 -48.189111 -47.446475 -64.674943 -59.737164 -61.864135 -54.031272 -47.769613 -52.000439 -51.123290 -73.910218 -57.413417 -54.289505 -51.629831 -58.457880 -55.014374 -51.233359 -55.070289 -55.025126 -48.973655 -55.707329 -35.292335 -53.184546 -65.756540 -58.870216 -65.212513 -58.511236 -72.318040 -47.220560 -67.118679 -62.026608 -56.204452 -72.113550 -69.682371 -66.818504 -52.896295 -68.756814 -58.757456 -37.009357 -66.895671 -56.571701 -49.416007 -46.387106 -45.376058 -65.033662 -67.714618 -71.163859 
-58.172737 -54.862020 -66.620914 -36.663796 -64.674943 -55.855050 -62.391558 -68.121623 -59.494653 -66.353042 -55.144150 -54.735103 -71.260895 -54.289505 -49.783857 -58.457880 -55.014374 -55.947853 -71.215721 -55.698968 -65.645108 -52.012775 -35.292335 -58.750614 -55.886306 -58.945815 -61.765037 -58.511236 -72.318040 -55.115346 -62.464633 -55.407615 -55.674667 -72.833080 -54.684230 -63.634584 -57.701618 -47.553327 -58.757456 -37.009357 -65.553092 -56.283669 -67.311556 -51.288419 -48.859764 -60.062647 -65.158797 -40.563467 -68.451541 -70.522057 -60.864245 -53.402493 -62.657279 -50.989707 -54.446813 -37.156775 -62.779833 -41.368962 -69.453984 -59.012167 
-60.100479 -54.256770 -59.730339 -36.610182 -58.659061 -54.565559 -56.262897 -50.659119 -48.994882 -64.719041 -55.814442 -65.418210 -52.859646 -54.254334 -70.407574 -58.737119 -57.198205 -61.223018 -71.215721 -69.477659 -48.483226 -67.898347 -50.953238 -52.359058 -53.050502 -58.945815 -54.459242 -57.736102 -72.318040 -62.688226 -63.596753 -53.781222 -56.568259 -72.718594 -58.913248 -63.466169 -61.364920 -55.561100 -58.830066 -37.009357 -51.643209 -56.803132 -68.507229 -54.309558 -63.717086 -56.209032 -60.434803 -54.726976 -57.952775 
-47.460868 -62.423790 -66.428088 -35.986608 -47.823170 -55.249052 -53.668710 -67.354723 -71.906236 -49.272166 -66.664603 -65.441649 -67.762895 -61.926995 -56.252710 -58.737119 -61.169377 -57.347315 -71.215721 -70.457438 -69.520224 -60.165626 -66.069854 -52.359058 -67.901258 -58.945815 -54.738418 -58.240290 -72.487447 -61.422562 -59.853234 -53.470807 -54.666788 -72.718594 -38.097568 -64.515783 -59.806122 -50.085622 -58.830066 -37.009357 -46.855935 -56.904236 -67.249445 -53.944384 -56.340344 -50.574376 
-57.878424 -65.667457 -46.479635 -35.973049 -48.675616 -55.249052 -68.141434 -56.323962 -50.886381 -61.094439 -67.616553 -65.889632 -55.229211 -58.918012 -56.305802 -59.914064 -64.214254 -63.299217 -71.742356 -73.628077 -41.292914 -64.112109 -65.735673 -51.684151 -74.907309 -58.945815 -54.738418 -57.762965 -72.487447 -56.083198 -60.658101 -53.093113 -54.249900 -72.718594 -40.652277 -52.933680 -50.590643 -47.980252 -58.830066 -37.009357 -72.835092 -58.690975 -53.809222 -54.094699 -51.175483 -66.673556 
-69.428173 -56.856285 -55.775160 -52.946156 -52.724032 -55.754074 -52.819302 -61.064041 -56.935205 -68.430955 -68.246706 -65.889632 -51.359163 -60.091693 -70.858094 -68.707231 -39.237982 -47.442867 -71.640585 -65.136218 -54.876048 -46.730384 -63.643150 -49.558035 -75.256568 -58.945815 -54.473202 -58.153119 -72.487447 -56.569008 -50.365109 -61.221796 -54.163832 -72.718594 -56.449978 -35.059219 -45.890123 -61.772717 -58.830066 -61.854398 -51.643203 -46.803828 -59.081565 -48.151975 -69.438760 -67.606132 -66.716934 -63.369485 -51.028431 -59.696192 -41.373213 -39.885632 
-51.335548 -56.856285 -71.181437 -50.016398 -58.606500 -55.754074 -49.823027 -49.137594 -56.935205 -46.876751 -63.950410 -66.405236 -51.316938 -68.278811 -61.481826 -55.932859 -39.010049 -61.773305 -53.312933 -70.452186 -72.274566 -62.233536 -48.424274 -61.327571 -74.235484 -58.945815 -54.473202 -58.959726 -72.487447 -55.224353 -49.603089 -63.679978 -53.556356 -72.718594 -56.449978 -36.132380 -55.116839 -60.450463 -58.830066 -55.675178 -66.713770 -58.892571 -62.977646 -64.727556 -69.260295 -69.364810 -52.586106 -47.623719 -64.366482 -52.700903 -70.472671 -41.962878 -40.699106 -68.099915 -71.819617 -50.595910 -49.445559 
-51.530411 -56.856285 -47.895123 -41.977807 -57.466666 -56.065933 -69.571026 -48.489355 -56.935205 -42.519232 -53.466727 -66.405236 -47.491642 -42.531884 -60.593247 -37.316099 -58.187532 -46.396300 -62.958252 -54.154220 -51.621979 -65.239054 -48.511472 -59.341678 -48.082854 -58.945815 -53.491080 -58.959726 -72.920265 -55.550590 -68.349108 -64.029013 -62.960712 -72.718594 -55.605061 -35.882267 -67.857737 -60.868698 -58.830066 -53.964407 -66.587000 -63.747518 -70.713534 -51.947523 -70.188992 -46.576443 -55.069991 -55.192096 -74.185269 -61.135858 -66.108611 -62.480888 -61.430191 -60.751214 -52.354159 
-58.364541 -56.856285 -56.155224 -55.881691 -53.561420 -56.065933 -59.028131 -48.124284 -68.597498 -59.244352 -57.262759 -65.396859 -69.069890 -40.006993 -60.464099 -39.038637 -58.625343 -52.588735 -60.423450 -51.210019 -51.322422 -55.811070 -50.815390 -40.017475 -49.824017 -58.945815 -55.693451 -57.551424 -72.920265 -55.550590 -70.188992 -63.986882 -37.250664 -72.718594 -56.848673 -37.088663 -53.455165 -47.307504 -58.830066 -51.180215 -67.548675 -65.075040 -70.713534 -51.407644 -45.792394 -57.189167 -53.386424 -62.690620 -46.839583 -60.012917 -64.177300 -69.667726 -60.875056 -49.365371 -70.693764 -35.566775 
